c	3 7 10 9 8 4 5 0 1 11 12 14 13 2 15 6	2009.46160482872	0.799053839517128	3	7	10	9	8	4	5	0	1	11	12	14	13	2	15	6		
		53.803895	-1.549931
		54.980766	-1.615849
		55.862982	-4.263554
		55.958426	-3.186893
		54.892406	-2.923222
		53.478239	-2.258549
		53.409532	-3.000126
		52.486125	-1.890507
		51.460852	-2.588139
		51.488224	-3.186893
		51.624837	-3.94495
		50.152266	-5.065556
		50.726024	-3.543949
		51.512161	-0.116215
		51.289406	1.075802
		53.751959	-0.335941
		
c	9 6 8 5 12 14 13 11 1 2 15 0 4 3 7 10	2323.79718216809	0.767620281783191	9	6	8	5	12	14	13	11	1	2	15	0	4	3	7	10		
		55.958426	-3.186893
		53.751959	-0.335941
		54.892406	-2.923222
		53.409532	-3.000126
		51.624837	-3.94495
		50.152266	-5.065556
		50.726024	-3.543949
		51.488224	-3.186893
		51.460852	-2.588139
		51.512161	-0.116215
		51.289406	1.075802
		52.486125	-1.890507
		53.478239	-2.258549
		53.803895	-1.549931
		54.980766	-1.615849
		55.862982	-4.263554
		
c	7 10 9 8 3 4 1 2 15 0 6 5 11 12 14 13	2247.09915675491	0.775290084324509	7	10	9	8	3	4	1	2	15	0	6	5	11	12	14	13		
		54.980766	-1.615849
		55.862982	-4.263554
		55.958426	-3.186893
		54.892406	-2.923222
		53.803895	-1.549931
		53.478239	-2.258549
		51.460852	-2.588139
		51.512161	-0.116215
		51.289406	1.075802
		52.486125	-1.890507
		53.751959	-0.335941
		53.409532	-3.000126
		51.488224	-3.186893
		51.624837	-3.94495
		50.152266	-5.065556
		50.726024	-3.543949
		
c	6 7 1 2 15 0 4 3 10 9 8 5 12 11 14 13	2456.37671633559	0.754362328366441	6	7	1	2	15	0	4	3	10	9	8	5	12	11	14	13		
		53.751959	-0.335941
		54.980766	-1.615849
		51.460852	-2.588139
		51.512161	-0.116215
		51.289406	1.075802
		52.486125	-1.890507
		53.478239	-2.258549
		53.803895	-1.549931
		55.862982	-4.263554
		55.958426	-3.186893
		54.892406	-2.923222
		53.409532	-3.000126
		51.624837	-3.94495
		51.488224	-3.186893
		50.152266	-5.065556
		50.726024	-3.543949
		
c	14 13 1 0 6 4 3 7 10 9 8 5 11 12 2 15	2015.76896339095	0.798423103660905	14	13	1	0	6	4	3	7	10	9	8	5	11	12	2	15		
		50.152266	-5.065556
		50.726024	-3.543949
		51.460852	-2.588139
		52.486125	-1.890507
		53.751959	-0.335941
		53.478239	-2.258549
		53.803895	-1.549931
		54.980766	-1.615849
		55.862982	-4.263554
		55.958426	-3.186893
		54.892406	-2.923222
		53.409532	-3.000126
		51.488224	-3.186893
		51.624837	-3.94495
		51.512161	-0.116215
		51.289406	1.075802
		
c	3 6 12 11 14 13 7 10 9 8 4 5 0 1 2 15	2390.21566036001	0.760978433963999	3	6	12	11	14	13	7	10	9	8	4	5	0	1	2	15		
		53.803895	-1.549931
		53.751959	-0.335941
		51.624837	-3.94495
		51.488224	-3.186893
		50.152266	-5.065556
		50.726024	-3.543949
		54.980766	-1.615849
		55.862982	-4.263554
		55.958426	-3.186893
		54.892406	-2.923222
		53.478239	-2.258549
		53.409532	-3.000126
		52.486125	-1.890507
		51.460852	-2.588139
		51.512161	-0.116215
		51.289406	1.075802
		
c	15 0 6 4 3 7 10 9 8 14 13 11 1 12 2 5	2569.56137186171	0.743043862813829	15	0	6	4	3	7	10	9	8	14	13	11	1	12	2	5		
		51.289406	1.075802
		52.486125	-1.890507
		53.751959	-0.335941
		53.478239	-2.258549
		53.803895	-1.549931
		54.980766	-1.615849
		55.862982	-4.263554
		55.958426	-3.186893
		54.892406	-2.923222
		50.152266	-5.065556
		50.726024	-3.543949
		51.488224	-3.186893
		51.460852	-2.588139
		51.624837	-3.94495
		51.512161	-0.116215
		53.409532	-3.000126
		
c	2 15 6 5 11 12 14 13 1 0 4 3 7 10 9 8	2045.24144052272	0.795475855947728	2	15	6	5	11	12	14	13	1	0	4	3	7	10	9	8		
		51.512161	-0.116215
		51.289406	1.075802
		53.751959	-0.335941
		53.409532	-3.000126
		51.488224	-3.186893
		51.624837	-3.94495
		50.152266	-5.065556
		50.726024	-3.543949
		51.460852	-2.588139
		52.486125	-1.890507
		53.478239	-2.258549
		53.803895	-1.549931
		54.980766	-1.615849
		55.862982	-4.263554
		55.958426	-3.186893
		54.892406	-2.923222
		
c	15 0 4 3 6 7 10 9 8 12 11 14 13 1 2 5	2348.85858569862	0.765114141430138	15	0	4	3	6	7	10	9	8	12	11	14	13	1	2	5		
		51.289406	1.075802
		52.486125	-1.890507
		53.478239	-2.258549
		53.803895	-1.549931
		53.751959	-0.335941
		54.980766	-1.615849
		55.862982	-4.263554
		55.958426	-3.186893
		54.892406	-2.923222
		51.624837	-3.94495
		51.488224	-3.186893
		50.152266	-5.065556
		50.726024	-3.543949
		51.460852	-2.588139
		51.512161	-0.116215
		53.409532	-3.000126
		
c	15 0 4 3 6 7 10 9 8 5 11 12 14 13 1 2	2053.63200738392	0.794636799261608	15	0	4	3	6	7	10	9	8	5	11	12	14	13	1	2		
		51.289406	1.075802
		52.486125	-1.890507
		53.478239	-2.258549
		53.803895	-1.549931
		53.751959	-0.335941
		54.980766	-1.615849
		55.862982	-4.263554
		55.958426	-3.186893
		54.892406	-2.923222
		53.409532	-3.000126
		51.488224	-3.186893
		51.624837	-3.94495
		50.152266	-5.065556
		50.726024	-3.543949
		51.460852	-2.588139
		51.512161	-0.116215
		
c	5 6 7 10 9 8 3 11 12 14 13 1 2 15 0 4	2232.2233449834	0.77677766550166	5	6	7	10	9	8	3	11	12	14	13	1	2	15	0	4		
		53.409532	-3.000126
		53.751959	-0.335941
		54.980766	-1.615849
		55.862982	-4.263554
		55.958426	-3.186893
		54.892406	-2.923222
		53.803895	-1.549931
		51.488224	-3.186893
		51.624837	-3.94495
		50.152266	-5.065556
		50.726024	-3.543949
		51.460852	-2.588139
		51.512161	-0.116215
		51.289406	1.075802
		52.486125	-1.890507
		53.478239	-2.258549
		
c	8 5 13 11 12 14 1 2 15 0 4 6 7 10 9 3	2444.18708656467	0.755581291343533	8	5	13	11	12	14	1	2	15	0	4	6	7	10	9	3		
		54.892406	-2.923222
		53.409532	-3.000126
		50.726024	-3.543949
		51.488224	-3.186893
		51.624837	-3.94495
		50.152266	-5.065556
		51.460852	-2.588139
		51.512161	-0.116215
		51.289406	1.075802
		52.486125	-1.890507
		53.478239	-2.258549
		53.751959	-0.335941
		54.980766	-1.615849
		55.862982	-4.263554
		55.958426	-3.186893
		53.803895	-1.549931
		
c	13 2 9 8 7 10 4 5 3 6 0 11 14 12 1 15	2763.73688444658	0.723626311555343	13	2	9	8	7	10	4	5	3	6	0	11	14	12	1	15		
		50.726024	-3.543949
		51.512161	-0.116215
		55.958426	-3.186893
		54.892406	-2.923222
		54.980766	-1.615849
		55.862982	-4.263554
		53.478239	-2.258549
		53.409532	-3.000126
		53.803895	-1.549931
		53.751959	-0.335941
		52.486125	-1.890507
		51.488224	-3.186893
		50.152266	-5.065556
		51.624837	-3.94495
		51.460852	-2.588139
		51.289406	1.075802
		
c	11 12 14 1 7 10 9 8 3 4 2 15 0 6 5 13	2697.77221673394	0.730222778326606	11	12	14	1	7	10	9	8	3	4	2	15	0	6	5	13		
		51.488224	-3.186893
		51.624837	-3.94495
		50.152266	-5.065556
		51.460852	-2.588139
		54.980766	-1.615849
		55.862982	-4.263554
		55.958426	-3.186893
		54.892406	-2.923222
		53.803895	-1.549931
		53.478239	-2.258549
		51.512161	-0.116215
		51.289406	1.075802
		52.486125	-1.890507
		53.751959	-0.335941
		53.409532	-3.000126
		50.726024	-3.543949
		
c	6 0 8 5 1 11 12 14 13 2 15 4 3 7 10 9	2362.3296936967	0.76376703063033	6	0	8	5	1	11	12	14	13	2	15	4	3	7	10	9		
		53.751959	-0.335941
		52.486125	-1.890507
		54.892406	-2.923222
		53.409532	-3.000126
		51.460852	-2.588139
		51.488224	-3.186893
		51.624837	-3.94495
		50.152266	-5.065556
		50.726024	-3.543949
		51.512161	-0.116215
		51.289406	1.075802
		53.478239	-2.258549
		53.803895	-1.549931
		54.980766	-1.615849
		55.862982	-4.263554
		55.958426	-3.186893
		
c	8 3 4 1 5 13 11 12 14 2 15 0 6 7 10 9	2583.26908083703	0.741673091916297	8	3	4	1	5	13	11	12	14	2	15	0	6	7	10	9		
		54.892406	-2.923222
		53.803895	-1.549931
		53.478239	-2.258549
		51.460852	-2.588139
		53.409532	-3.000126
		50.726024	-3.543949
		51.488224	-3.186893
		51.624837	-3.94495
		50.152266	-5.065556
		51.512161	-0.116215
		51.289406	1.075802
		52.486125	-1.890507
		53.751959	-0.335941
		54.980766	-1.615849
		55.862982	-4.263554
		55.958426	-3.186893
		
c	0 12 8 4 6 7 10 9 5 11 14 13 1 2 15 3	2770.46035108039	0.722953964891961	0	12	8	4	6	7	10	9	5	11	14	13	1	2	15	3		
		52.486125	-1.890507
		51.624837	-3.94495
		54.892406	-2.923222
		53.478239	-2.258549
		53.751959	-0.335941
		54.980766	-1.615849
		55.862982	-4.263554
		55.958426	-3.186893
		53.409532	-3.000126
		51.488224	-3.186893
		50.152266	-5.065556
		50.726024	-3.543949
		51.460852	-2.588139
		51.512161	-0.116215
		51.289406	1.075802
		53.803895	-1.549931
		
c	8 5 12 11 14 13 1 4 3 6 7 9 10 0 2 15	2251.75052155642	0.774824947844358	8	5	12	11	14	13	1	4	3	6	7	9	10	0	2	15		
		54.892406	-2.923222
		53.409532	-3.000126
		51.624837	-3.94495
		51.488224	-3.186893
		50.152266	-5.065556
		50.726024	-3.543949
		51.460852	-2.588139
		53.478239	-2.258549
		53.803895	-1.549931
		53.751959	-0.335941
		54.980766	-1.615849
		55.958426	-3.186893
		55.862982	-4.263554
		52.486125	-1.890507
		51.512161	-0.116215
		51.289406	1.075802
		
c	2 15 3 5 11 13 1 6 7 10 9 8 4 0 12 14	2396.188889193	0.7603811110807	2	15	3	5	11	13	1	6	7	10	9	8	4	0	12	14		
		51.512161	-0.116215
		51.289406	1.075802
		53.803895	-1.549931
		53.409532	-3.000126
		51.488224	-3.186893
		50.726024	-3.543949
		51.460852	-2.588139
		53.751959	-0.335941
		54.980766	-1.615849
		55.862982	-4.263554
		55.958426	-3.186893
		54.892406	-2.923222
		53.478239	-2.258549
		52.486125	-1.890507
		51.624837	-3.94495
		50.152266	-5.065556
		
c	9 8 5 1 11 12 4 3 6 7 10 14 13 0 2 15	2565.53324172038	0.743446675827962	9	8	5	1	11	12	4	3	6	7	10	14	13	0	2	15		
		55.958426	-3.186893
		54.892406	-2.923222
		53.409532	-3.000126
		51.460852	-2.588139
		51.488224	-3.186893
		51.624837	-3.94495
		53.478239	-2.258549
		53.803895	-1.549931
		53.751959	-0.335941
		54.980766	-1.615849
		55.862982	-4.263554
		50.152266	-5.065556
		50.726024	-3.543949
		52.486125	-1.890507
		51.512161	-0.116215
		51.289406	1.075802
		
c	1 11 12 5 4 3 6 7 9 10 8 0 14 13 2 15	2088.25187894028	0.791174812105972	1	11	12	5	4	3	6	7	9	10	8	0	14	13	2	15		
		51.460852	-2.588139
		51.488224	-3.186893
		51.624837	-3.94495
		53.409532	-3.000126
		53.478239	-2.258549
		53.803895	-1.549931
		53.751959	-0.335941
		54.980766	-1.615849
		55.958426	-3.186893
		55.862982	-4.263554
		54.892406	-2.923222
		52.486125	-1.890507
		50.152266	-5.065556
		50.726024	-3.543949
		51.512161	-0.116215
		51.289406	1.075802
		
c	6 5 11 12 14 13 1 2 15 0 4 3 7 10 9 8	2046.06342697864	0.795393657302136	6	5	11	12	14	13	1	2	15	0	4	3	7	10	9	8		
		53.751959	-0.335941
		53.409532	-3.000126
		51.488224	-3.186893
		51.624837	-3.94495
		50.152266	-5.065556
		50.726024	-3.543949
		51.460852	-2.588139
		51.512161	-0.116215
		51.289406	1.075802
		52.486125	-1.890507
		53.478239	-2.258549
		53.803895	-1.549931
		54.980766	-1.615849
		55.862982	-4.263554
		55.958426	-3.186893
		54.892406	-2.923222
		
c	10 9 8 4 7 5 6 3 11 12 14 13 1 2 15 0	2227.21821646117	0.777278178353883	10	9	8	4	7	5	6	3	11	12	14	13	1	2	15	0		
		55.862982	-4.263554
		55.958426	-3.186893
		54.892406	-2.923222
		53.478239	-2.258549
		54.980766	-1.615849
		53.409532	-3.000126
		53.751959	-0.335941
		53.803895	-1.549931
		51.488224	-3.186893
		51.624837	-3.94495
		50.152266	-5.065556
		50.726024	-3.543949
		51.460852	-2.588139
		51.512161	-0.116215
		51.289406	1.075802
		52.486125	-1.890507
		
c	8 3 5 1 11 4 6 0 14 13 2 7 12 10 9 15	3703.38576444847	0.629661423555153	8	3	5	1	11	4	6	0	14	13	2	7	12	10	9	15		
		54.892406	-2.923222
		53.803895	-1.549931
		53.409532	-3.000126
		51.460852	-2.588139
		51.488224	-3.186893
		53.478239	-2.258549
		53.751959	-0.335941
		52.486125	-1.890507
		50.152266	-5.065556
		50.726024	-3.543949
		51.512161	-0.116215
		54.980766	-1.615849
		51.624837	-3.94495
		55.862982	-4.263554
		55.958426	-3.186893
		51.289406	1.075802
		
c	5 6 8 3 7 10 9 4 0 1 11 12 14 13 2 15	2195.87592783835	0.780412407216165	5	6	8	3	7	10	9	4	0	1	11	12	14	13	2	15		
		53.409532	-3.000126
		53.751959	-0.335941
		54.892406	-2.923222
		53.803895	-1.549931
		54.980766	-1.615849
		55.862982	-4.263554
		55.958426	-3.186893
		53.478239	-2.258549
		52.486125	-1.890507
		51.460852	-2.588139
		51.488224	-3.186893
		51.624837	-3.94495
		50.152266	-5.065556
		50.726024	-3.543949
		51.512161	-0.116215
		51.289406	1.075802
		
c	5 4 3 6 7 9 10 8 12 11 14 13 1 2 15 0	2055.11726332316	0.794488273667684	5	4	3	6	7	9	10	8	12	11	14	13	1	2	15	0		
		53.409532	-3.000126
		53.478239	-2.258549
		53.803895	-1.549931
		53.751959	-0.335941
		54.980766	-1.615849
		55.958426	-3.186893
		55.862982	-4.263554
		54.892406	-2.923222
		51.624837	-3.94495
		51.488224	-3.186893
		50.152266	-5.065556
		50.726024	-3.543949
		51.460852	-2.588139
		51.512161	-0.116215
		51.289406	1.075802
		52.486125	-1.890507
		
c	0 2 4 3 6 7 8 5 12 10 9 1 11 14 13 15	2917.48371524887	0.708251628475113	0	2	4	3	6	7	8	5	12	10	9	1	11	14	13	15		
		52.486125	-1.890507
		51.512161	-0.116215
		53.478239	-2.258549
		53.803895	-1.549931
		53.751959	-0.335941
		54.980766	-1.615849
		54.892406	-2.923222
		53.409532	-3.000126
		51.624837	-3.94495
		55.862982	-4.263554
		55.958426	-3.186893
		51.460852	-2.588139
		51.488224	-3.186893
		50.152266	-5.065556
		50.726024	-3.543949
		51.289406	1.075802
		
c	7 10 9 8 2 15 6 3 14 13 11 1 12 0 4 5	2412.77942891811	0.758722057108189	7	10	9	8	2	15	6	3	14	13	11	1	12	0	4	5		
		54.980766	-1.615849
		55.862982	-4.263554
		55.958426	-3.186893
		54.892406	-2.923222
		51.512161	-0.116215
		51.289406	1.075802
		53.751959	-0.335941
		53.803895	-1.549931
		50.152266	-5.065556
		50.726024	-3.543949
		51.488224	-3.186893
		51.460852	-2.588139
		51.624837	-3.94495
		52.486125	-1.890507
		53.478239	-2.258549
		53.409532	-3.000126
		
c	1 2 15 0 4 3 6 7 10 9 8 5 12 11 14 13	2045.98611496975	0.795401388503026	1	2	15	0	4	3	6	7	10	9	8	5	12	11	14	13		
		51.460852	-2.588139
		51.512161	-0.116215
		51.289406	1.075802
		52.486125	-1.890507
		53.478239	-2.258549
		53.803895	-1.549931
		53.751959	-0.335941
		54.980766	-1.615849
		55.862982	-4.263554
		55.958426	-3.186893
		54.892406	-2.923222
		53.409532	-3.000126
		51.624837	-3.94495
		51.488224	-3.186893
		50.152266	-5.065556
		50.726024	-3.543949
		
c	11 1 12 0 2 15 6 4 3 7 10 9 8 5 14 13	2227.23542958092	0.777276457041908	11	1	12	0	2	15	6	4	3	7	10	9	8	5	14	13		
		51.488224	-3.186893
		51.460852	-2.588139
		51.624837	-3.94495
		52.486125	-1.890507
		51.512161	-0.116215
		51.289406	1.075802
		53.751959	-0.335941
		53.478239	-2.258549
		53.803895	-1.549931
		54.980766	-1.615849
		55.862982	-4.263554
		55.958426	-3.186893
		54.892406	-2.923222
		53.409532	-3.000126
		50.152266	-5.065556
		50.726024	-3.543949
		
c	9 8 10 3 0 4 6 5 12 11 14 13 1 7 2 15	2689.8046422082	0.73101953577918	9	8	10	3	0	4	6	5	12	11	14	13	1	7	2	15		
		55.958426	-3.186893
		54.892406	-2.923222
		55.862982	-4.263554
		53.803895	-1.549931
		52.486125	-1.890507
		53.478239	-2.258549
		53.751959	-0.335941
		53.409532	-3.000126
		51.624837	-3.94495
		51.488224	-3.186893
		50.152266	-5.065556
		50.726024	-3.543949
		51.460852	-2.588139
		54.980766	-1.615849
		51.512161	-0.116215
		51.289406	1.075802
		
c	12 11 14 13 1 0 2 15 6 4 3 7 10 9 8 5	2013.4255172133	0.79865744827867	12	11	14	13	1	0	2	15	6	4	3	7	10	9	8	5		
		51.624837	-3.94495
		51.488224	-3.186893
		50.152266	-5.065556
		50.726024	-3.543949
		51.460852	-2.588139
		52.486125	-1.890507
		51.512161	-0.116215
		51.289406	1.075802
		53.751959	-0.335941
		53.478239	-2.258549
		53.803895	-1.549931
		54.980766	-1.615849
		55.862982	-4.263554
		55.958426	-3.186893
		54.892406	-2.923222
		53.409532	-3.000126
		
c	14 13 1 2 15 10 9 8 5 11 12 0 4 6 3 7	2352.22564325587	0.764777435674413	14	13	1	2	15	10	9	8	5	11	12	0	4	6	3	7		
		50.152266	-5.065556
		50.726024	-3.543949
		51.460852	-2.588139
		51.512161	-0.116215
		51.289406	1.075802
		55.862982	-4.263554
		55.958426	-3.186893
		54.892406	-2.923222
		53.409532	-3.000126
		51.488224	-3.186893
		51.624837	-3.94495
		52.486125	-1.890507
		53.478239	-2.258549
		53.751959	-0.335941
		53.803895	-1.549931
		54.980766	-1.615849
		
c	2 9 8 5 11 12 14 13 1 15 0 4 3 6 7 10	2603.38599687266	0.739661400312734	2	9	8	5	11	12	14	13	1	15	0	4	3	6	7	10		
		51.512161	-0.116215
		55.958426	-3.186893
		54.892406	-2.923222
		53.409532	-3.000126
		51.488224	-3.186893
		51.624837	-3.94495
		50.152266	-5.065556
		50.726024	-3.543949
		51.460852	-2.588139
		51.289406	1.075802
		52.486125	-1.890507
		53.478239	-2.258549
		53.803895	-1.549931
		53.751959	-0.335941
		54.980766	-1.615849
		55.862982	-4.263554
		
c	1 2 15 0 4 3 7 10 9 6 8 5 12 11 14 13	2333.43941132583	0.766656058867417	1	2	15	0	4	3	7	10	9	6	8	5	12	11	14	13		
		51.460852	-2.588139
		51.512161	-0.116215
		51.289406	1.075802
		52.486125	-1.890507
		53.478239	-2.258549
		53.803895	-1.549931
		54.980766	-1.615849
		55.862982	-4.263554
		55.958426	-3.186893
		53.751959	-0.335941
		54.892406	-2.923222
		53.409532	-3.000126
		51.624837	-3.94495
		51.488224	-3.186893
		50.152266	-5.065556
		50.726024	-3.543949
		
c	7 0 4 3 6 10 9 8 5 12 11 14 13 1 2 15	2176.80590213792	0.782319409786208	7	0	4	3	6	10	9	8	5	12	11	14	13	1	2	15		
		54.980766	-1.615849
		52.486125	-1.890507
		53.478239	-2.258549
		53.803895	-1.549931
		53.751959	-0.335941
		55.862982	-4.263554
		55.958426	-3.186893
		54.892406	-2.923222
		53.409532	-3.000126
		51.624837	-3.94495
		51.488224	-3.186893
		50.152266	-5.065556
		50.726024	-3.543949
		51.460852	-2.588139
		51.512161	-0.116215
		51.289406	1.075802
		
c	7 10 9 8 5 12 11 14 13 1 2 15 0 6 4 3	2103.92161658027	0.789607838341973	7	10	9	8	5	12	11	14	13	1	2	15	0	6	4	3		
		54.980766	-1.615849
		55.862982	-4.263554
		55.958426	-3.186893
		54.892406	-2.923222
		53.409532	-3.000126
		51.624837	-3.94495
		51.488224	-3.186893
		50.152266	-5.065556
		50.726024	-3.543949
		51.460852	-2.588139
		51.512161	-0.116215
		51.289406	1.075802
		52.486125	-1.890507
		53.751959	-0.335941
		53.478239	-2.258549
		53.803895	-1.549931
		
c	15 3 6 7 10 9 8 4 5 0 1 11 12 14 13 2	2073.17303766968	0.792682696233032	15	3	6	7	10	9	8	4	5	0	1	11	12	14	13	2		
		51.289406	1.075802
		53.803895	-1.549931
		53.751959	-0.335941
		54.980766	-1.615849
		55.862982	-4.263554
		55.958426	-3.186893
		54.892406	-2.923222
		53.478239	-2.258549
		53.409532	-3.000126
		52.486125	-1.890507
		51.460852	-2.588139
		51.488224	-3.186893
		51.624837	-3.94495
		50.152266	-5.065556
		50.726024	-3.543949
		51.512161	-0.116215
		
c	4 1 2 15 0 6 5 11 12 10 9 8 13 14 3 7	3202.14179691446	0.679785820308554	4	1	2	15	0	6	5	11	12	10	9	8	13	14	3	7		
		53.478239	-2.258549
		51.460852	-2.588139
		51.512161	-0.116215
		51.289406	1.075802
		52.486125	-1.890507
		53.751959	-0.335941
		53.409532	-3.000126
		51.488224	-3.186893
		51.624837	-3.94495
		55.862982	-4.263554
		55.958426	-3.186893
		54.892406	-2.923222
		50.726024	-3.543949
		50.152266	-5.065556
		53.803895	-1.549931
		54.980766	-1.615849
		
c	10 12 14 13 15 7 9 8 5 0 11 1 2 6 4 3	2908.0958318354	0.70919041681646	10	12	14	13	15	7	9	8	5	0	11	1	2	6	4	3		
		55.862982	-4.263554
		51.624837	-3.94495
		50.152266	-5.065556
		50.726024	-3.543949
		51.289406	1.075802
		54.980766	-1.615849
		55.958426	-3.186893
		54.892406	-2.923222
		53.409532	-3.000126
		52.486125	-1.890507
		51.488224	-3.186893
		51.460852	-2.588139
		51.512161	-0.116215
		53.751959	-0.335941
		53.478239	-2.258549
		53.803895	-1.549931
		
c	11 12 14 1 2 15 0 4 6 7 10 9 8 3 5 13	2304.61597633958	0.769538402366042	11	12	14	1	2	15	0	4	6	7	10	9	8	3	5	13		
		51.488224	-3.186893
		51.624837	-3.94495
		50.152266	-5.065556
		51.460852	-2.588139
		51.512161	-0.116215
		51.289406	1.075802
		52.486125	-1.890507
		53.478239	-2.258549
		53.751959	-0.335941
		54.980766	-1.615849
		55.862982	-4.263554
		55.958426	-3.186893
		54.892406	-2.923222
		53.803895	-1.549931
		53.409532	-3.000126
		50.726024	-3.543949
		
c	5 12 6 7 10 9 8 3 4 0 1 11 14 13 2 15	2241.37519346378	0.775862480653622	5	12	6	7	10	9	8	3	4	0	1	11	14	13	2	15		
		53.409532	-3.000126
		51.624837	-3.94495
		53.751959	-0.335941
		54.980766	-1.615849
		55.862982	-4.263554
		55.958426	-3.186893
		54.892406	-2.923222
		53.803895	-1.549931
		53.478239	-2.258549
		52.486125	-1.890507
		51.460852	-2.588139
		51.488224	-3.186893
		50.152266	-5.065556
		50.726024	-3.543949
		51.512161	-0.116215
		51.289406	1.075802
		
c	1 11 14 13 2 15 0 6 4 3 7 10 9 8 5 12	2199.80380778232	0.780019619221768	1	11	14	13	2	15	0	6	4	3	7	10	9	8	5	12		
		51.460852	-2.588139
		51.488224	-3.186893
		50.152266	-5.065556
		50.726024	-3.543949
		51.512161	-0.116215
		51.289406	1.075802
		52.486125	-1.890507
		53.751959	-0.335941
		53.478239	-2.258549
		53.803895	-1.549931
		54.980766	-1.615849
		55.862982	-4.263554
		55.958426	-3.186893
		54.892406	-2.923222
		53.409532	-3.000126
		51.624837	-3.94495
		
c	0 6 3 4 7 10 9 8 5 1 11 12 14 13 2 15	1994.95244758936	0.800504755241064	0	6	3	4	7	10	9	8	5	1	11	12	14	13	2	15		
		52.486125	-1.890507
		53.751959	-0.335941
		53.803895	-1.549931
		53.478239	-2.258549
		54.980766	-1.615849
		55.862982	-4.263554
		55.958426	-3.186893
		54.892406	-2.923222
		53.409532	-3.000126
		51.460852	-2.588139
		51.488224	-3.186893
		51.624837	-3.94495
		50.152266	-5.065556
		50.726024	-3.543949
		51.512161	-0.116215
		51.289406	1.075802
		
c	5 1 11 12 14 10 9 8 3 7 6 4 0 13 2 15	2573.14934068537	0.742685065931463	5	1	11	12	14	10	9	8	3	7	6	4	0	13	2	15		
		53.409532	-3.000126
		51.460852	-2.588139
		51.488224	-3.186893
		51.624837	-3.94495
		50.152266	-5.065556
		55.862982	-4.263554
		55.958426	-3.186893
		54.892406	-2.923222
		53.803895	-1.549931
		54.980766	-1.615849
		53.751959	-0.335941
		53.478239	-2.258549
		52.486125	-1.890507
		50.726024	-3.543949
		51.512161	-0.116215
		51.289406	1.075802
		
c	9 4 3 6 7 8 5 0 1 12 14 13 10 11 2 15	2846.56171496339	0.715343828503661	9	4	3	6	7	8	5	0	1	12	14	13	10	11	2	15		
		55.958426	-3.186893
		53.478239	-2.258549
		53.803895	-1.549931
		53.751959	-0.335941
		54.980766	-1.615849
		54.892406	-2.923222
		53.409532	-3.000126
		52.486125	-1.890507
		51.460852	-2.588139
		51.624837	-3.94495
		50.152266	-5.065556
		50.726024	-3.543949
		55.862982	-4.263554
		51.488224	-3.186893
		51.512161	-0.116215
		51.289406	1.075802
		
c	6 5 8 3 11 12 14 13 1 2 15 0 4 7 10 9	2289.88372704111	0.771011627295889	6	5	8	3	11	12	14	13	1	2	15	0	4	7	10	9		
		53.751959	-0.335941
		53.409532	-3.000126
		54.892406	-2.923222
		53.803895	-1.549931
		51.488224	-3.186893
		51.624837	-3.94495
		50.152266	-5.065556
		50.726024	-3.543949
		51.460852	-2.588139
		51.512161	-0.116215
		51.289406	1.075802
		52.486125	-1.890507
		53.478239	-2.258549
		54.980766	-1.615849
		55.862982	-4.263554
		55.958426	-3.186893
		
c	10 9 4 5 3 6 0 11 14 12 7 8 1 13 2 15	2599.02211513498	0.740097788486502	10	9	4	5	3	6	0	11	14	12	7	8	1	13	2	15		
		55.862982	-4.263554
		55.958426	-3.186893
		53.478239	-2.258549
		53.409532	-3.000126
		53.803895	-1.549931
		53.751959	-0.335941
		52.486125	-1.890507
		51.488224	-3.186893
		50.152266	-5.065556
		51.624837	-3.94495
		54.980766	-1.615849
		54.892406	-2.923222
		51.460852	-2.588139
		50.726024	-3.543949
		51.512161	-0.116215
		51.289406	1.075802
		
c	0 6 4 3 7 10 9 8 5 1 11 12 14 13 2 15	2004.10901212204	0.799589098787796	0	6	4	3	7	10	9	8	5	1	11	12	14	13	2	15		
		52.486125	-1.890507
		53.751959	-0.335941
		53.478239	-2.258549
		53.803895	-1.549931
		54.980766	-1.615849
		55.862982	-4.263554
		55.958426	-3.186893
		54.892406	-2.923222
		53.409532	-3.000126
		51.460852	-2.588139
		51.488224	-3.186893
		51.624837	-3.94495
		50.152266	-5.065556
		50.726024	-3.543949
		51.512161	-0.116215
		51.289406	1.075802
		
c	1 13 14 11 12 2 15 0 4 3 6 7 10 9 8 5	2036.65358354694	0.796334641645306	1	13	14	11	12	2	15	0	4	3	6	7	10	9	8	5		
		51.460852	-2.588139
		50.726024	-3.543949
		50.152266	-5.065556
		51.488224	-3.186893
		51.624837	-3.94495
		51.512161	-0.116215
		51.289406	1.075802
		52.486125	-1.890507
		53.478239	-2.258549
		53.803895	-1.549931
		53.751959	-0.335941
		54.980766	-1.615849
		55.862982	-4.263554
		55.958426	-3.186893
		54.892406	-2.923222
		53.409532	-3.000126
		
c	4 5 15 0 3 6 7 12 11 14 13 10 9 8 1 2	3141.18623610374	0.685881376389626	4	5	15	0	3	6	7	12	11	14	13	10	9	8	1	2		
		53.478239	-2.258549
		53.409532	-3.000126
		51.289406	1.075802
		52.486125	-1.890507
		53.803895	-1.549931
		53.751959	-0.335941
		54.980766	-1.615849
		51.624837	-3.94495
		51.488224	-3.186893
		50.152266	-5.065556
		50.726024	-3.543949
		55.862982	-4.263554
		55.958426	-3.186893
		54.892406	-2.923222
		51.460852	-2.588139
		51.512161	-0.116215
		
c	6 12 14 13 11 1 2 15 0 4 3 7 10 9 8 5	2126.13142614032	0.787386857385968	6	12	14	13	11	1	2	15	0	4	3	7	10	9	8	5		
		53.751959	-0.335941
		51.624837	-3.94495
		50.152266	-5.065556
		50.726024	-3.543949
		51.488224	-3.186893
		51.460852	-2.588139
		51.512161	-0.116215
		51.289406	1.075802
		52.486125	-1.890507
		53.478239	-2.258549
		53.803895	-1.549931
		54.980766	-1.615849
		55.862982	-4.263554
		55.958426	-3.186893
		54.892406	-2.923222
		53.409532	-3.000126
		
c	8 5 12 11 14 13 1 0 4 2 15 6 7 10 9 3	2415.65672812707	0.758434327187293	8	5	12	11	14	13	1	0	4	2	15	6	7	10	9	3		
		54.892406	-2.923222
		53.409532	-3.000126
		51.624837	-3.94495
		51.488224	-3.186893
		50.152266	-5.065556
		50.726024	-3.543949
		51.460852	-2.588139
		52.486125	-1.890507
		53.478239	-2.258549
		51.512161	-0.116215
		51.289406	1.075802
		53.751959	-0.335941
		54.980766	-1.615849
		55.862982	-4.263554
		55.958426	-3.186893
		53.803895	-1.549931
		
c	1 2 15 0 6 4 3 7 10 9 8 5 11 12 14 13	2117.80701152642	0.788219298847358	1	2	15	0	6	4	3	7	10	9	8	5	11	12	14	13		
		51.460852	-2.588139
		51.512161	-0.116215
		51.289406	1.075802
		52.486125	-1.890507
		53.751959	-0.335941
		53.478239	-2.258549
		53.803895	-1.549931
		54.980766	-1.615849
		55.862982	-4.263554
		55.958426	-3.186893
		54.892406	-2.923222
		53.409532	-3.000126
		51.488224	-3.186893
		51.624837	-3.94495
		50.152266	-5.065556
		50.726024	-3.543949
		
c	7 10 9 8 3 11 12 4 6 5 14 13 1 0 2 15	2404.60543772064	0.759539456227936	7	10	9	8	3	11	12	4	6	5	14	13	1	0	2	15		
		54.980766	-1.615849
		55.862982	-4.263554
		55.958426	-3.186893
		54.892406	-2.923222
		53.803895	-1.549931
		51.488224	-3.186893
		51.624837	-3.94495
		53.478239	-2.258549
		53.751959	-0.335941
		53.409532	-3.000126
		50.152266	-5.065556
		50.726024	-3.543949
		51.460852	-2.588139
		52.486125	-1.890507
		51.512161	-0.116215
		51.289406	1.075802
		
c	9 10 8 0 1 6 3 4 7 5 11 12 14 13 2 15	2325.72907036869	0.767427092963131	9	10	8	0	1	6	3	4	7	5	11	12	14	13	2	15		
		55.958426	-3.186893
		55.862982	-4.263554
		54.892406	-2.923222
		52.486125	-1.890507
		51.460852	-2.588139
		53.751959	-0.335941
		53.803895	-1.549931
		53.478239	-2.258549
		54.980766	-1.615849
		53.409532	-3.000126
		51.488224	-3.186893
		51.624837	-3.94495
		50.152266	-5.065556
		50.726024	-3.543949
		51.512161	-0.116215
		51.289406	1.075802
		
c	6 7 10 9 8 4 3 5 0 1 11 12 14 13 2 15	1863.00485164535	0.813699514835465	6	7	10	9	8	4	3	5	0	1	11	12	14	13	2	15		
		53.751959	-0.335941
		54.980766	-1.615849
		55.862982	-4.263554
		55.958426	-3.186893
		54.892406	-2.923222
		53.478239	-2.258549
		53.803895	-1.549931
		53.409532	-3.000126
		52.486125	-1.890507
		51.460852	-2.588139
		51.488224	-3.186893
		51.624837	-3.94495
		50.152266	-5.065556
		50.726024	-3.543949
		51.512161	-0.116215
		51.289406	1.075802
		
c	10 9 8 5 1 4 3 6 7 0 11 12 14 13 2 15	2217.90256500037	0.778209743499963	10	9	8	5	1	4	3	6	7	0	11	12	14	13	2	15		
		55.862982	-4.263554
		55.958426	-3.186893
		54.892406	-2.923222
		53.409532	-3.000126
		51.460852	-2.588139
		53.478239	-2.258549
		53.803895	-1.549931
		53.751959	-0.335941
		54.980766	-1.615849
		52.486125	-1.890507
		51.488224	-3.186893
		51.624837	-3.94495
		50.152266	-5.065556
		50.726024	-3.543949
		51.512161	-0.116215
		51.289406	1.075802
		
c	14 13 2 15 6 7 3 5 11 1 10 9 8 4 0 12	2543.31475366203	0.745668524633797	14	13	2	15	6	7	3	5	11	1	10	9	8	4	0	12		
		50.152266	-5.065556
		50.726024	-3.543949
		51.512161	-0.116215
		51.289406	1.075802
		53.751959	-0.335941
		54.980766	-1.615849
		53.803895	-1.549931
		53.409532	-3.000126
		51.488224	-3.186893
		51.460852	-2.588139
		55.862982	-4.263554
		55.958426	-3.186893
		54.892406	-2.923222
		53.478239	-2.258549
		52.486125	-1.890507
		51.624837	-3.94495
		
c	2 12 14 13 11 1 15 0 4 3 6 7 10 9 8 5	2158.11957649813	0.784188042350187	2	12	14	13	11	1	15	0	4	3	6	7	10	9	8	5		
		51.512161	-0.116215
		51.624837	-3.94495
		50.152266	-5.065556
		50.726024	-3.543949
		51.488224	-3.186893
		51.460852	-2.588139
		51.289406	1.075802
		52.486125	-1.890507
		53.478239	-2.258549
		53.803895	-1.549931
		53.751959	-0.335941
		54.980766	-1.615849
		55.862982	-4.263554
		55.958426	-3.186893
		54.892406	-2.923222
		53.409532	-3.000126
		
c	6 7 10 9 8 5 11 12 14 13 1 2 15 0 3 4	2095.22026516538	0.790477973483462	6	7	10	9	8	5	11	12	14	13	1	2	15	0	3	4		
		53.751959	-0.335941
		54.980766	-1.615849
		55.862982	-4.263554
		55.958426	-3.186893
		54.892406	-2.923222
		53.409532	-3.000126
		51.488224	-3.186893
		51.624837	-3.94495
		50.152266	-5.065556
		50.726024	-3.543949
		51.460852	-2.588139
		51.512161	-0.116215
		51.289406	1.075802
		52.486125	-1.890507
		53.803895	-1.549931
		53.478239	-2.258549
		
c	5 10 9 3 4 0 1 11 12 14 13 2 15 6 7 8	2187.68846083091	0.781231153916909	5	10	9	3	4	0	1	11	12	14	13	2	15	6	7	8		
		53.409532	-3.000126
		55.862982	-4.263554
		55.958426	-3.186893
		53.803895	-1.549931
		53.478239	-2.258549
		52.486125	-1.890507
		51.460852	-2.588139
		51.488224	-3.186893
		51.624837	-3.94495
		50.152266	-5.065556
		50.726024	-3.543949
		51.512161	-0.116215
		51.289406	1.075802
		53.751959	-0.335941
		54.980766	-1.615849
		54.892406	-2.923222
		
c	6 7 10 0 1 11 12 14 13 15 4 3 5 9 8 2	2935.00999312112	0.706499000687888	6	7	10	0	1	11	12	14	13	15	4	3	5	9	8	2		
		53.751959	-0.335941
		54.980766	-1.615849
		55.862982	-4.263554
		52.486125	-1.890507
		51.460852	-2.588139
		51.488224	-3.186893
		51.624837	-3.94495
		50.152266	-5.065556
		50.726024	-3.543949
		51.289406	1.075802
		53.478239	-2.258549
		53.803895	-1.549931
		53.409532	-3.000126
		55.958426	-3.186893
		54.892406	-2.923222
		51.512161	-0.116215
		
c	13 3 6 7 10 9 8 4 5 0 1 2 11 12 14 15	2522.73899434682	0.747726100565318	13	3	6	7	10	9	8	4	5	0	1	2	11	12	14	15		
		50.726024	-3.543949
		53.803895	-1.549931
		53.751959	-0.335941
		54.980766	-1.615849
		55.862982	-4.263554
		55.958426	-3.186893
		54.892406	-2.923222
		53.478239	-2.258549
		53.409532	-3.000126
		52.486125	-1.890507
		51.460852	-2.588139
		51.512161	-0.116215
		51.488224	-3.186893
		51.624837	-3.94495
		50.152266	-5.065556
		51.289406	1.075802
		
c	10 9 8 5 12 3 7 6 4 0 1 11 14 13 2 15	2216.46547377118	0.778353452622882	10	9	8	5	12	3	7	6	4	0	1	11	14	13	2	15		
		55.862982	-4.263554
		55.958426	-3.186893
		54.892406	-2.923222
		53.409532	-3.000126
		51.624837	-3.94495
		53.803895	-1.549931
		54.980766	-1.615849
		53.751959	-0.335941
		53.478239	-2.258549
		52.486125	-1.890507
		51.460852	-2.588139
		51.488224	-3.186893
		50.152266	-5.065556
		50.726024	-3.543949
		51.512161	-0.116215
		51.289406	1.075802
		
c	5 4 7 10 9 8 3 1 11 6 0 14 12 13 2 15	2523.51767800777	0.747648232199223	5	4	7	10	9	8	3	1	11	6	0	14	12	13	2	15		
		53.409532	-3.000126
		53.478239	-2.258549
		54.980766	-1.615849
		55.862982	-4.263554
		55.958426	-3.186893
		54.892406	-2.923222
		53.803895	-1.549931
		51.460852	-2.588139
		51.488224	-3.186893
		53.751959	-0.335941
		52.486125	-1.890507
		50.152266	-5.065556
		51.624837	-3.94495
		50.726024	-3.543949
		51.512161	-0.116215
		51.289406	1.075802
		
c	4 5 3 6 0 11 14 12 7 10 9 8 1 13 2 15	2546.21857660329	0.745378142339671	4	5	3	6	0	11	14	12	7	10	9	8	1	13	2	15		
		53.478239	-2.258549
		53.409532	-3.000126
		53.803895	-1.549931
		53.751959	-0.335941
		52.486125	-1.890507
		51.488224	-3.186893
		50.152266	-5.065556
		51.624837	-3.94495
		54.980766	-1.615849
		55.862982	-4.263554
		55.958426	-3.186893
		54.892406	-2.923222
		51.460852	-2.588139
		50.726024	-3.543949
		51.512161	-0.116215
		51.289406	1.075802
		
c	11 14 13 1 7 2 10 9 8 3 4 15 0 6 5 12	3315.50098638832	0.668449901361168	11	14	13	1	7	2	10	9	8	3	4	15	0	6	5	12		
		51.488224	-3.186893
		50.152266	-5.065556
		50.726024	-3.543949
		51.460852	-2.588139
		54.980766	-1.615849
		51.512161	-0.116215
		55.862982	-4.263554
		55.958426	-3.186893
		54.892406	-2.923222
		53.803895	-1.549931
		53.478239	-2.258549
		51.289406	1.075802
		52.486125	-1.890507
		53.751959	-0.335941
		53.409532	-3.000126
		51.624837	-3.94495
		
c	8 3 1 11 12 5 4 6 7 9 10 0 14 13 2 15	2492.3200347586	0.75076799652414	8	3	1	11	12	5	4	6	7	9	10	0	14	13	2	15		
		54.892406	-2.923222
		53.803895	-1.549931
		51.460852	-2.588139
		51.488224	-3.186893
		51.624837	-3.94495
		53.409532	-3.000126
		53.478239	-2.258549
		53.751959	-0.335941
		54.980766	-1.615849
		55.958426	-3.186893
		55.862982	-4.263554
		52.486125	-1.890507
		50.152266	-5.065556
		50.726024	-3.543949
		51.512161	-0.116215
		51.289406	1.075802
		
c	12 11 14 13 3 6 7 10 9 8 4 5 0 1 2 15	2088.50722230626	0.791149277769374	12	11	14	13	3	6	7	10	9	8	4	5	0	1	2	15		
		51.624837	-3.94495
		51.488224	-3.186893
		50.152266	-5.065556
		50.726024	-3.543949
		53.803895	-1.549931
		53.751959	-0.335941
		54.980766	-1.615849
		55.862982	-4.263554
		55.958426	-3.186893
		54.892406	-2.923222
		53.478239	-2.258549
		53.409532	-3.000126
		52.486125	-1.890507
		51.460852	-2.588139
		51.512161	-0.116215
		51.289406	1.075802
		
c	6 4 3 7 8 5 0 1 12 14 13 10 9 11 2 15	2659.38481767904	0.734061518232096	6	4	3	7	8	5	0	1	12	14	13	10	9	11	2	15		
		53.751959	-0.335941
		53.478239	-2.258549
		53.803895	-1.549931
		54.980766	-1.615849
		54.892406	-2.923222
		53.409532	-3.000126
		52.486125	-1.890507
		51.460852	-2.588139
		51.624837	-3.94495
		50.152266	-5.065556
		50.726024	-3.543949
		55.862982	-4.263554
		55.958426	-3.186893
		51.488224	-3.186893
		51.512161	-0.116215
		51.289406	1.075802
		
c	12 11 3 6 7 10 9 8 5 14 13 1 0 4 2 15	2325.89900204228	0.767410099795772	12	11	3	6	7	10	9	8	5	14	13	1	0	4	2	15		
		51.624837	-3.94495
		51.488224	-3.186893
		53.803895	-1.549931
		53.751959	-0.335941
		54.980766	-1.615849
		55.862982	-4.263554
		55.958426	-3.186893
		54.892406	-2.923222
		53.409532	-3.000126
		50.152266	-5.065556
		50.726024	-3.543949
		51.460852	-2.588139
		52.486125	-1.890507
		53.478239	-2.258549
		51.512161	-0.116215
		51.289406	1.075802
		
c	12 0 1 11 14 13 3 7 6 10 9 8 5 4 2 15	2413.01077756694	0.758698922243306	12	0	1	11	14	13	3	7	6	10	9	8	5	4	2	15		
		51.624837	-3.94495
		52.486125	-1.890507
		51.460852	-2.588139
		51.488224	-3.186893
		50.152266	-5.065556
		50.726024	-3.543949
		53.803895	-1.549931
		54.980766	-1.615849
		53.751959	-0.335941
		55.862982	-4.263554
		55.958426	-3.186893
		54.892406	-2.923222
		53.409532	-3.000126
		53.478239	-2.258549
		51.512161	-0.116215
		51.289406	1.075802
		
c	2 15 0 6 4 3 7 10 9 8 5 1 11 12 14 13	1992.60301152281	0.800739698847719	2	15	0	6	4	3	7	10	9	8	5	1	11	12	14	13		
		51.512161	-0.116215
		51.289406	1.075802
		52.486125	-1.890507
		53.751959	-0.335941
		53.478239	-2.258549
		53.803895	-1.549931
		54.980766	-1.615849
		55.862982	-4.263554
		55.958426	-3.186893
		54.892406	-2.923222
		53.409532	-3.000126
		51.460852	-2.588139
		51.488224	-3.186893
		51.624837	-3.94495
		50.152266	-5.065556
		50.726024	-3.543949
		
c	12 1 14 0 9 6 7 3 4 10 8 5 11 13 2 15	2954.08817657888	0.704591182342112	12	1	14	0	9	6	7	3	4	10	8	5	11	13	2	15		
		51.624837	-3.94495
		51.460852	-2.588139
		50.152266	-5.065556
		52.486125	-1.890507
		55.958426	-3.186893
		53.751959	-0.335941
		54.980766	-1.615849
		53.803895	-1.549931
		53.478239	-2.258549
		55.862982	-4.263554
		54.892406	-2.923222
		53.409532	-3.000126
		51.488224	-3.186893
		50.726024	-3.543949
		51.512161	-0.116215
		51.289406	1.075802
		
c	7 0 1 11 12 14 13 15 4 3 6 5 10 9 8 2	2677.06291380191	0.732293708619809	7	0	1	11	12	14	13	15	4	3	6	5	10	9	8	2		
		54.980766	-1.615849
		52.486125	-1.890507
		51.460852	-2.588139
		51.488224	-3.186893
		51.624837	-3.94495
		50.152266	-5.065556
		50.726024	-3.543949
		51.289406	1.075802
		53.478239	-2.258549
		53.803895	-1.549931
		53.751959	-0.335941
		53.409532	-3.000126
		55.862982	-4.263554
		55.958426	-3.186893
		54.892406	-2.923222
		51.512161	-0.116215
		
c	13 14 1 0 6 4 3 7 10 9 8 5 11 12 2 15	2137.1282574756	0.78628717425244	13	14	1	0	6	4	3	7	10	9	8	5	11	12	2	15		
		50.726024	-3.543949
		50.152266	-5.065556
		51.460852	-2.588139
		52.486125	-1.890507
		53.751959	-0.335941
		53.478239	-2.258549
		53.803895	-1.549931
		54.980766	-1.615849
		55.862982	-4.263554
		55.958426	-3.186893
		54.892406	-2.923222
		53.409532	-3.000126
		51.488224	-3.186893
		51.624837	-3.94495
		51.512161	-0.116215
		51.289406	1.075802
		
c	14 13 0 6 3 7 10 9 8 4 5 11 12 1 2 15	1953.44034248657	0.804655965751343	14	13	0	6	3	7	10	9	8	4	5	11	12	1	2	15		
		50.152266	-5.065556
		50.726024	-3.543949
		52.486125	-1.890507
		53.751959	-0.335941
		53.803895	-1.549931
		54.980766	-1.615849
		55.862982	-4.263554
		55.958426	-3.186893
		54.892406	-2.923222
		53.478239	-2.258549
		53.409532	-3.000126
		51.488224	-3.186893
		51.624837	-3.94495
		51.460852	-2.588139
		51.512161	-0.116215
		51.289406	1.075802
		
c	8 5 0 1 11 12 14 13 2 15 4 6 3 7 10 9	2094.60897374322	0.790539102625678	8	5	0	1	11	12	14	13	2	15	4	6	3	7	10	9		
		54.892406	-2.923222
		53.409532	-3.000126
		52.486125	-1.890507
		51.460852	-2.588139
		51.488224	-3.186893
		51.624837	-3.94495
		50.152266	-5.065556
		50.726024	-3.543949
		51.512161	-0.116215
		51.289406	1.075802
		53.478239	-2.258549
		53.751959	-0.335941
		53.803895	-1.549931
		54.980766	-1.615849
		55.862982	-4.263554
		55.958426	-3.186893
		
c	8 1 11 12 0 6 4 3 7 10 9 5 14 13 2 15	2544.26943283977	0.745573056716023	8	1	11	12	0	6	4	3	7	10	9	5	14	13	2	15		
		54.892406	-2.923222
		51.460852	-2.588139
		51.488224	-3.186893
		51.624837	-3.94495
		52.486125	-1.890507
		53.751959	-0.335941
		53.478239	-2.258549
		53.803895	-1.549931
		54.980766	-1.615849
		55.862982	-4.263554
		55.958426	-3.186893
		53.409532	-3.000126
		50.152266	-5.065556
		50.726024	-3.543949
		51.512161	-0.116215
		51.289406	1.075802
		
c	6 7 10 9 8 5 12 11 14 13 1 0 2 15 4 3	2162.66743143095	0.783733256856905	6	7	10	9	8	5	12	11	14	13	1	0	2	15	4	3		
		53.751959	-0.335941
		54.980766	-1.615849
		55.862982	-4.263554
		55.958426	-3.186893
		54.892406	-2.923222
		53.409532	-3.000126
		51.624837	-3.94495
		51.488224	-3.186893
		50.152266	-5.065556
		50.726024	-3.543949
		51.460852	-2.588139
		52.486125	-1.890507
		51.512161	-0.116215
		51.289406	1.075802
		53.478239	-2.258549
		53.803895	-1.549931
		
c	15 0 6 4 3 7 10 9 8 5 1 11 12 14 13 2	2160.96897259323	0.783903102740677	15	0	6	4	3	7	10	9	8	5	1	11	12	14	13	2		
		51.289406	1.075802
		52.486125	-1.890507
		53.751959	-0.335941
		53.478239	-2.258549
		53.803895	-1.549931
		54.980766	-1.615849
		55.862982	-4.263554
		55.958426	-3.186893
		54.892406	-2.923222
		53.409532	-3.000126
		51.460852	-2.588139
		51.488224	-3.186893
		51.624837	-3.94495
		50.152266	-5.065556
		50.726024	-3.543949
		51.512161	-0.116215
		
c	4 3 6 7 10 9 8 5 12 11 14 13 1 2 15 0	2038.45668383047	0.796154331616953	4	3	6	7	10	9	8	5	12	11	14	13	1	2	15	0		
		53.478239	-2.258549
		53.803895	-1.549931
		53.751959	-0.335941
		54.980766	-1.615849
		55.862982	-4.263554
		55.958426	-3.186893
		54.892406	-2.923222
		53.409532	-3.000126
		51.624837	-3.94495
		51.488224	-3.186893
		50.152266	-5.065556
		50.726024	-3.543949
		51.460852	-2.588139
		51.512161	-0.116215
		51.289406	1.075802
		52.486125	-1.890507
		
c	0 6 5 11 12 14 9 8 10 3 4 13 1 7 2 15	3371.2674806998	0.66287325193002	0	6	5	11	12	14	9	8	10	3	4	13	1	7	2	15		
		52.486125	-1.890507
		53.751959	-0.335941
		53.409532	-3.000126
		51.488224	-3.186893
		51.624837	-3.94495
		50.152266	-5.065556
		55.958426	-3.186893
		54.892406	-2.923222
		55.862982	-4.263554
		53.803895	-1.549931
		53.478239	-2.258549
		50.726024	-3.543949
		51.460852	-2.588139
		54.980766	-1.615849
		51.512161	-0.116215
		51.289406	1.075802
		
c	11 3 6 7 10 9 8 5 14 13 1 0 4 12 2 15	2509.41566651789	0.749058433348211	11	3	6	7	10	9	8	5	14	13	1	0	4	12	2	15		
		51.488224	-3.186893
		53.803895	-1.549931
		53.751959	-0.335941
		54.980766	-1.615849
		55.862982	-4.263554
		55.958426	-3.186893
		54.892406	-2.923222
		53.409532	-3.000126
		50.152266	-5.065556
		50.726024	-3.543949
		51.460852	-2.588139
		52.486125	-1.890507
		53.478239	-2.258549
		51.624837	-3.94495
		51.512161	-0.116215
		51.289406	1.075802
		
c	0 4 3 6 7 10 9 8 5 12 11 14 13 1 2 15	1908.31206708371	0.80916879329163	0	4	3	6	7	10	9	8	5	12	11	14	13	1	2	15		
		52.486125	-1.890507
		53.478239	-2.258549
		53.803895	-1.549931
		53.751959	-0.335941
		54.980766	-1.615849
		55.862982	-4.263554
		55.958426	-3.186893
		54.892406	-2.923222
		53.409532	-3.000126
		51.624837	-3.94495
		51.488224	-3.186893
		50.152266	-5.065556
		50.726024	-3.543949
		51.460852	-2.588139
		51.512161	-0.116215
		51.289406	1.075802
		
c	4 5 3 6 0 11 14 12 10 9 1 13 2 15 7 8	2952.03404072837	0.704796595927163	4	5	3	6	0	11	14	12	10	9	1	13	2	15	7	8		
		53.478239	-2.258549
		53.409532	-3.000126
		53.803895	-1.549931
		53.751959	-0.335941
		52.486125	-1.890507
		51.488224	-3.186893
		50.152266	-5.065556
		51.624837	-3.94495
		55.862982	-4.263554
		55.958426	-3.186893
		51.460852	-2.588139
		50.726024	-3.543949
		51.512161	-0.116215
		51.289406	1.075802
		54.980766	-1.615849
		54.892406	-2.923222
		
c	1 11 12 0 6 4 3 7 10 9 8 5 14 13 2 15	2163.03021972929	0.783696978027072	1	11	12	0	6	4	3	7	10	9	8	5	14	13	2	15		
		51.460852	-2.588139
		51.488224	-3.186893
		51.624837	-3.94495
		52.486125	-1.890507
		53.751959	-0.335941
		53.478239	-2.258549
		53.803895	-1.549931
		54.980766	-1.615849
		55.862982	-4.263554
		55.958426	-3.186893
		54.892406	-2.923222
		53.409532	-3.000126
		50.152266	-5.065556
		50.726024	-3.543949
		51.512161	-0.116215
		51.289406	1.075802
		
c	4 3 6 7 10 9 8 5 12 11 14 13 1 0 2 15	1910.37302383395	0.808962697616605	4	3	6	7	10	9	8	5	12	11	14	13	1	0	2	15		
		53.478239	-2.258549
		53.803895	-1.549931
		53.751959	-0.335941
		54.980766	-1.615849
		55.862982	-4.263554
		55.958426	-3.186893
		54.892406	-2.923222
		53.409532	-3.000126
		51.624837	-3.94495
		51.488224	-3.186893
		50.152266	-5.065556
		50.726024	-3.543949
		51.460852	-2.588139
		52.486125	-1.890507
		51.512161	-0.116215
		51.289406	1.075802
		
c	4 0 1 11 12 14 13 2 9 8 7 10 5 3 6 15	2585.65704147236	0.741434295852764	4	0	1	11	12	14	13	2	9	8	7	10	5	3	6	15		
		53.478239	-2.258549
		52.486125	-1.890507
		51.460852	-2.588139
		51.488224	-3.186893
		51.624837	-3.94495
		50.152266	-5.065556
		50.726024	-3.543949
		51.512161	-0.116215
		55.958426	-3.186893
		54.892406	-2.923222
		54.980766	-1.615849
		55.862982	-4.263554
		53.409532	-3.000126
		53.803895	-1.549931
		53.751959	-0.335941
		51.289406	1.075802
		
c	13 1 2 15 10 9 8 5 11 12 0 4 7 14 3 6	3194.97393797877	0.680502606202123	13	1	2	15	10	9	8	5	11	12	0	4	7	14	3	6		
		50.726024	-3.543949
		51.460852	-2.588139
		51.512161	-0.116215
		51.289406	1.075802
		55.862982	-4.263554
		55.958426	-3.186893
		54.892406	-2.923222
		53.409532	-3.000126
		51.488224	-3.186893
		51.624837	-3.94495
		52.486125	-1.890507
		53.478239	-2.258549
		54.980766	-1.615849
		50.152266	-5.065556
		53.803895	-1.549931
		53.751959	-0.335941
		
c	10 9 5 12 11 14 13 1 2 15 0 4 8 6 3 7	2242.16187437479	0.775783812562521	10	9	5	12	11	14	13	1	2	15	0	4	8	6	3	7		
		55.862982	-4.263554
		55.958426	-3.186893
		53.409532	-3.000126
		51.624837	-3.94495
		51.488224	-3.186893
		50.152266	-5.065556
		50.726024	-3.543949
		51.460852	-2.588139
		51.512161	-0.116215
		51.289406	1.075802
		52.486125	-1.890507
		53.478239	-2.258549
		54.892406	-2.923222
		53.751959	-0.335941
		53.803895	-1.549931
		54.980766	-1.615849
		
c	3 4 7 10 9 6 8 5 12 11 14 13 1 0 2 15	2239.10938318867	0.776089061681133	3	4	7	10	9	6	8	5	12	11	14	13	1	0	2	15		
		53.803895	-1.549931
		53.478239	-2.258549
		54.980766	-1.615849
		55.862982	-4.263554
		55.958426	-3.186893
		53.751959	-0.335941
		54.892406	-2.923222
		53.409532	-3.000126
		51.624837	-3.94495
		51.488224	-3.186893
		50.152266	-5.065556
		50.726024	-3.543949
		51.460852	-2.588139
		52.486125	-1.890507
		51.512161	-0.116215
		51.289406	1.075802
		
c	7 10 9 5 12 11 14 13 1 2 15 0 4 3 6 8	2200.98580045888	0.779901419954112	7	10	9	5	12	11	14	13	1	2	15	0	4	3	6	8		
		54.980766	-1.615849
		55.862982	-4.263554
		55.958426	-3.186893
		53.409532	-3.000126
		51.624837	-3.94495
		51.488224	-3.186893
		50.152266	-5.065556
		50.726024	-3.543949
		51.460852	-2.588139
		51.512161	-0.116215
		51.289406	1.075802
		52.486125	-1.890507
		53.478239	-2.258549
		53.803895	-1.549931
		53.751959	-0.335941
		54.892406	-2.923222
		
g49		1794.61235065558	0.820538764934442	0	6	7	10	9	8	3	4	5	0	1	11	12	14	13	2	15		
		53.751959	-0.335941
		54.980766	-1.615849
		55.862982	-4.263554
		55.958426	-3.186893
		54.892406	-2.923222
		53.803895	-1.549931
		53.478239	-2.258549
		53.409532	-3.000126
		52.486125	-1.890507
		51.460852	-2.588139
		51.488224	-3.186893
		51.624837	-3.94495
		50.152266	-5.065556
		50.726024	-3.543949
		51.512161	-0.116215
		51.289406	1.075802
		
g49		1828.33630628242	0.817166369371758	1	3	6	7	10	9	8	4	5	0	1	11	12	14	13	2	15		
		53.803895	-1.549931
		53.751959	-0.335941
		54.980766	-1.615849
		55.862982	-4.263554
		55.958426	-3.186893
		54.892406	-2.923222
		53.478239	-2.258549
		53.409532	-3.000126
		52.486125	-1.890507
		51.460852	-2.588139
		51.488224	-3.186893
		51.624837	-3.94495
		50.152266	-5.065556
		50.726024	-3.543949
		51.512161	-0.116215
		51.289406	1.075802
		
g49		1844.43579025575	0.815556420974425	2	5	4	3	6	7	9	10	8	0	1	11	12	14	13	2	15		
		53.409532	-3.000126
		53.478239	-2.258549
		53.803895	-1.549931
		53.751959	-0.335941
		54.980766	-1.615849
		55.958426	-3.186893
		55.862982	-4.263554
		54.892406	-2.923222
		52.486125	-1.890507
		51.460852	-2.588139
		51.488224	-3.186893
		51.624837	-3.94495
		50.152266	-5.065556
		50.726024	-3.543949
		51.512161	-0.116215
		51.289406	1.075802
		
g49		1895.7902504043	0.81042097495957	3	12	14	13	11	1	2	15	0	4	3	6	7	10	9	8	5		
		51.624837	-3.94495
		50.152266	-5.065556
		50.726024	-3.543949
		51.488224	-3.186893
		51.460852	-2.588139
		51.512161	-0.116215
		51.289406	1.075802
		52.486125	-1.890507
		53.478239	-2.258549
		53.803895	-1.549931
		53.751959	-0.335941
		54.980766	-1.615849
		55.862982	-4.263554
		55.958426	-3.186893
		54.892406	-2.923222
		53.409532	-3.000126
		
g49		1896.77204691273	0.810322795308727	4	0	4	3	6	7	10	9	8	5	11	12	14	13	1	2	15		
		52.486125	-1.890507
		53.478239	-2.258549
		53.803895	-1.549931
		53.751959	-0.335941
		54.980766	-1.615849
		55.862982	-4.263554
		55.958426	-3.186893
		54.892406	-2.923222
		53.409532	-3.000126
		51.488224	-3.186893
		51.624837	-3.94495
		50.152266	-5.065556
		50.726024	-3.543949
		51.460852	-2.588139
		51.512161	-0.116215
		51.289406	1.075802
		
g49		1903.39693289035	0.809660306710965	5	14	13	11	1	12	2	15	0	4	3	6	7	10	9	8	5		
		50.152266	-5.065556
		50.726024	-3.543949
		51.488224	-3.186893
		51.460852	-2.588139
		51.624837	-3.94495
		51.512161	-0.116215
		51.289406	1.075802
		52.486125	-1.890507
		53.478239	-2.258549
		53.803895	-1.549931
		53.751959	-0.335941
		54.980766	-1.615849
		55.862982	-4.263554
		55.958426	-3.186893
		54.892406	-2.923222
		53.409532	-3.000126
		
