c	14 13 0 4 5 1 10 9 8 7 3 12 6 11 2 15	2883.3598885225	0.71166401114775	14	13	0	4	5	1	10	9	8	7	3	12	6	11	2	15		
		50.152266	-5.065556
		50.726024	-3.543949
		52.486125	-1.890507
		53.478239	-2.258549
		53.409532	-3.000126
		51.460852	-2.588139
		55.862982	-4.263554
		55.958426	-3.186893
		54.892406	-2.923222
		54.980766	-1.615849
		53.803895	-1.549931
		51.624837	-3.94495
		53.751959	-0.335941
		51.488224	-3.186893
		51.512161	-0.116215
		51.289406	1.075802
		
c	0 3 5 10 9 7 14 4 11 12 8 6 13 1 2 15	3384.04728739416	0.661595271260584	0	3	5	10	9	7	14	4	11	12	8	6	13	1	2	15		
		52.486125	-1.890507
		53.803895	-1.549931
		53.409532	-3.000126
		55.862982	-4.263554
		55.958426	-3.186893
		54.980766	-1.615849
		50.152266	-5.065556
		53.478239	-2.258549
		51.488224	-3.186893
		51.624837	-3.94495
		54.892406	-2.923222
		53.751959	-0.335941
		50.726024	-3.543949
		51.460852	-2.588139
		51.512161	-0.116215
		51.289406	1.075802
		
c	10 9 4 8 7 6 3 5 0 1 11 12 14 13 2 15	1936.6796771142	0.80633203228858	10	9	4	8	7	6	3	5	0	1	11	12	14	13	2	15		
		55.862982	-4.263554
		55.958426	-3.186893
		53.478239	-2.258549
		54.892406	-2.923222
		54.980766	-1.615849
		53.751959	-0.335941
		53.803895	-1.549931
		53.409532	-3.000126
		52.486125	-1.890507
		51.460852	-2.588139
		51.488224	-3.186893
		51.624837	-3.94495
		50.152266	-5.065556
		50.726024	-3.543949
		51.512161	-0.116215
		51.289406	1.075802
		
c	13 10 9 8 7 3 6 4 5 0 11 12 14 1 2 15	2225.42540175047	0.777457459824953	13	10	9	8	7	3	6	4	5	0	11	12	14	1	2	15		
		50.726024	-3.543949
		55.862982	-4.263554
		55.958426	-3.186893
		54.892406	-2.923222
		54.980766	-1.615849
		53.803895	-1.549931
		53.751959	-0.335941
		53.478239	-2.258549
		53.409532	-3.000126
		52.486125	-1.890507
		51.488224	-3.186893
		51.624837	-3.94495
		50.152266	-5.065556
		51.460852	-2.588139
		51.512161	-0.116215
		51.289406	1.075802
		
c	7 6 3 4 5 10 9 8 11 12 14 13 0 1 2 15	2168.99958086291	0.783100041913709	7	6	3	4	5	10	9	8	11	12	14	13	0	1	2	15		
		54.980766	-1.615849
		53.751959	-0.335941
		53.803895	-1.549931
		53.478239	-2.258549
		53.409532	-3.000126
		55.862982	-4.263554
		55.958426	-3.186893
		54.892406	-2.923222
		51.488224	-3.186893
		51.624837	-3.94495
		50.152266	-5.065556
		50.726024	-3.543949
		52.486125	-1.890507
		51.460852	-2.588139
		51.512161	-0.116215
		51.289406	1.075802
		
c	13 2 10 9 6 0 3 5 8 7 4 1 11 12 14 15	2986.78515332586	0.701321484667414	13	2	10	9	6	0	3	5	8	7	4	1	11	12	14	15		
		50.726024	-3.543949
		51.512161	-0.116215
		55.862982	-4.263554
		55.958426	-3.186893
		53.751959	-0.335941
		52.486125	-1.890507
		53.803895	-1.549931
		53.409532	-3.000126
		54.892406	-2.923222
		54.980766	-1.615849
		53.478239	-2.258549
		51.460852	-2.588139
		51.488224	-3.186893
		51.624837	-3.94495
		50.152266	-5.065556
		51.289406	1.075802
		
c	1 11 12 3 4 5 9 10 8 7 0 14 13 6 2 15	2549.53976272749	0.745046023727251	1	11	12	3	4	5	9	10	8	7	0	14	13	6	2	15		
		51.460852	-2.588139
		51.488224	-3.186893
		51.624837	-3.94495
		53.803895	-1.549931
		53.478239	-2.258549
		53.409532	-3.000126
		55.958426	-3.186893
		55.862982	-4.263554
		54.892406	-2.923222
		54.980766	-1.615849
		52.486125	-1.890507
		50.152266	-5.065556
		50.726024	-3.543949
		53.751959	-0.335941
		51.512161	-0.116215
		51.289406	1.075802
		
c	6 12 14 3 5 0 1 11 13 10 9 8 4 7 2 15	3059.12357826712	0.694087642173288	6	12	14	3	5	0	1	11	13	10	9	8	4	7	2	15		
		53.751959	-0.335941
		51.624837	-3.94495
		50.152266	-5.065556
		53.803895	-1.549931
		53.409532	-3.000126
		52.486125	-1.890507
		51.460852	-2.588139
		51.488224	-3.186893
		50.726024	-3.543949
		55.862982	-4.263554
		55.958426	-3.186893
		54.892406	-2.923222
		53.478239	-2.258549
		54.980766	-1.615849
		51.512161	-0.116215
		51.289406	1.075802
		
c	4 5 0 1 11 12 14 13 10 9 8 7 6 3 2 15	2146.6564094402	0.78533435905598	4	5	0	1	11	12	14	13	10	9	8	7	6	3	2	15		
		53.478239	-2.258549
		53.409532	-3.000126
		52.486125	-1.890507
		51.460852	-2.588139
		51.488224	-3.186893
		51.624837	-3.94495
		50.152266	-5.065556
		50.726024	-3.543949
		55.862982	-4.263554
		55.958426	-3.186893
		54.892406	-2.923222
		54.980766	-1.615849
		53.751959	-0.335941
		53.803895	-1.549931
		51.512161	-0.116215
		51.289406	1.075802
		
c	11 10 9 8 7 6 3 4 5 0 1 12 14 13 2 15	2105.72333034397	0.789427666965603	11	10	9	8	7	6	3	4	5	0	1	12	14	13	2	15		
		51.488224	-3.186893
		55.862982	-4.263554
		55.958426	-3.186893
		54.892406	-2.923222
		54.980766	-1.615849
		53.751959	-0.335941
		53.803895	-1.549931
		53.478239	-2.258549
		53.409532	-3.000126
		52.486125	-1.890507
		51.460852	-2.588139
		51.624837	-3.94495
		50.152266	-5.065556
		50.726024	-3.543949
		51.512161	-0.116215
		51.289406	1.075802
		
c	5 0 11 3 4 12 14 13 1 6 10 9 8 7 2 15	2653.13851752836	0.734686148247164	5	0	11	3	4	12	14	13	1	6	10	9	8	7	2	15		
		53.409532	-3.000126
		52.486125	-1.890507
		51.488224	-3.186893
		53.803895	-1.549931
		53.478239	-2.258549
		51.624837	-3.94495
		50.152266	-5.065556
		50.726024	-3.543949
		51.460852	-2.588139
		53.751959	-0.335941
		55.862982	-4.263554
		55.958426	-3.186893
		54.892406	-2.923222
		54.980766	-1.615849
		51.512161	-0.116215
		51.289406	1.075802
		
c	3 4 5 0 11 12 10 9 8 7 6 14 13 1 2 15	2338.61157599345	0.766138842400655	3	4	5	0	11	12	10	9	8	7	6	14	13	1	2	15		
		53.803895	-1.549931
		53.478239	-2.258549
		53.409532	-3.000126
		52.486125	-1.890507
		51.488224	-3.186893
		51.624837	-3.94495
		55.862982	-4.263554
		55.958426	-3.186893
		54.892406	-2.923222
		54.980766	-1.615849
		53.751959	-0.335941
		50.152266	-5.065556
		50.726024	-3.543949
		51.460852	-2.588139
		51.512161	-0.116215
		51.289406	1.075802
		
c	7 4 1 11 12 14 13 10 5 0 9 8 3 6 2 15	2866.15358758669	0.713384641241331	7	4	1	11	12	14	13	10	5	0	9	8	3	6	2	15		
		54.980766	-1.615849
		53.478239	-2.258549
		51.460852	-2.588139
		51.488224	-3.186893
		51.624837	-3.94495
		50.152266	-5.065556
		50.726024	-3.543949
		55.862982	-4.263554
		53.409532	-3.000126
		52.486125	-1.890507
		55.958426	-3.186893
		54.892406	-2.923222
		53.803895	-1.549931
		53.751959	-0.335941
		51.512161	-0.116215
		51.289406	1.075802
		
c	9 8 7 4 0 3 11 12 14 13 2 10 6 5 1 15	3086.38130351983	0.691361869648017	9	8	7	4	0	3	11	12	14	13	2	10	6	5	1	15		
		55.958426	-3.186893
		54.892406	-2.923222
		54.980766	-1.615849
		53.478239	-2.258549
		52.486125	-1.890507
		53.803895	-1.549931
		51.488224	-3.186893
		51.624837	-3.94495
		50.152266	-5.065556
		50.726024	-3.543949
		51.512161	-0.116215
		55.862982	-4.263554
		53.751959	-0.335941
		53.409532	-3.000126
		51.460852	-2.588139
		51.289406	1.075802
		
c	5 0 11 12 14 13 1 9 8 7 4 10 6 3 2 15	2691.17439918972	0.730882560081028	5	0	11	12	14	13	1	9	8	7	4	10	6	3	2	15		
		53.409532	-3.000126
		52.486125	-1.890507
		51.488224	-3.186893
		51.624837	-3.94495
		50.152266	-5.065556
		50.726024	-3.543949
		51.460852	-2.588139
		55.958426	-3.186893
		54.892406	-2.923222
		54.980766	-1.615849
		53.478239	-2.258549
		55.862982	-4.263554
		53.751959	-0.335941
		53.803895	-1.549931
		51.512161	-0.116215
		51.289406	1.075802
		
c	4 11 12 14 13 10 9 8 7 6 3 5 0 1 2 15	2289.346325969	0.771065367403101	4	11	12	14	13	10	9	8	7	6	3	5	0	1	2	15		
		53.478239	-2.258549
		51.488224	-3.186893
		51.624837	-3.94495
		50.152266	-5.065556
		50.726024	-3.543949
		55.862982	-4.263554
		55.958426	-3.186893
		54.892406	-2.923222
		54.980766	-1.615849
		53.751959	-0.335941
		53.803895	-1.549931
		53.409532	-3.000126
		52.486125	-1.890507
		51.460852	-2.588139
		51.512161	-0.116215
		51.289406	1.075802
		
c	9 10 8 7 12 14 13 1 6 3 4 5 0 11 2 15	2158.66785850118	0.784133214149882	9	10	8	7	12	14	13	1	6	3	4	5	0	11	2	15		
		55.958426	-3.186893
		55.862982	-4.263554
		54.892406	-2.923222
		54.980766	-1.615849
		51.624837	-3.94495
		50.152266	-5.065556
		50.726024	-3.543949
		51.460852	-2.588139
		53.751959	-0.335941
		53.803895	-1.549931
		53.478239	-2.258549
		53.409532	-3.000126
		52.486125	-1.890507
		51.488224	-3.186893
		51.512161	-0.116215
		51.289406	1.075802
		
c	4 5 6 10 9 8 7 0 11 3 12 14 13 1 2 15	2506.65381427387	0.749334618572613	4	5	6	10	9	8	7	0	11	3	12	14	13	1	2	15		
		53.478239	-2.258549
		53.409532	-3.000126
		53.751959	-0.335941
		55.862982	-4.263554
		55.958426	-3.186893
		54.892406	-2.923222
		54.980766	-1.615849
		52.486125	-1.890507
		51.488224	-3.186893
		53.803895	-1.549931
		51.624837	-3.94495
		50.152266	-5.065556
		50.726024	-3.543949
		51.460852	-2.588139
		51.512161	-0.116215
		51.289406	1.075802
		
c	8 7 6 4 5 12 14 13 1 2 10 9 3 0 11 15	2687.75586145088	0.731224413854912	8	7	6	4	5	12	14	13	1	2	10	9	3	0	11	15		
		54.892406	-2.923222
		54.980766	-1.615849
		53.751959	-0.335941
		53.478239	-2.258549
		53.409532	-3.000126
		51.624837	-3.94495
		50.152266	-5.065556
		50.726024	-3.543949
		51.460852	-2.588139
		51.512161	-0.116215
		55.862982	-4.263554
		55.958426	-3.186893
		53.803895	-1.549931
		52.486125	-1.890507
		51.488224	-3.186893
		51.289406	1.075802
		
c	6 4 5 0 1 10 9 8 7 3 11 12 14 13 2 15	2317.47811162937	0.768252188837063	6	4	5	0	1	10	9	8	7	3	11	12	14	13	2	15		
		53.751959	-0.335941
		53.478239	-2.258549
		53.409532	-3.000126
		52.486125	-1.890507
		51.460852	-2.588139
		55.862982	-4.263554
		55.958426	-3.186893
		54.892406	-2.923222
		54.980766	-1.615849
		53.803895	-1.549931
		51.488224	-3.186893
		51.624837	-3.94495
		50.152266	-5.065556
		50.726024	-3.543949
		51.512161	-0.116215
		51.289406	1.075802
		
c	10 9 8 14 13 1 4 7 6 3 5 0 11 12 2 15	2382.26794710928	0.761773205289072	10	9	8	14	13	1	4	7	6	3	5	0	11	12	2	15		
		55.862982	-4.263554
		55.958426	-3.186893
		54.892406	-2.923222
		50.152266	-5.065556
		50.726024	-3.543949
		51.460852	-2.588139
		53.478239	-2.258549
		54.980766	-1.615849
		53.751959	-0.335941
		53.803895	-1.549931
		53.409532	-3.000126
		52.486125	-1.890507
		51.488224	-3.186893
		51.624837	-3.94495
		51.512161	-0.116215
		51.289406	1.075802
		
c	8 7 0 6 5 10 3 1 11 12 14 13 9 4 2 15	3174.78341970679	0.682521658029321	8	7	0	6	5	10	3	1	11	12	14	13	9	4	2	15		
		54.892406	-2.923222
		54.980766	-1.615849
		52.486125	-1.890507
		53.751959	-0.335941
		53.409532	-3.000126
		55.862982	-4.263554
		53.803895	-1.549931
		51.460852	-2.588139
		51.488224	-3.186893
		51.624837	-3.94495
		50.152266	-5.065556
		50.726024	-3.543949
		55.958426	-3.186893
		53.478239	-2.258549
		51.512161	-0.116215
		51.289406	1.075802
		
c	8 9 10 7 6 3 4 5 0 1 11 12 14 13 2 15	1724.35516589131	0.827564483410869	8	9	10	7	6	3	4	5	0	1	11	12	14	13	2	15		
		54.892406	-2.923222
		55.958426	-3.186893
		55.862982	-4.263554
		54.980766	-1.615849
		53.751959	-0.335941
		53.803895	-1.549931
		53.478239	-2.258549
		53.409532	-3.000126
		52.486125	-1.890507
		51.460852	-2.588139
		51.488224	-3.186893
		51.624837	-3.94495
		50.152266	-5.065556
		50.726024	-3.543949
		51.512161	-0.116215
		51.289406	1.075802
		
c	10 9 8 7 3 4 6 5 0 11 12 1 14 13 2 15	1884.22039353585	0.811577960646415	10	9	8	7	3	4	6	5	0	11	12	1	14	13	2	15		
		55.862982	-4.263554
		55.958426	-3.186893
		54.892406	-2.923222
		54.980766	-1.615849
		53.803895	-1.549931
		53.478239	-2.258549
		53.751959	-0.335941
		53.409532	-3.000126
		52.486125	-1.890507
		51.488224	-3.186893
		51.624837	-3.94495
		51.460852	-2.588139
		50.152266	-5.065556
		50.726024	-3.543949
		51.512161	-0.116215
		51.289406	1.075802
		
c	7 3 10 9 8 14 13 6 4 5 0 1 11 12 2 15	2556.68846776021	0.744331153223979	7	3	10	9	8	14	13	6	4	5	0	1	11	12	2	15		
		54.980766	-1.615849
		53.803895	-1.549931
		55.862982	-4.263554
		55.958426	-3.186893
		54.892406	-2.923222
		50.152266	-5.065556
		50.726024	-3.543949
		53.751959	-0.335941
		53.478239	-2.258549
		53.409532	-3.000126
		52.486125	-1.890507
		51.460852	-2.588139
		51.488224	-3.186893
		51.624837	-3.94495
		51.512161	-0.116215
		51.289406	1.075802
		
c	10 4 5 0 11 12 14 13 1 9 8 7 3 6 2 15	2332.47234167795	0.766752765832205	10	4	5	0	11	12	14	13	1	9	8	7	3	6	2	15		
		55.862982	-4.263554
		53.478239	-2.258549
		53.409532	-3.000126
		52.486125	-1.890507
		51.488224	-3.186893
		51.624837	-3.94495
		50.152266	-5.065556
		50.726024	-3.543949
		51.460852	-2.588139
		55.958426	-3.186893
		54.892406	-2.923222
		54.980766	-1.615849
		53.803895	-1.549931
		53.751959	-0.335941
		51.512161	-0.116215
		51.289406	1.075802
		
c	12 1 11 10 9 8 7 3 4 6 5 0 14 13 2 15	2334.41824537115	0.766558175462885	12	1	11	10	9	8	7	3	4	6	5	0	14	13	2	15		
		51.624837	-3.94495
		51.460852	-2.588139
		51.488224	-3.186893
		55.862982	-4.263554
		55.958426	-3.186893
		54.892406	-2.923222
		54.980766	-1.615849
		53.803895	-1.549931
		53.478239	-2.258549
		53.751959	-0.335941
		53.409532	-3.000126
		52.486125	-1.890507
		50.152266	-5.065556
		50.726024	-3.543949
		51.512161	-0.116215
		51.289406	1.075802
		
c	11 12 5 9 10 8 7 3 0 14 13 1 4 6 2 15	2378.09926194094	0.762190073805906	11	12	5	9	10	8	7	3	0	14	13	1	4	6	2	15		
		51.488224	-3.186893
		51.624837	-3.94495
		53.409532	-3.000126
		55.958426	-3.186893
		55.862982	-4.263554
		54.892406	-2.923222
		54.980766	-1.615849
		53.803895	-1.549931
		52.486125	-1.890507
		50.152266	-5.065556
		50.726024	-3.543949
		51.460852	-2.588139
		53.478239	-2.258549
		53.751959	-0.335941
		51.512161	-0.116215
		51.289406	1.075802
		
c	7 3 11 12 14 5 0 13 1 10 9 8 6 4 2 15	2873.88401352949	0.712611598647051	7	3	11	12	14	5	0	13	1	10	9	8	6	4	2	15		
		54.980766	-1.615849
		53.803895	-1.549931
		51.488224	-3.186893
		51.624837	-3.94495
		50.152266	-5.065556
		53.409532	-3.000126
		52.486125	-1.890507
		50.726024	-3.543949
		51.460852	-2.588139
		55.862982	-4.263554
		55.958426	-3.186893
		54.892406	-2.923222
		53.751959	-0.335941
		53.478239	-2.258549
		51.512161	-0.116215
		51.289406	1.075802
		
c	10 9 8 7 6 3 4 5 12 14 13 0 1 11 2 15	1826.30904828362	0.817369095171637	10	9	8	7	6	3	4	5	12	14	13	0	1	11	2	15		
		55.862982	-4.263554
		55.958426	-3.186893
		54.892406	-2.923222
		54.980766	-1.615849
		53.751959	-0.335941
		53.803895	-1.549931
		53.478239	-2.258549
		53.409532	-3.000126
		51.624837	-3.94495
		50.152266	-5.065556
		50.726024	-3.543949
		52.486125	-1.890507
		51.460852	-2.588139
		51.488224	-3.186893
		51.512161	-0.116215
		51.289406	1.075802
		
c	9 8 7 6 3 10 4 5 0 1 11 12 14 13 2 15	2069.89060737464	0.793010939262536	9	8	7	6	3	10	4	5	0	1	11	12	14	13	2	15		
		55.958426	-3.186893
		54.892406	-2.923222
		54.980766	-1.615849
		53.751959	-0.335941
		53.803895	-1.549931
		55.862982	-4.263554
		53.478239	-2.258549
		53.409532	-3.000126
		52.486125	-1.890507
		51.460852	-2.588139
		51.488224	-3.186893
		51.624837	-3.94495
		50.152266	-5.065556
		50.726024	-3.543949
		51.512161	-0.116215
		51.289406	1.075802
		
c	10 8 7 6 3 4 5 0 12 14 13 1 9 11 2 15	2576.57963424723	0.742342036575277	10	8	7	6	3	4	5	0	12	14	13	1	9	11	2	15		
		55.862982	-4.263554
		54.892406	-2.923222
		54.980766	-1.615849
		53.751959	-0.335941
		53.803895	-1.549931
		53.478239	-2.258549
		53.409532	-3.000126
		52.486125	-1.890507
		51.624837	-3.94495
		50.152266	-5.065556
		50.726024	-3.543949
		51.460852	-2.588139
		55.958426	-3.186893
		51.488224	-3.186893
		51.512161	-0.116215
		51.289406	1.075802
		
c	0 3 11 5 1 12 14 13 9 10 8 7 6 4 2 15	2773.73540249265	0.722626459750735	0	3	11	5	1	12	14	13	9	10	8	7	6	4	2	15		
		52.486125	-1.890507
		53.803895	-1.549931
		51.488224	-3.186893
		53.409532	-3.000126
		51.460852	-2.588139
		51.624837	-3.94495
		50.152266	-5.065556
		50.726024	-3.543949
		55.958426	-3.186893
		55.862982	-4.263554
		54.892406	-2.923222
		54.980766	-1.615849
		53.751959	-0.335941
		53.478239	-2.258549
		51.512161	-0.116215
		51.289406	1.075802
		
c	9 8 7 4 0 6 5 10 3 1 11 12 14 13 2 15	2429.66869765754	0.757033130234246	9	8	7	4	0	6	5	10	3	1	11	12	14	13	2	15		
		55.958426	-3.186893
		54.892406	-2.923222
		54.980766	-1.615849
		53.478239	-2.258549
		52.486125	-1.890507
		53.751959	-0.335941
		53.409532	-3.000126
		55.862982	-4.263554
		53.803895	-1.549931
		51.460852	-2.588139
		51.488224	-3.186893
		51.624837	-3.94495
		50.152266	-5.065556
		50.726024	-3.543949
		51.512161	-0.116215
		51.289406	1.075802
		
c	12 14 13 1 6 0 3 5 10 9 8 7 4 11 2 15	2394.893330543	0.7605106669457	12	14	13	1	6	0	3	5	10	9	8	7	4	11	2	15		
		51.624837	-3.94495
		50.152266	-5.065556
		50.726024	-3.543949
		51.460852	-2.588139
		53.751959	-0.335941
		52.486125	-1.890507
		53.803895	-1.549931
		53.409532	-3.000126
		55.862982	-4.263554
		55.958426	-3.186893
		54.892406	-2.923222
		54.980766	-1.615849
		53.478239	-2.258549
		51.488224	-3.186893
		51.512161	-0.116215
		51.289406	1.075802
		
c	7 3 4 5 0 11 12 10 14 13 1 9 8 6 2 15	3070.34016967482	0.692965983032519	7	3	4	5	0	11	12	10	14	13	1	9	8	6	2	15		
		54.980766	-1.615849
		53.803895	-1.549931
		53.478239	-2.258549
		53.409532	-3.000126
		52.486125	-1.890507
		51.488224	-3.186893
		51.624837	-3.94495
		55.862982	-4.263554
		50.152266	-5.065556
		50.726024	-3.543949
		51.460852	-2.588139
		55.958426	-3.186893
		54.892406	-2.923222
		53.751959	-0.335941
		51.512161	-0.116215
		51.289406	1.075802
		
c	11 10 9 8 7 6 4 5 12 14 13 1 2 3 0 15	2559.33413889141	0.744066586110859	11	10	9	8	7	6	4	5	12	14	13	1	2	3	0	15		
		51.488224	-3.186893
		55.862982	-4.263554
		55.958426	-3.186893
		54.892406	-2.923222
		54.980766	-1.615849
		53.751959	-0.335941
		53.478239	-2.258549
		53.409532	-3.000126
		51.624837	-3.94495
		50.152266	-5.065556
		50.726024	-3.543949
		51.460852	-2.588139
		51.512161	-0.116215
		53.803895	-1.549931
		52.486125	-1.890507
		51.289406	1.075802
		
c	11 12 14 13 1 9 8 6 10 7 3 4 5 0 2 15	2451.93307502728	0.754806692497272	11	12	14	13	1	9	8	6	10	7	3	4	5	0	2	15		
		51.488224	-3.186893
		51.624837	-3.94495
		50.152266	-5.065556
		50.726024	-3.543949
		51.460852	-2.588139
		55.958426	-3.186893
		54.892406	-2.923222
		53.751959	-0.335941
		55.862982	-4.263554
		54.980766	-1.615849
		53.803895	-1.549931
		53.478239	-2.258549
		53.409532	-3.000126
		52.486125	-1.890507
		51.512161	-0.116215
		51.289406	1.075802
		
c	6 3 4 5 0 11 2 10 9 8 7 1 12 14 13 15	2625.55664351153	0.737444335648847	6	3	4	5	0	11	2	10	9	8	7	1	12	14	13	15		
		53.751959	-0.335941
		53.803895	-1.549931
		53.478239	-2.258549
		53.409532	-3.000126
		52.486125	-1.890507
		51.488224	-3.186893
		51.512161	-0.116215
		55.862982	-4.263554
		55.958426	-3.186893
		54.892406	-2.923222
		54.980766	-1.615849
		51.460852	-2.588139
		51.624837	-3.94495
		50.152266	-5.065556
		50.726024	-3.543949
		51.289406	1.075802
		
c	5 0 11 12 14 13 1 10 9 8 7 6 3 4 2 15	2156.79973828513	0.784320026171487	5	0	11	12	14	13	1	10	9	8	7	6	3	4	2	15		
		53.409532	-3.000126
		52.486125	-1.890507
		51.488224	-3.186893
		51.624837	-3.94495
		50.152266	-5.065556
		50.726024	-3.543949
		51.460852	-2.588139
		55.862982	-4.263554
		55.958426	-3.186893
		54.892406	-2.923222
		54.980766	-1.615849
		53.751959	-0.335941
		53.803895	-1.549931
		53.478239	-2.258549
		51.512161	-0.116215
		51.289406	1.075802
		
c	6 9 7 10 8 3 4 5 0 11 12 14 13 1 2 15	2036.06104995301	0.796393895004699	6	9	7	10	8	3	4	5	0	11	12	14	13	1	2	15		
		53.751959	-0.335941
		55.958426	-3.186893
		54.980766	-1.615849
		55.862982	-4.263554
		54.892406	-2.923222
		53.803895	-1.549931
		53.478239	-2.258549
		53.409532	-3.000126
		52.486125	-1.890507
		51.488224	-3.186893
		51.624837	-3.94495
		50.152266	-5.065556
		50.726024	-3.543949
		51.460852	-2.588139
		51.512161	-0.116215
		51.289406	1.075802
		
c	3 4 9 10 8 7 6 5 0 1 11 12 14 13 2 15	1964.59132078795	0.803540867921205	3	4	9	10	8	7	6	5	0	1	11	12	14	13	2	15		
		53.803895	-1.549931
		53.478239	-2.258549
		55.958426	-3.186893
		55.862982	-4.263554
		54.892406	-2.923222
		54.980766	-1.615849
		53.751959	-0.335941
		53.409532	-3.000126
		52.486125	-1.890507
		51.460852	-2.588139
		51.488224	-3.186893
		51.624837	-3.94495
		50.152266	-5.065556
		50.726024	-3.543949
		51.512161	-0.116215
		51.289406	1.075802
		
c	10 9 8 7 12 14 13 2 6 4 5 1 3 0 11 15	2742.00361488304	0.725799638511696	10	9	8	7	12	14	13	2	6	4	5	1	3	0	11	15		
		55.862982	-4.263554
		55.958426	-3.186893
		54.892406	-2.923222
		54.980766	-1.615849
		51.624837	-3.94495
		50.152266	-5.065556
		50.726024	-3.543949
		51.512161	-0.116215
		53.751959	-0.335941
		53.478239	-2.258549
		53.409532	-3.000126
		51.460852	-2.588139
		53.803895	-1.549931
		52.486125	-1.890507
		51.488224	-3.186893
		51.289406	1.075802
		
c	13 12 3 4 5 6 9 10 8 7 0 1 11 14 2 15	2385.64317477377	0.761435682522624	13	12	3	4	5	6	9	10	8	7	0	1	11	14	2	15		
		50.726024	-3.543949
		51.624837	-3.94495
		53.803895	-1.549931
		53.478239	-2.258549
		53.409532	-3.000126
		53.751959	-0.335941
		55.958426	-3.186893
		55.862982	-4.263554
		54.892406	-2.923222
		54.980766	-1.615849
		52.486125	-1.890507
		51.460852	-2.588139
		51.488224	-3.186893
		50.152266	-5.065556
		51.512161	-0.116215
		51.289406	1.075802
		
c	5 0 11 12 14 10 9 8 6 7 3 4 13 1 2 15	2571.52819664242	0.742847180335758	5	0	11	12	14	10	9	8	6	7	3	4	13	1	2	15		
		53.409532	-3.000126
		52.486125	-1.890507
		51.488224	-3.186893
		51.624837	-3.94495
		50.152266	-5.065556
		55.862982	-4.263554
		55.958426	-3.186893
		54.892406	-2.923222
		53.751959	-0.335941
		54.980766	-1.615849
		53.803895	-1.549931
		53.478239	-2.258549
		50.726024	-3.543949
		51.460852	-2.588139
		51.512161	-0.116215
		51.289406	1.075802
		
c	4 1 11 12 14 13 2 10 9 8 7 6 3 5 0 15	2425.13708743473	0.757486291256527	4	1	11	12	14	13	2	10	9	8	7	6	3	5	0	15		
		53.478239	-2.258549
		51.460852	-2.588139
		51.488224	-3.186893
		51.624837	-3.94495
		50.152266	-5.065556
		50.726024	-3.543949
		51.512161	-0.116215
		55.862982	-4.263554
		55.958426	-3.186893
		54.892406	-2.923222
		54.980766	-1.615849
		53.751959	-0.335941
		53.803895	-1.549931
		53.409532	-3.000126
		52.486125	-1.890507
		51.289406	1.075802
		
c	12 14 13 9 8 7 6 3 5 0 10 4 1 11 2 15	2831.39992050824	0.716860007949176	12	14	13	9	8	7	6	3	5	0	10	4	1	11	2	15		
		51.624837	-3.94495
		50.152266	-5.065556
		50.726024	-3.543949
		55.958426	-3.186893
		54.892406	-2.923222
		54.980766	-1.615849
		53.751959	-0.335941
		53.803895	-1.549931
		53.409532	-3.000126
		52.486125	-1.890507
		55.862982	-4.263554
		53.478239	-2.258549
		51.460852	-2.588139
		51.488224	-3.186893
		51.512161	-0.116215
		51.289406	1.075802
		
c	13 5 0 11 12 14 1 10 9 8 7 6 3 4 2 15	2453.62947788667	0.754637052211333	13	5	0	11	12	14	1	10	9	8	7	6	3	4	2	15		
		50.726024	-3.543949
		53.409532	-3.000126
		52.486125	-1.890507
		51.488224	-3.186893
		51.624837	-3.94495
		50.152266	-5.065556
		51.460852	-2.588139
		55.862982	-4.263554
		55.958426	-3.186893
		54.892406	-2.923222
		54.980766	-1.615849
		53.751959	-0.335941
		53.803895	-1.549931
		53.478239	-2.258549
		51.512161	-0.116215
		51.289406	1.075802
		
c	11 12 14 13 1 6 0 3 5 10 9 8 7 4 2 15	2269.19809460283	0.773080190539717	11	12	14	13	1	6	0	3	5	10	9	8	7	4	2	15		
		51.488224	-3.186893
		51.624837	-3.94495
		50.152266	-5.065556
		50.726024	-3.543949
		51.460852	-2.588139
		53.751959	-0.335941
		52.486125	-1.890507
		53.803895	-1.549931
		53.409532	-3.000126
		55.862982	-4.263554
		55.958426	-3.186893
		54.892406	-2.923222
		54.980766	-1.615849
		53.478239	-2.258549
		51.512161	-0.116215
		51.289406	1.075802
		
c	8 7 6 3 5 0 10 9 4 1 11 12 14 13 2 15	2281.3640619471	0.77186359380529	8	7	6	3	5	0	10	9	4	1	11	12	14	13	2	15		
		54.892406	-2.923222
		54.980766	-1.615849
		53.751959	-0.335941
		53.803895	-1.549931
		53.409532	-3.000126
		52.486125	-1.890507
		55.862982	-4.263554
		55.958426	-3.186893
		53.478239	-2.258549
		51.460852	-2.588139
		51.488224	-3.186893
		51.624837	-3.94495
		50.152266	-5.065556
		50.726024	-3.543949
		51.512161	-0.116215
		51.289406	1.075802
		
c	8 7 3 6 4 5 0 1 11 10 9 12 14 13 2 15	2458.87433814005	0.754112566185995	8	7	3	6	4	5	0	1	11	10	9	12	14	13	2	15		
		54.892406	-2.923222
		54.980766	-1.615849
		53.803895	-1.549931
		53.751959	-0.335941
		53.478239	-2.258549
		53.409532	-3.000126
		52.486125	-1.890507
		51.460852	-2.588139
		51.488224	-3.186893
		55.862982	-4.263554
		55.958426	-3.186893
		51.624837	-3.94495
		50.152266	-5.065556
		50.726024	-3.543949
		51.512161	-0.116215
		51.289406	1.075802
		
c	7 3 12 14 13 5 6 0 11 4 1 10 9 8 2 15	3177.29970396726	0.682270029603274	7	3	12	14	13	5	6	0	11	4	1	10	9	8	2	15		
		54.980766	-1.615849
		53.803895	-1.549931
		51.624837	-3.94495
		50.152266	-5.065556
		50.726024	-3.543949
		53.409532	-3.000126
		53.751959	-0.335941
		52.486125	-1.890507
		51.488224	-3.186893
		53.478239	-2.258549
		51.460852	-2.588139
		55.862982	-4.263554
		55.958426	-3.186893
		54.892406	-2.923222
		51.512161	-0.116215
		51.289406	1.075802
		
c	8 7 0 3 11 5 1 12 14 13 9 10 6 4 2 15	3098.79337373642	0.690120662626358	8	7	0	3	11	5	1	12	14	13	9	10	6	4	2	15		
		54.892406	-2.923222
		54.980766	-1.615849
		52.486125	-1.890507
		53.803895	-1.549931
		51.488224	-3.186893
		53.409532	-3.000126
		51.460852	-2.588139
		51.624837	-3.94495
		50.152266	-5.065556
		50.726024	-3.543949
		55.958426	-3.186893
		55.862982	-4.263554
		53.751959	-0.335941
		53.478239	-2.258549
		51.512161	-0.116215
		51.289406	1.075802
		
c	2 8 7 3 9 10 6 4 5 0 11 12 13 14 1 15	2522.59788066695	0.747740211933305	2	8	7	3	9	10	6	4	5	0	11	12	13	14	1	15		
		51.512161	-0.116215
		54.892406	-2.923222
		54.980766	-1.615849
		53.803895	-1.549931
		55.958426	-3.186893
		55.862982	-4.263554
		53.751959	-0.335941
		53.478239	-2.258549
		53.409532	-3.000126
		52.486125	-1.890507
		51.488224	-3.186893
		51.624837	-3.94495
		50.726024	-3.543949
		50.152266	-5.065556
		51.460852	-2.588139
		51.289406	1.075802
		
c	2 6 4 9 10 8 7 3 5 0 11 12 14 13 1 15	2178.21646832335	0.782178353167665	2	6	4	9	10	8	7	3	5	0	11	12	14	13	1	15		
		51.512161	-0.116215
		53.751959	-0.335941
		53.478239	-2.258549
		55.958426	-3.186893
		55.862982	-4.263554
		54.892406	-2.923222
		54.980766	-1.615849
		53.803895	-1.549931
		53.409532	-3.000126
		52.486125	-1.890507
		51.488224	-3.186893
		51.624837	-3.94495
		50.152266	-5.065556
		50.726024	-3.543949
		51.460852	-2.588139
		51.289406	1.075802
		
c	11 12 14 9 8 7 3 6 13 10 4 5 0 1 2 15	3135.25845256882	0.686474154743117	11	12	14	9	8	7	3	6	13	10	4	5	0	1	2	15		
		51.488224	-3.186893
		51.624837	-3.94495
		50.152266	-5.065556
		55.958426	-3.186893
		54.892406	-2.923222
		54.980766	-1.615849
		53.803895	-1.549931
		53.751959	-0.335941
		50.726024	-3.543949
		55.862982	-4.263554
		53.478239	-2.258549
		53.409532	-3.000126
		52.486125	-1.890507
		51.460852	-2.588139
		51.512161	-0.116215
		51.289406	1.075802
		
c	3 4 7 6 5 11 12 14 13 1 2 9 10 8 0 15	2681.54575556703	0.731845424443297	3	4	7	6	5	11	12	14	13	1	2	9	10	8	0	15		
		53.803895	-1.549931
		53.478239	-2.258549
		54.980766	-1.615849
		53.751959	-0.335941
		53.409532	-3.000126
		51.488224	-3.186893
		51.624837	-3.94495
		50.152266	-5.065556
		50.726024	-3.543949
		51.460852	-2.588139
		51.512161	-0.116215
		55.958426	-3.186893
		55.862982	-4.263554
		54.892406	-2.923222
		52.486125	-1.890507
		51.289406	1.075802
		
c	6 3 10 9 8 7 4 5 0 1 11 12 14 13 2 15	1855.39760294148	0.814460239705852	6	3	10	9	8	7	4	5	0	1	11	12	14	13	2	15		
		53.751959	-0.335941
		53.803895	-1.549931
		55.862982	-4.263554
		55.958426	-3.186893
		54.892406	-2.923222
		54.980766	-1.615849
		53.478239	-2.258549
		53.409532	-3.000126
		52.486125	-1.890507
		51.460852	-2.588139
		51.488224	-3.186893
		51.624837	-3.94495
		50.152266	-5.065556
		50.726024	-3.543949
		51.512161	-0.116215
		51.289406	1.075802
		
c	3 11 10 9 8 7 6 4 5 0 12 14 13 1 2 15	2350.08284631536	0.764991715368464	3	11	10	9	8	7	6	4	5	0	12	14	13	1	2	15		
		53.803895	-1.549931
		51.488224	-3.186893
		55.862982	-4.263554
		55.958426	-3.186893
		54.892406	-2.923222
		54.980766	-1.615849
		53.751959	-0.335941
		53.478239	-2.258549
		53.409532	-3.000126
		52.486125	-1.890507
		51.624837	-3.94495
		50.152266	-5.065556
		50.726024	-3.543949
		51.460852	-2.588139
		51.512161	-0.116215
		51.289406	1.075802
		
c	5 0 1 11 12 14 13 3 9 10 8 7 6 4 2 15	2211.01718571096	0.778898281428904	5	0	1	11	12	14	13	3	9	10	8	7	6	4	2	15		
		53.409532	-3.000126
		52.486125	-1.890507
		51.460852	-2.588139
		51.488224	-3.186893
		51.624837	-3.94495
		50.152266	-5.065556
		50.726024	-3.543949
		53.803895	-1.549931
		55.958426	-3.186893
		55.862982	-4.263554
		54.892406	-2.923222
		54.980766	-1.615849
		53.751959	-0.335941
		53.478239	-2.258549
		51.512161	-0.116215
		51.289406	1.075802
		
c	11 12 1 10 9 8 7 6 4 5 0 3 14 13 2 15	2476.76990173808	0.752323009826192	11	12	1	10	9	8	7	6	4	5	0	3	14	13	2	15		
		51.488224	-3.186893
		51.624837	-3.94495
		51.460852	-2.588139
		55.862982	-4.263554
		55.958426	-3.186893
		54.892406	-2.923222
		54.980766	-1.615849
		53.751959	-0.335941
		53.478239	-2.258549
		53.409532	-3.000126
		52.486125	-1.890507
		53.803895	-1.549931
		50.152266	-5.065556
		50.726024	-3.543949
		51.512161	-0.116215
		51.289406	1.075802
		
c	10 9 8 7 3 4 6 5 0 11 12 14 13 1 2 15	1765.46246029207	0.823453753970793	10	9	8	7	3	4	6	5	0	11	12	14	13	1	2	15		
		55.862982	-4.263554
		55.958426	-3.186893
		54.892406	-2.923222
		54.980766	-1.615849
		53.803895	-1.549931
		53.478239	-2.258549
		53.751959	-0.335941
		53.409532	-3.000126
		52.486125	-1.890507
		51.488224	-3.186893
		51.624837	-3.94495
		50.152266	-5.065556
		50.726024	-3.543949
		51.460852	-2.588139
		51.512161	-0.116215
		51.289406	1.075802
		
c	8 7 6 3 5 13 10 9 4 0 11 12 14 1 2 15	2628.85908330162	0.737114091669838	8	7	6	3	5	13	10	9	4	0	11	12	14	1	2	15		
		54.892406	-2.923222
		54.980766	-1.615849
		53.751959	-0.335941
		53.803895	-1.549931
		53.409532	-3.000126
		50.726024	-3.543949
		55.862982	-4.263554
		55.958426	-3.186893
		53.478239	-2.258549
		52.486125	-1.890507
		51.488224	-3.186893
		51.624837	-3.94495
		50.152266	-5.065556
		51.460852	-2.588139
		51.512161	-0.116215
		51.289406	1.075802
		
c	9 8 7 3 6 12 14 13 10 4 5 0 11 1 2 15	2546.47936499805	0.745352063500196	9	8	7	3	6	12	14	13	10	4	5	0	11	1	2	15		
		55.958426	-3.186893
		54.892406	-2.923222
		54.980766	-1.615849
		53.803895	-1.549931
		53.751959	-0.335941
		51.624837	-3.94495
		50.152266	-5.065556
		50.726024	-3.543949
		55.862982	-4.263554
		53.478239	-2.258549
		53.409532	-3.000126
		52.486125	-1.890507
		51.488224	-3.186893
		51.460852	-2.588139
		51.512161	-0.116215
		51.289406	1.075802
		
c	8 13 12 3 4 5 6 9 10 7 0 1 11 14 2 15	2823.26846855252	0.717673153144748	8	13	12	3	4	5	6	9	10	7	0	1	11	14	2	15		
		54.892406	-2.923222
		50.726024	-3.543949
		51.624837	-3.94495
		53.803895	-1.549931
		53.478239	-2.258549
		53.409532	-3.000126
		53.751959	-0.335941
		55.958426	-3.186893
		55.862982	-4.263554
		54.980766	-1.615849
		52.486125	-1.890507
		51.460852	-2.588139
		51.488224	-3.186893
		50.152266	-5.065556
		51.512161	-0.116215
		51.289406	1.075802
		
c	14 13 1 10 4 9 8 7 6 3 5 0 11 12 2 15	2532.91830438872	0.746708169561128	14	13	1	10	4	9	8	7	6	3	5	0	11	12	2	15		
		50.152266	-5.065556
		50.726024	-3.543949
		51.460852	-2.588139
		55.862982	-4.263554
		53.478239	-2.258549
		55.958426	-3.186893
		54.892406	-2.923222
		54.980766	-1.615849
		53.751959	-0.335941
		53.803895	-1.549931
		53.409532	-3.000126
		52.486125	-1.890507
		51.488224	-3.186893
		51.624837	-3.94495
		51.512161	-0.116215
		51.289406	1.075802
		
c	6 4 5 0 11 14 13 1 10 9 8 7 3 12 2 15	2425.08008038566	0.757491991961434	6	4	5	0	11	14	13	1	10	9	8	7	3	12	2	15		
		53.751959	-0.335941
		53.478239	-2.258549
		53.409532	-3.000126
		52.486125	-1.890507
		51.488224	-3.186893
		50.152266	-5.065556
		50.726024	-3.543949
		51.460852	-2.588139
		55.862982	-4.263554
		55.958426	-3.186893
		54.892406	-2.923222
		54.980766	-1.615849
		53.803895	-1.549931
		51.624837	-3.94495
		51.512161	-0.116215
		51.289406	1.075802
		
c	3 4 5 9 10 8 7 0 11 12 14 13 1 6 2 15	2201.16494217161	0.779883505782838	3	4	5	9	10	8	7	0	11	12	14	13	1	6	2	15		
		53.803895	-1.549931
		53.478239	-2.258549
		53.409532	-3.000126
		55.958426	-3.186893
		55.862982	-4.263554
		54.892406	-2.923222
		54.980766	-1.615849
		52.486125	-1.890507
		51.488224	-3.186893
		51.624837	-3.94495
		50.152266	-5.065556
		50.726024	-3.543949
		51.460852	-2.588139
		53.751959	-0.335941
		51.512161	-0.116215
		51.289406	1.075802
		
c	10 8 7 12 14 13 1 6 9 3 4 5 0 11 2 15	2577.91461947591	0.742208538052409	10	8	7	12	14	13	1	6	9	3	4	5	0	11	2	15		
		55.862982	-4.263554
		54.892406	-2.923222
		54.980766	-1.615849
		51.624837	-3.94495
		50.152266	-5.065556
		50.726024	-3.543949
		51.460852	-2.588139
		53.751959	-0.335941
		55.958426	-3.186893
		53.803895	-1.549931
		53.478239	-2.258549
		53.409532	-3.000126
		52.486125	-1.890507
		51.488224	-3.186893
		51.512161	-0.116215
		51.289406	1.075802
		
c	2 10 9 8 7 3 6 4 5 0 1 11 12 14 13 15	2200.61918768487	0.779938081231513	2	10	9	8	7	3	6	4	5	0	1	11	12	14	13	15		
		51.512161	-0.116215
		55.862982	-4.263554
		55.958426	-3.186893
		54.892406	-2.923222
		54.980766	-1.615849
		53.803895	-1.549931
		53.751959	-0.335941
		53.478239	-2.258549
		53.409532	-3.000126
		52.486125	-1.890507
		51.460852	-2.588139
		51.488224	-3.186893
		51.624837	-3.94495
		50.152266	-5.065556
		50.726024	-3.543949
		51.289406	1.075802
		
c	10 9 8 6 7 3 4 5 0 11 12 14 13 1 2 15	1790.8416597845	0.82091583402155	10	9	8	6	7	3	4	5	0	11	12	14	13	1	2	15		
		55.862982	-4.263554
		55.958426	-3.186893
		54.892406	-2.923222
		53.751959	-0.335941
		54.980766	-1.615849
		53.803895	-1.549931
		53.478239	-2.258549
		53.409532	-3.000126
		52.486125	-1.890507
		51.488224	-3.186893
		51.624837	-3.94495
		50.152266	-5.065556
		50.726024	-3.543949
		51.460852	-2.588139
		51.512161	-0.116215
		51.289406	1.075802
		
c	12 14 9 13 10 8 7 6 3 4 5 0 1 11 2 15	3155.46167908589	0.684453832091411	12	14	9	13	10	8	7	6	3	4	5	0	1	11	2	15		
		51.624837	-3.94495
		50.152266	-5.065556
		55.958426	-3.186893
		50.726024	-3.543949
		55.862982	-4.263554
		54.892406	-2.923222
		54.980766	-1.615849
		53.751959	-0.335941
		53.803895	-1.549931
		53.478239	-2.258549
		53.409532	-3.000126
		52.486125	-1.890507
		51.460852	-2.588139
		51.488224	-3.186893
		51.512161	-0.116215
		51.289406	1.075802
		
c	4 5 0 11 6 3 2 10 9 8 7 1 12 14 13 15	2943.25002002777	0.705674997997223	4	5	0	11	6	3	2	10	9	8	7	1	12	14	13	15		
		53.478239	-2.258549
		53.409532	-3.000126
		52.486125	-1.890507
		51.488224	-3.186893
		53.751959	-0.335941
		53.803895	-1.549931
		51.512161	-0.116215
		55.862982	-4.263554
		55.958426	-3.186893
		54.892406	-2.923222
		54.980766	-1.615849
		51.460852	-2.588139
		51.624837	-3.94495
		50.152266	-5.065556
		50.726024	-3.543949
		51.289406	1.075802
		
c	5 0 11 12 14 6 10 9 8 7 3 4 13 1 2 15	2507.13038234521	0.749286961765479	5	0	11	12	14	6	10	9	8	7	3	4	13	1	2	15		
		53.409532	-3.000126
		52.486125	-1.890507
		51.488224	-3.186893
		51.624837	-3.94495
		50.152266	-5.065556
		53.751959	-0.335941
		55.862982	-4.263554
		55.958426	-3.186893
		54.892406	-2.923222
		54.980766	-1.615849
		53.803895	-1.549931
		53.478239	-2.258549
		50.726024	-3.543949
		51.460852	-2.588139
		51.512161	-0.116215
		51.289406	1.075802
		
c	6 3 11 10 9 8 7 4 5 12 14 13 1 2 0 15	2543.34876756357	0.745665123243643	6	3	11	10	9	8	7	4	5	12	14	13	1	2	0	15		
		53.751959	-0.335941
		53.803895	-1.549931
		51.488224	-3.186893
		55.862982	-4.263554
		55.958426	-3.186893
		54.892406	-2.923222
		54.980766	-1.615849
		53.478239	-2.258549
		53.409532	-3.000126
		51.624837	-3.94495
		50.152266	-5.065556
		50.726024	-3.543949
		51.460852	-2.588139
		51.512161	-0.116215
		52.486125	-1.890507
		51.289406	1.075802
		
c	0 10 4 5 11 12 14 13 1 9 8 7 3 6 2 15	2683.57750037444	0.731642249962556	0	10	4	5	11	12	14	13	1	9	8	7	3	6	2	15		
		52.486125	-1.890507
		55.862982	-4.263554
		53.478239	-2.258549
		53.409532	-3.000126
		51.488224	-3.186893
		51.624837	-3.94495
		50.152266	-5.065556
		50.726024	-3.543949
		51.460852	-2.588139
		55.958426	-3.186893
		54.892406	-2.923222
		54.980766	-1.615849
		53.803895	-1.549931
		53.751959	-0.335941
		51.512161	-0.116215
		51.289406	1.075802
		
c	7 6 5 0 11 3 4 9 10 8 12 14 13 1 2 15	2474.69058205344	0.752530941794656	7	6	5	0	11	3	4	9	10	8	12	14	13	1	2	15		
		54.980766	-1.615849
		53.751959	-0.335941
		53.409532	-3.000126
		52.486125	-1.890507
		51.488224	-3.186893
		53.803895	-1.549931
		53.478239	-2.258549
		55.958426	-3.186893
		55.862982	-4.263554
		54.892406	-2.923222
		51.624837	-3.94495
		50.152266	-5.065556
		50.726024	-3.543949
		51.460852	-2.588139
		51.512161	-0.116215
		51.289406	1.075802
		
c	4 7 5 12 14 13 1 9 10 8 6 3 0 11 2 15	2575.89055776806	0.742410944223194	4	7	5	12	14	13	1	9	10	8	6	3	0	11	2	15		
		53.478239	-2.258549
		54.980766	-1.615849
		53.409532	-3.000126
		51.624837	-3.94495
		50.152266	-5.065556
		50.726024	-3.543949
		51.460852	-2.588139
		55.958426	-3.186893
		55.862982	-4.263554
		54.892406	-2.923222
		53.751959	-0.335941
		53.803895	-1.549931
		52.486125	-1.890507
		51.488224	-3.186893
		51.512161	-0.116215
		51.289406	1.075802
		
c	4 5 0 11 12 10 8 6 3 9 7 1 14 13 2 15	2770.5827972216	0.72294172027784	4	5	0	11	12	10	8	6	3	9	7	1	14	13	2	15		
		53.478239	-2.258549
		53.409532	-3.000126
		52.486125	-1.890507
		51.488224	-3.186893
		51.624837	-3.94495
		55.862982	-4.263554
		54.892406	-2.923222
		53.751959	-0.335941
		53.803895	-1.549931
		55.958426	-3.186893
		54.980766	-1.615849
		51.460852	-2.588139
		50.152266	-5.065556
		50.726024	-3.543949
		51.512161	-0.116215
		51.289406	1.075802
		
c	5 0 11 7 6 3 4 9 10 8 12 14 13 1 2 15	2496.72514815987	0.750327485184013	5	0	11	7	6	3	4	9	10	8	12	14	13	1	2	15		
		53.409532	-3.000126
		52.486125	-1.890507
		51.488224	-3.186893
		54.980766	-1.615849
		53.751959	-0.335941
		53.803895	-1.549931
		53.478239	-2.258549
		55.958426	-3.186893
		55.862982	-4.263554
		54.892406	-2.923222
		51.624837	-3.94495
		50.152266	-5.065556
		50.726024	-3.543949
		51.460852	-2.588139
		51.512161	-0.116215
		51.289406	1.075802
		
c	2 10 9 8 7 6 3 4 5 0 11 12 14 13 1 15	2166.42842623303	0.783357157376697	2	10	9	8	7	6	3	4	5	0	11	12	14	13	1	15		
		51.512161	-0.116215
		55.862982	-4.263554
		55.958426	-3.186893
		54.892406	-2.923222
		54.980766	-1.615849
		53.751959	-0.335941
		53.803895	-1.549931
		53.478239	-2.258549
		53.409532	-3.000126
		52.486125	-1.890507
		51.488224	-3.186893
		51.624837	-3.94495
		50.152266	-5.065556
		50.726024	-3.543949
		51.460852	-2.588139
		51.289406	1.075802
		
c	8 6 0 3 5 10 9 7 4 1 11 12 14 13 2 15	2279.95127268895	0.772004872731105	8	6	0	3	5	10	9	7	4	1	11	12	14	13	2	15		
		54.892406	-2.923222
		53.751959	-0.335941
		52.486125	-1.890507
		53.803895	-1.549931
		53.409532	-3.000126
		55.862982	-4.263554
		55.958426	-3.186893
		54.980766	-1.615849
		53.478239	-2.258549
		51.460852	-2.588139
		51.488224	-3.186893
		51.624837	-3.94495
		50.152266	-5.065556
		50.726024	-3.543949
		51.512161	-0.116215
		51.289406	1.075802
		
c	0 1 11 12 14 13 4 9 10 8 7 6 3 5 2 15	2135.19066858014	0.786480933141986	0	1	11	12	14	13	4	9	10	8	7	6	3	5	2	15		
		52.486125	-1.890507
		51.460852	-2.588139
		51.488224	-3.186893
		51.624837	-3.94495
		50.152266	-5.065556
		50.726024	-3.543949
		53.478239	-2.258549
		55.958426	-3.186893
		55.862982	-4.263554
		54.892406	-2.923222
		54.980766	-1.615849
		53.751959	-0.335941
		53.803895	-1.549931
		53.409532	-3.000126
		51.512161	-0.116215
		51.289406	1.075802
		
c	9 4 10 8 7 6 3 5 0 1 11 12 14 13 2 15	2137.65409787033	0.786234590212967	9	4	10	8	7	6	3	5	0	1	11	12	14	13	2	15		
		55.958426	-3.186893
		53.478239	-2.258549
		55.862982	-4.263554
		54.892406	-2.923222
		54.980766	-1.615849
		53.751959	-0.335941
		53.803895	-1.549931
		53.409532	-3.000126
		52.486125	-1.890507
		51.460852	-2.588139
		51.488224	-3.186893
		51.624837	-3.94495
		50.152266	-5.065556
		50.726024	-3.543949
		51.512161	-0.116215
		51.289406	1.075802
		
c	0 1 11 12 14 13 9 10 8 7 6 3 4 5 2 15	2120.54035422826	0.787945964577174	0	1	11	12	14	13	9	10	8	7	6	3	4	5	2	15		
		52.486125	-1.890507
		51.460852	-2.588139
		51.488224	-3.186893
		51.624837	-3.94495
		50.152266	-5.065556
		50.726024	-3.543949
		55.958426	-3.186893
		55.862982	-4.263554
		54.892406	-2.923222
		54.980766	-1.615849
		53.751959	-0.335941
		53.803895	-1.549931
		53.478239	-2.258549
		53.409532	-3.000126
		51.512161	-0.116215
		51.289406	1.075802
		
c	4 8 6 5 0 3 10 9 7 11 12 14 13 1 2 15	2457.38659194979	0.754261340805021	4	8	6	5	0	3	10	9	7	11	12	14	13	1	2	15		
		53.478239	-2.258549
		54.892406	-2.923222
		53.751959	-0.335941
		53.409532	-3.000126
		52.486125	-1.890507
		53.803895	-1.549931
		55.862982	-4.263554
		55.958426	-3.186893
		54.980766	-1.615849
		51.488224	-3.186893
		51.624837	-3.94495
		50.152266	-5.065556
		50.726024	-3.543949
		51.460852	-2.588139
		51.512161	-0.116215
		51.289406	1.075802
		
c	2 0 3 11 5 1 12 14 13 9 10 8 7 6 4 15	2920.08816379055	0.707991183620945	2	0	3	11	5	1	12	14	13	9	10	8	7	6	4	15		
		51.512161	-0.116215
		52.486125	-1.890507
		53.803895	-1.549931
		51.488224	-3.186893
		53.409532	-3.000126
		51.460852	-2.588139
		51.624837	-3.94495
		50.152266	-5.065556
		50.726024	-3.543949
		55.958426	-3.186893
		55.862982	-4.263554
		54.892406	-2.923222
		54.980766	-1.615849
		53.751959	-0.335941
		53.478239	-2.258549
		51.289406	1.075802
		
c	2 5 0 1 11 12 14 13 3 9 10 8 7 6 4 15	2482.15260014074	0.751784739985926	2	5	0	1	11	12	14	13	3	9	10	8	7	6	4	15		
		51.512161	-0.116215
		53.409532	-3.000126
		52.486125	-1.890507
		51.460852	-2.588139
		51.488224	-3.186893
		51.624837	-3.94495
		50.152266	-5.065556
		50.726024	-3.543949
		53.803895	-1.549931
		55.958426	-3.186893
		55.862982	-4.263554
		54.892406	-2.923222
		54.980766	-1.615849
		53.751959	-0.335941
		53.478239	-2.258549
		51.289406	1.075802
		
c	4 5 10 9 8 7 0 3 11 12 14 6 1 13 2 15	2806.68120393299	0.719331879606701	4	5	10	9	8	7	0	3	11	12	14	6	1	13	2	15		
		53.478239	-2.258549
		53.409532	-3.000126
		55.862982	-4.263554
		55.958426	-3.186893
		54.892406	-2.923222
		54.980766	-1.615849
		52.486125	-1.890507
		53.803895	-1.549931
		51.488224	-3.186893
		51.624837	-3.94495
		50.152266	-5.065556
		53.751959	-0.335941
		51.460852	-2.588139
		50.726024	-3.543949
		51.512161	-0.116215
		51.289406	1.075802
		
c	14 13 10 9 8 7 3 4 6 5 0 11 12 1 2 15	2147.10770652583	0.785289229347417	14	13	10	9	8	7	3	4	6	5	0	11	12	1	2	15		
		50.152266	-5.065556
		50.726024	-3.543949
		55.862982	-4.263554
		55.958426	-3.186893
		54.892406	-2.923222
		54.980766	-1.615849
		53.803895	-1.549931
		53.478239	-2.258549
		53.751959	-0.335941
		53.409532	-3.000126
		52.486125	-1.890507
		51.488224	-3.186893
		51.624837	-3.94495
		51.460852	-2.588139
		51.512161	-0.116215
		51.289406	1.075802
		
c	7 4 1 11 12 14 13 10 9 8 6 3 5 0 2 15	2332.79861441699	0.766720138558301	7	4	1	11	12	14	13	10	9	8	6	3	5	0	2	15		
		54.980766	-1.615849
		53.478239	-2.258549
		51.460852	-2.588139
		51.488224	-3.186893
		51.624837	-3.94495
		50.152266	-5.065556
		50.726024	-3.543949
		55.862982	-4.263554
		55.958426	-3.186893
		54.892406	-2.923222
		53.751959	-0.335941
		53.803895	-1.549931
		53.409532	-3.000126
		52.486125	-1.890507
		51.512161	-0.116215
		51.289406	1.075802
		
c	13 6 4 5 0 3 10 9 8 7 11 12 14 1 2 15	2538.12576113725	0.746187423886275	13	6	4	5	0	3	10	9	8	7	11	12	14	1	2	15		
		50.726024	-3.543949
		53.751959	-0.335941
		53.478239	-2.258549
		53.409532	-3.000126
		52.486125	-1.890507
		53.803895	-1.549931
		55.862982	-4.263554
		55.958426	-3.186893
		54.892406	-2.923222
		54.980766	-1.615849
		51.488224	-3.186893
		51.624837	-3.94495
		50.152266	-5.065556
		51.460852	-2.588139
		51.512161	-0.116215
		51.289406	1.075802
		
c	4 6 10 9 8 7 3 5 0 11 12 14 13 1 2 15	1975.73557321276	0.802426442678724	4	6	10	9	8	7	3	5	0	11	12	14	13	1	2	15		
		53.478239	-2.258549
		53.751959	-0.335941
		55.862982	-4.263554
		55.958426	-3.186893
		54.892406	-2.923222
		54.980766	-1.615849
		53.803895	-1.549931
		53.409532	-3.000126
		52.486125	-1.890507
		51.488224	-3.186893
		51.624837	-3.94495
		50.152266	-5.065556
		50.726024	-3.543949
		51.460852	-2.588139
		51.512161	-0.116215
		51.289406	1.075802
		
c	13 1 11 12 5 9 10 8 7 3 0 14 4 6 2 15	2486.0856648799	0.75139143351201	13	1	11	12	5	9	10	8	7	3	0	14	4	6	2	15		
		50.726024	-3.543949
		51.460852	-2.588139
		51.488224	-3.186893
		51.624837	-3.94495
		53.409532	-3.000126
		55.958426	-3.186893
		55.862982	-4.263554
		54.892406	-2.923222
		54.980766	-1.615849
		53.803895	-1.549931
		52.486125	-1.890507
		50.152266	-5.065556
		53.478239	-2.258549
		53.751959	-0.335941
		51.512161	-0.116215
		51.289406	1.075802
		
g159		1613.67648029291	0.838632351970709	0	10	9	8	7	6	3	4	5	0	11	12	14	13	1	2	15		
		55.862982	-4.263554
		55.958426	-3.186893
		54.892406	-2.923222
		54.980766	-1.615849
		53.751959	-0.335941
		53.803895	-1.549931
		53.478239	-2.258549
		53.409532	-3.000126
		52.486125	-1.890507
		51.488224	-3.186893
		51.624837	-3.94495
		50.152266	-5.065556
		50.726024	-3.543949
		51.460852	-2.588139
		51.512161	-0.116215
		51.289406	1.075802
		
g159		1614.70757855554	0.838529242144446	1	10	9	8	7	6	3	4	5	0	1	11	12	14	13	2	15		
		55.862982	-4.263554
		55.958426	-3.186893
		54.892406	-2.923222
		54.980766	-1.615849
		53.751959	-0.335941
		53.803895	-1.549931
		53.478239	-2.258549
		53.409532	-3.000126
		52.486125	-1.890507
		51.460852	-2.588139
		51.488224	-3.186893
		51.624837	-3.94495
		50.152266	-5.065556
		50.726024	-3.543949
		51.512161	-0.116215
		51.289406	1.075802
		
g159		1631.15131975355	0.836884868024645	2	9	10	8	7	6	3	4	5	0	11	12	14	13	1	2	15		
		55.958426	-3.186893
		55.862982	-4.263554
		54.892406	-2.923222
		54.980766	-1.615849
		53.751959	-0.335941
		53.803895	-1.549931
		53.478239	-2.258549
		53.409532	-3.000126
		52.486125	-1.890507
		51.488224	-3.186893
		51.624837	-3.94495
		50.152266	-5.065556
		50.726024	-3.543949
		51.460852	-2.588139
		51.512161	-0.116215
		51.289406	1.075802
		
g159		1632.18241801618	0.836781758198382	3	9	10	8	7	6	3	4	5	0	1	11	12	14	13	2	15		
		55.958426	-3.186893
		55.862982	-4.263554
		54.892406	-2.923222
		54.980766	-1.615849
		53.751959	-0.335941
		53.803895	-1.549931
		53.478239	-2.258549
		53.409532	-3.000126
		52.486125	-1.890507
		51.460852	-2.588139
		51.488224	-3.186893
		51.624837	-3.94495
		50.152266	-5.065556
		50.726024	-3.543949
		51.512161	-0.116215
		51.289406	1.075802
		
g159		1656.09836620198	0.834390163379802	4	10	9	8	7	3	6	4	5	0	11	12	14	13	1	2	15		
		55.862982	-4.263554
		55.958426	-3.186893
		54.892406	-2.923222
		54.980766	-1.615849
		53.803895	-1.549931
		53.751959	-0.335941
		53.478239	-2.258549
		53.409532	-3.000126
		52.486125	-1.890507
		51.488224	-3.186893
		51.624837	-3.94495
		50.152266	-5.065556
		50.726024	-3.543949
		51.460852	-2.588139
		51.512161	-0.116215
		51.289406	1.075802
		
g159		1657.12946446462	0.834287053553538	5	10	9	8	7	3	6	4	5	0	1	11	12	14	13	2	15		
		55.862982	-4.263554
		55.958426	-3.186893
		54.892406	-2.923222
		54.980766	-1.615849
		53.803895	-1.549931
		53.751959	-0.335941
		53.478239	-2.258549
		53.409532	-3.000126
		52.486125	-1.890507
		51.460852	-2.588139
		51.488224	-3.186893
		51.624837	-3.94495
		50.152266	-5.065556
		50.726024	-3.543949
		51.512161	-0.116215
		51.289406	1.075802
		
