c	15 11 4 7 9 8 10 6 3 1 12 14 13 0 5 2	2839.84337630308	0.716015662369692	15	11	4	7	9	8	10	6	3	1	12	14	13	0	5	2		
		51.289406	1.075802
		51.488224	-3.186893
		53.478239	-2.258549
		54.980766	-1.615849
		55.958426	-3.186893
		54.892406	-2.923222
		55.862982	-4.263554
		53.751959	-0.335941
		53.803895	-1.549931
		51.460852	-2.588139
		51.624837	-3.94495
		50.152266	-5.065556
		50.726024	-3.543949
		52.486125	-1.890507
		53.409532	-3.000126
		51.512161	-0.116215
		
c	5 0 3 6 4 2 12 9 7 14 13 1 15 11 8 10	3527.70207857965	0.647229792142035	5	0	3	6	4	2	12	9	7	14	13	1	15	11	8	10		
		53.409532	-3.000126
		52.486125	-1.890507
		53.803895	-1.549931
		53.751959	-0.335941
		53.478239	-2.258549
		51.512161	-0.116215
		51.624837	-3.94495
		55.958426	-3.186893
		54.980766	-1.615849
		50.152266	-5.065556
		50.726024	-3.543949
		51.460852	-2.588139
		51.289406	1.075802
		51.488224	-3.186893
		54.892406	-2.923222
		55.862982	-4.263554
		
c	7 1 12 14 13 11 10 5 15 4 9 8 0 3 6 2	3515.1682028637	0.64848317971363	7	1	12	14	13	11	10	5	15	4	9	8	0	3	6	2		
		54.980766	-1.615849
		51.460852	-2.588139
		51.624837	-3.94495
		50.152266	-5.065556
		50.726024	-3.543949
		51.488224	-3.186893
		55.862982	-4.263554
		53.409532	-3.000126
		51.289406	1.075802
		53.478239	-2.258549
		55.958426	-3.186893
		54.892406	-2.923222
		52.486125	-1.890507
		53.803895	-1.549931
		53.751959	-0.335941
		51.512161	-0.116215
		
c	3 5 14 12 13 2 1 0 6 4 9 8 7 10 15 11	3229.11325572031	0.677088674427969	3	5	14	12	13	2	1	0	6	4	9	8	7	10	15	11		
		53.803895	-1.549931
		53.409532	-3.000126
		50.152266	-5.065556
		51.624837	-3.94495
		50.726024	-3.543949
		51.512161	-0.116215
		51.460852	-2.588139
		52.486125	-1.890507
		53.751959	-0.335941
		53.478239	-2.258549
		55.958426	-3.186893
		54.892406	-2.923222
		54.980766	-1.615849
		55.862982	-4.263554
		51.289406	1.075802
		51.488224	-3.186893
		
c	7 1 12 14 13 11 0 4 9 8 15 2 10 5 3 6	3137.28284037477	0.686271715962523	7	1	12	14	13	11	0	4	9	8	15	2	10	5	3	6		
		54.980766	-1.615849
		51.460852	-2.588139
		51.624837	-3.94495
		50.152266	-5.065556
		50.726024	-3.543949
		51.488224	-3.186893
		52.486125	-1.890507
		53.478239	-2.258549
		55.958426	-3.186893
		54.892406	-2.923222
		51.289406	1.075802
		51.512161	-0.116215
		55.862982	-4.263554
		53.409532	-3.000126
		53.803895	-1.549931
		53.751959	-0.335941
		
c	8 6 3 1 5 0 4 2 15 14 13 12 11 9 7 10	2938.67890300493	0.706132109699507	8	6	3	1	5	0	4	2	15	14	13	12	11	9	7	10		
		54.892406	-2.923222
		53.751959	-0.335941
		53.803895	-1.549931
		51.460852	-2.588139
		53.409532	-3.000126
		52.486125	-1.890507
		53.478239	-2.258549
		51.512161	-0.116215
		51.289406	1.075802
		50.152266	-5.065556
		50.726024	-3.543949
		51.624837	-3.94495
		51.488224	-3.186893
		55.958426	-3.186893
		54.980766	-1.615849
		55.862982	-4.263554
		
c	15 2 14 13 8 6 3 1 5 0 4 12 11 9 7 10	3201.90510813204	0.679809489186796	15	2	14	13	8	6	3	1	5	0	4	12	11	9	7	10		
		51.289406	1.075802
		51.512161	-0.116215
		50.152266	-5.065556
		50.726024	-3.543949
		54.892406	-2.923222
		53.751959	-0.335941
		53.803895	-1.549931
		51.460852	-2.588139
		53.409532	-3.000126
		52.486125	-1.890507
		53.478239	-2.258549
		51.624837	-3.94495
		51.488224	-3.186893
		55.958426	-3.186893
		54.980766	-1.615849
		55.862982	-4.263554
		
c	13 0 12 5 15 14 7 10 8 4 9 3 6 1 2 11	3802.06919858009	0.619793080141991	13	0	12	5	15	14	7	10	8	4	9	3	6	1	2	11		
		50.726024	-3.543949
		52.486125	-1.890507
		51.624837	-3.94495
		53.409532	-3.000126
		51.289406	1.075802
		50.152266	-5.065556
		54.980766	-1.615849
		55.862982	-4.263554
		54.892406	-2.923222
		53.478239	-2.258549
		55.958426	-3.186893
		53.803895	-1.549931
		53.751959	-0.335941
		51.460852	-2.588139
		51.512161	-0.116215
		51.488224	-3.186893
		
c	10 9 6 1 11 15 2 14 13 5 12 0 3 4 8 7	2732.713739871	0.7267286260129	10	9	6	1	11	15	2	14	13	5	12	0	3	4	8	7		
		55.862982	-4.263554
		55.958426	-3.186893
		53.751959	-0.335941
		51.460852	-2.588139
		51.488224	-3.186893
		51.289406	1.075802
		51.512161	-0.116215
		50.152266	-5.065556
		50.726024	-3.543949
		53.409532	-3.000126
		51.624837	-3.94495
		52.486125	-1.890507
		53.803895	-1.549931
		53.478239	-2.258549
		54.892406	-2.923222
		54.980766	-1.615849
		
c	15 11 0 3 6 2 13 14 9 8 5 7 1 12 4 10	3457.80022257459	0.654219977742541	15	11	0	3	6	2	13	14	9	8	5	7	1	12	4	10		
		51.289406	1.075802
		51.488224	-3.186893
		52.486125	-1.890507
		53.803895	-1.549931
		53.751959	-0.335941
		51.512161	-0.116215
		50.726024	-3.543949
		50.152266	-5.065556
		55.958426	-3.186893
		54.892406	-2.923222
		53.409532	-3.000126
		54.980766	-1.615849
		51.460852	-2.588139
		51.624837	-3.94495
		53.478239	-2.258549
		55.862982	-4.263554
		
c	5 0 4 2 9 6 1 11 15 14 13 12 3 8 7 10	3375.00163182283	0.662499836817717	5	0	4	2	9	6	1	11	15	14	13	12	3	8	7	10		
		53.409532	-3.000126
		52.486125	-1.890507
		53.478239	-2.258549
		51.512161	-0.116215
		55.958426	-3.186893
		53.751959	-0.335941
		51.460852	-2.588139
		51.488224	-3.186893
		51.289406	1.075802
		50.152266	-5.065556
		50.726024	-3.543949
		51.624837	-3.94495
		53.803895	-1.549931
		54.892406	-2.923222
		54.980766	-1.615849
		55.862982	-4.263554
		
c	1 12 14 13 11 0 4 9 8 15 2 3 6 5 7 10	2638.12863251076	0.736187136748924	1	12	14	13	11	0	4	9	8	15	2	3	6	5	7	10		
		51.460852	-2.588139
		51.624837	-3.94495
		50.152266	-5.065556
		50.726024	-3.543949
		51.488224	-3.186893
		52.486125	-1.890507
		53.478239	-2.258549
		55.958426	-3.186893
		54.892406	-2.923222
		51.289406	1.075802
		51.512161	-0.116215
		53.803895	-1.549931
		53.751959	-0.335941
		53.409532	-3.000126
		54.980766	-1.615849
		55.862982	-4.263554
		
c	12 1 11 9 6 15 0 10 7 8 5 13 14 3 4 2	3541.14680806956	0.645885319193044	12	1	11	9	6	15	0	10	7	8	5	13	14	3	4	2		
		51.624837	-3.94495
		51.460852	-2.588139
		51.488224	-3.186893
		55.958426	-3.186893
		53.751959	-0.335941
		51.289406	1.075802
		52.486125	-1.890507
		55.862982	-4.263554
		54.980766	-1.615849
		54.892406	-2.923222
		53.409532	-3.000126
		50.726024	-3.543949
		50.152266	-5.065556
		53.803895	-1.549931
		53.478239	-2.258549
		51.512161	-0.116215
		
c	5 14 12 8 6 3 13 1 15 11 0 4 9 7 10 2	3689.12959707153	0.631087040292847	5	14	12	8	6	3	13	1	15	11	0	4	9	7	10	2		
		53.409532	-3.000126
		50.152266	-5.065556
		51.624837	-3.94495
		54.892406	-2.923222
		53.751959	-0.335941
		53.803895	-1.549931
		50.726024	-3.543949
		51.460852	-2.588139
		51.289406	1.075802
		51.488224	-3.186893
		52.486125	-1.890507
		53.478239	-2.258549
		55.958426	-3.186893
		54.980766	-1.615849
		55.862982	-4.263554
		51.512161	-0.116215
		
c	5 13 14 3 6 0 4 2 15 8 12 1 11 9 7 10	3440.30263282818	0.655969736717182	5	13	14	3	6	0	4	2	15	8	12	1	11	9	7	10		
		53.409532	-3.000126
		50.726024	-3.543949
		50.152266	-5.065556
		53.803895	-1.549931
		53.751959	-0.335941
		52.486125	-1.890507
		53.478239	-2.258549
		51.512161	-0.116215
		51.289406	1.075802
		54.892406	-2.923222
		51.624837	-3.94495
		51.460852	-2.588139
		51.488224	-3.186893
		55.958426	-3.186893
		54.980766	-1.615849
		55.862982	-4.263554
		
c	15 1 14 11 3 5 12 13 2 6 4 9 8 7 0 10	3182.68969307181	0.681731030692819	15	1	14	11	3	5	12	13	2	6	4	9	8	7	0	10		
		51.289406	1.075802
		51.460852	-2.588139
		50.152266	-5.065556
		51.488224	-3.186893
		53.803895	-1.549931
		53.409532	-3.000126
		51.624837	-3.94495
		50.726024	-3.543949
		51.512161	-0.116215
		53.751959	-0.335941
		53.478239	-2.258549
		55.958426	-3.186893
		54.892406	-2.923222
		54.980766	-1.615849
		52.486125	-1.890507
		55.862982	-4.263554
		
c	11 1 15 6 2 14 13 0 12 7 9 5 4 3 8 10	2967.68496933685	0.703231503066315	11	1	15	6	2	14	13	0	12	7	9	5	4	3	8	10		
		51.488224	-3.186893
		51.460852	-2.588139
		51.289406	1.075802
		53.751959	-0.335941
		51.512161	-0.116215
		50.152266	-5.065556
		50.726024	-3.543949
		52.486125	-1.890507
		51.624837	-3.94495
		54.980766	-1.615849
		55.958426	-3.186893
		53.409532	-3.000126
		53.478239	-2.258549
		53.803895	-1.549931
		54.892406	-2.923222
		55.862982	-4.263554
		
c	6 4 9 8 13 5 12 3 7 10 15 1 14 11 0 2	3726.10307622044	0.627389692377956	6	4	9	8	13	5	12	3	7	10	15	1	14	11	0	2		
		53.751959	-0.335941
		53.478239	-2.258549
		55.958426	-3.186893
		54.892406	-2.923222
		50.726024	-3.543949
		53.409532	-3.000126
		51.624837	-3.94495
		53.803895	-1.549931
		54.980766	-1.615849
		55.862982	-4.263554
		51.289406	1.075802
		51.460852	-2.588139
		50.152266	-5.065556
		51.488224	-3.186893
		52.486125	-1.890507
		51.512161	-0.116215
		
c	12 7 9 0 6 3 5 14 13 2 11 1 15 8 10 4	3497.57734398443	0.650242265601557	12	7	9	0	6	3	5	14	13	2	11	1	15	8	10	4		
		51.624837	-3.94495
		54.980766	-1.615849
		55.958426	-3.186893
		52.486125	-1.890507
		53.751959	-0.335941
		53.803895	-1.549931
		53.409532	-3.000126
		50.152266	-5.065556
		50.726024	-3.543949
		51.512161	-0.116215
		51.488224	-3.186893
		51.460852	-2.588139
		51.289406	1.075802
		54.892406	-2.923222
		55.862982	-4.263554
		53.478239	-2.258549
		
c	1 5 0 4 14 13 15 11 3 6 9 8 7 10 2 12	3509.89367431082	0.649010632568918	1	5	0	4	14	13	15	11	3	6	9	8	7	10	2	12		
		51.460852	-2.588139
		53.409532	-3.000126
		52.486125	-1.890507
		53.478239	-2.258549
		50.152266	-5.065556
		50.726024	-3.543949
		51.289406	1.075802
		51.488224	-3.186893
		53.803895	-1.549931
		53.751959	-0.335941
		55.958426	-3.186893
		54.892406	-2.923222
		54.980766	-1.615849
		55.862982	-4.263554
		51.512161	-0.116215
		51.624837	-3.94495
		
c	0 3 5 12 14 13 1 15 11 4 7 8 6 9 10 2	3051.53920372879	0.694846079627121	0	3	5	12	14	13	1	15	11	4	7	8	6	9	10	2		
		52.486125	-1.890507
		53.803895	-1.549931
		53.409532	-3.000126
		51.624837	-3.94495
		50.152266	-5.065556
		50.726024	-3.543949
		51.460852	-2.588139
		51.289406	1.075802
		51.488224	-3.186893
		53.478239	-2.258549
		54.980766	-1.615849
		54.892406	-2.923222
		53.751959	-0.335941
		55.958426	-3.186893
		55.862982	-4.263554
		51.512161	-0.116215
		
c	15 11 0 3 8 6 1 5 4 2 14 13 12 9 7 10	3207.81913198647	0.679218086801353	15	11	0	3	8	6	1	5	4	2	14	13	12	9	7	10		
		51.289406	1.075802
		51.488224	-3.186893
		52.486125	-1.890507
		53.803895	-1.549931
		54.892406	-2.923222
		53.751959	-0.335941
		51.460852	-2.588139
		53.409532	-3.000126
		53.478239	-2.258549
		51.512161	-0.116215
		50.152266	-5.065556
		50.726024	-3.543949
		51.624837	-3.94495
		55.958426	-3.186893
		54.980766	-1.615849
		55.862982	-4.263554
		
c	14 13 1 15 11 0 3 6 4 9 8 7 10 5 2 12	2799.80279485056	0.720019720514944	14	13	1	15	11	0	3	6	4	9	8	7	10	5	2	12		
		50.152266	-5.065556
		50.726024	-3.543949
		51.460852	-2.588139
		51.289406	1.075802
		51.488224	-3.186893
		52.486125	-1.890507
		53.803895	-1.549931
		53.751959	-0.335941
		53.478239	-2.258549
		55.958426	-3.186893
		54.892406	-2.923222
		54.980766	-1.615849
		55.862982	-4.263554
		53.409532	-3.000126
		51.512161	-0.116215
		51.624837	-3.94495
		
c	11 0 4 9 7 5 12 14 10 8 3 6 1 15 2 13	3168.29365341481	0.683170634658519	11	0	4	9	7	5	12	14	10	8	3	6	1	15	2	13		
		51.488224	-3.186893
		52.486125	-1.890507
		53.478239	-2.258549
		55.958426	-3.186893
		54.980766	-1.615849
		53.409532	-3.000126
		51.624837	-3.94495
		50.152266	-5.065556
		55.862982	-4.263554
		54.892406	-2.923222
		53.803895	-1.549931
		53.751959	-0.335941
		51.460852	-2.588139
		51.289406	1.075802
		51.512161	-0.116215
		50.726024	-3.543949
		
c	4 7 9 10 8 15 5 1 13 14 11 0 3 6 2 12	2901.83393854039	0.709816606145961	4	7	9	10	8	15	5	1	13	14	11	0	3	6	2	12		
		53.478239	-2.258549
		54.980766	-1.615849
		55.958426	-3.186893
		55.862982	-4.263554
		54.892406	-2.923222
		51.289406	1.075802
		53.409532	-3.000126
		51.460852	-2.588139
		50.726024	-3.543949
		50.152266	-5.065556
		51.488224	-3.186893
		52.486125	-1.890507
		53.803895	-1.549931
		53.751959	-0.335941
		51.512161	-0.116215
		51.624837	-3.94495
		
c	6 1 11 15 2 14 13 0 12 4 9 7 5 10 8 3	3055.20576221535	0.694479423778465	6	1	11	15	2	14	13	0	12	4	9	7	5	10	8	3		
		53.751959	-0.335941
		51.460852	-2.588139
		51.488224	-3.186893
		51.289406	1.075802
		51.512161	-0.116215
		50.152266	-5.065556
		50.726024	-3.543949
		52.486125	-1.890507
		51.624837	-3.94495
		53.478239	-2.258549
		55.958426	-3.186893
		54.980766	-1.615849
		53.409532	-3.000126
		55.862982	-4.263554
		54.892406	-2.923222
		53.803895	-1.549931
		
c	7 12 13 2 1 9 8 15 11 0 10 5 3 14 4 6	4290.2267662308	0.57097732337692	7	12	13	2	1	9	8	15	11	0	10	5	3	14	4	6		
		54.980766	-1.615849
		51.624837	-3.94495
		50.726024	-3.543949
		51.512161	-0.116215
		51.460852	-2.588139
		55.958426	-3.186893
		54.892406	-2.923222
		51.289406	1.075802
		51.488224	-3.186893
		52.486125	-1.890507
		55.862982	-4.263554
		53.409532	-3.000126
		53.803895	-1.549931
		50.152266	-5.065556
		53.478239	-2.258549
		53.751959	-0.335941
		
c	5 4 9 7 3 12 2 13 11 1 6 15 0 14 8 10	3404.54509216415	0.659545490783585	5	4	9	7	3	12	2	13	11	1	6	15	0	14	8	10		
		53.409532	-3.000126
		53.478239	-2.258549
		55.958426	-3.186893
		54.980766	-1.615849
		53.803895	-1.549931
		51.624837	-3.94495
		51.512161	-0.116215
		50.726024	-3.543949
		51.488224	-3.186893
		51.460852	-2.588139
		53.751959	-0.335941
		51.289406	1.075802
		52.486125	-1.890507
		50.152266	-5.065556
		54.892406	-2.923222
		55.862982	-4.263554
		
c	5 3 7 13 14 10 6 15 8 4 12 2 1 11 0 9	4018.06310766961	0.598193689233039	5	3	7	13	14	10	6	15	8	4	12	2	1	11	0	9		
		53.409532	-3.000126
		53.803895	-1.549931
		54.980766	-1.615849
		50.726024	-3.543949
		50.152266	-5.065556
		55.862982	-4.263554
		53.751959	-0.335941
		51.289406	1.075802
		54.892406	-2.923222
		53.478239	-2.258549
		51.624837	-3.94495
		51.512161	-0.116215
		51.460852	-2.588139
		51.488224	-3.186893
		52.486125	-1.890507
		55.958426	-3.186893
		
c	11 1 4 2 15 13 14 0 6 9 8 7 10 5 3 12	2969.6777131792	0.70303222868208	11	1	4	2	15	13	14	0	6	9	8	7	10	5	3	12		
		51.488224	-3.186893
		51.460852	-2.588139
		53.478239	-2.258549
		51.512161	-0.116215
		51.289406	1.075802
		50.726024	-3.543949
		50.152266	-5.065556
		52.486125	-1.890507
		53.751959	-0.335941
		55.958426	-3.186893
		54.892406	-2.923222
		54.980766	-1.615849
		55.862982	-4.263554
		53.409532	-3.000126
		53.803895	-1.549931
		51.624837	-3.94495
		
c	5 2 1 11 0 4 7 12 10 13 14 3 8 15 6 9	4200.93744505546	0.579906255494454	5	2	1	11	0	4	7	12	10	13	14	3	8	15	6	9		
		53.409532	-3.000126
		51.512161	-0.116215
		51.460852	-2.588139
		51.488224	-3.186893
		52.486125	-1.890507
		53.478239	-2.258549
		54.980766	-1.615849
		51.624837	-3.94495
		55.862982	-4.263554
		50.726024	-3.543949
		50.152266	-5.065556
		53.803895	-1.549931
		54.892406	-2.923222
		51.289406	1.075802
		53.751959	-0.335941
		55.958426	-3.186893
		
c	5 14 13 0 7 3 6 4 2 15 8 12 1 11 9 10	3261.86463515275	0.673813536484726	5	14	13	0	7	3	6	4	2	15	8	12	1	11	9	10		
		53.409532	-3.000126
		50.152266	-5.065556
		50.726024	-3.543949
		52.486125	-1.890507
		54.980766	-1.615849
		53.803895	-1.549931
		53.751959	-0.335941
		53.478239	-2.258549
		51.512161	-0.116215
		51.289406	1.075802
		54.892406	-2.923222
		51.624837	-3.94495
		51.460852	-2.588139
		51.488224	-3.186893
		55.958426	-3.186893
		55.862982	-4.263554
		
c	10 5 4 12 13 14 3 8 9 15 2 1 11 0 7 6	3009.92058626252	0.699007941373748	10	5	4	12	13	14	3	8	9	15	2	1	11	0	7	6		
		55.862982	-4.263554
		53.409532	-3.000126
		53.478239	-2.258549
		51.624837	-3.94495
		50.726024	-3.543949
		50.152266	-5.065556
		53.803895	-1.549931
		54.892406	-2.923222
		55.958426	-3.186893
		51.289406	1.075802
		51.512161	-0.116215
		51.460852	-2.588139
		51.488224	-3.186893
		52.486125	-1.890507
		54.980766	-1.615849
		53.751959	-0.335941
		
c	13 1 11 15 2 14 9 8 5 12 0 6 4 7 3 10	3125.53632411833	0.687446367588167	13	1	11	15	2	14	9	8	5	12	0	6	4	7	3	10		
		50.726024	-3.543949
		51.460852	-2.588139
		51.488224	-3.186893
		51.289406	1.075802
		51.512161	-0.116215
		50.152266	-5.065556
		55.958426	-3.186893
		54.892406	-2.923222
		53.409532	-3.000126
		51.624837	-3.94495
		52.486125	-1.890507
		53.751959	-0.335941
		53.478239	-2.258549
		54.980766	-1.615849
		53.803895	-1.549931
		55.862982	-4.263554
		
c	5 14 12 13 2 1 15 10 9 0 3 6 4 11 8 7	3488.58675750381	0.651141324249619	5	14	12	13	2	1	15	10	9	0	3	6	4	11	8	7		
		53.409532	-3.000126
		50.152266	-5.065556
		51.624837	-3.94495
		50.726024	-3.543949
		51.512161	-0.116215
		51.460852	-2.588139
		51.289406	1.075802
		55.862982	-4.263554
		55.958426	-3.186893
		52.486125	-1.890507
		53.803895	-1.549931
		53.751959	-0.335941
		53.478239	-2.258549
		51.488224	-3.186893
		54.892406	-2.923222
		54.980766	-1.615849
		
c	0 3 4 2 15 8 14 13 12 1 11 9 6 5 7 10	3323.0837643039	0.66769162356961	0	3	4	2	15	8	14	13	12	1	11	9	6	5	7	10		
		52.486125	-1.890507
		53.803895	-1.549931
		53.478239	-2.258549
		51.512161	-0.116215
		51.289406	1.075802
		54.892406	-2.923222
		50.152266	-5.065556
		50.726024	-3.543949
		51.624837	-3.94495
		51.460852	-2.588139
		51.488224	-3.186893
		55.958426	-3.186893
		53.751959	-0.335941
		53.409532	-3.000126
		54.980766	-1.615849
		55.862982	-4.263554
		
c	14 8 3 6 1 11 15 2 13 0 12 5 4 9 7 10	3030.30192619244	0.696969807380756	14	8	3	6	1	11	15	2	13	0	12	5	4	9	7	10		
		50.152266	-5.065556
		54.892406	-2.923222
		53.803895	-1.549931
		53.751959	-0.335941
		51.460852	-2.588139
		51.488224	-3.186893
		51.289406	1.075802
		51.512161	-0.116215
		50.726024	-3.543949
		52.486125	-1.890507
		51.624837	-3.94495
		53.409532	-3.000126
		53.478239	-2.258549
		55.958426	-3.186893
		54.980766	-1.615849
		55.862982	-4.263554
		
c	1 15 11 14 9 8 6 5 12 0 3 4 2 13 7 10	3704.91132325599	0.629508867674401	1	15	11	14	9	8	6	5	12	0	3	4	2	13	7	10		
		51.460852	-2.588139
		51.289406	1.075802
		51.488224	-3.186893
		50.152266	-5.065556
		55.958426	-3.186893
		54.892406	-2.923222
		53.751959	-0.335941
		53.409532	-3.000126
		51.624837	-3.94495
		52.486125	-1.890507
		53.803895	-1.549931
		53.478239	-2.258549
		51.512161	-0.116215
		50.726024	-3.543949
		54.980766	-1.615849
		55.862982	-4.263554
		
c	5 15 11 0 3 6 4 9 8 7 10 12 14 13 1 2	2895.85875237027	0.710414124762973	5	15	11	0	3	6	4	9	8	7	10	12	14	13	1	2		
		53.409532	-3.000126
		51.289406	1.075802
		51.488224	-3.186893
		52.486125	-1.890507
		53.803895	-1.549931
		53.751959	-0.335941
		53.478239	-2.258549
		55.958426	-3.186893
		54.892406	-2.923222
		54.980766	-1.615849
		55.862982	-4.263554
		51.624837	-3.94495
		50.152266	-5.065556
		50.726024	-3.543949
		51.460852	-2.588139
		51.512161	-0.116215
		
c	11 0 3 5 14 12 13 2 1 15 6 4 9 8 7 10	2851.05842606468	0.714894157393533	11	0	3	5	14	12	13	2	1	15	6	4	9	8	7	10		
		51.488224	-3.186893
		52.486125	-1.890507
		53.803895	-1.549931
		53.409532	-3.000126
		50.152266	-5.065556
		51.624837	-3.94495
		50.726024	-3.543949
		51.512161	-0.116215
		51.460852	-2.588139
		51.289406	1.075802
		53.751959	-0.335941
		53.478239	-2.258549
		55.958426	-3.186893
		54.892406	-2.923222
		54.980766	-1.615849
		55.862982	-4.263554
		
c	14 12 13 2 15 8 5 6 3 1 11 0 4 9 7 10	2722.02300411297	0.727797699588703	14	12	13	2	15	8	5	6	3	1	11	0	4	9	7	10		
		50.152266	-5.065556
		51.624837	-3.94495
		50.726024	-3.543949
		51.512161	-0.116215
		51.289406	1.075802
		54.892406	-2.923222
		53.409532	-3.000126
		53.751959	-0.335941
		53.803895	-1.549931
		51.460852	-2.588139
		51.488224	-3.186893
		52.486125	-1.890507
		53.478239	-2.258549
		55.958426	-3.186893
		54.980766	-1.615849
		55.862982	-4.263554
		
c	11 15 2 14 13 0 12 7 9 5 4 3 1 8 6 10	3433.47936536237	0.656652063463763	11	15	2	14	13	0	12	7	9	5	4	3	1	8	6	10		
		51.488224	-3.186893
		51.289406	1.075802
		51.512161	-0.116215
		50.152266	-5.065556
		50.726024	-3.543949
		52.486125	-1.890507
		51.624837	-3.94495
		54.980766	-1.615849
		55.958426	-3.186893
		53.409532	-3.000126
		53.478239	-2.258549
		53.803895	-1.549931
		51.460852	-2.588139
		54.892406	-2.923222
		53.751959	-0.335941
		55.862982	-4.263554
		
c	14 13 5 9 7 12 2 1 15 11 0 3 6 4 8 10	3049.30219491101	0.695069780508899	14	13	5	9	7	12	2	1	15	11	0	3	6	4	8	10		
		50.152266	-5.065556
		50.726024	-3.543949
		53.409532	-3.000126
		55.958426	-3.186893
		54.980766	-1.615849
		51.624837	-3.94495
		51.512161	-0.116215
		51.460852	-2.588139
		51.289406	1.075802
		51.488224	-3.186893
		52.486125	-1.890507
		53.803895	-1.549931
		53.751959	-0.335941
		53.478239	-2.258549
		54.892406	-2.923222
		55.862982	-4.263554
		
c	8 6 15 3 1 5 12 14 13 11 0 4 9 2 7 10	3586.70256218832	0.641329743781168	8	6	15	3	1	5	12	14	13	11	0	4	9	2	7	10		
		54.892406	-2.923222
		53.751959	-0.335941
		51.289406	1.075802
		53.803895	-1.549931
		51.460852	-2.588139
		53.409532	-3.000126
		51.624837	-3.94495
		50.152266	-5.065556
		50.726024	-3.543949
		51.488224	-3.186893
		52.486125	-1.890507
		53.478239	-2.258549
		55.958426	-3.186893
		51.512161	-0.116215
		54.980766	-1.615849
		55.862982	-4.263554
		
c	9 8 15 2 1 11 0 10 5 4 3 14 12 13 6 7	3159.89446161587	0.684010553838413	9	8	15	2	1	11	0	10	5	4	3	14	12	13	6	7		
		55.958426	-3.186893
		54.892406	-2.923222
		51.289406	1.075802
		51.512161	-0.116215
		51.460852	-2.588139
		51.488224	-3.186893
		52.486125	-1.890507
		55.862982	-4.263554
		53.409532	-3.000126
		53.478239	-2.258549
		53.803895	-1.549931
		50.152266	-5.065556
		51.624837	-3.94495
		50.726024	-3.543949
		53.751959	-0.335941
		54.980766	-1.615849
		
c	9 8 15 2 1 11 0 10 5 3 7 13 14 12 4 6	3132.26317446321	0.686773682553679	9	8	15	2	1	11	0	10	5	3	7	13	14	12	4	6		
		55.958426	-3.186893
		54.892406	-2.923222
		51.289406	1.075802
		51.512161	-0.116215
		51.460852	-2.588139
		51.488224	-3.186893
		52.486125	-1.890507
		55.862982	-4.263554
		53.409532	-3.000126
		53.803895	-1.549931
		54.980766	-1.615849
		50.726024	-3.543949
		50.152266	-5.065556
		51.624837	-3.94495
		53.478239	-2.258549
		53.751959	-0.335941
		
c	11 0 14 13 1 15 3 6 4 9 8 7 10 5 2 12	3026.68241220941	0.697331758779059	11	0	14	13	1	15	3	6	4	9	8	7	10	5	2	12		
		51.488224	-3.186893
		52.486125	-1.890507
		50.152266	-5.065556
		50.726024	-3.543949
		51.460852	-2.588139
		51.289406	1.075802
		53.803895	-1.549931
		53.751959	-0.335941
		53.478239	-2.258549
		55.958426	-3.186893
		54.892406	-2.923222
		54.980766	-1.615849
		55.862982	-4.263554
		53.409532	-3.000126
		51.512161	-0.116215
		51.624837	-3.94495
		
c	1 15 11 0 3 10 9 8 5 2 4 7 12 13 14 6	3351.73565835592	0.664826434164408	1	15	11	0	3	10	9	8	5	2	4	7	12	13	14	6		
		51.460852	-2.588139
		51.289406	1.075802
		51.488224	-3.186893
		52.486125	-1.890507
		53.803895	-1.549931
		55.862982	-4.263554
		55.958426	-3.186893
		54.892406	-2.923222
		53.409532	-3.000126
		51.512161	-0.116215
		53.478239	-2.258549
		54.980766	-1.615849
		51.624837	-3.94495
		50.726024	-3.543949
		50.152266	-5.065556
		53.751959	-0.335941
		
c	9 8 2 1 11 15 5 14 13 12 0 3 6 4 7 10	2924.97702737049	0.707502297262951	9	8	2	1	11	15	5	14	13	12	0	3	6	4	7	10		
		55.958426	-3.186893
		54.892406	-2.923222
		51.512161	-0.116215
		51.460852	-2.588139
		51.488224	-3.186893
		51.289406	1.075802
		53.409532	-3.000126
		50.152266	-5.065556
		50.726024	-3.543949
		51.624837	-3.94495
		52.486125	-1.890507
		53.803895	-1.549931
		53.751959	-0.335941
		53.478239	-2.258549
		54.980766	-1.615849
		55.862982	-4.263554
		
c	9 8 15 5 2 1 11 0 3 6 4 7 10 12 14 13	3110.15857508029	0.688984142491971	9	8	15	5	2	1	11	0	3	6	4	7	10	12	14	13		
		55.958426	-3.186893
		54.892406	-2.923222
		51.289406	1.075802
		53.409532	-3.000126
		51.512161	-0.116215
		51.460852	-2.588139
		51.488224	-3.186893
		52.486125	-1.890507
		53.803895	-1.549931
		53.751959	-0.335941
		53.478239	-2.258549
		54.980766	-1.615849
		55.862982	-4.263554
		51.624837	-3.94495
		50.152266	-5.065556
		50.726024	-3.543949
		
c	11 2 0 14 13 1 15 3 6 4 9 8 7 10 5 12	2915.94897572161	0.708405102427839	11	2	0	14	13	1	15	3	6	4	9	8	7	10	5	12		
		51.488224	-3.186893
		51.512161	-0.116215
		52.486125	-1.890507
		50.152266	-5.065556
		50.726024	-3.543949
		51.460852	-2.588139
		51.289406	1.075802
		53.803895	-1.549931
		53.751959	-0.335941
		53.478239	-2.258549
		55.958426	-3.186893
		54.892406	-2.923222
		54.980766	-1.615849
		55.862982	-4.263554
		53.409532	-3.000126
		51.624837	-3.94495
		
c	0 3 6 4 2 12 14 13 1 15 11 7 9 8 10 5	2940.5411155704	0.70594588844296	0	3	6	4	2	12	14	13	1	15	11	7	9	8	10	5		
		52.486125	-1.890507
		53.803895	-1.549931
		53.751959	-0.335941
		53.478239	-2.258549
		51.512161	-0.116215
		51.624837	-3.94495
		50.152266	-5.065556
		50.726024	-3.543949
		51.460852	-2.588139
		51.289406	1.075802
		51.488224	-3.186893
		54.980766	-1.615849
		55.958426	-3.186893
		54.892406	-2.923222
		55.862982	-4.263554
		53.409532	-3.000126
		
c	7 9 10 8 15 5 1 13 14 11 0 3 6 4 2 12	2872.86395626606	0.712713604373394	7	9	10	8	15	5	1	13	14	11	0	3	6	4	2	12		
		54.980766	-1.615849
		55.958426	-3.186893
		55.862982	-4.263554
		54.892406	-2.923222
		51.289406	1.075802
		53.409532	-3.000126
		51.460852	-2.588139
		50.726024	-3.543949
		50.152266	-5.065556
		51.488224	-3.186893
		52.486125	-1.890507
		53.803895	-1.549931
		53.751959	-0.335941
		53.478239	-2.258549
		51.512161	-0.116215
		51.624837	-3.94495
		
c	6 10 7 9 3 4 8 5 12 14 13 1 15 11 0 2	2810.6853408059	0.71893146591941	6	10	7	9	3	4	8	5	12	14	13	1	15	11	0	2		
		53.751959	-0.335941
		55.862982	-4.263554
		54.980766	-1.615849
		55.958426	-3.186893
		53.803895	-1.549931
		53.478239	-2.258549
		54.892406	-2.923222
		53.409532	-3.000126
		51.624837	-3.94495
		50.152266	-5.065556
		50.726024	-3.543949
		51.460852	-2.588139
		51.289406	1.075802
		51.488224	-3.186893
		52.486125	-1.890507
		51.512161	-0.116215
		
c	2 11 1 15 0 7 9 8 10 5 3 6 14 13 12 4	2883.41321600253	0.711658678399747	2	11	1	15	0	7	9	8	10	5	3	6	14	13	12	4		
		51.512161	-0.116215
		51.488224	-3.186893
		51.460852	-2.588139
		51.289406	1.075802
		52.486125	-1.890507
		54.980766	-1.615849
		55.958426	-3.186893
		54.892406	-2.923222
		55.862982	-4.263554
		53.409532	-3.000126
		53.803895	-1.549931
		53.751959	-0.335941
		50.152266	-5.065556
		50.726024	-3.543949
		51.624837	-3.94495
		53.478239	-2.258549
		
c	10 8 6 15 3 7 1 12 14 13 11 0 4 9 5 2	3095.50280494142	0.690449719505858	10	8	6	15	3	7	1	12	14	13	11	0	4	9	5	2		
		55.862982	-4.263554
		54.892406	-2.923222
		53.751959	-0.335941
		51.289406	1.075802
		53.803895	-1.549931
		54.980766	-1.615849
		51.460852	-2.588139
		51.624837	-3.94495
		50.152266	-5.065556
		50.726024	-3.543949
		51.488224	-3.186893
		52.486125	-1.890507
		53.478239	-2.258549
		55.958426	-3.186893
		53.409532	-3.000126
		51.512161	-0.116215
		
c	9 8 10 6 14 5 2 0 11 12 7 15 3 1 13 4	4028.34915502093	0.597165084497907	9	8	10	6	14	5	2	0	11	12	7	15	3	1	13	4		
		55.958426	-3.186893
		54.892406	-2.923222
		55.862982	-4.263554
		53.751959	-0.335941
		50.152266	-5.065556
		53.409532	-3.000126
		51.512161	-0.116215
		52.486125	-1.890507
		51.488224	-3.186893
		51.624837	-3.94495
		54.980766	-1.615849
		51.289406	1.075802
		53.803895	-1.549931
		51.460852	-2.588139
		50.726024	-3.543949
		53.478239	-2.258549
		
c	8 3 6 1 11 15 2 14 13 0 12 5 4 9 7 10	2733.22269227585	0.726677730772415	8	3	6	1	11	15	2	14	13	0	12	5	4	9	7	10		
		54.892406	-2.923222
		53.803895	-1.549931
		53.751959	-0.335941
		51.460852	-2.588139
		51.488224	-3.186893
		51.289406	1.075802
		51.512161	-0.116215
		50.152266	-5.065556
		50.726024	-3.543949
		52.486125	-1.890507
		51.624837	-3.94495
		53.409532	-3.000126
		53.478239	-2.258549
		55.958426	-3.186893
		54.980766	-1.615849
		55.862982	-4.263554
		
c	8 6 15 3 14 12 13 2 11 1 0 7 9 10 4 5	3058.70222210457	0.694129777789543	8	6	15	3	14	12	13	2	11	1	0	7	9	10	4	5		
		54.892406	-2.923222
		53.751959	-0.335941
		51.289406	1.075802
		53.803895	-1.549931
		50.152266	-5.065556
		51.624837	-3.94495
		50.726024	-3.543949
		51.512161	-0.116215
		51.488224	-3.186893
		51.460852	-2.588139
		52.486125	-1.890507
		54.980766	-1.615849
		55.958426	-3.186893
		55.862982	-4.263554
		53.478239	-2.258549
		53.409532	-3.000126
		
c	11 15 8 7 10 9 5 0 4 6 3 2 13 14 1 12	2832.40854160542	0.716759145839458	11	15	8	7	10	9	5	0	4	6	3	2	13	14	1	12		
		51.488224	-3.186893
		51.289406	1.075802
		54.892406	-2.923222
		54.980766	-1.615849
		55.862982	-4.263554
		55.958426	-3.186893
		53.409532	-3.000126
		52.486125	-1.890507
		53.478239	-2.258549
		53.751959	-0.335941
		53.803895	-1.549931
		51.512161	-0.116215
		50.726024	-3.543949
		50.152266	-5.065556
		51.460852	-2.588139
		51.624837	-3.94495
		
c	2 1 11 0 10 5 4 12 13 14 3 8 7 15 6 9	3309.6540321336	0.66903459678664	2	1	11	0	10	5	4	12	13	14	3	8	7	15	6	9		
		51.512161	-0.116215
		51.460852	-2.588139
		51.488224	-3.186893
		52.486125	-1.890507
		55.862982	-4.263554
		53.409532	-3.000126
		53.478239	-2.258549
		51.624837	-3.94495
		50.726024	-3.543949
		50.152266	-5.065556
		53.803895	-1.549931
		54.892406	-2.923222
		54.980766	-1.615849
		51.289406	1.075802
		53.751959	-0.335941
		55.958426	-3.186893
		
c	15 2 1 11 0 10 5 4 9 8 7 12 13 14 3 6	2852.33765554208	0.714766234445792	15	2	1	11	0	10	5	4	9	8	7	12	13	14	3	6		
		51.289406	1.075802
		51.512161	-0.116215
		51.460852	-2.588139
		51.488224	-3.186893
		52.486125	-1.890507
		55.862982	-4.263554
		53.409532	-3.000126
		53.478239	-2.258549
		55.958426	-3.186893
		54.892406	-2.923222
		54.980766	-1.615849
		51.624837	-3.94495
		50.726024	-3.543949
		50.152266	-5.065556
		53.803895	-1.549931
		53.751959	-0.335941
		
c	4 2 15 8 14 13 11 1 0 9 7 10 5 12 3 6	3355.42323326536	0.664457676673464	4	2	15	8	14	13	11	1	0	9	7	10	5	12	3	6		
		53.478239	-2.258549
		51.512161	-0.116215
		51.289406	1.075802
		54.892406	-2.923222
		50.152266	-5.065556
		50.726024	-3.543949
		51.488224	-3.186893
		51.460852	-2.588139
		52.486125	-1.890507
		55.958426	-3.186893
		54.980766	-1.615849
		55.862982	-4.263554
		53.409532	-3.000126
		51.624837	-3.94495
		53.803895	-1.549931
		53.751959	-0.335941
		
c	8 15 5 2 1 11 0 4 9 10 3 14 12 13 6 7	3556.00974424057	0.644399025575943	8	15	5	2	1	11	0	4	9	10	3	14	12	13	6	7		
		54.892406	-2.923222
		51.289406	1.075802
		53.409532	-3.000126
		51.512161	-0.116215
		51.460852	-2.588139
		51.488224	-3.186893
		52.486125	-1.890507
		53.478239	-2.258549
		55.958426	-3.186893
		55.862982	-4.263554
		53.803895	-1.549931
		50.152266	-5.065556
		51.624837	-3.94495
		50.726024	-3.543949
		53.751959	-0.335941
		54.980766	-1.615849
		
c	6 1 11 15 2 14 13 5 12 0 3 4 9 8 7 10	2791.56031611378	0.720843968388622	6	1	11	15	2	14	13	5	12	0	3	4	9	8	7	10		
		53.751959	-0.335941
		51.460852	-2.588139
		51.488224	-3.186893
		51.289406	1.075802
		51.512161	-0.116215
		50.152266	-5.065556
		50.726024	-3.543949
		53.409532	-3.000126
		51.624837	-3.94495
		52.486125	-1.890507
		53.803895	-1.549931
		53.478239	-2.258549
		55.958426	-3.186893
		54.892406	-2.923222
		54.980766	-1.615849
		55.862982	-4.263554
		
c	8 5 6 0 3 11 1 4 2 15 13 14 9 7 10 12	3488.39587850854	0.651160412149146	8	5	6	0	3	11	1	4	2	15	13	14	9	7	10	12		
		54.892406	-2.923222
		53.409532	-3.000126
		53.751959	-0.335941
		52.486125	-1.890507
		53.803895	-1.549931
		51.488224	-3.186893
		51.460852	-2.588139
		53.478239	-2.258549
		51.512161	-0.116215
		51.289406	1.075802
		50.726024	-3.543949
		50.152266	-5.065556
		55.958426	-3.186893
		54.980766	-1.615849
		55.862982	-4.263554
		51.624837	-3.94495
		
c	5 12 14 13 2 1 15 11 0 3 8 7 10 9 4 6	2691.77401549395	0.730822598450605	5	12	14	13	2	1	15	11	0	3	8	7	10	9	4	6		
		53.409532	-3.000126
		51.624837	-3.94495
		50.152266	-5.065556
		50.726024	-3.543949
		51.512161	-0.116215
		51.460852	-2.588139
		51.289406	1.075802
		51.488224	-3.186893
		52.486125	-1.890507
		53.803895	-1.549931
		54.892406	-2.923222
		54.980766	-1.615849
		55.862982	-4.263554
		55.958426	-3.186893
		53.478239	-2.258549
		53.751959	-0.335941
		
c	15 13 14 0 6 2 7 10 8 5 3 4 12 1 11 9	3147.64185135518	0.685235814864482	15	13	14	0	6	2	7	10	8	5	3	4	12	1	11	9		
		51.289406	1.075802
		50.726024	-3.543949
		50.152266	-5.065556
		52.486125	-1.890507
		53.751959	-0.335941
		51.512161	-0.116215
		54.980766	-1.615849
		55.862982	-4.263554
		54.892406	-2.923222
		53.409532	-3.000126
		53.803895	-1.549931
		53.478239	-2.258549
		51.624837	-3.94495
		51.460852	-2.588139
		51.488224	-3.186893
		55.958426	-3.186893
		
c	15 8 7 10 9 5 0 4 6 3 12 14 13 2 1 11	2626.35664964212	0.737364335035788	15	8	7	10	9	5	0	4	6	3	12	14	13	2	1	11		
		51.289406	1.075802
		54.892406	-2.923222
		54.980766	-1.615849
		55.862982	-4.263554
		55.958426	-3.186893
		53.409532	-3.000126
		52.486125	-1.890507
		53.478239	-2.258549
		53.751959	-0.335941
		53.803895	-1.549931
		51.624837	-3.94495
		50.152266	-5.065556
		50.726024	-3.543949
		51.512161	-0.116215
		51.460852	-2.588139
		51.488224	-3.186893
		
c	5 14 4 8 3 6 1 11 15 2 13 0 12 9 7 10	3396.98475129297	0.660301524870703	5	14	4	8	3	6	1	11	15	2	13	0	12	9	7	10		
		53.409532	-3.000126
		50.152266	-5.065556
		53.478239	-2.258549
		54.892406	-2.923222
		53.803895	-1.549931
		53.751959	-0.335941
		51.460852	-2.588139
		51.488224	-3.186893
		51.289406	1.075802
		51.512161	-0.116215
		50.726024	-3.543949
		52.486125	-1.890507
		51.624837	-3.94495
		55.958426	-3.186893
		54.980766	-1.615849
		55.862982	-4.263554
		
c	12 0 7 10 6 4 1 11 2 15 13 14 8 3 5 9	3222.22632248596	0.677777367751405	12	0	7	10	6	4	1	11	2	15	13	14	8	3	5	9		
		51.624837	-3.94495
		52.486125	-1.890507
		54.980766	-1.615849
		55.862982	-4.263554
		53.751959	-0.335941
		53.478239	-2.258549
		51.460852	-2.588139
		51.488224	-3.186893
		51.512161	-0.116215
		51.289406	1.075802
		50.726024	-3.543949
		50.152266	-5.065556
		54.892406	-2.923222
		53.803895	-1.549931
		53.409532	-3.000126
		55.958426	-3.186893
		
c	6 1 11 15 2 14 13 0 12 7 9 5 4 3 8 10	2852.7548645609	0.71472451354391	6	1	11	15	2	14	13	0	12	7	9	5	4	3	8	10		
		53.751959	-0.335941
		51.460852	-2.588139
		51.488224	-3.186893
		51.289406	1.075802
		51.512161	-0.116215
		50.152266	-5.065556
		50.726024	-3.543949
		52.486125	-1.890507
		51.624837	-3.94495
		54.980766	-1.615849
		55.958426	-3.186893
		53.409532	-3.000126
		53.478239	-2.258549
		53.803895	-1.549931
		54.892406	-2.923222
		55.862982	-4.263554
		
c	6 4 12 0 7 10 1 11 2 15 13 14 8 3 5 9	3389.98274090242	0.661001725909758	6	4	12	0	7	10	1	11	2	15	13	14	8	3	5	9		
		53.751959	-0.335941
		53.478239	-2.258549
		51.624837	-3.94495
		52.486125	-1.890507
		54.980766	-1.615849
		55.862982	-4.263554
		51.460852	-2.588139
		51.488224	-3.186893
		51.512161	-0.116215
		51.289406	1.075802
		50.726024	-3.543949
		50.152266	-5.065556
		54.892406	-2.923222
		53.803895	-1.549931
		53.409532	-3.000126
		55.958426	-3.186893
		
c	13 12 2 1 11 0 4 6 10 7 9 8 15 5 14 3	3477.38445278111	0.652261554721889	13	12	2	1	11	0	4	6	10	7	9	8	15	5	14	3		
		50.726024	-3.543949
		51.624837	-3.94495
		51.512161	-0.116215
		51.460852	-2.588139
		51.488224	-3.186893
		52.486125	-1.890507
		53.478239	-2.258549
		53.751959	-0.335941
		55.862982	-4.263554
		54.980766	-1.615849
		55.958426	-3.186893
		54.892406	-2.923222
		51.289406	1.075802
		53.409532	-3.000126
		50.152266	-5.065556
		53.803895	-1.549931
		
c	3 6 2 7 12 5 8 11 0 14 13 1 15 4 9 10	3534.89991062798	0.646510008937202	3	6	2	7	12	5	8	11	0	14	13	1	15	4	9	10		
		53.803895	-1.549931
		53.751959	-0.335941
		51.512161	-0.116215
		54.980766	-1.615849
		51.624837	-3.94495
		53.409532	-3.000126
		54.892406	-2.923222
		51.488224	-3.186893
		52.486125	-1.890507
		50.152266	-5.065556
		50.726024	-3.543949
		51.460852	-2.588139
		51.289406	1.075802
		53.478239	-2.258549
		55.958426	-3.186893
		55.862982	-4.263554
		
c	6 4 9 8 10 7 2 1 11 15 0 5 12 13 14 3	3050.30169405293	0.694969830594707	6	4	9	8	10	7	2	1	11	15	0	5	12	13	14	3		
		53.751959	-0.335941
		53.478239	-2.258549
		55.958426	-3.186893
		54.892406	-2.923222
		55.862982	-4.263554
		54.980766	-1.615849
		51.512161	-0.116215
		51.460852	-2.588139
		51.488224	-3.186893
		51.289406	1.075802
		52.486125	-1.890507
		53.409532	-3.000126
		51.624837	-3.94495
		50.726024	-3.543949
		50.152266	-5.065556
		53.803895	-1.549931
		
c	12 7 9 5 4 10 8 15 1 13 14 11 0 3 6 2	3101.92374416142	0.689807625583858	12	7	9	5	4	10	8	15	1	13	14	11	0	3	6	2		
		51.624837	-3.94495
		54.980766	-1.615849
		55.958426	-3.186893
		53.409532	-3.000126
		53.478239	-2.258549
		55.862982	-4.263554
		54.892406	-2.923222
		51.289406	1.075802
		51.460852	-2.588139
		50.726024	-3.543949
		50.152266	-5.065556
		51.488224	-3.186893
		52.486125	-1.890507
		53.803895	-1.549931
		53.751959	-0.335941
		51.512161	-0.116215
		
c	9 5 15 11 0 4 6 8 1 2 14 13 12 3 7 10	3316.77318416918	0.668322681583082	9	5	15	11	0	4	6	8	1	2	14	13	12	3	7	10		
		55.958426	-3.186893
		53.409532	-3.000126
		51.289406	1.075802
		51.488224	-3.186893
		52.486125	-1.890507
		53.478239	-2.258549
		53.751959	-0.335941
		54.892406	-2.923222
		51.460852	-2.588139
		51.512161	-0.116215
		50.152266	-5.065556
		50.726024	-3.543949
		51.624837	-3.94495
		53.803895	-1.549931
		54.980766	-1.615849
		55.862982	-4.263554
		
c	1 3 9 12 2 13 11 6 15 7 0 5 14 4 8 10	4189.38997254703	0.581061002745297	1	3	9	12	2	13	11	6	15	7	0	5	14	4	8	10		
		51.460852	-2.588139
		53.803895	-1.549931
		55.958426	-3.186893
		51.624837	-3.94495
		51.512161	-0.116215
		50.726024	-3.543949
		51.488224	-3.186893
		53.751959	-0.335941
		51.289406	1.075802
		54.980766	-1.615849
		52.486125	-1.890507
		53.409532	-3.000126
		50.152266	-5.065556
		53.478239	-2.258549
		54.892406	-2.923222
		55.862982	-4.263554
		
c	9 5 1 13 14 11 10 3 6 4 8 0 15 7 2 12	3714.46624985812	0.628553375014188	9	5	1	13	14	11	10	3	6	4	8	0	15	7	2	12		
		55.958426	-3.186893
		53.409532	-3.000126
		51.460852	-2.588139
		50.726024	-3.543949
		50.152266	-5.065556
		51.488224	-3.186893
		55.862982	-4.263554
		53.803895	-1.549931
		53.751959	-0.335941
		53.478239	-2.258549
		54.892406	-2.923222
		52.486125	-1.890507
		51.289406	1.075802
		54.980766	-1.615849
		51.512161	-0.116215
		51.624837	-3.94495
		
c	2 11 1 15 0 7 9 8 10 6 4 5 3 12 14 13	2661.55382369152	0.733844617630848	2	11	1	15	0	7	9	8	10	6	4	5	3	12	14	13		
		51.512161	-0.116215
		51.488224	-3.186893
		51.460852	-2.588139
		51.289406	1.075802
		52.486125	-1.890507
		54.980766	-1.615849
		55.958426	-3.186893
		54.892406	-2.923222
		55.862982	-4.263554
		53.751959	-0.335941
		53.478239	-2.258549
		53.409532	-3.000126
		53.803895	-1.549931
		51.624837	-3.94495
		50.152266	-5.065556
		50.726024	-3.543949
		
c	1 15 3 6 4 9 8 13 14 11 0 2 7 12 5 10	3587.72600518003	0.641227399481997	1	15	3	6	4	9	8	13	14	11	0	2	7	12	5	10		
		51.460852	-2.588139
		51.289406	1.075802
		53.803895	-1.549931
		53.751959	-0.335941
		53.478239	-2.258549
		55.958426	-3.186893
		54.892406	-2.923222
		50.726024	-3.543949
		50.152266	-5.065556
		51.488224	-3.186893
		52.486125	-1.890507
		51.512161	-0.116215
		54.980766	-1.615849
		51.624837	-3.94495
		53.409532	-3.000126
		55.862982	-4.263554
		
c	8 7 10 5 12 14 13 2 1 15 11 0 3 6 4 9	2838.24016837539	0.716175983162461	8	7	10	5	12	14	13	2	1	15	11	0	3	6	4	9		
		54.892406	-2.923222
		54.980766	-1.615849
		55.862982	-4.263554
		53.409532	-3.000126
		51.624837	-3.94495
		50.152266	-5.065556
		50.726024	-3.543949
		51.512161	-0.116215
		51.460852	-2.588139
		51.289406	1.075802
		51.488224	-3.186893
		52.486125	-1.890507
		53.803895	-1.549931
		53.751959	-0.335941
		53.478239	-2.258549
		55.958426	-3.186893
		
c	1 15 11 0 3 6 14 9 10 8 7 12 2 13 4 5	3675.14905138455	0.632485094861545	1	15	11	0	3	6	14	9	10	8	7	12	2	13	4	5		
		51.460852	-2.588139
		51.289406	1.075802
		51.488224	-3.186893
		52.486125	-1.890507
		53.803895	-1.549931
		53.751959	-0.335941
		50.152266	-5.065556
		55.958426	-3.186893
		55.862982	-4.263554
		54.892406	-2.923222
		54.980766	-1.615849
		51.624837	-3.94495
		51.512161	-0.116215
		50.726024	-3.543949
		53.478239	-2.258549
		53.409532	-3.000126
		
c	13 2 4 15 11 0 6 3 9 10 7 8 1 14 12 5	3149.16988551956	0.685083011448044	13	2	4	15	11	0	6	3	9	10	7	8	1	14	12	5		
		50.726024	-3.543949
		51.512161	-0.116215
		53.478239	-2.258549
		51.289406	1.075802
		51.488224	-3.186893
		52.486125	-1.890507
		53.751959	-0.335941
		53.803895	-1.549931
		55.958426	-3.186893
		55.862982	-4.263554
		54.980766	-1.615849
		54.892406	-2.923222
		51.460852	-2.588139
		50.152266	-5.065556
		51.624837	-3.94495
		53.409532	-3.000126
		
c	2 15 13 1 14 8 7 10 9 5 0 4 6 3 11 12	2708.79732562131	0.729120267437869	2	15	13	1	14	8	7	10	9	5	0	4	6	3	11	12		
		51.512161	-0.116215
		51.289406	1.075802
		50.726024	-3.543949
		51.460852	-2.588139
		50.152266	-5.065556
		54.892406	-2.923222
		54.980766	-1.615849
		55.862982	-4.263554
		55.958426	-3.186893
		53.409532	-3.000126
		52.486125	-1.890507
		53.478239	-2.258549
		53.751959	-0.335941
		53.803895	-1.549931
		51.488224	-3.186893
		51.624837	-3.94495
		
c	4 6 3 7 10 9 5 0 1 11 2 15 13 14 8 12	2848.11343755741	0.715188656244259	4	6	3	7	10	9	5	0	1	11	2	15	13	14	8	12		
		53.478239	-2.258549
		53.751959	-0.335941
		53.803895	-1.549931
		54.980766	-1.615849
		55.862982	-4.263554
		55.958426	-3.186893
		53.409532	-3.000126
		52.486125	-1.890507
		51.460852	-2.588139
		51.488224	-3.186893
		51.512161	-0.116215
		51.289406	1.075802
		50.726024	-3.543949
		50.152266	-5.065556
		54.892406	-2.923222
		51.624837	-3.94495
		
c	4 2 15 8 14 13 12 1 5 6 3 11 0 9 7 10	3337.71518732382	0.666228481267618	4	2	15	8	14	13	12	1	5	6	3	11	0	9	7	10		
		53.478239	-2.258549
		51.512161	-0.116215
		51.289406	1.075802
		54.892406	-2.923222
		50.152266	-5.065556
		50.726024	-3.543949
		51.624837	-3.94495
		51.460852	-2.588139
		53.409532	-3.000126
		53.751959	-0.335941
		53.803895	-1.549931
		51.488224	-3.186893
		52.486125	-1.890507
		55.958426	-3.186893
		54.980766	-1.615849
		55.862982	-4.263554
		
c	3 7 1 12 14 13 11 0 4 9 5 8 6 10 15 2	3263.42464623782	0.673657535376218	3	7	1	12	14	13	11	0	4	9	5	8	6	10	15	2		
		53.803895	-1.549931
		54.980766	-1.615849
		51.460852	-2.588139
		51.624837	-3.94495
		50.152266	-5.065556
		50.726024	-3.543949
		51.488224	-3.186893
		52.486125	-1.890507
		53.478239	-2.258549
		55.958426	-3.186893
		53.409532	-3.000126
		54.892406	-2.923222
		53.751959	-0.335941
		55.862982	-4.263554
		51.289406	1.075802
		51.512161	-0.116215
		
c	0 3 6 4 7 10 5 13 14 15 2 8 1 12 11 9	3420.96250095862	0.657903749904138	0	3	6	4	7	10	5	13	14	15	2	8	1	12	11	9		
		52.486125	-1.890507
		53.803895	-1.549931
		53.751959	-0.335941
		53.478239	-2.258549
		54.980766	-1.615849
		55.862982	-4.263554
		53.409532	-3.000126
		50.726024	-3.543949
		50.152266	-5.065556
		51.289406	1.075802
		51.512161	-0.116215
		54.892406	-2.923222
		51.460852	-2.588139
		51.624837	-3.94495
		51.488224	-3.186893
		55.958426	-3.186893
		
c	9 6 1 11 15 2 14 13 5 12 0 3 4 8 7 10	2858.51631410768	0.714148368589232	9	6	1	11	15	2	14	13	5	12	0	3	4	8	7	10		
		55.958426	-3.186893
		53.751959	-0.335941
		51.460852	-2.588139
		51.488224	-3.186893
		51.289406	1.075802
		51.512161	-0.116215
		50.152266	-5.065556
		50.726024	-3.543949
		53.409532	-3.000126
		51.624837	-3.94495
		52.486125	-1.890507
		53.803895	-1.549931
		53.478239	-2.258549
		54.892406	-2.923222
		54.980766	-1.615849
		55.862982	-4.263554
		
c	14 13 1 15 4 3 9 10 8 6 7 0 11 2 5 12	2842.39988804085	0.715760011195915	14	13	1	15	4	3	9	10	8	6	7	0	11	2	5	12		
		50.152266	-5.065556
		50.726024	-3.543949
		51.460852	-2.588139
		51.289406	1.075802
		53.478239	-2.258549
		53.803895	-1.549931
		55.958426	-3.186893
		55.862982	-4.263554
		54.892406	-2.923222
		53.751959	-0.335941
		54.980766	-1.615849
		52.486125	-1.890507
		51.488224	-3.186893
		51.512161	-0.116215
		53.409532	-3.000126
		51.624837	-3.94495
		
c	12 8 6 3 1 15 11 0 5 4 2 14 13 9 7 10	3489.40381904473	0.651059618095527	12	8	6	3	1	15	11	0	5	4	2	14	13	9	7	10		
		51.624837	-3.94495
		54.892406	-2.923222
		53.751959	-0.335941
		53.803895	-1.549931
		51.460852	-2.588139
		51.289406	1.075802
		51.488224	-3.186893
		52.486125	-1.890507
		53.409532	-3.000126
		53.478239	-2.258549
		51.512161	-0.116215
		50.152266	-5.065556
		50.726024	-3.543949
		55.958426	-3.186893
		54.980766	-1.615849
		55.862982	-4.263554
		
c	1 2 13 14 15 8 7 10 9 5 0 4 6 3 11 12	2897.10255499751	0.710289744500249	1	2	13	14	15	8	7	10	9	5	0	4	6	3	11	12		
		51.460852	-2.588139
		51.512161	-0.116215
		50.726024	-3.543949
		50.152266	-5.065556
		51.289406	1.075802
		54.892406	-2.923222
		54.980766	-1.615849
		55.862982	-4.263554
		55.958426	-3.186893
		53.409532	-3.000126
		52.486125	-1.890507
		53.478239	-2.258549
		53.751959	-0.335941
		53.803895	-1.549931
		51.488224	-3.186893
		51.624837	-3.94495
		
g9		2435.51364850131	0.756448635149869	0	8	7	10	9	5	0	4	6	3	11	2	15	13	14	1	12		
		54.892406	-2.923222
		54.980766	-1.615849
		55.862982	-4.263554
		55.958426	-3.186893
		53.409532	-3.000126
		52.486125	-1.890507
		53.478239	-2.258549
		53.751959	-0.335941
		53.803895	-1.549931
		51.488224	-3.186893
		51.512161	-0.116215
		51.289406	1.075802
		50.726024	-3.543949
		50.152266	-5.065556
		51.460852	-2.588139
		51.624837	-3.94495
		
g9		2544.46687539071	0.745553312460929	1	7	8	3	6	1	11	15	2	14	13	0	12	5	4	9	10		
		54.980766	-1.615849
		54.892406	-2.923222
		53.803895	-1.549931
		53.751959	-0.335941
		51.460852	-2.588139
		51.488224	-3.186893
		51.289406	1.075802
		51.512161	-0.116215
		50.152266	-5.065556
		50.726024	-3.543949
		52.486125	-1.890507
		51.624837	-3.94495
		53.409532	-3.000126
		53.478239	-2.258549
		55.958426	-3.186893
		55.862982	-4.263554
		
g9		2603.73455785153	0.739626544214847	2	14	12	13	2	11	1	15	0	7	9	8	10	6	4	5	3		
		50.152266	-5.065556
		51.624837	-3.94495
		50.726024	-3.543949
		51.512161	-0.116215
		51.488224	-3.186893
		51.460852	-2.588139
		51.289406	1.075802
		52.486125	-1.890507
		54.980766	-1.615849
		55.958426	-3.186893
		54.892406	-2.923222
		55.862982	-4.263554
		53.751959	-0.335941
		53.478239	-2.258549
		53.409532	-3.000126
		53.803895	-1.549931
		
g9		2635.38972756036	0.736461027243964	3	13	14	12	2	11	1	15	0	7	9	8	10	6	4	5	3		
		50.726024	-3.543949
		50.152266	-5.065556
		51.624837	-3.94495
		51.512161	-0.116215
		51.488224	-3.186893
		51.460852	-2.588139
		51.289406	1.075802
		52.486125	-1.890507
		54.980766	-1.615849
		55.958426	-3.186893
		54.892406	-2.923222
		55.862982	-4.263554
		53.751959	-0.335941
		53.478239	-2.258549
		53.409532	-3.000126
		53.803895	-1.549931
		
g9		2647.31430385289	0.735268569614711	4	9	10	8	6	15	3	7	1	12	14	13	11	0	4	5	2		
		55.958426	-3.186893
		55.862982	-4.263554
		54.892406	-2.923222
		53.751959	-0.335941
		51.289406	1.075802
		53.803895	-1.549931
		54.980766	-1.615849
		51.460852	-2.588139
		51.624837	-3.94495
		50.152266	-5.065556
		50.726024	-3.543949
		51.488224	-3.186893
		52.486125	-1.890507
		53.478239	-2.258549
		53.409532	-3.000126
		51.512161	-0.116215
		
g9		2651.96159741983	0.734803840258017	5	3	6	4	9	8	7	10	5	12	14	13	1	15	11	0	2		
		53.803895	-1.549931
		53.751959	-0.335941
		53.478239	-2.258549
		55.958426	-3.186893
		54.892406	-2.923222
		54.980766	-1.615849
		55.862982	-4.263554
		53.409532	-3.000126
		51.624837	-3.94495
		50.152266	-5.065556
		50.726024	-3.543949
		51.460852	-2.588139
		51.289406	1.075802
		51.488224	-3.186893
		52.486125	-1.890507
		51.512161	-0.116215
		
