c	1 15 3 8 14 7 6 11 2 13 0 12 5 4 9 10	3816.85392469283	0.618314607530717	1	15	3	8	14	7	6	11	2	13	0	12	5	4	9	10		
		51.460852	-2.588139
		51.289406	1.075802
		53.803895	-1.549931
		54.892406	-2.923222
		50.152266	-5.065556
		54.980766	-1.615849
		53.751959	-0.335941
		51.488224	-3.186893
		51.512161	-0.116215
		50.726024	-3.543949
		52.486125	-1.890507
		51.624837	-3.94495
		53.409532	-3.000126
		53.478239	-2.258549
		55.958426	-3.186893
		55.862982	-4.263554
		
c	2 15 11 0 3 9 4 7 8 10 6 1 12 14 13 5	2954.20305335481	0.704579694664519	2	15	11	0	3	9	4	7	8	10	6	1	12	14	13	5		
		51.512161	-0.116215
		51.289406	1.075802
		51.488224	-3.186893
		52.486125	-1.890507
		53.803895	-1.549931
		55.958426	-3.186893
		53.478239	-2.258549
		54.980766	-1.615849
		54.892406	-2.923222
		55.862982	-4.263554
		53.751959	-0.335941
		51.460852	-2.588139
		51.624837	-3.94495
		50.152266	-5.065556
		50.726024	-3.543949
		53.409532	-3.000126
		
c	6 3 1 12 14 13 8 7 10 5 2 15 11 0 9 4	3269.64985179786	0.673035014820214	6	3	1	12	14	13	8	7	10	5	2	15	11	0	9	4		
		53.751959	-0.335941
		53.803895	-1.549931
		51.460852	-2.588139
		51.624837	-3.94495
		50.152266	-5.065556
		50.726024	-3.543949
		54.892406	-2.923222
		54.980766	-1.615849
		55.862982	-4.263554
		53.409532	-3.000126
		51.512161	-0.116215
		51.289406	1.075802
		51.488224	-3.186893
		52.486125	-1.890507
		55.958426	-3.186893
		53.478239	-2.258549
		
c	7 10 9 5 0 1 11 2 3 8 6 4 15 13 12 14	2760.20653933383	0.723979346066617	7	10	9	5	0	1	11	2	3	8	6	4	15	13	12	14		
		54.980766	-1.615849
		55.862982	-4.263554
		55.958426	-3.186893
		53.409532	-3.000126
		52.486125	-1.890507
		51.460852	-2.588139
		51.488224	-3.186893
		51.512161	-0.116215
		53.803895	-1.549931
		54.892406	-2.923222
		53.751959	-0.335941
		53.478239	-2.258549
		51.289406	1.075802
		50.726024	-3.543949
		51.624837	-3.94495
		50.152266	-5.065556
		
c	11 0 10 1 2 15 13 5 12 4 6 7 9 8 14 3	3956.7296205877	0.60432703794123	11	0	10	1	2	15	13	5	12	4	6	7	9	8	14	3		
		51.488224	-3.186893
		52.486125	-1.890507
		55.862982	-4.263554
		51.460852	-2.588139
		51.512161	-0.116215
		51.289406	1.075802
		50.726024	-3.543949
		53.409532	-3.000126
		51.624837	-3.94495
		53.478239	-2.258549
		53.751959	-0.335941
		54.980766	-1.615849
		55.958426	-3.186893
		54.892406	-2.923222
		50.152266	-5.065556
		53.803895	-1.549931
		
c	12 14 13 11 0 4 9 5 15 3 6 8 7 10 1 2	3151.92804676335	0.684807195323665	12	14	13	11	0	4	9	5	15	3	6	8	7	10	1	2		
		51.624837	-3.94495
		50.152266	-5.065556
		50.726024	-3.543949
		51.488224	-3.186893
		52.486125	-1.890507
		53.478239	-2.258549
		55.958426	-3.186893
		53.409532	-3.000126
		51.289406	1.075802
		53.803895	-1.549931
		53.751959	-0.335941
		54.892406	-2.923222
		54.980766	-1.615849
		55.862982	-4.263554
		51.460852	-2.588139
		51.512161	-0.116215
		
c	3 6 11 15 2 4 9 8 7 10 1 12 14 13 0 5	2979.18988379458	0.702081011620542	3	6	11	15	2	4	9	8	7	10	1	12	14	13	0	5		
		53.803895	-1.549931
		53.751959	-0.335941
		51.488224	-3.186893
		51.289406	1.075802
		51.512161	-0.116215
		53.478239	-2.258549
		55.958426	-3.186893
		54.892406	-2.923222
		54.980766	-1.615849
		55.862982	-4.263554
		51.460852	-2.588139
		51.624837	-3.94495
		50.152266	-5.065556
		50.726024	-3.543949
		52.486125	-1.890507
		53.409532	-3.000126
		
c	0 4 15 11 3 6 9 1 12 14 13 7 5 10 8 2	3840.3518804121	0.61596481195879	0	4	15	11	3	6	9	1	12	14	13	7	5	10	8	2		
		52.486125	-1.890507
		53.478239	-2.258549
		51.289406	1.075802
		51.488224	-3.186893
		53.803895	-1.549931
		53.751959	-0.335941
		55.958426	-3.186893
		51.460852	-2.588139
		51.624837	-3.94495
		50.152266	-5.065556
		50.726024	-3.543949
		54.980766	-1.615849
		53.409532	-3.000126
		55.862982	-4.263554
		54.892406	-2.923222
		51.512161	-0.116215
		
c	7 10 2 11 1 14 13 8 3 6 15 0 5 4 12 9	3480.21812702554	0.651978187297446	7	10	2	11	1	14	13	8	3	6	15	0	5	4	12	9		
		54.980766	-1.615849
		55.862982	-4.263554
		51.512161	-0.116215
		51.488224	-3.186893
		51.460852	-2.588139
		50.152266	-5.065556
		50.726024	-3.543949
		54.892406	-2.923222
		53.803895	-1.549931
		53.751959	-0.335941
		51.289406	1.075802
		52.486125	-1.890507
		53.409532	-3.000126
		53.478239	-2.258549
		51.624837	-3.94495
		55.958426	-3.186893
		
c	1 15 4 3 9 10 8 6 7 11 14 13 2 0 5 12	2961.77874345659	0.703822125654341	1	15	4	3	9	10	8	6	7	11	14	13	2	0	5	12		
		51.460852	-2.588139
		51.289406	1.075802
		53.478239	-2.258549
		53.803895	-1.549931
		55.958426	-3.186893
		55.862982	-4.263554
		54.892406	-2.923222
		53.751959	-0.335941
		54.980766	-1.615849
		51.488224	-3.186893
		50.152266	-5.065556
		50.726024	-3.543949
		51.512161	-0.116215
		52.486125	-1.890507
		53.409532	-3.000126
		51.624837	-3.94495
		
c	0 4 8 7 10 9 5 6 3 2 15 1 12 14 13 11	2270.11992578962	0.772988007421038	0	4	8	7	10	9	5	6	3	2	15	1	12	14	13	11		
		52.486125	-1.890507
		53.478239	-2.258549
		54.892406	-2.923222
		54.980766	-1.615849
		55.862982	-4.263554
		55.958426	-3.186893
		53.409532	-3.000126
		53.751959	-0.335941
		53.803895	-1.549931
		51.512161	-0.116215
		51.289406	1.075802
		51.460852	-2.588139
		51.624837	-3.94495
		50.152266	-5.065556
		50.726024	-3.543949
		51.488224	-3.186893
		
c	8 10 6 4 0 3 14 12 13 2 15 5 1 11 9 7	3239.00783033013	0.676099216966987	8	10	6	4	0	3	14	12	13	2	15	5	1	11	9	7		
		54.892406	-2.923222
		55.862982	-4.263554
		53.751959	-0.335941
		53.478239	-2.258549
		52.486125	-1.890507
		53.803895	-1.549931
		50.152266	-5.065556
		51.624837	-3.94495
		50.726024	-3.543949
		51.512161	-0.116215
		51.289406	1.075802
		53.409532	-3.000126
		51.460852	-2.588139
		51.488224	-3.186893
		55.958426	-3.186893
		54.980766	-1.615849
		
c	14 13 5 2 10 9 0 6 4 11 12 8 7 3 15 1	3492.52109093125	0.650747890906875	14	13	5	2	10	9	0	6	4	11	12	8	7	3	15	1		
		50.152266	-5.065556
		50.726024	-3.543949
		53.409532	-3.000126
		51.512161	-0.116215
		55.862982	-4.263554
		55.958426	-3.186893
		52.486125	-1.890507
		53.751959	-0.335941
		53.478239	-2.258549
		51.488224	-3.186893
		51.624837	-3.94495
		54.892406	-2.923222
		54.980766	-1.615849
		53.803895	-1.549931
		51.289406	1.075802
		51.460852	-2.588139
		
c	10 6 3 1 5 12 14 13 15 11 0 9 2 4 8 7	3634.09826688479	0.636590173311521	10	6	3	1	5	12	14	13	15	11	0	9	2	4	8	7		
		55.862982	-4.263554
		53.751959	-0.335941
		53.803895	-1.549931
		51.460852	-2.588139
		53.409532	-3.000126
		51.624837	-3.94495
		50.152266	-5.065556
		50.726024	-3.543949
		51.289406	1.075802
		51.488224	-3.186893
		52.486125	-1.890507
		55.958426	-3.186893
		51.512161	-0.116215
		53.478239	-2.258549
		54.892406	-2.923222
		54.980766	-1.615849
		
c	4 6 3 1 11 15 2 14 5 12 0 8 7 9 10 13	3199.43436778992	0.680056563221008	4	6	3	1	11	15	2	14	5	12	0	8	7	9	10	13		
		53.478239	-2.258549
		53.751959	-0.335941
		53.803895	-1.549931
		51.460852	-2.588139
		51.488224	-3.186893
		51.289406	1.075802
		51.512161	-0.116215
		50.152266	-5.065556
		53.409532	-3.000126
		51.624837	-3.94495
		52.486125	-1.890507
		54.892406	-2.923222
		54.980766	-1.615849
		55.958426	-3.186893
		55.862982	-4.263554
		50.726024	-3.543949
		
c	7 9 8 10 6 4 5 1 12 14 13 0 11 15 2 3	2573.12271464109	0.742687728535891	7	9	8	10	6	4	5	1	12	14	13	0	11	15	2	3		
		54.980766	-1.615849
		55.958426	-3.186893
		54.892406	-2.923222
		55.862982	-4.263554
		53.751959	-0.335941
		53.478239	-2.258549
		53.409532	-3.000126
		51.460852	-2.588139
		51.624837	-3.94495
		50.152266	-5.065556
		50.726024	-3.543949
		52.486125	-1.890507
		51.488224	-3.186893
		51.289406	1.075802
		51.512161	-0.116215
		53.803895	-1.549931
		
c	0 3 4 15 8 7 10 9 5 6 12 14 13 2 1 11	2943.90659612444	0.705609340387557	0	3	4	15	8	7	10	9	5	6	12	14	13	2	1	11		
		52.486125	-1.890507
		53.803895	-1.549931
		53.478239	-2.258549
		51.289406	1.075802
		54.892406	-2.923222
		54.980766	-1.615849
		55.862982	-4.263554
		55.958426	-3.186893
		53.409532	-3.000126
		53.751959	-0.335941
		51.624837	-3.94495
		50.152266	-5.065556
		50.726024	-3.543949
		51.512161	-0.116215
		51.460852	-2.588139
		51.488224	-3.186893
		
c	5 0 4 1 12 14 11 8 15 3 7 6 2 13 9 10	3577.69658709195	0.642230341290805	5	0	4	1	12	14	11	8	15	3	7	6	2	13	9	10		
		53.409532	-3.000126
		52.486125	-1.890507
		53.478239	-2.258549
		51.460852	-2.588139
		51.624837	-3.94495
		50.152266	-5.065556
		51.488224	-3.186893
		54.892406	-2.923222
		51.289406	1.075802
		53.803895	-1.549931
		54.980766	-1.615849
		53.751959	-0.335941
		51.512161	-0.116215
		50.726024	-3.543949
		55.958426	-3.186893
		55.862982	-4.263554
		
c	6 1 11 15 2 14 13 12 5 7 10 9 4 0 8 3	2817.28334644375	0.718271665355624	6	1	11	15	2	14	13	12	5	7	10	9	4	0	8	3		
		53.751959	-0.335941
		51.460852	-2.588139
		51.488224	-3.186893
		51.289406	1.075802
		51.512161	-0.116215
		50.152266	-5.065556
		50.726024	-3.543949
		51.624837	-3.94495
		53.409532	-3.000126
		54.980766	-1.615849
		55.862982	-4.263554
		55.958426	-3.186893
		53.478239	-2.258549
		52.486125	-1.890507
		54.892406	-2.923222
		53.803895	-1.549931
		
c	11 5 0 4 7 9 3 8 12 14 13 1 15 6 2 10	3316.53072958695	0.668346927041305	11	5	0	4	7	9	3	8	12	14	13	1	15	6	2	10		
		51.488224	-3.186893
		53.409532	-3.000126
		52.486125	-1.890507
		53.478239	-2.258549
		54.980766	-1.615849
		55.958426	-3.186893
		53.803895	-1.549931
		54.892406	-2.923222
		51.624837	-3.94495
		50.152266	-5.065556
		50.726024	-3.543949
		51.460852	-2.588139
		51.289406	1.075802
		53.751959	-0.335941
		51.512161	-0.116215
		55.862982	-4.263554
		
c	10 9 11 0 3 5 14 12 13 2 1 15 6 4 8 7	2983.55824025732	0.701644175974268	10	9	11	0	3	5	14	12	13	2	1	15	6	4	8	7		
		55.862982	-4.263554
		55.958426	-3.186893
		51.488224	-3.186893
		52.486125	-1.890507
		53.803895	-1.549931
		53.409532	-3.000126
		50.152266	-5.065556
		51.624837	-3.94495
		50.726024	-3.543949
		51.512161	-0.116215
		51.460852	-2.588139
		51.289406	1.075802
		53.751959	-0.335941
		53.478239	-2.258549
		54.892406	-2.923222
		54.980766	-1.615849
		
c	13 1 15 11 7 9 10 8 14 5 0 4 6 3 12 2	3353.12054128207	0.664687945871793	13	1	15	11	7	9	10	8	14	5	0	4	6	3	12	2		
		50.726024	-3.543949
		51.460852	-2.588139
		51.289406	1.075802
		51.488224	-3.186893
		54.980766	-1.615849
		55.958426	-3.186893
		55.862982	-4.263554
		54.892406	-2.923222
		50.152266	-5.065556
		53.409532	-3.000126
		52.486125	-1.890507
		53.478239	-2.258549
		53.751959	-0.335941
		53.803895	-1.549931
		51.624837	-3.94495
		51.512161	-0.116215
		
c	13 5 4 3 8 11 15 7 10 9 0 6 2 14 1 12	3465.76705776061	0.65342329422394	13	5	4	3	8	11	15	7	10	9	0	6	2	14	1	12		
		50.726024	-3.543949
		53.409532	-3.000126
		53.478239	-2.258549
		53.803895	-1.549931
		54.892406	-2.923222
		51.488224	-3.186893
		51.289406	1.075802
		54.980766	-1.615849
		55.862982	-4.263554
		55.958426	-3.186893
		52.486125	-1.890507
		53.751959	-0.335941
		51.512161	-0.116215
		50.152266	-5.065556
		51.460852	-2.588139
		51.624837	-3.94495
		
c	5 9 11 0 3 14 12 13 2 1 15 6 4 8 7 10	3370.70911951127	0.662929088048873	5	9	11	0	3	14	12	13	2	1	15	6	4	8	7	10		
		53.409532	-3.000126
		55.958426	-3.186893
		51.488224	-3.186893
		52.486125	-1.890507
		53.803895	-1.549931
		50.152266	-5.065556
		51.624837	-3.94495
		50.726024	-3.543949
		51.512161	-0.116215
		51.460852	-2.588139
		51.289406	1.075802
		53.751959	-0.335941
		53.478239	-2.258549
		54.892406	-2.923222
		54.980766	-1.615849
		55.862982	-4.263554
		
c	15 8 5 12 7 10 9 0 4 6 3 11 2 13 14 1	3338.44312485204	0.666155687514796	15	8	5	12	7	10	9	0	4	6	3	11	2	13	14	1		
		51.289406	1.075802
		54.892406	-2.923222
		53.409532	-3.000126
		51.624837	-3.94495
		54.980766	-1.615849
		55.862982	-4.263554
		55.958426	-3.186893
		52.486125	-1.890507
		53.478239	-2.258549
		53.751959	-0.335941
		53.803895	-1.549931
		51.488224	-3.186893
		51.512161	-0.116215
		50.726024	-3.543949
		50.152266	-5.065556
		51.460852	-2.588139
		
c	1 14 13 11 0 4 12 2 15 8 5 6 3 9 7 10	2790.69686135645	0.720930313864355	1	14	13	11	0	4	12	2	15	8	5	6	3	9	7	10		
		51.460852	-2.588139
		50.152266	-5.065556
		50.726024	-3.543949
		51.488224	-3.186893
		52.486125	-1.890507
		53.478239	-2.258549
		51.624837	-3.94495
		51.512161	-0.116215
		51.289406	1.075802
		54.892406	-2.923222
		53.409532	-3.000126
		53.751959	-0.335941
		53.803895	-1.549931
		55.958426	-3.186893
		54.980766	-1.615849
		55.862982	-4.263554
		
c	0 4 6 3 7 2 15 8 5 12 9 10 1 13 14 11	3277.33826401478	0.672266173598522	0	4	6	3	7	2	15	8	5	12	9	10	1	13	14	11		
		52.486125	-1.890507
		53.478239	-2.258549
		53.751959	-0.335941
		53.803895	-1.549931
		54.980766	-1.615849
		51.512161	-0.116215
		51.289406	1.075802
		54.892406	-2.923222
		53.409532	-3.000126
		51.624837	-3.94495
		55.958426	-3.186893
		55.862982	-4.263554
		51.460852	-2.588139
		50.726024	-3.543949
		50.152266	-5.065556
		51.488224	-3.186893
		
c	2 15 11 4 7 9 8 10 6 3 1 12 14 13 0 5	2638.65304695586	0.736134695304414	2	15	11	4	7	9	8	10	6	3	1	12	14	13	0	5		
		51.512161	-0.116215
		51.289406	1.075802
		51.488224	-3.186893
		53.478239	-2.258549
		54.980766	-1.615849
		55.958426	-3.186893
		54.892406	-2.923222
		55.862982	-4.263554
		53.751959	-0.335941
		53.803895	-1.549931
		51.460852	-2.588139
		51.624837	-3.94495
		50.152266	-5.065556
		50.726024	-3.543949
		52.486125	-1.890507
		53.409532	-3.000126
		
c	14 11 0 3 10 9 6 1 15 2 13 5 12 4 8 7	3034.66662179519	0.696533337820481	14	11	0	3	10	9	6	1	15	2	13	5	12	4	8	7		
		50.152266	-5.065556
		51.488224	-3.186893
		52.486125	-1.890507
		53.803895	-1.549931
		55.862982	-4.263554
		55.958426	-3.186893
		53.751959	-0.335941
		51.460852	-2.588139
		51.289406	1.075802
		51.512161	-0.116215
		50.726024	-3.543949
		53.409532	-3.000126
		51.624837	-3.94495
		53.478239	-2.258549
		54.892406	-2.923222
		54.980766	-1.615849
		
c	7 9 5 4 3 15 11 8 6 2 12 0 10 1 13 14	3579.30860581314	0.642069139418686	7	9	5	4	3	15	11	8	6	2	12	0	10	1	13	14		
		54.980766	-1.615849
		55.958426	-3.186893
		53.409532	-3.000126
		53.478239	-2.258549
		53.803895	-1.549931
		51.289406	1.075802
		51.488224	-3.186893
		54.892406	-2.923222
		53.751959	-0.335941
		51.512161	-0.116215
		51.624837	-3.94495
		52.486125	-1.890507
		55.862982	-4.263554
		51.460852	-2.588139
		50.726024	-3.543949
		50.152266	-5.065556
		
c	9 8 10 6 4 5 1 12 14 13 0 11 7 2 15 3	2988.64385282003	0.701135614717997	9	8	10	6	4	5	1	12	14	13	0	11	7	2	15	3		
		55.958426	-3.186893
		54.892406	-2.923222
		55.862982	-4.263554
		53.751959	-0.335941
		53.478239	-2.258549
		53.409532	-3.000126
		51.460852	-2.588139
		51.624837	-3.94495
		50.152266	-5.065556
		50.726024	-3.543949
		52.486125	-1.890507
		51.488224	-3.186893
		54.980766	-1.615849
		51.512161	-0.116215
		51.289406	1.075802
		53.803895	-1.549931
		
c	3 6 4 2 15 8 5 12 0 10 7 9 11 1 14 13	3221.26129124613	0.677873870875387	3	6	4	2	15	8	5	12	0	10	7	9	11	1	14	13		
		53.803895	-1.549931
		53.751959	-0.335941
		53.478239	-2.258549
		51.512161	-0.116215
		51.289406	1.075802
		54.892406	-2.923222
		53.409532	-3.000126
		51.624837	-3.94495
		52.486125	-1.890507
		55.862982	-4.263554
		54.980766	-1.615849
		55.958426	-3.186893
		51.488224	-3.186893
		51.460852	-2.588139
		50.152266	-5.065556
		50.726024	-3.543949
		
c	6 10 5 0 7 9 2 11 1 15 3 8 14 13 12 4	3716.06611524314	0.628393388475686	6	10	5	0	7	9	2	11	1	15	3	8	14	13	12	4		
		53.751959	-0.335941
		55.862982	-4.263554
		53.409532	-3.000126
		52.486125	-1.890507
		54.980766	-1.615849
		55.958426	-3.186893
		51.512161	-0.116215
		51.488224	-3.186893
		51.460852	-2.588139
		51.289406	1.075802
		53.803895	-1.549931
		54.892406	-2.923222
		50.152266	-5.065556
		50.726024	-3.543949
		51.624837	-3.94495
		53.478239	-2.258549
		
c	13 14 1 15 11 0 6 12 2 5 4 3 8 7 9 10	2670.32083416853	0.732967916583147	13	14	1	15	11	0	6	12	2	5	4	3	8	7	9	10		
		50.726024	-3.543949
		50.152266	-5.065556
		51.460852	-2.588139
		51.289406	1.075802
		51.488224	-3.186893
		52.486125	-1.890507
		53.751959	-0.335941
		51.624837	-3.94495
		51.512161	-0.116215
		53.409532	-3.000126
		53.478239	-2.258549
		53.803895	-1.549931
		54.892406	-2.923222
		54.980766	-1.615849
		55.958426	-3.186893
		55.862982	-4.263554
		
c	11 1 15 3 7 9 8 4 6 10 5 0 2 13 14 12	2798.67105106985	0.720132894893015	11	1	15	3	7	9	8	4	6	10	5	0	2	13	14	12		
		51.488224	-3.186893
		51.460852	-2.588139
		51.289406	1.075802
		53.803895	-1.549931
		54.980766	-1.615849
		55.958426	-3.186893
		54.892406	-2.923222
		53.478239	-2.258549
		53.751959	-0.335941
		55.862982	-4.263554
		53.409532	-3.000126
		52.486125	-1.890507
		51.512161	-0.116215
		50.726024	-3.543949
		50.152266	-5.065556
		51.624837	-3.94495
		
c	12 14 13 2 1 15 3 6 4 9 8 7 10 11 0 5	2969.44314926288	0.703055685073712	12	14	13	2	1	15	3	6	4	9	8	7	10	11	0	5		
		51.624837	-3.94495
		50.152266	-5.065556
		50.726024	-3.543949
		51.512161	-0.116215
		51.460852	-2.588139
		51.289406	1.075802
		53.803895	-1.549931
		53.751959	-0.335941
		53.478239	-2.258549
		55.958426	-3.186893
		54.892406	-2.923222
		54.980766	-1.615849
		55.862982	-4.263554
		51.488224	-3.186893
		52.486125	-1.890507
		53.409532	-3.000126
		
c	6 4 9 8 7 10 5 12 14 13 1 15 11 0 2 3	2844.53161476434	0.715546838523565	6	4	9	8	7	10	5	12	14	13	1	15	11	0	2	3		
		53.751959	-0.335941
		53.478239	-2.258549
		55.958426	-3.186893
		54.892406	-2.923222
		54.980766	-1.615849
		55.862982	-4.263554
		53.409532	-3.000126
		51.624837	-3.94495
		50.152266	-5.065556
		50.726024	-3.543949
		51.460852	-2.588139
		51.289406	1.075802
		51.488224	-3.186893
		52.486125	-1.890507
		51.512161	-0.116215
		53.803895	-1.549931
		
c	15 0 3 6 4 7 10 5 13 14 2 8 1 12 11 9	3506.49016825475	0.649350983174525	15	0	3	6	4	7	10	5	13	14	2	8	1	12	11	9		
		51.289406	1.075802
		52.486125	-1.890507
		53.803895	-1.549931
		53.751959	-0.335941
		53.478239	-2.258549
		54.980766	-1.615849
		55.862982	-4.263554
		53.409532	-3.000126
		50.726024	-3.543949
		50.152266	-5.065556
		51.512161	-0.116215
		54.892406	-2.923222
		51.460852	-2.588139
		51.624837	-3.94495
		51.488224	-3.186893
		55.958426	-3.186893
		
c	7 10 9 5 0 1 11 2 8 4 6 3 15 13 14 12	2810.24036974451	0.718975963025549	7	10	9	5	0	1	11	2	8	4	6	3	15	13	14	12		
		54.980766	-1.615849
		55.862982	-4.263554
		55.958426	-3.186893
		53.409532	-3.000126
		52.486125	-1.890507
		51.460852	-2.588139
		51.488224	-3.186893
		51.512161	-0.116215
		54.892406	-2.923222
		53.478239	-2.258549
		53.751959	-0.335941
		53.803895	-1.549931
		51.289406	1.075802
		50.726024	-3.543949
		50.152266	-5.065556
		51.624837	-3.94495
		
c	6 2 14 0 5 4 3 8 13 1 15 11 12 7 9 10	3150.51890624693	0.684948109375307	6	2	14	0	5	4	3	8	13	1	15	11	12	7	9	10		
		53.751959	-0.335941
		51.512161	-0.116215
		50.152266	-5.065556
		52.486125	-1.890507
		53.409532	-3.000126
		53.478239	-2.258549
		53.803895	-1.549931
		54.892406	-2.923222
		50.726024	-3.543949
		51.460852	-2.588139
		51.289406	1.075802
		51.488224	-3.186893
		51.624837	-3.94495
		54.980766	-1.615849
		55.958426	-3.186893
		55.862982	-4.263554
		
c	14 11 0 5 12 13 2 1 15 3 8 7 10 9 4 6	2700.46717413609	0.729953282586391	14	11	0	5	12	13	2	1	15	3	8	7	10	9	4	6		
		50.152266	-5.065556
		51.488224	-3.186893
		52.486125	-1.890507
		53.409532	-3.000126
		51.624837	-3.94495
		50.726024	-3.543949
		51.512161	-0.116215
		51.460852	-2.588139
		51.289406	1.075802
		53.803895	-1.549931
		54.892406	-2.923222
		54.980766	-1.615849
		55.862982	-4.263554
		55.958426	-3.186893
		53.478239	-2.258549
		53.751959	-0.335941
		
c	10 5 12 14 13 1 2 15 11 0 6 4 9 8 7 3	2523.86417186274	0.747613582813726	10	5	12	14	13	1	2	15	11	0	6	4	9	8	7	3		
		55.862982	-4.263554
		53.409532	-3.000126
		51.624837	-3.94495
		50.152266	-5.065556
		50.726024	-3.543949
		51.460852	-2.588139
		51.512161	-0.116215
		51.289406	1.075802
		51.488224	-3.186893
		52.486125	-1.890507
		53.751959	-0.335941
		53.478239	-2.258549
		55.958426	-3.186893
		54.892406	-2.923222
		54.980766	-1.615849
		53.803895	-1.549931
		
c	4 7 9 10 8 15 1 5 14 13 0 3 6 2 12 11	3017.17580203336	0.698282419796664	4	7	9	10	8	15	1	5	14	13	0	3	6	2	12	11		
		53.478239	-2.258549
		54.980766	-1.615849
		55.958426	-3.186893
		55.862982	-4.263554
		54.892406	-2.923222
		51.289406	1.075802
		51.460852	-2.588139
		53.409532	-3.000126
		50.152266	-5.065556
		50.726024	-3.543949
		52.486125	-1.890507
		53.803895	-1.549931
		53.751959	-0.335941
		51.512161	-0.116215
		51.624837	-3.94495
		51.488224	-3.186893
		
c	8 10 6 4 5 1 12 14 13 0 11 15 2 3 7 9	2584.35662381608	0.741564337618392	8	10	6	4	5	1	12	14	13	0	11	15	2	3	7	9		
		54.892406	-2.923222
		55.862982	-4.263554
		53.751959	-0.335941
		53.478239	-2.258549
		53.409532	-3.000126
		51.460852	-2.588139
		51.624837	-3.94495
		50.152266	-5.065556
		50.726024	-3.543949
		52.486125	-1.890507
		51.488224	-3.186893
		51.289406	1.075802
		51.512161	-0.116215
		53.803895	-1.549931
		54.980766	-1.615849
		55.958426	-3.186893
		
c	10 7 9 5 4 3 15 11 8 6 1 12 14 13 0 2	3038.62931371628	0.696137068628372	10	7	9	5	4	3	15	11	8	6	1	12	14	13	0	2		
		55.862982	-4.263554
		54.980766	-1.615849
		55.958426	-3.186893
		53.409532	-3.000126
		53.478239	-2.258549
		53.803895	-1.549931
		51.289406	1.075802
		51.488224	-3.186893
		54.892406	-2.923222
		53.751959	-0.335941
		51.460852	-2.588139
		51.624837	-3.94495
		50.152266	-5.065556
		50.726024	-3.543949
		52.486125	-1.890507
		51.512161	-0.116215
		
c	15 8 7 10 9 5 0 4 6 2 13 14 1 12 11 3	2767.53639976997	0.723246360023003	15	8	7	10	9	5	0	4	6	2	13	14	1	12	11	3		
		51.289406	1.075802
		54.892406	-2.923222
		54.980766	-1.615849
		55.862982	-4.263554
		55.958426	-3.186893
		53.409532	-3.000126
		52.486125	-1.890507
		53.478239	-2.258549
		53.751959	-0.335941
		51.512161	-0.116215
		50.726024	-3.543949
		50.152266	-5.065556
		51.460852	-2.588139
		51.624837	-3.94495
		51.488224	-3.186893
		53.803895	-1.549931
		
c	8 7 10 9 3 6 4 1 5 13 2 15 14 0 12 11	2918.6229105811	0.70813770894189	8	7	10	9	3	6	4	1	5	13	2	15	14	0	12	11		
		54.892406	-2.923222
		54.980766	-1.615849
		55.862982	-4.263554
		55.958426	-3.186893
		53.803895	-1.549931
		53.751959	-0.335941
		53.478239	-2.258549
		51.460852	-2.588139
		53.409532	-3.000126
		50.726024	-3.543949
		51.512161	-0.116215
		51.289406	1.075802
		50.152266	-5.065556
		52.486125	-1.890507
		51.624837	-3.94495
		51.488224	-3.186893
		
c	1 5 4 2 15 13 12 14 8 6 3 7 10 9 0 11	2998.13458450087	0.700186541549913	1	5	4	2	15	13	12	14	8	6	3	7	10	9	0	11		
		51.460852	-2.588139
		53.409532	-3.000126
		53.478239	-2.258549
		51.512161	-0.116215
		51.289406	1.075802
		50.726024	-3.543949
		51.624837	-3.94495
		50.152266	-5.065556
		54.892406	-2.923222
		53.751959	-0.335941
		53.803895	-1.549931
		54.980766	-1.615849
		55.862982	-4.263554
		55.958426	-3.186893
		52.486125	-1.890507
		51.488224	-3.186893
		
c	7 10 9 3 6 2 11 0 5 15 8 4 12 14 13 1	2989.77989192391	0.701022010807609	7	10	9	3	6	2	11	0	5	15	8	4	12	14	13	1		
		54.980766	-1.615849
		55.862982	-4.263554
		55.958426	-3.186893
		53.803895	-1.549931
		53.751959	-0.335941
		51.512161	-0.116215
		51.488224	-3.186893
		52.486125	-1.890507
		53.409532	-3.000126
		51.289406	1.075802
		54.892406	-2.923222
		53.478239	-2.258549
		51.624837	-3.94495
		50.152266	-5.065556
		50.726024	-3.543949
		51.460852	-2.588139
		
c	2 7 9 10 3 6 4 15 8 5 12 0 1 13 14 11	3021.19850196984	0.697880149803016	2	7	9	10	3	6	4	15	8	5	12	0	1	13	14	11		
		51.512161	-0.116215
		54.980766	-1.615849
		55.958426	-3.186893
		55.862982	-4.263554
		53.803895	-1.549931
		53.751959	-0.335941
		53.478239	-2.258549
		51.289406	1.075802
		54.892406	-2.923222
		53.409532	-3.000126
		51.624837	-3.94495
		52.486125	-1.890507
		51.460852	-2.588139
		50.726024	-3.543949
		50.152266	-5.065556
		51.488224	-3.186893
		
c	2 11 0 5 15 8 7 10 9 3 6 4 1 13 14 12	2781.62283195318	0.721837716804682	2	11	0	5	15	8	7	10	9	3	6	4	1	13	14	12		
		51.512161	-0.116215
		51.488224	-3.186893
		52.486125	-1.890507
		53.409532	-3.000126
		51.289406	1.075802
		54.892406	-2.923222
		54.980766	-1.615849
		55.862982	-4.263554
		55.958426	-3.186893
		53.803895	-1.549931
		53.751959	-0.335941
		53.478239	-2.258549
		51.460852	-2.588139
		50.726024	-3.543949
		50.152266	-5.065556
		51.624837	-3.94495
		
c	9 11 0 3 5 14 12 13 2 1 15 6 4 8 7 10	3109.360814494	0.6890639185506	9	11	0	3	5	14	12	13	2	1	15	6	4	8	7	10		
		55.958426	-3.186893
		51.488224	-3.186893
		52.486125	-1.890507
		53.803895	-1.549931
		53.409532	-3.000126
		50.152266	-5.065556
		51.624837	-3.94495
		50.726024	-3.543949
		51.512161	-0.116215
		51.460852	-2.588139
		51.289406	1.075802
		53.751959	-0.335941
		53.478239	-2.258549
		54.892406	-2.923222
		54.980766	-1.615849
		55.862982	-4.263554
		
c	9 8 7 10 5 12 14 13 1 15 2 11 0 3 6 4	2357.67027340217	0.764232972659783	9	8	7	10	5	12	14	13	1	15	2	11	0	3	6	4		
		55.958426	-3.186893
		54.892406	-2.923222
		54.980766	-1.615849
		55.862982	-4.263554
		53.409532	-3.000126
		51.624837	-3.94495
		50.152266	-5.065556
		50.726024	-3.543949
		51.460852	-2.588139
		51.289406	1.075802
		51.512161	-0.116215
		51.488224	-3.186893
		52.486125	-1.890507
		53.803895	-1.549931
		53.751959	-0.335941
		53.478239	-2.258549
		
c	15 6 2 14 0 5 4 3 8 7 1 12 13 11 9 10	2978.31182308657	0.702168817691343	15	6	2	14	0	5	4	3	8	7	1	12	13	11	9	10		
		51.289406	1.075802
		53.751959	-0.335941
		51.512161	-0.116215
		50.152266	-5.065556
		52.486125	-1.890507
		53.409532	-3.000126
		53.478239	-2.258549
		53.803895	-1.549931
		54.892406	-2.923222
		54.980766	-1.615849
		51.460852	-2.588139
		51.624837	-3.94495
		50.726024	-3.543949
		51.488224	-3.186893
		55.958426	-3.186893
		55.862982	-4.263554
		
c	0 4 6 3 8 7 10 9 5 11 2 15 13 14 1 12	2392.84024772675	0.760715975227325	0	4	6	3	8	7	10	9	5	11	2	15	13	14	1	12		
		52.486125	-1.890507
		53.478239	-2.258549
		53.751959	-0.335941
		53.803895	-1.549931
		54.892406	-2.923222
		54.980766	-1.615849
		55.862982	-4.263554
		55.958426	-3.186893
		53.409532	-3.000126
		51.488224	-3.186893
		51.512161	-0.116215
		51.289406	1.075802
		50.726024	-3.543949
		50.152266	-5.065556
		51.460852	-2.588139
		51.624837	-3.94495
		
c	2 14 13 0 12 6 10 7 9 3 4 8 5 1 15 11	3343.45184672457	0.665654815327543	2	14	13	0	12	6	10	7	9	3	4	8	5	1	15	11		
		51.512161	-0.116215
		50.152266	-5.065556
		50.726024	-3.543949
		52.486125	-1.890507
		51.624837	-3.94495
		53.751959	-0.335941
		55.862982	-4.263554
		54.980766	-1.615849
		55.958426	-3.186893
		53.803895	-1.549931
		53.478239	-2.258549
		54.892406	-2.923222
		53.409532	-3.000126
		51.460852	-2.588139
		51.289406	1.075802
		51.488224	-3.186893
		
c	5 0 4 6 3 12 14 13 2 7 9 10 8 15 1 11	2831.1873208411	0.71688126791589	5	0	4	6	3	12	14	13	2	7	9	10	8	15	1	11		
		53.409532	-3.000126
		52.486125	-1.890507
		53.478239	-2.258549
		53.751959	-0.335941
		53.803895	-1.549931
		51.624837	-3.94495
		50.152266	-5.065556
		50.726024	-3.543949
		51.512161	-0.116215
		54.980766	-1.615849
		55.958426	-3.186893
		55.862982	-4.263554
		54.892406	-2.923222
		51.289406	1.075802
		51.460852	-2.588139
		51.488224	-3.186893
		
c	14 13 0 12 5 7 10 9 6 2 11 1 15 3 8 4	2897.32707256275	0.710267292743725	14	13	0	12	5	7	10	9	6	2	11	1	15	3	8	4		
		50.152266	-5.065556
		50.726024	-3.543949
		52.486125	-1.890507
		51.624837	-3.94495
		53.409532	-3.000126
		54.980766	-1.615849
		55.862982	-4.263554
		55.958426	-3.186893
		53.751959	-0.335941
		51.512161	-0.116215
		51.488224	-3.186893
		51.460852	-2.588139
		51.289406	1.075802
		53.803895	-1.549931
		54.892406	-2.923222
		53.478239	-2.258549
		
c	1 12 14 13 11 0 4 9 8 15 2 3 6 5 7 10	2638.12863251076	0.736187136748924	1	12	14	13	11	0	4	9	8	15	2	3	6	5	7	10		
		51.460852	-2.588139
		51.624837	-3.94495
		50.152266	-5.065556
		50.726024	-3.543949
		51.488224	-3.186893
		52.486125	-1.890507
		53.478239	-2.258549
		55.958426	-3.186893
		54.892406	-2.923222
		51.289406	1.075802
		51.512161	-0.116215
		53.803895	-1.549931
		53.751959	-0.335941
		53.409532	-3.000126
		54.980766	-1.615849
		55.862982	-4.263554
		
c	12 0 9 10 5 4 6 3 14 13 2 7 8 15 1 11	3290.05013753248	0.670994986246752	12	0	9	10	5	4	6	3	14	13	2	7	8	15	1	11		
		51.624837	-3.94495
		52.486125	-1.890507
		55.958426	-3.186893
		55.862982	-4.263554
		53.409532	-3.000126
		53.478239	-2.258549
		53.751959	-0.335941
		53.803895	-1.549931
		50.152266	-5.065556
		50.726024	-3.543949
		51.512161	-0.116215
		54.980766	-1.615849
		54.892406	-2.923222
		51.289406	1.075802
		51.460852	-2.588139
		51.488224	-3.186893
		
c	13 1 15 4 3 9 10 8 6 7 5 12 14 2 11 0	2908.81507684473	0.709118492315527	13	1	15	4	3	9	10	8	6	7	5	12	14	2	11	0		
		50.726024	-3.543949
		51.460852	-2.588139
		51.289406	1.075802
		53.478239	-2.258549
		53.803895	-1.549931
		55.958426	-3.186893
		55.862982	-4.263554
		54.892406	-2.923222
		53.751959	-0.335941
		54.980766	-1.615849
		53.409532	-3.000126
		51.624837	-3.94495
		50.152266	-5.065556
		51.512161	-0.116215
		51.488224	-3.186893
		52.486125	-1.890507
		
c	4 5 3 12 14 13 0 7 2 9 10 8 15 1 11 6	3489.50905504091	0.651049094495909	4	5	3	12	14	13	0	7	2	9	10	8	15	1	11	6		
		53.478239	-2.258549
		53.409532	-3.000126
		53.803895	-1.549931
		51.624837	-3.94495
		50.152266	-5.065556
		50.726024	-3.543949
		52.486125	-1.890507
		54.980766	-1.615849
		51.512161	-0.116215
		55.958426	-3.186893
		55.862982	-4.263554
		54.892406	-2.923222
		51.289406	1.075802
		51.460852	-2.588139
		51.488224	-3.186893
		53.751959	-0.335941
		
c	10 5 12 14 13 1 2 15 11 0 4 3 9 8 6 7	2525.13081699675	0.747486918300325	10	5	12	14	13	1	2	15	11	0	4	3	9	8	6	7		
		55.862982	-4.263554
		53.409532	-3.000126
		51.624837	-3.94495
		50.152266	-5.065556
		50.726024	-3.543949
		51.460852	-2.588139
		51.512161	-0.116215
		51.289406	1.075802
		51.488224	-3.186893
		52.486125	-1.890507
		53.478239	-2.258549
		53.803895	-1.549931
		55.958426	-3.186893
		54.892406	-2.923222
		53.751959	-0.335941
		54.980766	-1.615849
		
c	10 8 15 5 1 13 14 11 0 6 4 3 12 7 2 9	3763.64591412016	0.623635408587984	10	8	15	5	1	13	14	11	0	6	4	3	12	7	2	9		
		55.862982	-4.263554
		54.892406	-2.923222
		51.289406	1.075802
		53.409532	-3.000126
		51.460852	-2.588139
		50.726024	-3.543949
		50.152266	-5.065556
		51.488224	-3.186893
		52.486125	-1.890507
		53.751959	-0.335941
		53.478239	-2.258549
		53.803895	-1.549931
		51.624837	-3.94495
		54.980766	-1.615849
		51.512161	-0.116215
		55.958426	-3.186893
		
c	12 4 6 3 7 10 9 5 0 1 11 2 15 13 14 8	2713.99748613027	0.728600251386973	12	4	6	3	7	10	9	5	0	1	11	2	15	13	14	8		
		51.624837	-3.94495
		53.478239	-2.258549
		53.751959	-0.335941
		53.803895	-1.549931
		54.980766	-1.615849
		55.862982	-4.263554
		55.958426	-3.186893
		53.409532	-3.000126
		52.486125	-1.890507
		51.460852	-2.588139
		51.488224	-3.186893
		51.512161	-0.116215
		51.289406	1.075802
		50.726024	-3.543949
		50.152266	-5.065556
		54.892406	-2.923222
		
c	1 11 15 2 14 12 7 9 5 4 8 10 6 3 13 0	3188.41076472437	0.681158923527563	1	11	15	2	14	12	7	9	5	4	8	10	6	3	13	0		
		51.460852	-2.588139
		51.488224	-3.186893
		51.289406	1.075802
		51.512161	-0.116215
		50.152266	-5.065556
		51.624837	-3.94495
		54.980766	-1.615849
		55.958426	-3.186893
		53.409532	-3.000126
		53.478239	-2.258549
		54.892406	-2.923222
		55.862982	-4.263554
		53.751959	-0.335941
		53.803895	-1.549931
		50.726024	-3.543949
		52.486125	-1.890507
		
c	6 4 1 14 11 0 5 12 13 2 15 3 8 7 10 9	2530.68897349452	0.746931102650548	6	4	1	14	11	0	5	12	13	2	15	3	8	7	10	9		
		53.751959	-0.335941
		53.478239	-2.258549
		51.460852	-2.588139
		50.152266	-5.065556
		51.488224	-3.186893
		52.486125	-1.890507
		53.409532	-3.000126
		51.624837	-3.94495
		50.726024	-3.543949
		51.512161	-0.116215
		51.289406	1.075802
		53.803895	-1.549931
		54.892406	-2.923222
		54.980766	-1.615849
		55.862982	-4.263554
		55.958426	-3.186893
		
c	9 5 4 2 15 10 6 1 11 14 13 12 0 3 8 7	2963.04165700976	0.703695834299024	9	5	4	2	15	10	6	1	11	14	13	12	0	3	8	7		
		55.958426	-3.186893
		53.409532	-3.000126
		53.478239	-2.258549
		51.512161	-0.116215
		51.289406	1.075802
		55.862982	-4.263554
		53.751959	-0.335941
		51.460852	-2.588139
		51.488224	-3.186893
		50.152266	-5.065556
		50.726024	-3.543949
		51.624837	-3.94495
		52.486125	-1.890507
		53.803895	-1.549931
		54.892406	-2.923222
		54.980766	-1.615849
		
c	10 7 2 1 11 15 0 5 12 13 14 4 9 8 3 6	2958.04801503461	0.70419519849654	10	7	2	1	11	15	0	5	12	13	14	4	9	8	3	6		
		55.862982	-4.263554
		54.980766	-1.615849
		51.512161	-0.116215
		51.460852	-2.588139
		51.488224	-3.186893
		51.289406	1.075802
		52.486125	-1.890507
		53.409532	-3.000126
		51.624837	-3.94495
		50.726024	-3.543949
		50.152266	-5.065556
		53.478239	-2.258549
		55.958426	-3.186893
		54.892406	-2.923222
		53.803895	-1.549931
		53.751959	-0.335941
		
c	0 3 10 9 6 1 15 2 13 5 12 11 7 8 14 4	3715.63812008803	0.628436187991197	0	3	10	9	6	1	15	2	13	5	12	11	7	8	14	4		
		52.486125	-1.890507
		53.803895	-1.549931
		55.862982	-4.263554
		55.958426	-3.186893
		53.751959	-0.335941
		51.460852	-2.588139
		51.289406	1.075802
		51.512161	-0.116215
		50.726024	-3.543949
		53.409532	-3.000126
		51.624837	-3.94495
		51.488224	-3.186893
		54.980766	-1.615849
		54.892406	-2.923222
		50.152266	-5.065556
		53.478239	-2.258549
		
c	11 5 12 14 13 0 3 2 1 15 7 9 8 10 6 4	3129.3331929311	0.68706668070689	11	5	12	14	13	0	3	2	1	15	7	9	8	10	6	4		
		51.488224	-3.186893
		53.409532	-3.000126
		51.624837	-3.94495
		50.152266	-5.065556
		50.726024	-3.543949
		52.486125	-1.890507
		53.803895	-1.549931
		51.512161	-0.116215
		51.460852	-2.588139
		51.289406	1.075802
		54.980766	-1.615849
		55.958426	-3.186893
		54.892406	-2.923222
		55.862982	-4.263554
		53.751959	-0.335941
		53.478239	-2.258549
		
c	7 8 3 6 1 15 2 14 0 12 5 11 10 9 13 4	3724.48546353986	0.627551453646014	7	8	3	6	1	15	2	14	0	12	5	11	10	9	13	4		
		54.980766	-1.615849
		54.892406	-2.923222
		53.803895	-1.549931
		53.751959	-0.335941
		51.460852	-2.588139
		51.289406	1.075802
		51.512161	-0.116215
		50.152266	-5.065556
		52.486125	-1.890507
		51.624837	-3.94495
		53.409532	-3.000126
		51.488224	-3.186893
		55.862982	-4.263554
		55.958426	-3.186893
		50.726024	-3.543949
		53.478239	-2.258549
		
c	8 7 10 5 12 14 13 1 2 15 11 0 3 9 6 4	2725.41184165762	0.727458815834238	8	7	10	5	12	14	13	1	2	15	11	0	3	9	6	4		
		54.892406	-2.923222
		54.980766	-1.615849
		55.862982	-4.263554
		53.409532	-3.000126
		51.624837	-3.94495
		50.152266	-5.065556
		50.726024	-3.543949
		51.460852	-2.588139
		51.512161	-0.116215
		51.289406	1.075802
		51.488224	-3.186893
		52.486125	-1.890507
		53.803895	-1.549931
		55.958426	-3.186893
		53.751959	-0.335941
		53.478239	-2.258549
		
c	7 10 9 5 0 4 6 3 12 14 13 2 8 15 1 11	3045.73759732172	0.695426240267828	7	10	9	5	0	4	6	3	12	14	13	2	8	15	1	11		
		54.980766	-1.615849
		55.862982	-4.263554
		55.958426	-3.186893
		53.409532	-3.000126
		52.486125	-1.890507
		53.478239	-2.258549
		53.751959	-0.335941
		53.803895	-1.549931
		51.624837	-3.94495
		50.152266	-5.065556
		50.726024	-3.543949
		51.512161	-0.116215
		54.892406	-2.923222
		51.289406	1.075802
		51.460852	-2.588139
		51.488224	-3.186893
		
c	7 8 3 6 11 15 2 0 5 4 14 13 1 9 10 12	3042.29225144141	0.695770774855859	7	8	3	6	11	15	2	0	5	4	14	13	1	9	10	12		
		54.980766	-1.615849
		54.892406	-2.923222
		53.803895	-1.549931
		53.751959	-0.335941
		51.488224	-3.186893
		51.289406	1.075802
		51.512161	-0.116215
		52.486125	-1.890507
		53.409532	-3.000126
		53.478239	-2.258549
		50.152266	-5.065556
		50.726024	-3.543949
		51.460852	-2.588139
		55.958426	-3.186893
		55.862982	-4.263554
		51.624837	-3.94495
		
c	0 7 9 15 8 10 5 4 6 3 12 14 13 2 1 11	3243.80642096718	0.675619357903282	0	7	9	15	8	10	5	4	6	3	12	14	13	2	1	11		
		52.486125	-1.890507
		54.980766	-1.615849
		55.958426	-3.186893
		51.289406	1.075802
		54.892406	-2.923222
		55.862982	-4.263554
		53.409532	-3.000126
		53.478239	-2.258549
		53.751959	-0.335941
		53.803895	-1.549931
		51.624837	-3.94495
		50.152266	-5.065556
		50.726024	-3.543949
		51.512161	-0.116215
		51.460852	-2.588139
		51.488224	-3.186893
		
c	2 13 14 1 15 11 0 6 12 7 9 5 4 3 8 10	3045.3556878548	0.69546443121452	2	13	14	1	15	11	0	6	12	7	9	5	4	3	8	10		
		51.512161	-0.116215
		50.726024	-3.543949
		50.152266	-5.065556
		51.460852	-2.588139
		51.289406	1.075802
		51.488224	-3.186893
		52.486125	-1.890507
		53.751959	-0.335941
		51.624837	-3.94495
		54.980766	-1.615849
		55.958426	-3.186893
		53.409532	-3.000126
		53.478239	-2.258549
		53.803895	-1.549931
		54.892406	-2.923222
		55.862982	-4.263554
		
c	13 11 0 4 9 8 15 2 3 5 6 10 7 12 1 14	3134.86360599554	0.686513639400446	13	11	0	4	9	8	15	2	3	5	6	10	7	12	1	14		
		50.726024	-3.543949
		51.488224	-3.186893
		52.486125	-1.890507
		53.478239	-2.258549
		55.958426	-3.186893
		54.892406	-2.923222
		51.289406	1.075802
		51.512161	-0.116215
		53.803895	-1.549931
		53.409532	-3.000126
		53.751959	-0.335941
		55.862982	-4.263554
		54.980766	-1.615849
		51.624837	-3.94495
		51.460852	-2.588139
		50.152266	-5.065556
		
c	10 7 12 1 2 15 13 14 8 3 6 11 0 4 9 5	3319.77037963691	0.668022962036309	10	7	12	1	2	15	13	14	8	3	6	11	0	4	9	5		
		55.862982	-4.263554
		54.980766	-1.615849
		51.624837	-3.94495
		51.460852	-2.588139
		51.512161	-0.116215
		51.289406	1.075802
		50.726024	-3.543949
		50.152266	-5.065556
		54.892406	-2.923222
		53.803895	-1.549931
		53.751959	-0.335941
		51.488224	-3.186893
		52.486125	-1.890507
		53.478239	-2.258549
		55.958426	-3.186893
		53.409532	-3.000126
		
c	7 10 5 12 14 13 1 2 15 11 0 3 9 8 6 4	2665.60104981271	0.733439895018729	7	10	5	12	14	13	1	2	15	11	0	3	9	8	6	4		
		54.980766	-1.615849
		55.862982	-4.263554
		53.409532	-3.000126
		51.624837	-3.94495
		50.152266	-5.065556
		50.726024	-3.543949
		51.460852	-2.588139
		51.512161	-0.116215
		51.289406	1.075802
		51.488224	-3.186893
		52.486125	-1.890507
		53.803895	-1.549931
		55.958426	-3.186893
		54.892406	-2.923222
		53.751959	-0.335941
		53.478239	-2.258549
		
c	6 13 11 7 8 3 1 15 2 14 0 12 5 4 9 10	3234.79189935942	0.676520810064058	6	13	11	7	8	3	1	15	2	14	0	12	5	4	9	10		
		53.751959	-0.335941
		50.726024	-3.543949
		51.488224	-3.186893
		54.980766	-1.615849
		54.892406	-2.923222
		53.803895	-1.549931
		51.460852	-2.588139
		51.289406	1.075802
		51.512161	-0.116215
		50.152266	-5.065556
		52.486125	-1.890507
		51.624837	-3.94495
		53.409532	-3.000126
		53.478239	-2.258549
		55.958426	-3.186893
		55.862982	-4.263554
		
c	7 1 12 13 3 6 4 2 15 8 5 0 9 10 14 11	3595.31647338588	0.640468352661412	7	1	12	13	3	6	4	2	15	8	5	0	9	10	14	11		
		54.980766	-1.615849
		51.460852	-2.588139
		51.624837	-3.94495
		50.726024	-3.543949
		53.803895	-1.549931
		53.751959	-0.335941
		53.478239	-2.258549
		51.512161	-0.116215
		51.289406	1.075802
		54.892406	-2.923222
		53.409532	-3.000126
		52.486125	-1.890507
		55.958426	-3.186893
		55.862982	-4.263554
		50.152266	-5.065556
		51.488224	-3.186893
		
c	8 7 3 6 1 11 15 2 14 13 0 12 5 4 9 10	2525.16599567849	0.747483400432151	8	7	3	6	1	11	15	2	14	13	0	12	5	4	9	10		
		54.892406	-2.923222
		54.980766	-1.615849
		53.803895	-1.549931
		53.751959	-0.335941
		51.460852	-2.588139
		51.488224	-3.186893
		51.289406	1.075802
		51.512161	-0.116215
		50.152266	-5.065556
		50.726024	-3.543949
		52.486125	-1.890507
		51.624837	-3.94495
		53.409532	-3.000126
		53.478239	-2.258549
		55.958426	-3.186893
		55.862982	-4.263554
		
c	0 9 10 1 15 6 2 14 5 4 3 8 7 12 13 11	3466.49954389887	0.653350045610113	0	9	10	1	15	6	2	14	5	4	3	8	7	12	13	11		
		52.486125	-1.890507
		55.958426	-3.186893
		55.862982	-4.263554
		51.460852	-2.588139
		51.289406	1.075802
		53.751959	-0.335941
		51.512161	-0.116215
		50.152266	-5.065556
		53.409532	-3.000126
		53.478239	-2.258549
		53.803895	-1.549931
		54.892406	-2.923222
		54.980766	-1.615849
		51.624837	-3.94495
		50.726024	-3.543949
		51.488224	-3.186893
		
c	12 14 13 11 0 4 9 8 15 2 3 10 7 1 5 6	3168.60092771897	0.683139907228103	12	14	13	11	0	4	9	8	15	2	3	10	7	1	5	6		
		51.624837	-3.94495
		50.152266	-5.065556
		50.726024	-3.543949
		51.488224	-3.186893
		52.486125	-1.890507
		53.478239	-2.258549
		55.958426	-3.186893
		54.892406	-2.923222
		51.289406	1.075802
		51.512161	-0.116215
		53.803895	-1.549931
		55.862982	-4.263554
		54.980766	-1.615849
		51.460852	-2.588139
		53.409532	-3.000126
		53.751959	-0.335941
		
c	10 6 14 12 13 2 15 5 3 1 11 0 4 9 8 7	3006.4982583802	0.69935017416198	10	6	14	12	13	2	15	5	3	1	11	0	4	9	8	7		
		55.862982	-4.263554
		53.751959	-0.335941
		50.152266	-5.065556
		51.624837	-3.94495
		50.726024	-3.543949
		51.512161	-0.116215
		51.289406	1.075802
		53.409532	-3.000126
		53.803895	-1.549931
		51.460852	-2.588139
		51.488224	-3.186893
		52.486125	-1.890507
		53.478239	-2.258549
		55.958426	-3.186893
		54.892406	-2.923222
		54.980766	-1.615849
		
c	10 9 6 1 11 15 2 14 13 5 12 0 3 4 8 7	2732.713739871	0.7267286260129	10	9	6	1	11	15	2	14	13	5	12	0	3	4	8	7		
		55.862982	-4.263554
		55.958426	-3.186893
		53.751959	-0.335941
		51.460852	-2.588139
		51.488224	-3.186893
		51.289406	1.075802
		51.512161	-0.116215
		50.152266	-5.065556
		50.726024	-3.543949
		53.409532	-3.000126
		51.624837	-3.94495
		52.486125	-1.890507
		53.803895	-1.549931
		53.478239	-2.258549
		54.892406	-2.923222
		54.980766	-1.615849
		
c	1 11 14 0 3 10 9 6 15 2 13 5 12 4 8 7	3013.04018465178	0.698695981534821	1	11	14	0	3	10	9	6	15	2	13	5	12	4	8	7		
		51.460852	-2.588139
		51.488224	-3.186893
		50.152266	-5.065556
		52.486125	-1.890507
		53.803895	-1.549931
		55.862982	-4.263554
		55.958426	-3.186893
		53.751959	-0.335941
		51.289406	1.075802
		51.512161	-0.116215
		50.726024	-3.543949
		53.409532	-3.000126
		51.624837	-3.94495
		53.478239	-2.258549
		54.892406	-2.923222
		54.980766	-1.615849
		
c	8 10 7 2 11 0 9 6 1 15 14 13 5 12 3 4	3771.34819562964	0.622865180437036	8	10	7	2	11	0	9	6	1	15	14	13	5	12	3	4		
		54.892406	-2.923222
		55.862982	-4.263554
		54.980766	-1.615849
		51.512161	-0.116215
		51.488224	-3.186893
		52.486125	-1.890507
		55.958426	-3.186893
		53.751959	-0.335941
		51.460852	-2.588139
		51.289406	1.075802
		50.152266	-5.065556
		50.726024	-3.543949
		53.409532	-3.000126
		51.624837	-3.94495
		53.803895	-1.549931
		53.478239	-2.258549
		
c	8 7 10 5 12 14 13 2 1 15 11 0 3 6 4 9	2838.24016837539	0.716175983162461	8	7	10	5	12	14	13	2	1	15	11	0	3	6	4	9		
		54.892406	-2.923222
		54.980766	-1.615849
		55.862982	-4.263554
		53.409532	-3.000126
		51.624837	-3.94495
		50.152266	-5.065556
		50.726024	-3.543949
		51.512161	-0.116215
		51.460852	-2.588139
		51.289406	1.075802
		51.488224	-3.186893
		52.486125	-1.890507
		53.803895	-1.549931
		53.751959	-0.335941
		53.478239	-2.258549
		55.958426	-3.186893
		
c	6 1 11 15 2 14 8 10 7 0 5 12 13 3 4 9	3403.96818578963	0.659603181421037	6	1	11	15	2	14	8	10	7	0	5	12	13	3	4	9		
		53.751959	-0.335941
		51.460852	-2.588139
		51.488224	-3.186893
		51.289406	1.075802
		51.512161	-0.116215
		50.152266	-5.065556
		54.892406	-2.923222
		55.862982	-4.263554
		54.980766	-1.615849
		52.486125	-1.890507
		53.409532	-3.000126
		51.624837	-3.94495
		50.726024	-3.543949
		53.803895	-1.549931
		53.478239	-2.258549
		55.958426	-3.186893
		
c	10 6 14 12 13 2 1 11 0 4 9 8 15 3 5 7	3383.03617188791	0.661696382811209	10	6	14	12	13	2	1	11	0	4	9	8	15	3	5	7		
		55.862982	-4.263554
		53.751959	-0.335941
		50.152266	-5.065556
		51.624837	-3.94495
		50.726024	-3.543949
		51.512161	-0.116215
		51.460852	-2.588139
		51.488224	-3.186893
		52.486125	-1.890507
		53.478239	-2.258549
		55.958426	-3.186893
		54.892406	-2.923222
		51.289406	1.075802
		53.803895	-1.549931
		53.409532	-3.000126
		54.980766	-1.615849
		
c	14 13 11 0 4 9 7 8 10 6 12 2 15 5 3 1	2892.19802659451	0.710780197340549	14	13	11	0	4	9	7	8	10	6	12	2	15	5	3	1		
		50.152266	-5.065556
		50.726024	-3.543949
		51.488224	-3.186893
		52.486125	-1.890507
		53.478239	-2.258549
		55.958426	-3.186893
		54.980766	-1.615849
		54.892406	-2.923222
		55.862982	-4.263554
		53.751959	-0.335941
		51.624837	-3.94495
		51.512161	-0.116215
		51.289406	1.075802
		53.409532	-3.000126
		53.803895	-1.549931
		51.460852	-2.588139
		
c	14 13 11 0 4 12 2 15 8 5 6 3 1 9 7 10	3073.82833010492	0.692617166989508	14	13	11	0	4	12	2	15	8	5	6	3	1	9	7	10		
		50.152266	-5.065556
		50.726024	-3.543949
		51.488224	-3.186893
		52.486125	-1.890507
		53.478239	-2.258549
		51.624837	-3.94495
		51.512161	-0.116215
		51.289406	1.075802
		54.892406	-2.923222
		53.409532	-3.000126
		53.751959	-0.335941
		53.803895	-1.549931
		51.460852	-2.588139
		55.958426	-3.186893
		54.980766	-1.615849
		55.862982	-4.263554
		
g12		2276.62053323469	0.772337946676531	0	8	4	6	3	7	10	9	5	0	1	11	2	15	13	14	12		
		54.892406	-2.923222
		53.478239	-2.258549
		53.751959	-0.335941
		53.803895	-1.549931
		54.980766	-1.615849
		55.862982	-4.263554
		55.958426	-3.186893
		53.409532	-3.000126
		52.486125	-1.890507
		51.460852	-2.588139
		51.488224	-3.186893
		51.512161	-0.116215
		51.289406	1.075802
		50.726024	-3.543949
		50.152266	-5.065556
		51.624837	-3.94495
		
g12		2316.63350191196	0.768336649808804	1	12	14	13	11	0	4	8	7	10	9	5	6	3	2	15	1		
		51.624837	-3.94495
		50.152266	-5.065556
		50.726024	-3.543949
		51.488224	-3.186893
		52.486125	-1.890507
		53.478239	-2.258549
		54.892406	-2.923222
		54.980766	-1.615849
		55.862982	-4.263554
		55.958426	-3.186893
		53.409532	-3.000126
		53.751959	-0.335941
		53.803895	-1.549931
		51.512161	-0.116215
		51.289406	1.075802
		51.460852	-2.588139
		
g12		2399.99813087411	0.760000186912589	2	1	12	14	13	11	0	4	9	7	5	10	8	3	6	15	2		
		51.460852	-2.588139
		51.624837	-3.94495
		50.152266	-5.065556
		50.726024	-3.543949
		51.488224	-3.186893
		52.486125	-1.890507
		53.478239	-2.258549
		55.958426	-3.186893
		54.980766	-1.615849
		53.409532	-3.000126
		55.862982	-4.263554
		54.892406	-2.923222
		53.803895	-1.549931
		53.751959	-0.335941
		51.289406	1.075802
		51.512161	-0.116215
		
g12		2435.51364850131	0.756448635149869	3	8	7	10	9	5	0	4	6	3	11	2	15	13	14	1	12		
		54.892406	-2.923222
		54.980766	-1.615849
		55.862982	-4.263554
		55.958426	-3.186893
		53.409532	-3.000126
		52.486125	-1.890507
		53.478239	-2.258549
		53.751959	-0.335941
		53.803895	-1.549931
		51.488224	-3.186893
		51.512161	-0.116215
		51.289406	1.075802
		50.726024	-3.543949
		50.152266	-5.065556
		51.460852	-2.588139
		51.624837	-3.94495
		
g12		2503.57668473002	0.749642331526998	4	0	3	4	8	7	6	1	11	15	2	14	13	12	5	9	10		
		52.486125	-1.890507
		53.803895	-1.549931
		53.478239	-2.258549
		54.892406	-2.923222
		54.980766	-1.615849
		53.751959	-0.335941
		51.460852	-2.588139
		51.488224	-3.186893
		51.289406	1.075802
		51.512161	-0.116215
		50.152266	-5.065556
		50.726024	-3.543949
		51.624837	-3.94495
		53.409532	-3.000126
		55.958426	-3.186893
		55.862982	-4.263554
		
g12		2544.46687539071	0.745553312460929	5	7	8	3	6	1	11	15	2	14	13	0	12	5	4	9	10		
		54.980766	-1.615849
		54.892406	-2.923222
		53.803895	-1.549931
		53.751959	-0.335941
		51.460852	-2.588139
		51.488224	-3.186893
		51.289406	1.075802
		51.512161	-0.116215
		50.152266	-5.065556
		50.726024	-3.543949
		52.486125	-1.890507
		51.624837	-3.94495
		53.409532	-3.000126
		53.478239	-2.258549
		55.958426	-3.186893
		55.862982	-4.263554
		
