c	4 5 11 12 14 13 2 15 1 6 7 9 10 8 3 0	2328.29150835016	0.767170849164984	4	5	11	12	14	13	2	15	1	6	7	9	10	8	3	0		
		53.478239	-2.258549
		53.409532	-3.000126
		51.488224	-3.186893
		51.624837	-3.94495
		50.152266	-5.065556
		50.726024	-3.543949
		51.512161	-0.116215
		51.289406	1.075802
		51.460852	-2.588139
		53.751959	-0.335941
		54.980766	-1.615849
		55.958426	-3.186893
		55.862982	-4.263554
		54.892406	-2.923222
		53.803895	-1.549931
		52.486125	-1.890507
		
c	11 12 14 13 2 15 1 6 7 9 10 8 3 5 4 0	2184.2781241856	0.78157218758144	11	12	14	13	2	15	1	6	7	9	10	8	3	5	4	0		
		51.488224	-3.186893
		51.624837	-3.94495
		50.152266	-5.065556
		50.726024	-3.543949
		51.512161	-0.116215
		51.289406	1.075802
		51.460852	-2.588139
		53.751959	-0.335941
		54.980766	-1.615849
		55.958426	-3.186893
		55.862982	-4.263554
		54.892406	-2.923222
		53.803895	-1.549931
		53.409532	-3.000126
		53.478239	-2.258549
		52.486125	-1.890507
		
c	8 3 4 0 1 11 12 14 13 2 5 6 7 9 10 15	2564.3127973628	0.74356872026372	8	3	4	0	1	11	12	14	13	2	5	6	7	9	10	15		
		54.892406	-2.923222
		53.803895	-1.549931
		53.478239	-2.258549
		52.486125	-1.890507
		51.460852	-2.588139
		51.488224	-3.186893
		51.624837	-3.94495
		50.152266	-5.065556
		50.726024	-3.543949
		51.512161	-0.116215
		53.409532	-3.000126
		53.751959	-0.335941
		54.980766	-1.615849
		55.958426	-3.186893
		55.862982	-4.263554
		51.289406	1.075802
		
c	7 10 8 4 5 0 1 11 6 2 9 3 12 14 13 15	3124.41996028297	0.687558003971703	7	10	8	4	5	0	1	11	6	2	9	3	12	14	13	15		
		54.980766	-1.615849
		55.862982	-4.263554
		54.892406	-2.923222
		53.478239	-2.258549
		53.409532	-3.000126
		52.486125	-1.890507
		51.460852	-2.588139
		51.488224	-3.186893
		53.751959	-0.335941
		51.512161	-0.116215
		55.958426	-3.186893
		53.803895	-1.549931
		51.624837	-3.94495
		50.152266	-5.065556
		50.726024	-3.543949
		51.289406	1.075802
		
c	2 15 1 3 7 10 9 8 4 5 0 11 6 12 14 13	2567.92021459791	0.743207978540209	2	15	1	3	7	10	9	8	4	5	0	11	6	12	14	13		
		51.512161	-0.116215
		51.289406	1.075802
		51.460852	-2.588139
		53.803895	-1.549931
		54.980766	-1.615849
		55.862982	-4.263554
		55.958426	-3.186893
		54.892406	-2.923222
		53.478239	-2.258549
		53.409532	-3.000126
		52.486125	-1.890507
		51.488224	-3.186893
		53.751959	-0.335941
		51.624837	-3.94495
		50.152266	-5.065556
		50.726024	-3.543949
		
c	9 8 7 5 6 3 4 0 1 11 12 14 15 10 13 2	3130.33814115358	0.686966185884642	9	8	7	5	6	3	4	0	1	11	12	14	15	10	13	2		
		55.958426	-3.186893
		54.892406	-2.923222
		54.980766	-1.615849
		53.409532	-3.000126
		53.751959	-0.335941
		53.803895	-1.549931
		53.478239	-2.258549
		52.486125	-1.890507
		51.460852	-2.588139
		51.488224	-3.186893
		51.624837	-3.94495
		50.152266	-5.065556
		51.289406	1.075802
		55.862982	-4.263554
		50.726024	-3.543949
		51.512161	-0.116215
		
c	11 12 5 6 7 9 10 8 3 4 0 1 14 13 2 15	2094.04611115564	0.790595388884436	11	12	5	6	7	9	10	8	3	4	0	1	14	13	2	15		
		51.488224	-3.186893
		51.624837	-3.94495
		53.409532	-3.000126
		53.751959	-0.335941
		54.980766	-1.615849
		55.958426	-3.186893
		55.862982	-4.263554
		54.892406	-2.923222
		53.803895	-1.549931
		53.478239	-2.258549
		52.486125	-1.890507
		51.460852	-2.588139
		50.152266	-5.065556
		50.726024	-3.543949
		51.512161	-0.116215
		51.289406	1.075802
		
c	0 1 11 3 12 10 6 7 9 8 5 4 14 13 2 15	3076.73071698686	0.692326928301314	0	1	11	3	12	10	6	7	9	8	5	4	14	13	2	15		
		52.486125	-1.890507
		51.460852	-2.588139
		51.488224	-3.186893
		53.803895	-1.549931
		51.624837	-3.94495
		55.862982	-4.263554
		53.751959	-0.335941
		54.980766	-1.615849
		55.958426	-3.186893
		54.892406	-2.923222
		53.409532	-3.000126
		53.478239	-2.258549
		50.152266	-5.065556
		50.726024	-3.543949
		51.512161	-0.116215
		51.289406	1.075802
		
c	14 13 15 1 6 10 3 7 9 8 5 4 0 11 12 2	2824.47878039556	0.717552121960444	14	13	15	1	6	10	3	7	9	8	5	4	0	11	12	2		
		50.152266	-5.065556
		50.726024	-3.543949
		51.289406	1.075802
		51.460852	-2.588139
		53.751959	-0.335941
		55.862982	-4.263554
		53.803895	-1.549931
		54.980766	-1.615849
		55.958426	-3.186893
		54.892406	-2.923222
		53.409532	-3.000126
		53.478239	-2.258549
		52.486125	-1.890507
		51.488224	-3.186893
		51.624837	-3.94495
		51.512161	-0.116215
		
c	9 10 8 5 4 0 1 11 12 2 6 7 3 14 13 15	2484.05345458957	0.751594654541043	9	10	8	5	4	0	1	11	12	2	6	7	3	14	13	15		
		55.958426	-3.186893
		55.862982	-4.263554
		54.892406	-2.923222
		53.409532	-3.000126
		53.478239	-2.258549
		52.486125	-1.890507
		51.460852	-2.588139
		51.488224	-3.186893
		51.624837	-3.94495
		51.512161	-0.116215
		53.751959	-0.335941
		54.980766	-1.615849
		53.803895	-1.549931
		50.152266	-5.065556
		50.726024	-3.543949
		51.289406	1.075802
		
c	0 1 11 12 14 6 7 9 10 8 3 5 4 13 2 15	2392.71901931754	0.760728098068246	0	1	11	12	14	6	7	9	10	8	3	5	4	13	2	15		
		52.486125	-1.890507
		51.460852	-2.588139
		51.488224	-3.186893
		51.624837	-3.94495
		50.152266	-5.065556
		53.751959	-0.335941
		54.980766	-1.615849
		55.958426	-3.186893
		55.862982	-4.263554
		54.892406	-2.923222
		53.803895	-1.549931
		53.409532	-3.000126
		53.478239	-2.258549
		50.726024	-3.543949
		51.512161	-0.116215
		51.289406	1.075802
		
c	4 0 1 11 12 10 8 3 7 6 9 5 14 13 2 15	2827.32690736141	0.717267309263859	4	0	1	11	12	10	8	3	7	6	9	5	14	13	2	15		
		53.478239	-2.258549
		52.486125	-1.890507
		51.460852	-2.588139
		51.488224	-3.186893
		51.624837	-3.94495
		55.862982	-4.263554
		54.892406	-2.923222
		53.803895	-1.549931
		54.980766	-1.615849
		53.751959	-0.335941
		55.958426	-3.186893
		53.409532	-3.000126
		50.152266	-5.065556
		50.726024	-3.543949
		51.512161	-0.116215
		51.289406	1.075802
		
c	4 0 1 11 14 6 7 10 9 8 3 5 12 13 2 15	2441.67551892904	0.755832448107096	4	0	1	11	14	6	7	10	9	8	3	5	12	13	2	15		
		53.478239	-2.258549
		52.486125	-1.890507
		51.460852	-2.588139
		51.488224	-3.186893
		50.152266	-5.065556
		53.751959	-0.335941
		54.980766	-1.615849
		55.862982	-4.263554
		55.958426	-3.186893
		54.892406	-2.923222
		53.803895	-1.549931
		53.409532	-3.000126
		51.624837	-3.94495
		50.726024	-3.543949
		51.512161	-0.116215
		51.289406	1.075802
		
c	10 3 4 0 1 11 5 6 7 9 8 12 14 13 2 15	2462.73598720519	0.753726401279481	10	3	4	0	1	11	5	6	7	9	8	12	14	13	2	15		
		55.862982	-4.263554
		53.803895	-1.549931
		53.478239	-2.258549
		52.486125	-1.890507
		51.460852	-2.588139
		51.488224	-3.186893
		53.409532	-3.000126
		53.751959	-0.335941
		54.980766	-1.615849
		55.958426	-3.186893
		54.892406	-2.923222
		51.624837	-3.94495
		50.152266	-5.065556
		50.726024	-3.543949
		51.512161	-0.116215
		51.289406	1.075802
		
c	3 4 0 1 11 12 14 13 5 2 15 6 7 9 10 8	2175.23884513002	0.782476115486998	3	4	0	1	11	12	14	13	5	2	15	6	7	9	10	8		
		53.803895	-1.549931
		53.478239	-2.258549
		52.486125	-1.890507
		51.460852	-2.588139
		51.488224	-3.186893
		51.624837	-3.94495
		50.152266	-5.065556
		50.726024	-3.543949
		53.409532	-3.000126
		51.512161	-0.116215
		51.289406	1.075802
		53.751959	-0.335941
		54.980766	-1.615849
		55.958426	-3.186893
		55.862982	-4.263554
		54.892406	-2.923222
		
c	9 5 6 10 8 3 4 0 1 11 7 12 14 13 2 15	2886.37064304412	0.711362935695588	9	5	6	10	8	3	4	0	1	11	7	12	14	13	2	15		
		55.958426	-3.186893
		53.409532	-3.000126
		53.751959	-0.335941
		55.862982	-4.263554
		54.892406	-2.923222
		53.803895	-1.549931
		53.478239	-2.258549
		52.486125	-1.890507
		51.460852	-2.588139
		51.488224	-3.186893
		54.980766	-1.615849
		51.624837	-3.94495
		50.152266	-5.065556
		50.726024	-3.543949
		51.512161	-0.116215
		51.289406	1.075802
		
c	3 9 10 8 4 11 12 14 13 1 7 5 6 0 2 15	2523.66706118483	0.747633293881517	3	9	10	8	4	11	12	14	13	1	7	5	6	0	2	15		
		53.803895	-1.549931
		55.958426	-3.186893
		55.862982	-4.263554
		54.892406	-2.923222
		53.478239	-2.258549
		51.488224	-3.186893
		51.624837	-3.94495
		50.152266	-5.065556
		50.726024	-3.543949
		51.460852	-2.588139
		54.980766	-1.615849
		53.409532	-3.000126
		53.751959	-0.335941
		52.486125	-1.890507
		51.512161	-0.116215
		51.289406	1.075802
		
c	7 9 8 3 0 1 11 4 6 10 5 12 14 13 2 15	2575.96927155624	0.742403072844376	7	9	8	3	0	1	11	4	6	10	5	12	14	13	2	15		
		54.980766	-1.615849
		55.958426	-3.186893
		54.892406	-2.923222
		53.803895	-1.549931
		52.486125	-1.890507
		51.460852	-2.588139
		51.488224	-3.186893
		53.478239	-2.258549
		53.751959	-0.335941
		55.862982	-4.263554
		53.409532	-3.000126
		51.624837	-3.94495
		50.152266	-5.065556
		50.726024	-3.543949
		51.512161	-0.116215
		51.289406	1.075802
		
c	7 10 9 8 3 4 5 0 1 11 6 12 14 13 2 15	2236.23844182033	0.776376155817967	7	10	9	8	3	4	5	0	1	11	6	12	14	13	2	15		
		54.980766	-1.615849
		55.862982	-4.263554
		55.958426	-3.186893
		54.892406	-2.923222
		53.803895	-1.549931
		53.478239	-2.258549
		53.409532	-3.000126
		52.486125	-1.890507
		51.460852	-2.588139
		51.488224	-3.186893
		53.751959	-0.335941
		51.624837	-3.94495
		50.152266	-5.065556
		50.726024	-3.543949
		51.512161	-0.116215
		51.289406	1.075802
		
c	7 6 9 0 3 10 4 5 11 12 8 1 14 13 2 15	3354.44443101577	0.664555556898423	7	6	9	0	3	10	4	5	11	12	8	1	14	13	2	15		
		54.980766	-1.615849
		53.751959	-0.335941
		55.958426	-3.186893
		52.486125	-1.890507
		53.803895	-1.549931
		55.862982	-4.263554
		53.478239	-2.258549
		53.409532	-3.000126
		51.488224	-3.186893
		51.624837	-3.94495
		54.892406	-2.923222
		51.460852	-2.588139
		50.152266	-5.065556
		50.726024	-3.543949
		51.512161	-0.116215
		51.289406	1.075802
		
c	0 5 11 12 14 3 6 7 10 9 8 4 1 13 2 15	2505.09922783987	0.749490077216013	0	5	11	12	14	3	6	7	10	9	8	4	1	13	2	15		
		52.486125	-1.890507
		53.409532	-3.000126
		51.488224	-3.186893
		51.624837	-3.94495
		50.152266	-5.065556
		53.803895	-1.549931
		53.751959	-0.335941
		54.980766	-1.615849
		55.862982	-4.263554
		55.958426	-3.186893
		54.892406	-2.923222
		53.478239	-2.258549
		51.460852	-2.588139
		50.726024	-3.543949
		51.512161	-0.116215
		51.289406	1.075802
		
c	12 14 13 1 2 3 5 6 7 10 9 8 4 0 11 15	2397.30932370367	0.760269067629633	12	14	13	1	2	3	5	6	7	10	9	8	4	0	11	15		
		51.624837	-3.94495
		50.152266	-5.065556
		50.726024	-3.543949
		51.460852	-2.588139
		51.512161	-0.116215
		53.803895	-1.549931
		53.409532	-3.000126
		53.751959	-0.335941
		54.980766	-1.615849
		55.862982	-4.263554
		55.958426	-3.186893
		54.892406	-2.923222
		53.478239	-2.258549
		52.486125	-1.890507
		51.488224	-3.186893
		51.289406	1.075802
		
c	6 7 9 10 8 5 4 0 1 11 3 12 14 13 2 15	2223.94263833396	0.777605736166604	6	7	9	10	8	5	4	0	1	11	3	12	14	13	2	15		
		53.751959	-0.335941
		54.980766	-1.615849
		55.958426	-3.186893
		55.862982	-4.263554
		54.892406	-2.923222
		53.409532	-3.000126
		53.478239	-2.258549
		52.486125	-1.890507
		51.460852	-2.588139
		51.488224	-3.186893
		53.803895	-1.549931
		51.624837	-3.94495
		50.152266	-5.065556
		50.726024	-3.543949
		51.512161	-0.116215
		51.289406	1.075802
		
c	11 12 14 13 2 15 1 6 7 9 10 8 5 3 4 0	2208.40956270705	0.779159043729295	11	12	14	13	2	15	1	6	7	9	10	8	5	3	4	0		
		51.488224	-3.186893
		51.624837	-3.94495
		50.152266	-5.065556
		50.726024	-3.543949
		51.512161	-0.116215
		51.289406	1.075802
		51.460852	-2.588139
		53.751959	-0.335941
		54.980766	-1.615849
		55.958426	-3.186893
		55.862982	-4.263554
		54.892406	-2.923222
		53.409532	-3.000126
		53.803895	-1.549931
		53.478239	-2.258549
		52.486125	-1.890507
		
c	5 6 3 4 0 1 11 12 14 13 2 15 7 9 10 8	2099.756022625	0.7900243977375	5	6	3	4	0	1	11	12	14	13	2	15	7	9	10	8		
		53.409532	-3.000126
		53.751959	-0.335941
		53.803895	-1.549931
		53.478239	-2.258549
		52.486125	-1.890507
		51.460852	-2.588139
		51.488224	-3.186893
		51.624837	-3.94495
		50.152266	-5.065556
		50.726024	-3.543949
		51.512161	-0.116215
		51.289406	1.075802
		54.980766	-1.615849
		55.958426	-3.186893
		55.862982	-4.263554
		54.892406	-2.923222
		
c	11 12 14 13 7 9 10 2 8 0 3 6 4 5 1 15	3199.78808601191	0.680021191398809	11	12	14	13	7	9	10	2	8	0	3	6	4	5	1	15		
		51.488224	-3.186893
		51.624837	-3.94495
		50.152266	-5.065556
		50.726024	-3.543949
		54.980766	-1.615849
		55.958426	-3.186893
		55.862982	-4.263554
		51.512161	-0.116215
		54.892406	-2.923222
		52.486125	-1.890507
		53.803895	-1.549931
		53.751959	-0.335941
		53.478239	-2.258549
		53.409532	-3.000126
		51.460852	-2.588139
		51.289406	1.075802
		
c	0 1 6 7 10 9 8 4 11 12 14 13 5 2 15 3	2721.68843704371	0.727831156295629	0	1	6	7	10	9	8	4	11	12	14	13	5	2	15	3		
		52.486125	-1.890507
		51.460852	-2.588139
		53.751959	-0.335941
		54.980766	-1.615849
		55.862982	-4.263554
		55.958426	-3.186893
		54.892406	-2.923222
		53.478239	-2.258549
		51.488224	-3.186893
		51.624837	-3.94495
		50.152266	-5.065556
		50.726024	-3.543949
		53.409532	-3.000126
		51.512161	-0.116215
		51.289406	1.075802
		53.803895	-1.549931
		
c	5 4 0 1 11 12 14 13 2 3 15 6 7 9 10 8	2349.70017671855	0.765029982328145	5	4	0	1	11	12	14	13	2	3	15	6	7	9	10	8		
		53.409532	-3.000126
		53.478239	-2.258549
		52.486125	-1.890507
		51.460852	-2.588139
		51.488224	-3.186893
		51.624837	-3.94495
		50.152266	-5.065556
		50.726024	-3.543949
		51.512161	-0.116215
		53.803895	-1.549931
		51.289406	1.075802
		53.751959	-0.335941
		54.980766	-1.615849
		55.958426	-3.186893
		55.862982	-4.263554
		54.892406	-2.923222
		
c	0 3 5 4 11 12 14 13 2 15 1 6 7 9 10 8	2299.31963006141	0.770068036993859	0	3	5	4	11	12	14	13	2	15	1	6	7	9	10	8		
		52.486125	-1.890507
		53.803895	-1.549931
		53.409532	-3.000126
		53.478239	-2.258549
		51.488224	-3.186893
		51.624837	-3.94495
		50.152266	-5.065556
		50.726024	-3.543949
		51.512161	-0.116215
		51.289406	1.075802
		51.460852	-2.588139
		53.751959	-0.335941
		54.980766	-1.615849
		55.958426	-3.186893
		55.862982	-4.263554
		54.892406	-2.923222
		
c	5 6 10 8 3 7 9 4 0 1 11 12 14 13 2 15	2352.19473727781	0.764780526272218	5	6	10	8	3	7	9	4	0	1	11	12	14	13	2	15		
		53.409532	-3.000126
		53.751959	-0.335941
		55.862982	-4.263554
		54.892406	-2.923222
		53.803895	-1.549931
		54.980766	-1.615849
		55.958426	-3.186893
		53.478239	-2.258549
		52.486125	-1.890507
		51.460852	-2.588139
		51.488224	-3.186893
		51.624837	-3.94495
		50.152266	-5.065556
		50.726024	-3.543949
		51.512161	-0.116215
		51.289406	1.075802
		
c	15 12 5 6 7 10 9 8 3 4 0 1 11 14 13 2	2345.57788672938	0.765442211327062	15	12	5	6	7	10	9	8	3	4	0	1	11	14	13	2		
		51.289406	1.075802
		51.624837	-3.94495
		53.409532	-3.000126
		53.751959	-0.335941
		54.980766	-1.615849
		55.862982	-4.263554
		55.958426	-3.186893
		54.892406	-2.923222
		53.803895	-1.549931
		53.478239	-2.258549
		52.486125	-1.890507
		51.460852	-2.588139
		51.488224	-3.186893
		50.152266	-5.065556
		50.726024	-3.543949
		51.512161	-0.116215
		
c	5 0 12 14 13 2 3 4 11 15 1 6 7 9 10 8	2780.1886909719	0.72198113090281	5	0	12	14	13	2	3	4	11	15	1	6	7	9	10	8		
		53.409532	-3.000126
		52.486125	-1.890507
		51.624837	-3.94495
		50.152266	-5.065556
		50.726024	-3.543949
		51.512161	-0.116215
		53.803895	-1.549931
		53.478239	-2.258549
		51.488224	-3.186893
		51.289406	1.075802
		51.460852	-2.588139
		53.751959	-0.335941
		54.980766	-1.615849
		55.958426	-3.186893
		55.862982	-4.263554
		54.892406	-2.923222
		
c	7 10 9 8 1 11 2 14 13 12 6 5 3 4 0 15	2665.39846291953	0.733460153708047	7	10	9	8	1	11	2	14	13	12	6	5	3	4	0	15		
		54.980766	-1.615849
		55.862982	-4.263554
		55.958426	-3.186893
		54.892406	-2.923222
		51.460852	-2.588139
		51.488224	-3.186893
		51.512161	-0.116215
		50.152266	-5.065556
		50.726024	-3.543949
		51.624837	-3.94495
		53.751959	-0.335941
		53.409532	-3.000126
		53.803895	-1.549931
		53.478239	-2.258549
		52.486125	-1.890507
		51.289406	1.075802
		
c	15 1 6 7 9 10 4 11 8 3 5 0 12 14 13 2	2944.03113636063	0.705596886363937	15	1	6	7	9	10	4	11	8	3	5	0	12	14	13	2		
		51.289406	1.075802
		51.460852	-2.588139
		53.751959	-0.335941
		54.980766	-1.615849
		55.958426	-3.186893
		55.862982	-4.263554
		53.478239	-2.258549
		51.488224	-3.186893
		54.892406	-2.923222
		53.803895	-1.549931
		53.409532	-3.000126
		52.486125	-1.890507
		51.624837	-3.94495
		50.152266	-5.065556
		50.726024	-3.543949
		51.512161	-0.116215
		
c	12 6 7 9 5 3 0 1 10 8 4 11 14 13 2 15	3003.84584011037	0.699615415988962	12	6	7	9	5	3	0	1	10	8	4	11	14	13	2	15		
		51.624837	-3.94495
		53.751959	-0.335941
		54.980766	-1.615849
		55.958426	-3.186893
		53.409532	-3.000126
		53.803895	-1.549931
		52.486125	-1.890507
		51.460852	-2.588139
		55.862982	-4.263554
		54.892406	-2.923222
		53.478239	-2.258549
		51.488224	-3.186893
		50.152266	-5.065556
		50.726024	-3.543949
		51.512161	-0.116215
		51.289406	1.075802
		
c	9 8 5 4 0 7 10 6 3 1 11 12 14 13 2 15	2356.95334282806	0.764304665717194	9	8	5	4	0	7	10	6	3	1	11	12	14	13	2	15		
		55.958426	-3.186893
		54.892406	-2.923222
		53.409532	-3.000126
		53.478239	-2.258549
		52.486125	-1.890507
		54.980766	-1.615849
		55.862982	-4.263554
		53.751959	-0.335941
		53.803895	-1.549931
		51.460852	-2.588139
		51.488224	-3.186893
		51.624837	-3.94495
		50.152266	-5.065556
		50.726024	-3.543949
		51.512161	-0.116215
		51.289406	1.075802
		
c	7 9 10 8 4 5 0 1 11 14 13 2 15 6 3 12	2182.84575823614	0.781715424176386	7	9	10	8	4	5	0	1	11	14	13	2	15	6	3	12		
		54.980766	-1.615849
		55.958426	-3.186893
		55.862982	-4.263554
		54.892406	-2.923222
		53.478239	-2.258549
		53.409532	-3.000126
		52.486125	-1.890507
		51.460852	-2.588139
		51.488224	-3.186893
		50.152266	-5.065556
		50.726024	-3.543949
		51.512161	-0.116215
		51.289406	1.075802
		53.751959	-0.335941
		53.803895	-1.549931
		51.624837	-3.94495
		
c	10 4 6 5 3 7 9 8 0 1 11 12 14 13 2 15	2251.77392217655	0.774822607782345	10	4	6	5	3	7	9	8	0	1	11	12	14	13	2	15		
		55.862982	-4.263554
		53.478239	-2.258549
		53.751959	-0.335941
		53.409532	-3.000126
		53.803895	-1.549931
		54.980766	-1.615849
		55.958426	-3.186893
		54.892406	-2.923222
		52.486125	-1.890507
		51.460852	-2.588139
		51.488224	-3.186893
		51.624837	-3.94495
		50.152266	-5.065556
		50.726024	-3.543949
		51.512161	-0.116215
		51.289406	1.075802
		
c	13 2 15 1 5 14 3 4 0 11 12 6 7 9 10 8	2895.41876828132	0.710458123171868	13	2	15	1	5	14	3	4	0	11	12	6	7	9	10	8		
		50.726024	-3.543949
		51.512161	-0.116215
		51.289406	1.075802
		51.460852	-2.588139
		53.409532	-3.000126
		50.152266	-5.065556
		53.803895	-1.549931
		53.478239	-2.258549
		52.486125	-1.890507
		51.488224	-3.186893
		51.624837	-3.94495
		53.751959	-0.335941
		54.980766	-1.615849
		55.958426	-3.186893
		55.862982	-4.263554
		54.892406	-2.923222
		
c	1 6 11 4 3 12 0 14 13 5 2 15 7 9 10 8	3304.07222928739	0.669592777071261	1	6	11	4	3	12	0	14	13	5	2	15	7	9	10	8		
		51.460852	-2.588139
		53.751959	-0.335941
		51.488224	-3.186893
		53.478239	-2.258549
		53.803895	-1.549931
		51.624837	-3.94495
		52.486125	-1.890507
		50.152266	-5.065556
		50.726024	-3.543949
		53.409532	-3.000126
		51.512161	-0.116215
		51.289406	1.075802
		54.980766	-1.615849
		55.958426	-3.186893
		55.862982	-4.263554
		54.892406	-2.923222
		
c	12 14 13 1 10 7 9 3 5 6 8 4 0 11 2 15	2728.89997969133	0.727110002030867	12	14	13	1	10	7	9	3	5	6	8	4	0	11	2	15		
		51.624837	-3.94495
		50.152266	-5.065556
		50.726024	-3.543949
		51.460852	-2.588139
		55.862982	-4.263554
		54.980766	-1.615849
		55.958426	-3.186893
		53.803895	-1.549931
		53.409532	-3.000126
		53.751959	-0.335941
		54.892406	-2.923222
		53.478239	-2.258549
		52.486125	-1.890507
		51.488224	-3.186893
		51.512161	-0.116215
		51.289406	1.075802
		
c	2 15 6 7 3 5 10 9 8 4 0 1 11 12 14 13	2047.32874900839	0.795267125099161	2	15	6	7	3	5	10	9	8	4	0	1	11	12	14	13		
		51.512161	-0.116215
		51.289406	1.075802
		53.751959	-0.335941
		54.980766	-1.615849
		53.803895	-1.549931
		53.409532	-3.000126
		55.862982	-4.263554
		55.958426	-3.186893
		54.892406	-2.923222
		53.478239	-2.258549
		52.486125	-1.890507
		51.460852	-2.588139
		51.488224	-3.186893
		51.624837	-3.94495
		50.152266	-5.065556
		50.726024	-3.543949
		
c	2 15 6 7 9 10 8 3 5 4 0 1 11 12 14 13	1833.10833990359	0.816689166009641	2	15	6	7	9	10	8	3	5	4	0	1	11	12	14	13		
		51.512161	-0.116215
		51.289406	1.075802
		53.751959	-0.335941
		54.980766	-1.615849
		55.958426	-3.186893
		55.862982	-4.263554
		54.892406	-2.923222
		53.803895	-1.549931
		53.409532	-3.000126
		53.478239	-2.258549
		52.486125	-1.890507
		51.460852	-2.588139
		51.488224	-3.186893
		51.624837	-3.94495
		50.152266	-5.065556
		50.726024	-3.543949
		
c	1 6 3 7 10 9 8 4 5 0 11 12 14 13 2 15	2073.01801211121	0.792698198788879	1	6	3	7	10	9	8	4	5	0	11	12	14	13	2	15		
		51.460852	-2.588139
		53.751959	-0.335941
		53.803895	-1.549931
		54.980766	-1.615849
		55.862982	-4.263554
		55.958426	-3.186893
		54.892406	-2.923222
		53.478239	-2.258549
		53.409532	-3.000126
		52.486125	-1.890507
		51.488224	-3.186893
		51.624837	-3.94495
		50.152266	-5.065556
		50.726024	-3.543949
		51.512161	-0.116215
		51.289406	1.075802
		
c	10 8 3 5 0 12 14 4 2 6 7 9 1 11 13 15	3067.5401080016	0.69324598919984	10	8	3	5	0	12	14	4	2	6	7	9	1	11	13	15		
		55.862982	-4.263554
		54.892406	-2.923222
		53.803895	-1.549931
		53.409532	-3.000126
		52.486125	-1.890507
		51.624837	-3.94495
		50.152266	-5.065556
		53.478239	-2.258549
		51.512161	-0.116215
		53.751959	-0.335941
		54.980766	-1.615849
		55.958426	-3.186893
		51.460852	-2.588139
		51.488224	-3.186893
		50.726024	-3.543949
		51.289406	1.075802
		
c	11 12 10 3 4 0 1 14 13 5 2 15 6 7 9 8	2852.61220843402	0.714738779156598	11	12	10	3	4	0	1	14	13	5	2	15	6	7	9	8		
		51.488224	-3.186893
		51.624837	-3.94495
		55.862982	-4.263554
		53.803895	-1.549931
		53.478239	-2.258549
		52.486125	-1.890507
		51.460852	-2.588139
		50.152266	-5.065556
		50.726024	-3.543949
		53.409532	-3.000126
		51.512161	-0.116215
		51.289406	1.075802
		53.751959	-0.335941
		54.980766	-1.615849
		55.958426	-3.186893
		54.892406	-2.923222
		
c	2 15 1 6 3 5 4 0 11 12 14 13 7 9 10 8	2332.06189458409	0.766793810541591	2	15	1	6	3	5	4	0	11	12	14	13	7	9	10	8		
		51.512161	-0.116215
		51.289406	1.075802
		51.460852	-2.588139
		53.751959	-0.335941
		53.803895	-1.549931
		53.409532	-3.000126
		53.478239	-2.258549
		52.486125	-1.890507
		51.488224	-3.186893
		51.624837	-3.94495
		50.152266	-5.065556
		50.726024	-3.543949
		54.980766	-1.615849
		55.958426	-3.186893
		55.862982	-4.263554
		54.892406	-2.923222
		
c	14 13 3 9 10 6 7 8 5 4 0 1 11 12 2 15	2309.38548057689	0.769061451942311	14	13	3	9	10	6	7	8	5	4	0	1	11	12	2	15		
		50.152266	-5.065556
		50.726024	-3.543949
		53.803895	-1.549931
		55.958426	-3.186893
		55.862982	-4.263554
		53.751959	-0.335941
		54.980766	-1.615849
		54.892406	-2.923222
		53.409532	-3.000126
		53.478239	-2.258549
		52.486125	-1.890507
		51.460852	-2.588139
		51.488224	-3.186893
		51.624837	-3.94495
		51.512161	-0.116215
		51.289406	1.075802
		
c	12 14 7 9 10 8 4 5 0 1 11 13 2 15 6 3	2423.0070290616	0.75769929709384	12	14	7	9	10	8	4	5	0	1	11	13	2	15	6	3		
		51.624837	-3.94495
		50.152266	-5.065556
		54.980766	-1.615849
		55.958426	-3.186893
		55.862982	-4.263554
		54.892406	-2.923222
		53.478239	-2.258549
		53.409532	-3.000126
		52.486125	-1.890507
		51.460852	-2.588139
		51.488224	-3.186893
		50.726024	-3.543949
		51.512161	-0.116215
		51.289406	1.075802
		53.751959	-0.335941
		53.803895	-1.549931
		
c	15 6 7 9 10 8 4 5 12 3 0 1 11 14 13 2	2406.37398090706	0.759362601909294	15	6	7	9	10	8	4	5	12	3	0	1	11	14	13	2		
		51.289406	1.075802
		53.751959	-0.335941
		54.980766	-1.615849
		55.958426	-3.186893
		55.862982	-4.263554
		54.892406	-2.923222
		53.478239	-2.258549
		53.409532	-3.000126
		51.624837	-3.94495
		53.803895	-1.549931
		52.486125	-1.890507
		51.460852	-2.588139
		51.488224	-3.186893
		50.152266	-5.065556
		50.726024	-3.543949
		51.512161	-0.116215
		
c	6 5 0 1 11 7 9 10 8 3 4 12 14 13 2 15	2318.90986554348	0.768109013445652	6	5	0	1	11	7	9	10	8	3	4	12	14	13	2	15		
		53.751959	-0.335941
		53.409532	-3.000126
		52.486125	-1.890507
		51.460852	-2.588139
		51.488224	-3.186893
		54.980766	-1.615849
		55.958426	-3.186893
		55.862982	-4.263554
		54.892406	-2.923222
		53.803895	-1.549931
		53.478239	-2.258549
		51.624837	-3.94495
		50.152266	-5.065556
		50.726024	-3.543949
		51.512161	-0.116215
		51.289406	1.075802
		
c	9 8 0 3 6 7 10 4 5 11 12 14 13 1 2 15	2260.60204031711	0.773939795968289	9	8	0	3	6	7	10	4	5	11	12	14	13	1	2	15		
		55.958426	-3.186893
		54.892406	-2.923222
		52.486125	-1.890507
		53.803895	-1.549931
		53.751959	-0.335941
		54.980766	-1.615849
		55.862982	-4.263554
		53.478239	-2.258549
		53.409532	-3.000126
		51.488224	-3.186893
		51.624837	-3.94495
		50.152266	-5.065556
		50.726024	-3.543949
		51.460852	-2.588139
		51.512161	-0.116215
		51.289406	1.075802
		
c	9 10 8 4 5 0 1 6 11 12 14 13 2 15 7 3	2563.03607390328	0.743696392609672	9	10	8	4	5	0	1	6	11	12	14	13	2	15	7	3		
		55.958426	-3.186893
		55.862982	-4.263554
		54.892406	-2.923222
		53.478239	-2.258549
		53.409532	-3.000126
		52.486125	-1.890507
		51.460852	-2.588139
		53.751959	-0.335941
		51.488224	-3.186893
		51.624837	-3.94495
		50.152266	-5.065556
		50.726024	-3.543949
		51.512161	-0.116215
		51.289406	1.075802
		54.980766	-1.615849
		53.803895	-1.549931
		
c	0 2 15 6 5 1 7 10 9 8 3 4 11 12 14 13	2516.30853957819	0.748369146042181	0	2	15	6	5	1	7	10	9	8	3	4	11	12	14	13		
		52.486125	-1.890507
		51.512161	-0.116215
		51.289406	1.075802
		53.751959	-0.335941
		53.409532	-3.000126
		51.460852	-2.588139
		54.980766	-1.615849
		55.862982	-4.263554
		55.958426	-3.186893
		54.892406	-2.923222
		53.803895	-1.549931
		53.478239	-2.258549
		51.488224	-3.186893
		51.624837	-3.94495
		50.152266	-5.065556
		50.726024	-3.543949
		
c	0 1 11 6 7 9 10 8 3 4 12 14 13 5 2 15	2420.19907840855	0.757980092159145	0	1	11	6	7	9	10	8	3	4	12	14	13	5	2	15		
		52.486125	-1.890507
		51.460852	-2.588139
		51.488224	-3.186893
		53.751959	-0.335941
		54.980766	-1.615849
		55.958426	-3.186893
		55.862982	-4.263554
		54.892406	-2.923222
		53.803895	-1.549931
		53.478239	-2.258549
		51.624837	-3.94495
		50.152266	-5.065556
		50.726024	-3.543949
		53.409532	-3.000126
		51.512161	-0.116215
		51.289406	1.075802
		
c	5 6 7 10 9 8 4 0 1 11 12 14 13 2 3 15	2382.25058932072	0.761774941067928	5	6	7	10	9	8	4	0	1	11	12	14	13	2	3	15		
		53.409532	-3.000126
		53.751959	-0.335941
		54.980766	-1.615849
		55.862982	-4.263554
		55.958426	-3.186893
		54.892406	-2.923222
		53.478239	-2.258549
		52.486125	-1.890507
		51.460852	-2.588139
		51.488224	-3.186893
		51.624837	-3.94495
		50.152266	-5.065556
		50.726024	-3.543949
		51.512161	-0.116215
		53.803895	-1.549931
		51.289406	1.075802
		
c	7 9 10 8 3 5 4 0 1 6 11 12 14 13 2 15	2209.87678458821	0.779012321541179	7	9	10	8	3	5	4	0	1	6	11	12	14	13	2	15		
		54.980766	-1.615849
		55.958426	-3.186893
		55.862982	-4.263554
		54.892406	-2.923222
		53.803895	-1.549931
		53.409532	-3.000126
		53.478239	-2.258549
		52.486125	-1.890507
		51.460852	-2.588139
		53.751959	-0.335941
		51.488224	-3.186893
		51.624837	-3.94495
		50.152266	-5.065556
		50.726024	-3.543949
		51.512161	-0.116215
		51.289406	1.075802
		
c	6 7 3 9 10 8 4 11 12 5 0 1 14 13 2 15	2356.94188372761	0.764305811627239	6	7	3	9	10	8	4	11	12	5	0	1	14	13	2	15		
		53.751959	-0.335941
		54.980766	-1.615849
		53.803895	-1.549931
		55.958426	-3.186893
		55.862982	-4.263554
		54.892406	-2.923222
		53.478239	-2.258549
		51.488224	-3.186893
		51.624837	-3.94495
		53.409532	-3.000126
		52.486125	-1.890507
		51.460852	-2.588139
		50.152266	-5.065556
		50.726024	-3.543949
		51.512161	-0.116215
		51.289406	1.075802
		
c	1 11 2 14 13 12 6 7 9 5 10 8 3 4 0 15	2779.22680117306	0.722077319882694	1	11	2	14	13	12	6	7	9	5	10	8	3	4	0	15		
		51.460852	-2.588139
		51.488224	-3.186893
		51.512161	-0.116215
		50.152266	-5.065556
		50.726024	-3.543949
		51.624837	-3.94495
		53.751959	-0.335941
		54.980766	-1.615849
		55.958426	-3.186893
		53.409532	-3.000126
		55.862982	-4.263554
		54.892406	-2.923222
		53.803895	-1.549931
		53.478239	-2.258549
		52.486125	-1.890507
		51.289406	1.075802
		
c	12 14 0 6 5 7 9 10 8 3 4 1 11 13 2 15	2331.3728316254	0.76686271683746	12	14	0	6	5	7	9	10	8	3	4	1	11	13	2	15		
		51.624837	-3.94495
		50.152266	-5.065556
		52.486125	-1.890507
		53.751959	-0.335941
		53.409532	-3.000126
		54.980766	-1.615849
		55.958426	-3.186893
		55.862982	-4.263554
		54.892406	-2.923222
		53.803895	-1.549931
		53.478239	-2.258549
		51.460852	-2.588139
		51.488224	-3.186893
		50.726024	-3.543949
		51.512161	-0.116215
		51.289406	1.075802
		
c	13 2 3 5 6 7 10 9 8 4 0 1 11 14 12 15	2525.02897527171	0.747497102472829	13	2	3	5	6	7	10	9	8	4	0	1	11	14	12	15		
		50.726024	-3.543949
		51.512161	-0.116215
		53.803895	-1.549931
		53.409532	-3.000126
		53.751959	-0.335941
		54.980766	-1.615849
		55.862982	-4.263554
		55.958426	-3.186893
		54.892406	-2.923222
		53.478239	-2.258549
		52.486125	-1.890507
		51.460852	-2.588139
		51.488224	-3.186893
		50.152266	-5.065556
		51.624837	-3.94495
		51.289406	1.075802
		
c	11 12 14 13 8 3 4 7 6 9 0 10 5 1 2 15	3235.48218573653	0.676451781426347	11	12	14	13	8	3	4	7	6	9	0	10	5	1	2	15		
		51.488224	-3.186893
		51.624837	-3.94495
		50.152266	-5.065556
		50.726024	-3.543949
		54.892406	-2.923222
		53.803895	-1.549931
		53.478239	-2.258549
		54.980766	-1.615849
		53.751959	-0.335941
		55.958426	-3.186893
		52.486125	-1.890507
		55.862982	-4.263554
		53.409532	-3.000126
		51.460852	-2.588139
		51.512161	-0.116215
		51.289406	1.075802
		
c	9 10 8 4 5 0 1 6 7 3 11 12 14 13 2 15	2238.27374184775	0.776172625815225	9	10	8	4	5	0	1	6	7	3	11	12	14	13	2	15		
		55.958426	-3.186893
		55.862982	-4.263554
		54.892406	-2.923222
		53.478239	-2.258549
		53.409532	-3.000126
		52.486125	-1.890507
		51.460852	-2.588139
		53.751959	-0.335941
		54.980766	-1.615849
		53.803895	-1.549931
		51.488224	-3.186893
		51.624837	-3.94495
		50.152266	-5.065556
		50.726024	-3.543949
		51.512161	-0.116215
		51.289406	1.075802
		
c	0 1 6 7 10 9 8 4 5 11 14 13 2 15 3 12	2675.41505574666	0.732458494425334	0	1	6	7	10	9	8	4	5	11	14	13	2	15	3	12		
		52.486125	-1.890507
		51.460852	-2.588139
		53.751959	-0.335941
		54.980766	-1.615849
		55.862982	-4.263554
		55.958426	-3.186893
		54.892406	-2.923222
		53.478239	-2.258549
		53.409532	-3.000126
		51.488224	-3.186893
		50.152266	-5.065556
		50.726024	-3.543949
		51.512161	-0.116215
		51.289406	1.075802
		53.803895	-1.549931
		51.624837	-3.94495
		
c	0 1 11 12 14 13 7 9 10 8 3 5 4 2 15 6	2313.02638140307	0.768697361859693	0	1	11	12	14	13	7	9	10	8	3	5	4	2	15	6		
		52.486125	-1.890507
		51.460852	-2.588139
		51.488224	-3.186893
		51.624837	-3.94495
		50.152266	-5.065556
		50.726024	-3.543949
		54.980766	-1.615849
		55.958426	-3.186893
		55.862982	-4.263554
		54.892406	-2.923222
		53.803895	-1.549931
		53.409532	-3.000126
		53.478239	-2.258549
		51.512161	-0.116215
		51.289406	1.075802
		53.751959	-0.335941
		
c	4 0 1 11 3 12 14 13 2 15 6 7 9 10 8 5	2464.22813216703	0.753577186783297	4	0	1	11	3	12	14	13	2	15	6	7	9	10	8	5		
		53.478239	-2.258549
		52.486125	-1.890507
		51.460852	-2.588139
		51.488224	-3.186893
		53.803895	-1.549931
		51.624837	-3.94495
		50.152266	-5.065556
		50.726024	-3.543949
		51.512161	-0.116215
		51.289406	1.075802
		53.751959	-0.335941
		54.980766	-1.615849
		55.958426	-3.186893
		55.862982	-4.263554
		54.892406	-2.923222
		53.409532	-3.000126
		
c	4 0 1 11 9 8 3 6 7 10 5 12 14 13 2 15	2619.76170956986	0.738023829043014	4	0	1	11	9	8	3	6	7	10	5	12	14	13	2	15		
		53.478239	-2.258549
		52.486125	-1.890507
		51.460852	-2.588139
		51.488224	-3.186893
		55.958426	-3.186893
		54.892406	-2.923222
		53.803895	-1.549931
		53.751959	-0.335941
		54.980766	-1.615849
		55.862982	-4.263554
		53.409532	-3.000126
		51.624837	-3.94495
		50.152266	-5.065556
		50.726024	-3.543949
		51.512161	-0.116215
		51.289406	1.075802
		
c	12 1 11 6 7 9 10 8 3 4 5 0 14 13 2 15	2158.54699929731	0.784145300070269	12	1	11	6	7	9	10	8	3	4	5	0	14	13	2	15		
		51.624837	-3.94495
		51.460852	-2.588139
		51.488224	-3.186893
		53.751959	-0.335941
		54.980766	-1.615849
		55.958426	-3.186893
		55.862982	-4.263554
		54.892406	-2.923222
		53.803895	-1.549931
		53.478239	-2.258549
		53.409532	-3.000126
		52.486125	-1.890507
		50.152266	-5.065556
		50.726024	-3.543949
		51.512161	-0.116215
		51.289406	1.075802
		
c	3 6 7 9 8 5 4 0 1 11 12 10 14 13 2 15	2629.21028428283	0.737078971571717	3	6	7	9	8	5	4	0	1	11	12	10	14	13	2	15		
		53.803895	-1.549931
		53.751959	-0.335941
		54.980766	-1.615849
		55.958426	-3.186893
		54.892406	-2.923222
		53.409532	-3.000126
		53.478239	-2.258549
		52.486125	-1.890507
		51.460852	-2.588139
		51.488224	-3.186893
		51.624837	-3.94495
		55.862982	-4.263554
		50.152266	-5.065556
		50.726024	-3.543949
		51.512161	-0.116215
		51.289406	1.075802
		
c	2 15 6 7 9 10 8 3 4 0 1 11 5 12 14 13	2105.20128515449	0.789479871484551	2	15	6	7	9	10	8	3	4	0	1	11	5	12	14	13		
		51.512161	-0.116215
		51.289406	1.075802
		53.751959	-0.335941
		54.980766	-1.615849
		55.958426	-3.186893
		55.862982	-4.263554
		54.892406	-2.923222
		53.803895	-1.549931
		53.478239	-2.258549
		52.486125	-1.890507
		51.460852	-2.588139
		51.488224	-3.186893
		53.409532	-3.000126
		51.624837	-3.94495
		50.152266	-5.065556
		50.726024	-3.543949
		
c	6 11 12 14 13 2 7 9 10 8 4 5 0 1 15 3	2732.7477562949	0.72672522437051	6	11	12	14	13	2	7	9	10	8	4	5	0	1	15	3		
		53.751959	-0.335941
		51.488224	-3.186893
		51.624837	-3.94495
		50.152266	-5.065556
		50.726024	-3.543949
		51.512161	-0.116215
		54.980766	-1.615849
		55.958426	-3.186893
		55.862982	-4.263554
		54.892406	-2.923222
		53.478239	-2.258549
		53.409532	-3.000126
		52.486125	-1.890507
		51.460852	-2.588139
		51.289406	1.075802
		53.803895	-1.549931
		
c	7 10 4 5 11 12 1 2 15 6 3 0 14 13 9 8	2846.02511027414	0.715397488972586	7	10	4	5	11	12	1	2	15	6	3	0	14	13	9	8		
		54.980766	-1.615849
		55.862982	-4.263554
		53.478239	-2.258549
		53.409532	-3.000126
		51.488224	-3.186893
		51.624837	-3.94495
		51.460852	-2.588139
		51.512161	-0.116215
		51.289406	1.075802
		53.751959	-0.335941
		53.803895	-1.549931
		52.486125	-1.890507
		50.152266	-5.065556
		50.726024	-3.543949
		55.958426	-3.186893
		54.892406	-2.923222
		
c	4 3 5 0 1 11 2 14 13 12 6 7 9 10 8 15	2609.30424956606	0.739069575043394	4	3	5	0	1	11	2	14	13	12	6	7	9	10	8	15		
		53.478239	-2.258549
		53.803895	-1.549931
		53.409532	-3.000126
		52.486125	-1.890507
		51.460852	-2.588139
		51.488224	-3.186893
		51.512161	-0.116215
		50.152266	-5.065556
		50.726024	-3.543949
		51.624837	-3.94495
		53.751959	-0.335941
		54.980766	-1.615849
		55.958426	-3.186893
		55.862982	-4.263554
		54.892406	-2.923222
		51.289406	1.075802
		
c	14 13 2 15 6 7 10 9 5 8 3 4 0 1 11 12	2168.48734903777	0.783151265096223	14	13	2	15	6	7	10	9	5	8	3	4	0	1	11	12		
		50.152266	-5.065556
		50.726024	-3.543949
		51.512161	-0.116215
		51.289406	1.075802
		53.751959	-0.335941
		54.980766	-1.615849
		55.862982	-4.263554
		55.958426	-3.186893
		53.409532	-3.000126
		54.892406	-2.923222
		53.803895	-1.549931
		53.478239	-2.258549
		52.486125	-1.890507
		51.460852	-2.588139
		51.488224	-3.186893
		51.624837	-3.94495
		
c	6 4 5 0 7 1 11 12 14 13 3 9 10 8 2 15	2725.2688295407	0.72747311704593	6	4	5	0	7	1	11	12	14	13	3	9	10	8	2	15		
		53.751959	-0.335941
		53.478239	-2.258549
		53.409532	-3.000126
		52.486125	-1.890507
		54.980766	-1.615849
		51.460852	-2.588139
		51.488224	-3.186893
		51.624837	-3.94495
		50.152266	-5.065556
		50.726024	-3.543949
		53.803895	-1.549931
		55.958426	-3.186893
		55.862982	-4.263554
		54.892406	-2.923222
		51.512161	-0.116215
		51.289406	1.075802
		
c	1 3 7 10 9 8 4 5 0 11 6 12 14 13 2 15	2567.60586091505	0.743239413908495	1	3	7	10	9	8	4	5	0	11	6	12	14	13	2	15		
		51.460852	-2.588139
		53.803895	-1.549931
		54.980766	-1.615849
		55.862982	-4.263554
		55.958426	-3.186893
		54.892406	-2.923222
		53.478239	-2.258549
		53.409532	-3.000126
		52.486125	-1.890507
		51.488224	-3.186893
		53.751959	-0.335941
		51.624837	-3.94495
		50.152266	-5.065556
		50.726024	-3.543949
		51.512161	-0.116215
		51.289406	1.075802
		
c	7 9 10 8 3 4 5 6 0 1 11 12 14 13 2 15	1833.59419715235	0.816640580284765	7	9	10	8	3	4	5	6	0	1	11	12	14	13	2	15		
		54.980766	-1.615849
		55.958426	-3.186893
		55.862982	-4.263554
		54.892406	-2.923222
		53.803895	-1.549931
		53.478239	-2.258549
		53.409532	-3.000126
		53.751959	-0.335941
		52.486125	-1.890507
		51.460852	-2.588139
		51.488224	-3.186893
		51.624837	-3.94495
		50.152266	-5.065556
		50.726024	-3.543949
		51.512161	-0.116215
		51.289406	1.075802
		
c	13 2 15 6 7 10 9 8 3 1 0 5 4 11 12 14	2358.50555090553	0.764149444909447	13	2	15	6	7	10	9	8	3	1	0	5	4	11	12	14		
		50.726024	-3.543949
		51.512161	-0.116215
		51.289406	1.075802
		53.751959	-0.335941
		54.980766	-1.615849
		55.862982	-4.263554
		55.958426	-3.186893
		54.892406	-2.923222
		53.803895	-1.549931
		51.460852	-2.588139
		52.486125	-1.890507
		53.409532	-3.000126
		53.478239	-2.258549
		51.488224	-3.186893
		51.624837	-3.94495
		50.152266	-5.065556
		
c	0 6 5 7 9 10 8 3 4 11 12 14 13 2 15 1	2300.27205343381	0.769972794656619	0	6	5	7	9	10	8	3	4	11	12	14	13	2	15	1		
		52.486125	-1.890507
		53.751959	-0.335941
		53.409532	-3.000126
		54.980766	-1.615849
		55.958426	-3.186893
		55.862982	-4.263554
		54.892406	-2.923222
		53.803895	-1.549931
		53.478239	-2.258549
		51.488224	-3.186893
		51.624837	-3.94495
		50.152266	-5.065556
		50.726024	-3.543949
		51.512161	-0.116215
		51.289406	1.075802
		51.460852	-2.588139
		
c	2 6 7 9 10 8 3 4 5 0 11 12 14 13 1 15	2011.2916557824	0.79887083442176	2	6	7	9	10	8	3	4	5	0	11	12	14	13	1	15		
		51.512161	-0.116215
		53.751959	-0.335941
		54.980766	-1.615849
		55.958426	-3.186893
		55.862982	-4.263554
		54.892406	-2.923222
		53.803895	-1.549931
		53.478239	-2.258549
		53.409532	-3.000126
		52.486125	-1.890507
		51.488224	-3.186893
		51.624837	-3.94495
		50.152266	-5.065556
		50.726024	-3.543949
		51.460852	-2.588139
		51.289406	1.075802
		
c	9 10 8 4 5 0 1 11 6 7 3 12 14 13 2 15	2256.33037762691	0.774366962237309	9	10	8	4	5	0	1	11	6	7	3	12	14	13	2	15		
		55.958426	-3.186893
		55.862982	-4.263554
		54.892406	-2.923222
		53.478239	-2.258549
		53.409532	-3.000126
		52.486125	-1.890507
		51.460852	-2.588139
		51.488224	-3.186893
		53.751959	-0.335941
		54.980766	-1.615849
		53.803895	-1.549931
		51.624837	-3.94495
		50.152266	-5.065556
		50.726024	-3.543949
		51.512161	-0.116215
		51.289406	1.075802
		
c	5 3 0 1 6 7 10 9 8 4 11 12 14 13 2 15	2310.53345803225	0.768946654196775	5	3	0	1	6	7	10	9	8	4	11	12	14	13	2	15		
		53.409532	-3.000126
		53.803895	-1.549931
		52.486125	-1.890507
		51.460852	-2.588139
		53.751959	-0.335941
		54.980766	-1.615849
		55.862982	-4.263554
		55.958426	-3.186893
		54.892406	-2.923222
		53.478239	-2.258549
		51.488224	-3.186893
		51.624837	-3.94495
		50.152266	-5.065556
		50.726024	-3.543949
		51.512161	-0.116215
		51.289406	1.075802
		
c	2 9 8 0 3 6 7 10 4 5 11 12 14 13 1 15	2791.96984974664	0.720803015025336	2	9	8	0	3	6	7	10	4	5	11	12	14	13	1	15		
		51.512161	-0.116215
		55.958426	-3.186893
		54.892406	-2.923222
		52.486125	-1.890507
		53.803895	-1.549931
		53.751959	-0.335941
		54.980766	-1.615849
		55.862982	-4.263554
		53.478239	-2.258549
		53.409532	-3.000126
		51.488224	-3.186893
		51.624837	-3.94495
		50.152266	-5.065556
		50.726024	-3.543949
		51.460852	-2.588139
		51.289406	1.075802
		
c	10 8 3 5 0 12 14 13 2 11 15 6 7 9 4 1	2864.5064470375	0.71354935529625	10	8	3	5	0	12	14	13	2	11	15	6	7	9	4	1		
		55.862982	-4.263554
		54.892406	-2.923222
		53.803895	-1.549931
		53.409532	-3.000126
		52.486125	-1.890507
		51.624837	-3.94495
		50.152266	-5.065556
		50.726024	-3.543949
		51.512161	-0.116215
		51.488224	-3.186893
		51.289406	1.075802
		53.751959	-0.335941
		54.980766	-1.615849
		55.958426	-3.186893
		53.478239	-2.258549
		51.460852	-2.588139
		
c	5 6 10 8 3 4 0 1 11 12 14 13 2 15 7 9	2446.15178480939	0.755384821519061	5	6	10	8	3	4	0	1	11	12	14	13	2	15	7	9		
		53.409532	-3.000126
		53.751959	-0.335941
		55.862982	-4.263554
		54.892406	-2.923222
		53.803895	-1.549931
		53.478239	-2.258549
		52.486125	-1.890507
		51.460852	-2.588139
		51.488224	-3.186893
		51.624837	-3.94495
		50.152266	-5.065556
		50.726024	-3.543949
		51.512161	-0.116215
		51.289406	1.075802
		54.980766	-1.615849
		55.958426	-3.186893
		
c	2 8 7 6 9 0 3 10 4 5 11 12 14 13 1 15	3080.6591436698	0.69193408563302	2	8	7	6	9	0	3	10	4	5	11	12	14	13	1	15		
		51.512161	-0.116215
		54.892406	-2.923222
		54.980766	-1.615849
		53.751959	-0.335941
		55.958426	-3.186893
		52.486125	-1.890507
		53.803895	-1.549931
		55.862982	-4.263554
		53.478239	-2.258549
		53.409532	-3.000126
		51.488224	-3.186893
		51.624837	-3.94495
		50.152266	-5.065556
		50.726024	-3.543949
		51.460852	-2.588139
		51.289406	1.075802
		
c	9 10 8 3 4 0 1 6 7 5 11 12 14 13 2 15	2220.56424438189	0.777943575561811	9	10	8	3	4	0	1	6	7	5	11	12	14	13	2	15		
		55.958426	-3.186893
		55.862982	-4.263554
		54.892406	-2.923222
		53.803895	-1.549931
		53.478239	-2.258549
		52.486125	-1.890507
		51.460852	-2.588139
		53.751959	-0.335941
		54.980766	-1.615849
		53.409532	-3.000126
		51.488224	-3.186893
		51.624837	-3.94495
		50.152266	-5.065556
		50.726024	-3.543949
		51.512161	-0.116215
		51.289406	1.075802
		
c	2 10 9 8 7 5 6 3 4 0 1 11 12 14 13 15	2311.42936342117	0.768857063657883	2	10	9	8	7	5	6	3	4	0	1	11	12	14	13	15		
		51.512161	-0.116215
		55.862982	-4.263554
		55.958426	-3.186893
		54.892406	-2.923222
		54.980766	-1.615849
		53.409532	-3.000126
		53.751959	-0.335941
		53.803895	-1.549931
		53.478239	-2.258549
		52.486125	-1.890507
		51.460852	-2.588139
		51.488224	-3.186893
		51.624837	-3.94495
		50.152266	-5.065556
		50.726024	-3.543949
		51.289406	1.075802
		
c	4 5 0 1 11 12 14 13 2 15 6 7 9 10 8 3	1996.27845947178	0.800372154052822	4	5	0	1	11	12	14	13	2	15	6	7	9	10	8	3		
		53.478239	-2.258549
		53.409532	-3.000126
		52.486125	-1.890507
		51.460852	-2.588139
		51.488224	-3.186893
		51.624837	-3.94495
		50.152266	-5.065556
		50.726024	-3.543949
		51.512161	-0.116215
		51.289406	1.075802
		53.751959	-0.335941
		54.980766	-1.615849
		55.958426	-3.186893
		55.862982	-4.263554
		54.892406	-2.923222
		53.803895	-1.549931
		
c	15 1 6 7 9 3 5 10 8 4 0 11 12 14 13 2	2681.36666952609	0.731863333047391	15	1	6	7	9	3	5	10	8	4	0	11	12	14	13	2		
		51.289406	1.075802
		51.460852	-2.588139
		53.751959	-0.335941
		54.980766	-1.615849
		55.958426	-3.186893
		53.803895	-1.549931
		53.409532	-3.000126
		55.862982	-4.263554
		54.892406	-2.923222
		53.478239	-2.258549
		52.486125	-1.890507
		51.488224	-3.186893
		51.624837	-3.94495
		50.152266	-5.065556
		50.726024	-3.543949
		51.512161	-0.116215
		
c	9 8 4 0 1 11 12 14 13 2 15 6 7 10 3 5	2299.62852468649	0.770037147531351	9	8	4	0	1	11	12	14	13	2	15	6	7	10	3	5		
		55.958426	-3.186893
		54.892406	-2.923222
		53.478239	-2.258549
		52.486125	-1.890507
		51.460852	-2.588139
		51.488224	-3.186893
		51.624837	-3.94495
		50.152266	-5.065556
		50.726024	-3.543949
		51.512161	-0.116215
		51.289406	1.075802
		53.751959	-0.335941
		54.980766	-1.615849
		55.862982	-4.263554
		53.803895	-1.549931
		53.409532	-3.000126
		
c	12 8 3 4 9 10 5 0 1 11 14 13 2 15 6 7	2620.39904721354	0.737960095278646	12	8	3	4	9	10	5	0	1	11	14	13	2	15	6	7		
		51.624837	-3.94495
		54.892406	-2.923222
		53.803895	-1.549931
		53.478239	-2.258549
		55.958426	-3.186893
		55.862982	-4.263554
		53.409532	-3.000126
		52.486125	-1.890507
		51.460852	-2.588139
		51.488224	-3.186893
		50.152266	-5.065556
		50.726024	-3.543949
		51.512161	-0.116215
		51.289406	1.075802
		53.751959	-0.335941
		54.980766	-1.615849
		
c	3 5 6 7 10 9 8 4 0 1 11 12 14 13 2 15	1970.11250616168	0.802988749383832	3	5	6	7	10	9	8	4	0	1	11	12	14	13	2	15		
		53.803895	-1.549931
		53.409532	-3.000126
		53.751959	-0.335941
		54.980766	-1.615849
		55.862982	-4.263554
		55.958426	-3.186893
		54.892406	-2.923222
		53.478239	-2.258549
		52.486125	-1.890507
		51.460852	-2.588139
		51.488224	-3.186893
		51.624837	-3.94495
		50.152266	-5.065556
		50.726024	-3.543949
		51.512161	-0.116215
		51.289406	1.075802
		
c	14 2 15 1 6 3 5 4 0 11 12 13 7 9 10 8	2507.94607928258	0.749205392071742	14	2	15	1	6	3	5	4	0	11	12	13	7	9	10	8		
		50.152266	-5.065556
		51.512161	-0.116215
		51.289406	1.075802
		51.460852	-2.588139
		53.751959	-0.335941
		53.803895	-1.549931
		53.409532	-3.000126
		53.478239	-2.258549
		52.486125	-1.890507
		51.488224	-3.186893
		51.624837	-3.94495
		50.726024	-3.543949
		54.980766	-1.615849
		55.958426	-3.186893
		55.862982	-4.263554
		54.892406	-2.923222
		
g87		1758.37881581719	0.824162118418281	0	6	3	7	9	10	8	5	4	0	1	11	12	14	13	2	15		
		53.751959	-0.335941
		53.803895	-1.549931
		54.980766	-1.615849
		55.958426	-3.186893
		55.862982	-4.263554
		54.892406	-2.923222
		53.409532	-3.000126
		53.478239	-2.258549
		52.486125	-1.890507
		51.460852	-2.588139
		51.488224	-3.186893
		51.624837	-3.94495
		50.152266	-5.065556
		50.726024	-3.543949
		51.512161	-0.116215
		51.289406	1.075802
		
g87		1764.36174716627	0.823563825283373	1	6	7	9	10	8	3	4	5	0	11	12	14	13	1	2	15		
		53.751959	-0.335941
		54.980766	-1.615849
		55.958426	-3.186893
		55.862982	-4.263554
		54.892406	-2.923222
		53.803895	-1.549931
		53.478239	-2.258549
		53.409532	-3.000126
		52.486125	-1.890507
		51.488224	-3.186893
		51.624837	-3.94495
		50.152266	-5.065556
		50.726024	-3.543949
		51.460852	-2.588139
		51.512161	-0.116215
		51.289406	1.075802
		
g87		1767.93964020092	0.823206035979908	2	10	9	8	7	5	6	3	4	0	1	11	12	14	13	2	15		
		55.862982	-4.263554
		55.958426	-3.186893
		54.892406	-2.923222
		54.980766	-1.615849
		53.409532	-3.000126
		53.751959	-0.335941
		53.803895	-1.549931
		53.478239	-2.258549
		52.486125	-1.890507
		51.460852	-2.588139
		51.488224	-3.186893
		51.624837	-3.94495
		50.152266	-5.065556
		50.726024	-3.543949
		51.512161	-0.116215
		51.289406	1.075802
		
g87		1785.41447966156	0.821458552033844	3	9	10	8	7	5	6	3	4	0	1	11	12	14	13	2	15		
		55.958426	-3.186893
		55.862982	-4.263554
		54.892406	-2.923222
		54.980766	-1.615849
		53.409532	-3.000126
		53.751959	-0.335941
		53.803895	-1.549931
		53.478239	-2.258549
		52.486125	-1.890507
		51.460852	-2.588139
		51.488224	-3.186893
		51.624837	-3.94495
		50.152266	-5.065556
		50.726024	-3.543949
		51.512161	-0.116215
		51.289406	1.075802
		
g87		1787.2678443766	0.82127321556234	4	3	6	7	9	10	8	5	4	0	1	11	12	14	13	2	15		
		53.803895	-1.549931
		53.751959	-0.335941
		54.980766	-1.615849
		55.958426	-3.186893
		55.862982	-4.263554
		54.892406	-2.923222
		53.409532	-3.000126
		53.478239	-2.258549
		52.486125	-1.890507
		51.460852	-2.588139
		51.488224	-3.186893
		51.624837	-3.94495
		50.152266	-5.065556
		50.726024	-3.543949
		51.512161	-0.116215
		51.289406	1.075802
		
g87		1794.61235065558	0.820538764934442	5	6	7	10	9	8	3	4	5	0	1	11	12	14	13	2	15		
		53.751959	-0.335941
		54.980766	-1.615849
		55.862982	-4.263554
		55.958426	-3.186893
		54.892406	-2.923222
		53.803895	-1.549931
		53.478239	-2.258549
		53.409532	-3.000126
		52.486125	-1.890507
		51.460852	-2.588139
		51.488224	-3.186893
		51.624837	-3.94495
		50.152266	-5.065556
		50.726024	-3.543949
		51.512161	-0.116215
		51.289406	1.075802
		
