c	7 10 9 13 1 2 15 11 0 4 3 6 8 5 12 14	2663.19738095236	0.733680261904764	7	10	9	13	1	2	15	11	0	4	3	6	8	5	12	14		
		54.980766	-1.615849
		55.862982	-4.263554
		55.958426	-3.186893
		50.726024	-3.543949
		51.460852	-2.588139
		51.512161	-0.116215
		51.289406	1.075802
		51.488224	-3.186893
		52.486125	-1.890507
		53.478239	-2.258549
		53.803895	-1.549931
		53.751959	-0.335941
		54.892406	-2.923222
		53.409532	-3.000126
		51.624837	-3.94495
		50.152266	-5.065556
		
c	7 10 9 8 2 4 3 6 5 11 12 1 15 0 14 13	2710.56651600678	0.728943348399322	7	10	9	8	2	4	3	6	5	11	12	1	15	0	14	13		
		54.980766	-1.615849
		55.862982	-4.263554
		55.958426	-3.186893
		54.892406	-2.923222
		51.512161	-0.116215
		53.478239	-2.258549
		53.803895	-1.549931
		53.751959	-0.335941
		53.409532	-3.000126
		51.488224	-3.186893
		51.624837	-3.94495
		51.460852	-2.588139
		51.289406	1.075802
		52.486125	-1.890507
		50.152266	-5.065556
		50.726024	-3.543949
		
c	6 3 5 0 1 11 12 14 13 4 7 10 9 8 2 15	2216.57620042252	0.778342379957748	6	3	5	0	1	11	12	14	13	4	7	10	9	8	2	15		
		53.751959	-0.335941
		53.803895	-1.549931
		53.409532	-3.000126
		52.486125	-1.890507
		51.460852	-2.588139
		51.488224	-3.186893
		51.624837	-3.94495
		50.152266	-5.065556
		50.726024	-3.543949
		53.478239	-2.258549
		54.980766	-1.615849
		55.862982	-4.263554
		55.958426	-3.186893
		54.892406	-2.923222
		51.512161	-0.116215
		51.289406	1.075802
		
c	10 9 5 11 12 14 13 1 2 15 0 4 6 3 7 8	2071.74275384164	0.792825724615836	10	9	5	11	12	14	13	1	2	15	0	4	6	3	7	8		
		55.862982	-4.263554
		55.958426	-3.186893
		53.409532	-3.000126
		51.488224	-3.186893
		51.624837	-3.94495
		50.152266	-5.065556
		50.726024	-3.543949
		51.460852	-2.588139
		51.512161	-0.116215
		51.289406	1.075802
		52.486125	-1.890507
		53.478239	-2.258549
		53.751959	-0.335941
		53.803895	-1.549931
		54.980766	-1.615849
		54.892406	-2.923222
		
c	4 13 1 2 15 11 0 3 6 7 10 9 8 5 12 14	2444.6226925488	0.75553773074512	4	13	1	2	15	11	0	3	6	7	10	9	8	5	12	14		
		53.478239	-2.258549
		50.726024	-3.543949
		51.460852	-2.588139
		51.512161	-0.116215
		51.289406	1.075802
		51.488224	-3.186893
		52.486125	-1.890507
		53.803895	-1.549931
		53.751959	-0.335941
		54.980766	-1.615849
		55.862982	-4.263554
		55.958426	-3.186893
		54.892406	-2.923222
		53.409532	-3.000126
		51.624837	-3.94495
		50.152266	-5.065556
		
c	9 8 5 4 12 11 6 13 7 10 14 3 1 0 2 15	3778.13639006748	0.622186360993253	9	8	5	4	12	11	6	13	7	10	14	3	1	0	2	15		
		55.958426	-3.186893
		54.892406	-2.923222
		53.409532	-3.000126
		53.478239	-2.258549
		51.624837	-3.94495
		51.488224	-3.186893
		53.751959	-0.335941
		50.726024	-3.543949
		54.980766	-1.615849
		55.862982	-4.263554
		50.152266	-5.065556
		53.803895	-1.549931
		51.460852	-2.588139
		52.486125	-1.890507
		51.512161	-0.116215
		51.289406	1.075802
		
c	3 2 15 0 4 8 7 9 10 6 5 1 11 12 14 13	2322.71780806148	0.767728219193852	3	2	15	0	4	8	7	9	10	6	5	1	11	12	14	13		
		53.803895	-1.549931
		51.512161	-0.116215
		51.289406	1.075802
		52.486125	-1.890507
		53.478239	-2.258549
		54.892406	-2.923222
		54.980766	-1.615849
		55.958426	-3.186893
		55.862982	-4.263554
		53.751959	-0.335941
		53.409532	-3.000126
		51.460852	-2.588139
		51.488224	-3.186893
		51.624837	-3.94495
		50.152266	-5.065556
		50.726024	-3.543949
		
c	0 2 12 14 13 11 1 15 4 6 3 7 10 9 8 5	2339.32326467417	0.766067673532583	0	2	12	14	13	11	1	15	4	6	3	7	10	9	8	5		
		52.486125	-1.890507
		51.512161	-0.116215
		51.624837	-3.94495
		50.152266	-5.065556
		50.726024	-3.543949
		51.488224	-3.186893
		51.460852	-2.588139
		51.289406	1.075802
		53.478239	-2.258549
		53.751959	-0.335941
		53.803895	-1.549931
		54.980766	-1.615849
		55.862982	-4.263554
		55.958426	-3.186893
		54.892406	-2.923222
		53.409532	-3.000126
		
c	7 10 9 8 5 4 3 6 11 0 12 14 13 1 2 15	2033.94589479797	0.796605410520203	7	10	9	8	5	4	3	6	11	0	12	14	13	1	2	15		
		54.980766	-1.615849
		55.862982	-4.263554
		55.958426	-3.186893
		54.892406	-2.923222
		53.409532	-3.000126
		53.478239	-2.258549
		53.803895	-1.549931
		53.751959	-0.335941
		51.488224	-3.186893
		52.486125	-1.890507
		51.624837	-3.94495
		50.152266	-5.065556
		50.726024	-3.543949
		51.460852	-2.588139
		51.512161	-0.116215
		51.289406	1.075802
		
c	5 12 14 13 1 2 15 11 0 7 8 10 9 4 6 3	2376.79189527792	0.762320810472208	5	12	14	13	1	2	15	11	0	7	8	10	9	4	6	3		
		53.409532	-3.000126
		51.624837	-3.94495
		50.152266	-5.065556
		50.726024	-3.543949
		51.460852	-2.588139
		51.512161	-0.116215
		51.289406	1.075802
		51.488224	-3.186893
		52.486125	-1.890507
		54.980766	-1.615849
		54.892406	-2.923222
		55.862982	-4.263554
		55.958426	-3.186893
		53.478239	-2.258549
		53.751959	-0.335941
		53.803895	-1.549931
		
c	0 3 7 4 6 8 10 9 5 12 14 13 1 2 15 11	2455.90311348283	0.754409688651717	0	3	7	4	6	8	10	9	5	12	14	13	1	2	15	11		
		52.486125	-1.890507
		53.803895	-1.549931
		54.980766	-1.615849
		53.478239	-2.258549
		53.751959	-0.335941
		54.892406	-2.923222
		55.862982	-4.263554
		55.958426	-3.186893
		53.409532	-3.000126
		51.624837	-3.94495
		50.152266	-5.065556
		50.726024	-3.543949
		51.460852	-2.588139
		51.512161	-0.116215
		51.289406	1.075802
		51.488224	-3.186893
		
c	9 5 12 1 2 15 4 6 3 8 7 10 14 13 11 0	2808.95498507834	0.719104501492166	9	5	12	1	2	15	4	6	3	8	7	10	14	13	11	0		
		55.958426	-3.186893
		53.409532	-3.000126
		51.624837	-3.94495
		51.460852	-2.588139
		51.512161	-0.116215
		51.289406	1.075802
		53.478239	-2.258549
		53.751959	-0.335941
		53.803895	-1.549931
		54.892406	-2.923222
		54.980766	-1.615849
		55.862982	-4.263554
		50.152266	-5.065556
		50.726024	-3.543949
		51.488224	-3.186893
		52.486125	-1.890507
		
c	2 15 11 9 8 4 6 5 12 14 13 1 0 3 7 10	2690.49735628003	0.730950264371997	2	15	11	9	8	4	6	5	12	14	13	1	0	3	7	10		
		51.512161	-0.116215
		51.289406	1.075802
		51.488224	-3.186893
		55.958426	-3.186893
		54.892406	-2.923222
		53.478239	-2.258549
		53.751959	-0.335941
		53.409532	-3.000126
		51.624837	-3.94495
		50.152266	-5.065556
		50.726024	-3.543949
		51.460852	-2.588139
		52.486125	-1.890507
		53.803895	-1.549931
		54.980766	-1.615849
		55.862982	-4.263554
		
c	5 0 1 11 12 14 8 7 13 2 15 4 3 6 10 9	2873.62838460543	0.712637161539457	5	0	1	11	12	14	8	7	13	2	15	4	3	6	10	9		
		53.409532	-3.000126
		52.486125	-1.890507
		51.460852	-2.588139
		51.488224	-3.186893
		51.624837	-3.94495
		50.152266	-5.065556
		54.892406	-2.923222
		54.980766	-1.615849
		50.726024	-3.543949
		51.512161	-0.116215
		51.289406	1.075802
		53.478239	-2.258549
		53.803895	-1.549931
		53.751959	-0.335941
		55.862982	-4.263554
		55.958426	-3.186893
		
c	12 1 2 15 0 3 5 11 14 13 4 7 10 9 8 6	2470.03084962462	0.752996915037538	12	1	2	15	0	3	5	11	14	13	4	7	10	9	8	6		
		51.624837	-3.94495
		51.460852	-2.588139
		51.512161	-0.116215
		51.289406	1.075802
		52.486125	-1.890507
		53.803895	-1.549931
		53.409532	-3.000126
		51.488224	-3.186893
		50.152266	-5.065556
		50.726024	-3.543949
		53.478239	-2.258549
		54.980766	-1.615849
		55.862982	-4.263554
		55.958426	-3.186893
		54.892406	-2.923222
		53.751959	-0.335941
		
c	7 1 11 12 14 13 3 5 0 4 10 9 8 2 15 6	2791.34801760568	0.720865198239432	7	1	11	12	14	13	3	5	0	4	10	9	8	2	15	6		
		54.980766	-1.615849
		51.460852	-2.588139
		51.488224	-3.186893
		51.624837	-3.94495
		50.152266	-5.065556
		50.726024	-3.543949
		53.803895	-1.549931
		53.409532	-3.000126
		52.486125	-1.890507
		53.478239	-2.258549
		55.862982	-4.263554
		55.958426	-3.186893
		54.892406	-2.923222
		51.512161	-0.116215
		51.289406	1.075802
		53.751959	-0.335941
		
c	7 10 9 8 1 11 12 14 13 2 15 0 4 3 6 5	2182.83145231729	0.781716854768271	7	10	9	8	1	11	12	14	13	2	15	0	4	3	6	5		
		54.980766	-1.615849
		55.862982	-4.263554
		55.958426	-3.186893
		54.892406	-2.923222
		51.460852	-2.588139
		51.488224	-3.186893
		51.624837	-3.94495
		50.152266	-5.065556
		50.726024	-3.543949
		51.512161	-0.116215
		51.289406	1.075802
		52.486125	-1.890507
		53.478239	-2.258549
		53.803895	-1.549931
		53.751959	-0.335941
		53.409532	-3.000126
		
c	11 4 3 8 10 9 5 7 6 0 12 14 13 1 2 15	2299.28927925983	0.770071072074017	11	4	3	8	10	9	5	7	6	0	12	14	13	1	2	15		
		51.488224	-3.186893
		53.478239	-2.258549
		53.803895	-1.549931
		54.892406	-2.923222
		55.862982	-4.263554
		55.958426	-3.186893
		53.409532	-3.000126
		54.980766	-1.615849
		53.751959	-0.335941
		52.486125	-1.890507
		51.624837	-3.94495
		50.152266	-5.065556
		50.726024	-3.543949
		51.460852	-2.588139
		51.512161	-0.116215
		51.289406	1.075802
		
c	12 14 13 1 2 15 6 7 10 9 8 11 5 0 4 3	2392.95539876153	0.760704460123848	12	14	13	1	2	15	6	7	10	9	8	11	5	0	4	3		
		51.624837	-3.94495
		50.152266	-5.065556
		50.726024	-3.543949
		51.460852	-2.588139
		51.512161	-0.116215
		51.289406	1.075802
		53.751959	-0.335941
		54.980766	-1.615849
		55.862982	-4.263554
		55.958426	-3.186893
		54.892406	-2.923222
		51.488224	-3.186893
		53.409532	-3.000126
		52.486125	-1.890507
		53.478239	-2.258549
		53.803895	-1.549931
		
c	7 1 12 0 4 6 10 8 9 5 11 14 13 2 15 3	3000.45651991988	0.699954348008012	7	1	12	0	4	6	10	8	9	5	11	14	13	2	15	3		
		54.980766	-1.615849
		51.460852	-2.588139
		51.624837	-3.94495
		52.486125	-1.890507
		53.478239	-2.258549
		53.751959	-0.335941
		55.862982	-4.263554
		54.892406	-2.923222
		55.958426	-3.186893
		53.409532	-3.000126
		51.488224	-3.186893
		50.152266	-5.065556
		50.726024	-3.543949
		51.512161	-0.116215
		51.289406	1.075802
		53.803895	-1.549931
		
c	1 0 6 13 2 15 11 4 3 7 10 9 8 5 12 14	2693.6129457197	0.73063870542803	1	0	6	13	2	15	11	4	3	7	10	9	8	5	12	14		
		51.460852	-2.588139
		52.486125	-1.890507
		53.751959	-0.335941
		50.726024	-3.543949
		51.512161	-0.116215
		51.289406	1.075802
		51.488224	-3.186893
		53.478239	-2.258549
		53.803895	-1.549931
		54.980766	-1.615849
		55.862982	-4.263554
		55.958426	-3.186893
		54.892406	-2.923222
		53.409532	-3.000126
		51.624837	-3.94495
		50.152266	-5.065556
		
c	9 5 1 2 15 11 0 6 3 7 12 14 13 4 8 10	2913.5368933622	0.70864631066378	9	5	1	2	15	11	0	6	3	7	12	14	13	4	8	10		
		55.958426	-3.186893
		53.409532	-3.000126
		51.460852	-2.588139
		51.512161	-0.116215
		51.289406	1.075802
		51.488224	-3.186893
		52.486125	-1.890507
		53.751959	-0.335941
		53.803895	-1.549931
		54.980766	-1.615849
		51.624837	-3.94495
		50.152266	-5.065556
		50.726024	-3.543949
		53.478239	-2.258549
		54.892406	-2.923222
		55.862982	-4.263554
		
c	11 0 4 12 14 13 1 6 2 15 10 9 8 5 3 7	2742.65336084983	0.725734663915017	11	0	4	12	14	13	1	6	2	15	10	9	8	5	3	7		
		51.488224	-3.186893
		52.486125	-1.890507
		53.478239	-2.258549
		51.624837	-3.94495
		50.152266	-5.065556
		50.726024	-3.543949
		51.460852	-2.588139
		53.751959	-0.335941
		51.512161	-0.116215
		51.289406	1.075802
		55.862982	-4.263554
		55.958426	-3.186893
		54.892406	-2.923222
		53.409532	-3.000126
		53.803895	-1.549931
		54.980766	-1.615849
		
c	0 4 6 3 1 2 15 8 7 9 10 5 11 12 14 13	2491.2357630743	0.75087642369257	0	4	6	3	1	2	15	8	7	9	10	5	11	12	14	13		
		52.486125	-1.890507
		53.478239	-2.258549
		53.751959	-0.335941
		53.803895	-1.549931
		51.460852	-2.588139
		51.512161	-0.116215
		51.289406	1.075802
		54.892406	-2.923222
		54.980766	-1.615849
		55.958426	-3.186893
		55.862982	-4.263554
		53.409532	-3.000126
		51.488224	-3.186893
		51.624837	-3.94495
		50.152266	-5.065556
		50.726024	-3.543949
		
c	8 5 11 12 14 13 2 15 1 0 4 6 3 7 10 9	2176.0455017924	0.78239544982076	8	5	11	12	14	13	2	15	1	0	4	6	3	7	10	9		
		54.892406	-2.923222
		53.409532	-3.000126
		51.488224	-3.186893
		51.624837	-3.94495
		50.152266	-5.065556
		50.726024	-3.543949
		51.512161	-0.116215
		51.289406	1.075802
		51.460852	-2.588139
		52.486125	-1.890507
		53.478239	-2.258549
		53.751959	-0.335941
		53.803895	-1.549931
		54.980766	-1.615849
		55.862982	-4.263554
		55.958426	-3.186893
		
c	4 3 6 8 7 10 9 5 12 14 13 1 2 15 11 0	2295.89369831051	0.770410630168949	4	3	6	8	7	10	9	5	12	14	13	1	2	15	11	0		
		53.478239	-2.258549
		53.803895	-1.549931
		53.751959	-0.335941
		54.892406	-2.923222
		54.980766	-1.615849
		55.862982	-4.263554
		55.958426	-3.186893
		53.409532	-3.000126
		51.624837	-3.94495
		50.152266	-5.065556
		50.726024	-3.543949
		51.460852	-2.588139
		51.512161	-0.116215
		51.289406	1.075802
		51.488224	-3.186893
		52.486125	-1.890507
		
c	0 4 6 3 7 10 8 9 1 5 11 12 14 13 2 15	2541.53013639096	0.745846986360904	0	4	6	3	7	10	8	9	1	5	11	12	14	13	2	15		
		52.486125	-1.890507
		53.478239	-2.258549
		53.751959	-0.335941
		53.803895	-1.549931
		54.980766	-1.615849
		55.862982	-4.263554
		54.892406	-2.923222
		55.958426	-3.186893
		51.460852	-2.588139
		53.409532	-3.000126
		51.488224	-3.186893
		51.624837	-3.94495
		50.152266	-5.065556
		50.726024	-3.543949
		51.512161	-0.116215
		51.289406	1.075802
		
c	0 1 11 12 14 13 2 15 4 6 10 9 8 5 3 7	2263.14787058153	0.773685212941847	0	1	11	12	14	13	2	15	4	6	10	9	8	5	3	7		
		52.486125	-1.890507
		51.460852	-2.588139
		51.488224	-3.186893
		51.624837	-3.94495
		50.152266	-5.065556
		50.726024	-3.543949
		51.512161	-0.116215
		51.289406	1.075802
		53.478239	-2.258549
		53.751959	-0.335941
		55.862982	-4.263554
		55.958426	-3.186893
		54.892406	-2.923222
		53.409532	-3.000126
		53.803895	-1.549931
		54.980766	-1.615849
		
c	10 6 12 14 13 1 0 4 7 9 8 5 11 2 15 3	2780.2512865599	0.72197487134401	10	6	12	14	13	1	0	4	7	9	8	5	11	2	15	3		
		55.862982	-4.263554
		53.751959	-0.335941
		51.624837	-3.94495
		50.152266	-5.065556
		50.726024	-3.543949
		51.460852	-2.588139
		52.486125	-1.890507
		53.478239	-2.258549
		54.980766	-1.615849
		55.958426	-3.186893
		54.892406	-2.923222
		53.409532	-3.000126
		51.488224	-3.186893
		51.512161	-0.116215
		51.289406	1.075802
		53.803895	-1.549931
		
c	4 3 8 7 9 10 6 5 11 12 14 13 1 2 15 0	2214.09840395447	0.778590159604553	4	3	8	7	9	10	6	5	11	12	14	13	1	2	15	0		
		53.478239	-2.258549
		53.803895	-1.549931
		54.892406	-2.923222
		54.980766	-1.615849
		55.958426	-3.186893
		55.862982	-4.263554
		53.751959	-0.335941
		53.409532	-3.000126
		51.488224	-3.186893
		51.624837	-3.94495
		50.152266	-5.065556
		50.726024	-3.543949
		51.460852	-2.588139
		51.512161	-0.116215
		51.289406	1.075802
		52.486125	-1.890507
		
c	8 5 11 12 14 0 4 7 3 9 10 6 13 1 2 15	2809.50362111447	0.719049637888553	8	5	11	12	14	0	4	7	3	9	10	6	13	1	2	15		
		54.892406	-2.923222
		53.409532	-3.000126
		51.488224	-3.186893
		51.624837	-3.94495
		50.152266	-5.065556
		52.486125	-1.890507
		53.478239	-2.258549
		54.980766	-1.615849
		53.803895	-1.549931
		55.958426	-3.186893
		55.862982	-4.263554
		53.751959	-0.335941
		50.726024	-3.543949
		51.460852	-2.588139
		51.512161	-0.116215
		51.289406	1.075802
		
c	6 7 10 9 8 1 11 5 12 14 13 2 15 0 4 3	2450.67430266228	0.754932569733772	6	7	10	9	8	1	11	5	12	14	13	2	15	0	4	3		
		53.751959	-0.335941
		54.980766	-1.615849
		55.862982	-4.263554
		55.958426	-3.186893
		54.892406	-2.923222
		51.460852	-2.588139
		51.488224	-3.186893
		53.409532	-3.000126
		51.624837	-3.94495
		50.152266	-5.065556
		50.726024	-3.543949
		51.512161	-0.116215
		51.289406	1.075802
		52.486125	-1.890507
		53.478239	-2.258549
		53.803895	-1.549931
		
c	6 12 14 13 1 2 15 11 0 4 3 7 8 10 9 5	2323.74130121332	0.767625869878668	6	12	14	13	1	2	15	11	0	4	3	7	8	10	9	5		
		53.751959	-0.335941
		51.624837	-3.94495
		50.152266	-5.065556
		50.726024	-3.543949
		51.460852	-2.588139
		51.512161	-0.116215
		51.289406	1.075802
		51.488224	-3.186893
		52.486125	-1.890507
		53.478239	-2.258549
		53.803895	-1.549931
		54.980766	-1.615849
		54.892406	-2.923222
		55.862982	-4.263554
		55.958426	-3.186893
		53.409532	-3.000126
		
c	11 13 0 7 1 12 14 15 8 10 9 2 4 3 6 5	3518.78876372428	0.648121123627572	11	13	0	7	1	12	14	15	8	10	9	2	4	3	6	5		
		51.488224	-3.186893
		50.726024	-3.543949
		52.486125	-1.890507
		54.980766	-1.615849
		51.460852	-2.588139
		51.624837	-3.94495
		50.152266	-5.065556
		51.289406	1.075802
		54.892406	-2.923222
		55.862982	-4.263554
		55.958426	-3.186893
		51.512161	-0.116215
		53.478239	-2.258549
		53.803895	-1.549931
		53.751959	-0.335941
		53.409532	-3.000126
		
c	7 2 15 0 4 8 9 10 6 5 1 11 12 14 13 3	2705.22903481436	0.729477096518564	7	2	15	0	4	8	9	10	6	5	1	11	12	14	13	3		
		54.980766	-1.615849
		51.512161	-0.116215
		51.289406	1.075802
		52.486125	-1.890507
		53.478239	-2.258549
		54.892406	-2.923222
		55.958426	-3.186893
		55.862982	-4.263554
		53.751959	-0.335941
		53.409532	-3.000126
		51.460852	-2.588139
		51.488224	-3.186893
		51.624837	-3.94495
		50.152266	-5.065556
		50.726024	-3.543949
		53.803895	-1.549931
		
c	12 14 13 11 0 7 8 10 9 5 1 2 15 4 6 3	2406.84629913075	0.759315370086925	12	14	13	11	0	7	8	10	9	5	1	2	15	4	6	3		
		51.624837	-3.94495
		50.152266	-5.065556
		50.726024	-3.543949
		51.488224	-3.186893
		52.486125	-1.890507
		54.980766	-1.615849
		54.892406	-2.923222
		55.862982	-4.263554
		55.958426	-3.186893
		53.409532	-3.000126
		51.460852	-2.588139
		51.512161	-0.116215
		51.289406	1.075802
		53.478239	-2.258549
		53.751959	-0.335941
		53.803895	-1.549931
		
c	0 6 8 7 9 10 11 12 14 13 4 1 2 15 5 3	2807.32943684877	0.719267056315123	0	6	8	7	9	10	11	12	14	13	4	1	2	15	5	3		
		52.486125	-1.890507
		53.751959	-0.335941
		54.892406	-2.923222
		54.980766	-1.615849
		55.958426	-3.186893
		55.862982	-4.263554
		51.488224	-3.186893
		51.624837	-3.94495
		50.152266	-5.065556
		50.726024	-3.543949
		53.478239	-2.258549
		51.460852	-2.588139
		51.512161	-0.116215
		51.289406	1.075802
		53.409532	-3.000126
		53.803895	-1.549931
		
c	14 7 9 10 4 3 8 6 5 11 12 1 2 15 0 13	2786.02510469781	0.721397489530219	14	7	9	10	4	3	8	6	5	11	12	1	2	15	0	13		
		50.152266	-5.065556
		54.980766	-1.615849
		55.958426	-3.186893
		55.862982	-4.263554
		53.478239	-2.258549
		53.803895	-1.549931
		54.892406	-2.923222
		53.751959	-0.335941
		53.409532	-3.000126
		51.488224	-3.186893
		51.624837	-3.94495
		51.460852	-2.588139
		51.512161	-0.116215
		51.289406	1.075802
		52.486125	-1.890507
		50.726024	-3.543949
		
c	1 2 15 0 4 7 8 6 10 9 5 11 12 14 13 3	2719.62613901666	0.728037386098334	1	2	15	0	4	7	8	6	10	9	5	11	12	14	13	3		
		51.460852	-2.588139
		51.512161	-0.116215
		51.289406	1.075802
		52.486125	-1.890507
		53.478239	-2.258549
		54.980766	-1.615849
		54.892406	-2.923222
		53.751959	-0.335941
		55.862982	-4.263554
		55.958426	-3.186893
		53.409532	-3.000126
		51.488224	-3.186893
		51.624837	-3.94495
		50.152266	-5.065556
		50.726024	-3.543949
		53.803895	-1.549931
		
c	2 12 11 5 0 4 6 3 7 10 8 9 14 13 1 15	2708.57988634651	0.729142011365349	2	12	11	5	0	4	6	3	7	10	8	9	14	13	1	15		
		51.512161	-0.116215
		51.624837	-3.94495
		51.488224	-3.186893
		53.409532	-3.000126
		52.486125	-1.890507
		53.478239	-2.258549
		53.751959	-0.335941
		53.803895	-1.549931
		54.980766	-1.615849
		55.862982	-4.263554
		54.892406	-2.923222
		55.958426	-3.186893
		50.152266	-5.065556
		50.726024	-3.543949
		51.460852	-2.588139
		51.289406	1.075802
		
c	3 6 10 9 5 11 12 14 13 1 2 15 0 4 7 8	2326.68356401965	0.767331643598035	3	6	10	9	5	11	12	14	13	1	2	15	0	4	7	8		
		53.803895	-1.549931
		53.751959	-0.335941
		55.862982	-4.263554
		55.958426	-3.186893
		53.409532	-3.000126
		51.488224	-3.186893
		51.624837	-3.94495
		50.152266	-5.065556
		50.726024	-3.543949
		51.460852	-2.588139
		51.512161	-0.116215
		51.289406	1.075802
		52.486125	-1.890507
		53.478239	-2.258549
		54.980766	-1.615849
		54.892406	-2.923222
		
c	11 0 12 1 14 13 15 8 7 10 9 2 4 3 6 5	3031.29648323261	0.696870351676739	11	0	12	1	14	13	15	8	7	10	9	2	4	3	6	5		
		51.488224	-3.186893
		52.486125	-1.890507
		51.624837	-3.94495
		51.460852	-2.588139
		50.152266	-5.065556
		50.726024	-3.543949
		51.289406	1.075802
		54.892406	-2.923222
		54.980766	-1.615849
		55.862982	-4.263554
		55.958426	-3.186893
		51.512161	-0.116215
		53.478239	-2.258549
		53.803895	-1.549931
		53.751959	-0.335941
		53.409532	-3.000126
		
c	12 14 13 1 2 6 3 5 0 11 15 4 7 10 8 9	2538.83952967882	0.746116047032118	12	14	13	1	2	6	3	5	0	11	15	4	7	10	8	9		
		51.624837	-3.94495
		50.152266	-5.065556
		50.726024	-3.543949
		51.460852	-2.588139
		51.512161	-0.116215
		53.751959	-0.335941
		53.803895	-1.549931
		53.409532	-3.000126
		52.486125	-1.890507
		51.488224	-3.186893
		51.289406	1.075802
		53.478239	-2.258549
		54.980766	-1.615849
		55.862982	-4.263554
		54.892406	-2.923222
		55.958426	-3.186893
		
c	11 0 4 3 6 8 7 10 9 5 12 14 13 1 2 15	2112.36167260436	0.788763832739564	11	0	4	3	6	8	7	10	9	5	12	14	13	1	2	15		
		51.488224	-3.186893
		52.486125	-1.890507
		53.478239	-2.258549
		53.803895	-1.549931
		53.751959	-0.335941
		54.892406	-2.923222
		54.980766	-1.615849
		55.862982	-4.263554
		55.958426	-3.186893
		53.409532	-3.000126
		51.624837	-3.94495
		50.152266	-5.065556
		50.726024	-3.543949
		51.460852	-2.588139
		51.512161	-0.116215
		51.289406	1.075802
		
c	10 9 2 15 1 12 14 11 13 0 7 6 8 5 4 3	2655.87890110322	0.734412109889678	10	9	2	15	1	12	14	11	13	0	7	6	8	5	4	3		
		55.862982	-4.263554
		55.958426	-3.186893
		51.512161	-0.116215
		51.289406	1.075802
		51.460852	-2.588139
		51.624837	-3.94495
		50.152266	-5.065556
		51.488224	-3.186893
		50.726024	-3.543949
		52.486125	-1.890507
		54.980766	-1.615849
		53.751959	-0.335941
		54.892406	-2.923222
		53.409532	-3.000126
		53.478239	-2.258549
		53.803895	-1.549931
		
c	13 1 2 15 11 0 4 3 6 7 10 9 8 5 12 14	2150.12071607965	0.784987928392035	13	1	2	15	11	0	4	3	6	7	10	9	8	5	12	14		
		50.726024	-3.543949
		51.460852	-2.588139
		51.512161	-0.116215
		51.289406	1.075802
		51.488224	-3.186893
		52.486125	-1.890507
		53.478239	-2.258549
		53.803895	-1.549931
		53.751959	-0.335941
		54.980766	-1.615849
		55.862982	-4.263554
		55.958426	-3.186893
		54.892406	-2.923222
		53.409532	-3.000126
		51.624837	-3.94495
		50.152266	-5.065556
		
c	10 9 2 8 5 4 3 7 6 11 0 12 14 13 1 15	2882.37098566132	0.711762901433868	10	9	2	8	5	4	3	7	6	11	0	12	14	13	1	15		
		55.862982	-4.263554
		55.958426	-3.186893
		51.512161	-0.116215
		54.892406	-2.923222
		53.409532	-3.000126
		53.478239	-2.258549
		53.803895	-1.549931
		54.980766	-1.615849
		53.751959	-0.335941
		51.488224	-3.186893
		52.486125	-1.890507
		51.624837	-3.94495
		50.152266	-5.065556
		50.726024	-3.543949
		51.460852	-2.588139
		51.289406	1.075802
		
c	13 11 1 2 15 0 4 3 6 7 10 9 8 5 12 14	1979.05195954322	0.802094804045678	13	11	1	2	15	0	4	3	6	7	10	9	8	5	12	14		
		50.726024	-3.543949
		51.488224	-3.186893
		51.460852	-2.588139
		51.512161	-0.116215
		51.289406	1.075802
		52.486125	-1.890507
		53.478239	-2.258549
		53.803895	-1.549931
		53.751959	-0.335941
		54.980766	-1.615849
		55.862982	-4.263554
		55.958426	-3.186893
		54.892406	-2.923222
		53.409532	-3.000126
		51.624837	-3.94495
		50.152266	-5.065556
		
c	12 14 13 2 15 7 8 10 9 5 11 1 0 4 6 3	2371.30138838753	0.762869861161247	12	14	13	2	15	7	8	10	9	5	11	1	0	4	6	3		
		51.624837	-3.94495
		50.152266	-5.065556
		50.726024	-3.543949
		51.512161	-0.116215
		51.289406	1.075802
		54.980766	-1.615849
		54.892406	-2.923222
		55.862982	-4.263554
		55.958426	-3.186893
		53.409532	-3.000126
		51.488224	-3.186893
		51.460852	-2.588139
		52.486125	-1.890507
		53.478239	-2.258549
		53.751959	-0.335941
		53.803895	-1.549931
		
c	6 3 5 0 1 11 12 14 13 2 15 4 7 10 8 9	2134.69316521192	0.786530683478808	6	3	5	0	1	11	12	14	13	2	15	4	7	10	8	9		
		53.751959	-0.335941
		53.803895	-1.549931
		53.409532	-3.000126
		52.486125	-1.890507
		51.460852	-2.588139
		51.488224	-3.186893
		51.624837	-3.94495
		50.152266	-5.065556
		50.726024	-3.543949
		51.512161	-0.116215
		51.289406	1.075802
		53.478239	-2.258549
		54.980766	-1.615849
		55.862982	-4.263554
		54.892406	-2.923222
		55.958426	-3.186893
		
c	6 3 12 14 13 1 2 15 0 4 7 10 8 9 5 11	2517.68821747674	0.748231178252326	6	3	12	14	13	1	2	15	0	4	7	10	8	9	5	11		
		53.751959	-0.335941
		53.803895	-1.549931
		51.624837	-3.94495
		50.152266	-5.065556
		50.726024	-3.543949
		51.460852	-2.588139
		51.512161	-0.116215
		51.289406	1.075802
		52.486125	-1.890507
		53.478239	-2.258549
		54.980766	-1.615849
		55.862982	-4.263554
		54.892406	-2.923222
		55.958426	-3.186893
		53.409532	-3.000126
		51.488224	-3.186893
		
c	2 1 12 14 15 0 4 13 11 6 3 7 10 9 8 5	2735.71411729542	0.726428588270458	2	1	12	14	15	0	4	13	11	6	3	7	10	9	8	5		
		51.512161	-0.116215
		51.460852	-2.588139
		51.624837	-3.94495
		50.152266	-5.065556
		51.289406	1.075802
		52.486125	-1.890507
		53.478239	-2.258549
		50.726024	-3.543949
		51.488224	-3.186893
		53.751959	-0.335941
		53.803895	-1.549931
		54.980766	-1.615849
		55.862982	-4.263554
		55.958426	-3.186893
		54.892406	-2.923222
		53.409532	-3.000126
		
c	1 2 5 0 4 6 3 7 10 8 9 11 12 14 13 15	2678.14495526875	0.732185504473125	1	2	5	0	4	6	3	7	10	8	9	11	12	14	13	15		
		51.460852	-2.588139
		51.512161	-0.116215
		53.409532	-3.000126
		52.486125	-1.890507
		53.478239	-2.258549
		53.751959	-0.335941
		53.803895	-1.549931
		54.980766	-1.615849
		55.862982	-4.263554
		54.892406	-2.923222
		55.958426	-3.186893
		51.488224	-3.186893
		51.624837	-3.94495
		50.152266	-5.065556
		50.726024	-3.543949
		51.289406	1.075802
		
c	5 11 12 14 13 1 2 15 0 4 7 8 6 10 9 3	2434.76710884723	0.756523289115277	5	11	12	14	13	1	2	15	0	4	7	8	6	10	9	3		
		53.409532	-3.000126
		51.488224	-3.186893
		51.624837	-3.94495
		50.152266	-5.065556
		50.726024	-3.543949
		51.460852	-2.588139
		51.512161	-0.116215
		51.289406	1.075802
		52.486125	-1.890507
		53.478239	-2.258549
		54.980766	-1.615849
		54.892406	-2.923222
		53.751959	-0.335941
		55.862982	-4.263554
		55.958426	-3.186893
		53.803895	-1.549931
		
c	15 12 9 10 8 0 4 6 3 7 5 11 14 13 1 2	2780.97790078867	0.721902209921133	15	12	9	10	8	0	4	6	3	7	5	11	14	13	1	2		
		51.289406	1.075802
		51.624837	-3.94495
		55.958426	-3.186893
		55.862982	-4.263554
		54.892406	-2.923222
		52.486125	-1.890507
		53.478239	-2.258549
		53.751959	-0.335941
		53.803895	-1.549931
		54.980766	-1.615849
		53.409532	-3.000126
		51.488224	-3.186893
		50.152266	-5.065556
		50.726024	-3.543949
		51.460852	-2.588139
		51.512161	-0.116215
		
c	13 1 2 3 7 6 11 0 12 14 15 4 8 10 9 5	3085.01110946875	0.691498889053125	13	1	2	3	7	6	11	0	12	14	15	4	8	10	9	5		
		50.726024	-3.543949
		51.460852	-2.588139
		51.512161	-0.116215
		53.803895	-1.549931
		54.980766	-1.615849
		53.751959	-0.335941
		51.488224	-3.186893
		52.486125	-1.890507
		51.624837	-3.94495
		50.152266	-5.065556
		51.289406	1.075802
		53.478239	-2.258549
		54.892406	-2.923222
		55.862982	-4.263554
		55.958426	-3.186893
		53.409532	-3.000126
		
c	2 15 4 3 8 7 9 10 6 5 0 1 11 12 14 13	2104.38028558598	0.789561971441402	2	15	4	3	8	7	9	10	6	5	0	1	11	12	14	13		
		51.512161	-0.116215
		51.289406	1.075802
		53.478239	-2.258549
		53.803895	-1.549931
		54.892406	-2.923222
		54.980766	-1.615849
		55.958426	-3.186893
		55.862982	-4.263554
		53.751959	-0.335941
		53.409532	-3.000126
		52.486125	-1.890507
		51.460852	-2.588139
		51.488224	-3.186893
		51.624837	-3.94495
		50.152266	-5.065556
		50.726024	-3.543949
		
c	12 14 13 2 9 10 6 8 7 1 11 0 15 4 3 5	3122.04543783586	0.687795456216414	12	14	13	2	9	10	6	8	7	1	11	0	15	4	3	5		
		51.624837	-3.94495
		50.152266	-5.065556
		50.726024	-3.543949
		51.512161	-0.116215
		55.958426	-3.186893
		55.862982	-4.263554
		53.751959	-0.335941
		54.892406	-2.923222
		54.980766	-1.615849
		51.460852	-2.588139
		51.488224	-3.186893
		52.486125	-1.890507
		51.289406	1.075802
		53.478239	-2.258549
		53.803895	-1.549931
		53.409532	-3.000126
		
c	0 12 1 5 11 14 13 2 15 6 3 7 10 9 4 8	2570.80161370198	0.742919838629802	0	12	1	5	11	14	13	2	15	6	3	7	10	9	4	8		
		52.486125	-1.890507
		51.624837	-3.94495
		51.460852	-2.588139
		53.409532	-3.000126
		51.488224	-3.186893
		50.152266	-5.065556
		50.726024	-3.543949
		51.512161	-0.116215
		51.289406	1.075802
		53.751959	-0.335941
		53.803895	-1.549931
		54.980766	-1.615849
		55.862982	-4.263554
		55.958426	-3.186893
		53.478239	-2.258549
		54.892406	-2.923222
		
c	2 15 11 0 4 3 7 8 1 5 6 10 9 12 14 13	2896.07469970837	0.710392530029163	2	15	11	0	4	3	7	8	1	5	6	10	9	12	14	13		
		51.512161	-0.116215
		51.289406	1.075802
		51.488224	-3.186893
		52.486125	-1.890507
		53.478239	-2.258549
		53.803895	-1.549931
		54.980766	-1.615849
		54.892406	-2.923222
		51.460852	-2.588139
		53.409532	-3.000126
		53.751959	-0.335941
		55.862982	-4.263554
		55.958426	-3.186893
		51.624837	-3.94495
		50.152266	-5.065556
		50.726024	-3.543949
		
c	11 12 14 1 2 15 3 4 8 7 9 10 6 0 5 13	2519.4134061811	0.74805865938189	11	12	14	1	2	15	3	4	8	7	9	10	6	0	5	13		
		51.488224	-3.186893
		51.624837	-3.94495
		50.152266	-5.065556
		51.460852	-2.588139
		51.512161	-0.116215
		51.289406	1.075802
		53.803895	-1.549931
		53.478239	-2.258549
		54.892406	-2.923222
		54.980766	-1.615849
		55.958426	-3.186893
		55.862982	-4.263554
		53.751959	-0.335941
		52.486125	-1.890507
		53.409532	-3.000126
		50.726024	-3.543949
		
c	4 6 3 7 10 8 9 11 12 14 13 1 2 15 0 5	2383.42609520641	0.761657390479359	4	6	3	7	10	8	9	11	12	14	13	1	2	15	0	5		
		53.478239	-2.258549
		53.751959	-0.335941
		53.803895	-1.549931
		54.980766	-1.615849
		55.862982	-4.263554
		54.892406	-2.923222
		55.958426	-3.186893
		51.488224	-3.186893
		51.624837	-3.94495
		50.152266	-5.065556
		50.726024	-3.543949
		51.460852	-2.588139
		51.512161	-0.116215
		51.289406	1.075802
		52.486125	-1.890507
		53.409532	-3.000126
		
c	8 4 3 7 15 9 10 6 5 11 12 14 13 1 2 0	2998.04389356638	0.700195610643362	8	4	3	7	15	9	10	6	5	11	12	14	13	1	2	0		
		54.892406	-2.923222
		53.478239	-2.258549
		53.803895	-1.549931
		54.980766	-1.615849
		51.289406	1.075802
		55.958426	-3.186893
		55.862982	-4.263554
		53.751959	-0.335941
		53.409532	-3.000126
		51.488224	-3.186893
		51.624837	-3.94495
		50.152266	-5.065556
		50.726024	-3.543949
		51.460852	-2.588139
		51.512161	-0.116215
		52.486125	-1.890507
		
c	5 0 1 11 12 14 13 2 15 6 8 7 9 10 4 3	2147.66086453402	0.785233913546598	5	0	1	11	12	14	13	2	15	6	8	7	9	10	4	3		
		53.409532	-3.000126
		52.486125	-1.890507
		51.460852	-2.588139
		51.488224	-3.186893
		51.624837	-3.94495
		50.152266	-5.065556
		50.726024	-3.543949
		51.512161	-0.116215
		51.289406	1.075802
		53.751959	-0.335941
		54.892406	-2.923222
		54.980766	-1.615849
		55.958426	-3.186893
		55.862982	-4.263554
		53.478239	-2.258549
		53.803895	-1.549931
		
c	14 13 1 2 15 11 0 4 3 6 7 10 9 12 8 5	2619.592948572	0.7380407051428	14	13	1	2	15	11	0	4	3	6	7	10	9	12	8	5		
		50.152266	-5.065556
		50.726024	-3.543949
		51.460852	-2.588139
		51.512161	-0.116215
		51.289406	1.075802
		51.488224	-3.186893
		52.486125	-1.890507
		53.478239	-2.258549
		53.803895	-1.549931
		53.751959	-0.335941
		54.980766	-1.615849
		55.862982	-4.263554
		55.958426	-3.186893
		51.624837	-3.94495
		54.892406	-2.923222
		53.409532	-3.000126
		
c	4 11 12 14 13 1 2 15 0 7 8 6 10 9 5 3	2570.99500548355	0.742900499451645	4	11	12	14	13	1	2	15	0	7	8	6	10	9	5	3		
		53.478239	-2.258549
		51.488224	-3.186893
		51.624837	-3.94495
		50.152266	-5.065556
		50.726024	-3.543949
		51.460852	-2.588139
		51.512161	-0.116215
		51.289406	1.075802
		52.486125	-1.890507
		54.980766	-1.615849
		54.892406	-2.923222
		53.751959	-0.335941
		55.862982	-4.263554
		55.958426	-3.186893
		53.409532	-3.000126
		53.803895	-1.549931
		
c	3 0 6 12 11 14 13 15 4 8 7 10 9 1 2 5	3171.51706421918	0.682848293578082	3	0	6	12	11	14	13	15	4	8	7	10	9	1	2	5		
		53.803895	-1.549931
		52.486125	-1.890507
		53.751959	-0.335941
		51.624837	-3.94495
		51.488224	-3.186893
		50.152266	-5.065556
		50.726024	-3.543949
		51.289406	1.075802
		53.478239	-2.258549
		54.892406	-2.923222
		54.980766	-1.615849
		55.862982	-4.263554
		55.958426	-3.186893
		51.460852	-2.588139
		51.512161	-0.116215
		53.409532	-3.000126
		
c	15 8 7 9 10 5 11 12 14 13 1 2 0 4 6 3	2403.36615062479	0.759663384937521	15	8	7	9	10	5	11	12	14	13	1	2	0	4	6	3		
		51.289406	1.075802
		54.892406	-2.923222
		54.980766	-1.615849
		55.958426	-3.186893
		55.862982	-4.263554
		53.409532	-3.000126
		51.488224	-3.186893
		51.624837	-3.94495
		50.152266	-5.065556
		50.726024	-3.543949
		51.460852	-2.588139
		51.512161	-0.116215
		52.486125	-1.890507
		53.478239	-2.258549
		53.751959	-0.335941
		53.803895	-1.549931
		
c	10 6 5 0 1 11 12 9 14 13 2 15 4 3 7 8	3085.23880137149	0.691476119862851	10	6	5	0	1	11	12	9	14	13	2	15	4	3	7	8		
		55.862982	-4.263554
		53.751959	-0.335941
		53.409532	-3.000126
		52.486125	-1.890507
		51.460852	-2.588139
		51.488224	-3.186893
		51.624837	-3.94495
		55.958426	-3.186893
		50.152266	-5.065556
		50.726024	-3.543949
		51.512161	-0.116215
		51.289406	1.075802
		53.478239	-2.258549
		53.803895	-1.549931
		54.980766	-1.615849
		54.892406	-2.923222
		
c	11 12 14 13 1 2 15 8 7 9 10 6 5 0 4 3	2327.77641250456	0.767222358749544	11	12	14	13	1	2	15	8	7	9	10	6	5	0	4	3		
		51.488224	-3.186893
		51.624837	-3.94495
		50.152266	-5.065556
		50.726024	-3.543949
		51.460852	-2.588139
		51.512161	-0.116215
		51.289406	1.075802
		54.892406	-2.923222
		54.980766	-1.615849
		55.958426	-3.186893
		55.862982	-4.263554
		53.751959	-0.335941
		53.409532	-3.000126
		52.486125	-1.890507
		53.478239	-2.258549
		53.803895	-1.549931
		
c	7 10 9 5 11 12 14 13 1 2 15 0 4 6 3 8	2200.69122088964	0.779930877911036	7	10	9	5	11	12	14	13	1	2	15	0	4	6	3	8		
		54.980766	-1.615849
		55.862982	-4.263554
		55.958426	-3.186893
		53.409532	-3.000126
		51.488224	-3.186893
		51.624837	-3.94495
		50.152266	-5.065556
		50.726024	-3.543949
		51.460852	-2.588139
		51.512161	-0.116215
		51.289406	1.075802
		52.486125	-1.890507
		53.478239	-2.258549
		53.751959	-0.335941
		53.803895	-1.549931
		54.892406	-2.923222
		
c	11 14 13 1 2 15 0 10 9 5 12 4 6 3 7 8	2557.14686889088	0.744285313110912	11	14	13	1	2	15	0	10	9	5	12	4	6	3	7	8		
		51.488224	-3.186893
		50.152266	-5.065556
		50.726024	-3.543949
		51.460852	-2.588139
		51.512161	-0.116215
		51.289406	1.075802
		52.486125	-1.890507
		55.862982	-4.263554
		55.958426	-3.186893
		53.409532	-3.000126
		51.624837	-3.94495
		53.478239	-2.258549
		53.751959	-0.335941
		53.803895	-1.549931
		54.980766	-1.615849
		54.892406	-2.923222
		
c	4 6 3 7 12 10 9 8 5 11 14 13 1 2 15 0	2713.75400212022	0.728624599787978	4	6	3	7	12	10	9	8	5	11	14	13	1	2	15	0		
		53.478239	-2.258549
		53.751959	-0.335941
		53.803895	-1.549931
		54.980766	-1.615849
		51.624837	-3.94495
		55.862982	-4.263554
		55.958426	-3.186893
		54.892406	-2.923222
		53.409532	-3.000126
		51.488224	-3.186893
		50.152266	-5.065556
		50.726024	-3.543949
		51.460852	-2.588139
		51.512161	-0.116215
		51.289406	1.075802
		52.486125	-1.890507
		
c	14 13 1 2 15 0 4 12 10 9 8 5 11 7 6 3	2760.31126491023	0.723968873508977	14	13	1	2	15	0	4	12	10	9	8	5	11	7	6	3		
		50.152266	-5.065556
		50.726024	-3.543949
		51.460852	-2.588139
		51.512161	-0.116215
		51.289406	1.075802
		52.486125	-1.890507
		53.478239	-2.258549
		51.624837	-3.94495
		55.862982	-4.263554
		55.958426	-3.186893
		54.892406	-2.923222
		53.409532	-3.000126
		51.488224	-3.186893
		54.980766	-1.615849
		53.751959	-0.335941
		53.803895	-1.549931
		
c	1 2 15 0 12 14 13 11 4 6 3 7 8 10 9 5	2210.16842954175	0.778983157045825	1	2	15	0	12	14	13	11	4	6	3	7	8	10	9	5		
		51.460852	-2.588139
		51.512161	-0.116215
		51.289406	1.075802
		52.486125	-1.890507
		51.624837	-3.94495
		50.152266	-5.065556
		50.726024	-3.543949
		51.488224	-3.186893
		53.478239	-2.258549
		53.751959	-0.335941
		53.803895	-1.549931
		54.980766	-1.615849
		54.892406	-2.923222
		55.862982	-4.263554
		55.958426	-3.186893
		53.409532	-3.000126
		
c	8 10 9 5 7 6 11 0 12 13 1 2 15 4 3 14	2804.21653600475	0.719578346399526	8	10	9	5	7	6	11	0	12	13	1	2	15	4	3	14		
		54.892406	-2.923222
		55.862982	-4.263554
		55.958426	-3.186893
		53.409532	-3.000126
		54.980766	-1.615849
		53.751959	-0.335941
		51.488224	-3.186893
		52.486125	-1.890507
		51.624837	-3.94495
		50.726024	-3.543949
		51.460852	-2.588139
		51.512161	-0.116215
		51.289406	1.075802
		53.478239	-2.258549
		53.803895	-1.549931
		50.152266	-5.065556
		
c	12 14 13 1 2 15 11 0 4 6 3 7 8 10 9 5	2135.82201138637	0.786417798861363	12	14	13	1	2	15	11	0	4	6	3	7	8	10	9	5		
		51.624837	-3.94495
		50.152266	-5.065556
		50.726024	-3.543949
		51.460852	-2.588139
		51.512161	-0.116215
		51.289406	1.075802
		51.488224	-3.186893
		52.486125	-1.890507
		53.478239	-2.258549
		53.751959	-0.335941
		53.803895	-1.549931
		54.980766	-1.615849
		54.892406	-2.923222
		55.862982	-4.263554
		55.958426	-3.186893
		53.409532	-3.000126
		
c	2 15 11 0 4 3 6 7 10 8 9 5 12 14 13 1	2292.05377369125	0.770794622630875	2	15	11	0	4	3	6	7	10	8	9	5	12	14	13	1		
		51.512161	-0.116215
		51.289406	1.075802
		51.488224	-3.186893
		52.486125	-1.890507
		53.478239	-2.258549
		53.803895	-1.549931
		53.751959	-0.335941
		54.980766	-1.615849
		55.862982	-4.263554
		54.892406	-2.923222
		55.958426	-3.186893
		53.409532	-3.000126
		51.624837	-3.94495
		50.152266	-5.065556
		50.726024	-3.543949
		51.460852	-2.588139
		
c	11 0 4 6 3 7 8 10 9 1 2 15 5 12 14 13	2523.73266575121	0.747626733424879	11	0	4	6	3	7	8	10	9	1	2	15	5	12	14	13		
		51.488224	-3.186893
		52.486125	-1.890507
		53.478239	-2.258549
		53.751959	-0.335941
		53.803895	-1.549931
		54.980766	-1.615849
		54.892406	-2.923222
		55.862982	-4.263554
		55.958426	-3.186893
		51.460852	-2.588139
		51.512161	-0.116215
		51.289406	1.075802
		53.409532	-3.000126
		51.624837	-3.94495
		50.152266	-5.065556
		50.726024	-3.543949
		
c	8 5 4 12 11 6 3 7 10 9 14 13 1 0 2 15	2555.16886287968	0.744483113712032	8	5	4	12	11	6	3	7	10	9	14	13	1	0	2	15		
		54.892406	-2.923222
		53.409532	-3.000126
		53.478239	-2.258549
		51.624837	-3.94495
		51.488224	-3.186893
		53.751959	-0.335941
		53.803895	-1.549931
		54.980766	-1.615849
		55.862982	-4.263554
		55.958426	-3.186893
		50.152266	-5.065556
		50.726024	-3.543949
		51.460852	-2.588139
		52.486125	-1.890507
		51.512161	-0.116215
		51.289406	1.075802
		
c	13 3 1 2 15 0 4 8 7 9 10 6 5 11 12 14	2688.06005206191	0.731193994793809	13	3	1	2	15	0	4	8	7	9	10	6	5	11	12	14		
		50.726024	-3.543949
		53.803895	-1.549931
		51.460852	-2.588139
		51.512161	-0.116215
		51.289406	1.075802
		52.486125	-1.890507
		53.478239	-2.258549
		54.892406	-2.923222
		54.980766	-1.615849
		55.958426	-3.186893
		55.862982	-4.263554
		53.751959	-0.335941
		53.409532	-3.000126
		51.488224	-3.186893
		51.624837	-3.94495
		50.152266	-5.065556
		
c	14 11 13 0 7 8 10 9 5 12 1 2 15 4 6 3	2468.76032325754	0.753123967674246	14	11	13	0	7	8	10	9	5	12	1	2	15	4	6	3		
		50.152266	-5.065556
		51.488224	-3.186893
		50.726024	-3.543949
		52.486125	-1.890507
		54.980766	-1.615849
		54.892406	-2.923222
		55.862982	-4.263554
		55.958426	-3.186893
		53.409532	-3.000126
		51.624837	-3.94495
		51.460852	-2.588139
		51.512161	-0.116215
		51.289406	1.075802
		53.478239	-2.258549
		53.751959	-0.335941
		53.803895	-1.549931
		
c	2 15 11 0 12 14 13 1 4 6 3 7 10 9 8 5	2220.43138821161	0.777956861178839	2	15	11	0	12	14	13	1	4	6	3	7	10	9	8	5		
		51.512161	-0.116215
		51.289406	1.075802
		51.488224	-3.186893
		52.486125	-1.890507
		51.624837	-3.94495
		50.152266	-5.065556
		50.726024	-3.543949
		51.460852	-2.588139
		53.478239	-2.258549
		53.751959	-0.335941
		53.803895	-1.549931
		54.980766	-1.615849
		55.862982	-4.263554
		55.958426	-3.186893
		54.892406	-2.923222
		53.409532	-3.000126
		
c	1 11 12 14 13 3 7 10 9 5 0 6 8 2 15 4	2797.61719347398	0.720238280652602	1	11	12	14	13	3	7	10	9	5	0	6	8	2	15	4		
		51.460852	-2.588139
		51.488224	-3.186893
		51.624837	-3.94495
		50.152266	-5.065556
		50.726024	-3.543949
		53.803895	-1.549931
		54.980766	-1.615849
		55.862982	-4.263554
		55.958426	-3.186893
		53.409532	-3.000126
		52.486125	-1.890507
		53.751959	-0.335941
		54.892406	-2.923222
		51.512161	-0.116215
		51.289406	1.075802
		53.478239	-2.258549
		
c	4 7 10 9 8 5 11 12 6 3 0 1 14 13 2 15	2371.29810352453	0.762870189647547	4	7	10	9	8	5	11	12	6	3	0	1	14	13	2	15		
		53.478239	-2.258549
		54.980766	-1.615849
		55.862982	-4.263554
		55.958426	-3.186893
		54.892406	-2.923222
		53.409532	-3.000126
		51.488224	-3.186893
		51.624837	-3.94495
		53.751959	-0.335941
		53.803895	-1.549931
		52.486125	-1.890507
		51.460852	-2.588139
		50.152266	-5.065556
		50.726024	-3.543949
		51.512161	-0.116215
		51.289406	1.075802
		
c	0 6 8 11 13 7 9 10 5 1 12 14 2 15 4 3	3194.84314131363	0.680515685868637	0	6	8	11	13	7	9	10	5	1	12	14	2	15	4	3		
		52.486125	-1.890507
		53.751959	-0.335941
		54.892406	-2.923222
		51.488224	-3.186893
		50.726024	-3.543949
		54.980766	-1.615849
		55.958426	-3.186893
		55.862982	-4.263554
		53.409532	-3.000126
		51.460852	-2.588139
		51.624837	-3.94495
		50.152266	-5.065556
		51.512161	-0.116215
		51.289406	1.075802
		53.478239	-2.258549
		53.803895	-1.549931
		
c	11 12 14 13 1 2 15 0 4 7 8 6 10 9 5 3	2348.2361189178	0.76517638810822	11	12	14	13	1	2	15	0	4	7	8	6	10	9	5	3		
		51.488224	-3.186893
		51.624837	-3.94495
		50.152266	-5.065556
		50.726024	-3.543949
		51.460852	-2.588139
		51.512161	-0.116215
		51.289406	1.075802
		52.486125	-1.890507
		53.478239	-2.258549
		54.980766	-1.615849
		54.892406	-2.923222
		53.751959	-0.335941
		55.862982	-4.263554
		55.958426	-3.186893
		53.409532	-3.000126
		53.803895	-1.549931
		
c	5 11 12 14 13 1 2 15 6 3 7 10 9 0 4 8	2372.36621073672	0.762763378926328	5	11	12	14	13	1	2	15	6	3	7	10	9	0	4	8		
		53.409532	-3.000126
		51.488224	-3.186893
		51.624837	-3.94495
		50.152266	-5.065556
		50.726024	-3.543949
		51.460852	-2.588139
		51.512161	-0.116215
		51.289406	1.075802
		53.751959	-0.335941
		53.803895	-1.549931
		54.980766	-1.615849
		55.862982	-4.263554
		55.958426	-3.186893
		52.486125	-1.890507
		53.478239	-2.258549
		54.892406	-2.923222
		
c	10 9 8 5 11 12 14 13 1 2 15 0 4 6 3 7	1988.63749911552	0.801136250088448	10	9	8	5	11	12	14	13	1	2	15	0	4	6	3	7		
		55.862982	-4.263554
		55.958426	-3.186893
		54.892406	-2.923222
		53.409532	-3.000126
		51.488224	-3.186893
		51.624837	-3.94495
		50.152266	-5.065556
		50.726024	-3.543949
		51.460852	-2.588139
		51.512161	-0.116215
		51.289406	1.075802
		52.486125	-1.890507
		53.478239	-2.258549
		53.751959	-0.335941
		53.803895	-1.549931
		54.980766	-1.615849
		
c	14 13 1 2 4 7 10 9 8 5 11 12 6 3 0 15	2462.06852974599	0.753793147025401	14	13	1	2	4	7	10	9	8	5	11	12	6	3	0	15		
		50.152266	-5.065556
		50.726024	-3.543949
		51.460852	-2.588139
		51.512161	-0.116215
		53.478239	-2.258549
		54.980766	-1.615849
		55.862982	-4.263554
		55.958426	-3.186893
		54.892406	-2.923222
		53.409532	-3.000126
		51.488224	-3.186893
		51.624837	-3.94495
		53.751959	-0.335941
		53.803895	-1.549931
		52.486125	-1.890507
		51.289406	1.075802
		
c	10 9 0 11 12 14 2 15 4 6 7 8 3 1 13 5	2839.49002548358	0.716050997451642	10	9	0	11	12	14	2	15	4	6	7	8	3	1	13	5		
		55.862982	-4.263554
		55.958426	-3.186893
		52.486125	-1.890507
		51.488224	-3.186893
		51.624837	-3.94495
		50.152266	-5.065556
		51.512161	-0.116215
		51.289406	1.075802
		53.478239	-2.258549
		53.751959	-0.335941
		54.980766	-1.615849
		54.892406	-2.923222
		53.803895	-1.549931
		51.460852	-2.588139
		50.726024	-3.543949
		53.409532	-3.000126
		
c	8 3 9 10 6 12 14 11 1 13 5 7 0 2 15 4	3046.82899264343	0.695317100735657	8	3	9	10	6	12	14	11	1	13	5	7	0	2	15	4		
		54.892406	-2.923222
		53.803895	-1.549931
		55.958426	-3.186893
		55.862982	-4.263554
		53.751959	-0.335941
		51.624837	-3.94495
		50.152266	-5.065556
		51.488224	-3.186893
		51.460852	-2.588139
		50.726024	-3.543949
		53.409532	-3.000126
		54.980766	-1.615849
		52.486125	-1.890507
		51.512161	-0.116215
		51.289406	1.075802
		53.478239	-2.258549
		
c	9 5 1 11 14 12 13 2 15 0 4 6 3 7 10 8	2397.28619338803	0.760271380661197	9	5	1	11	14	12	13	2	15	0	4	6	3	7	10	8		
		55.958426	-3.186893
		53.409532	-3.000126
		51.460852	-2.588139
		51.488224	-3.186893
		50.152266	-5.065556
		51.624837	-3.94495
		50.726024	-3.543949
		51.512161	-0.116215
		51.289406	1.075802
		52.486125	-1.890507
		53.478239	-2.258549
		53.751959	-0.335941
		53.803895	-1.549931
		54.980766	-1.615849
		55.862982	-4.263554
		54.892406	-2.923222
		
c	15 0 4 6 3 7 10 9 8 5 1 11 12 14 13 2	2120.02994177466	0.787997005822534	15	0	4	6	3	7	10	9	8	5	1	11	12	14	13	2		
		51.289406	1.075802
		52.486125	-1.890507
		53.478239	-2.258549
		53.751959	-0.335941
		53.803895	-1.549931
		54.980766	-1.615849
		55.862982	-4.263554
		55.958426	-3.186893
		54.892406	-2.923222
		53.409532	-3.000126
		51.460852	-2.588139
		51.488224	-3.186893
		51.624837	-3.94495
		50.152266	-5.065556
		50.726024	-3.543949
		51.512161	-0.116215
		
g32		1938.21213631338	0.806178786368662	0	12	14	13	11	1	2	15	0	4	6	3	7	10	9	8	5		
		51.624837	-3.94495
		50.152266	-5.065556
		50.726024	-3.543949
		51.488224	-3.186893
		51.460852	-2.588139
		51.512161	-0.116215
		51.289406	1.075802
		52.486125	-1.890507
		53.478239	-2.258549
		53.751959	-0.335941
		53.803895	-1.549931
		54.980766	-1.615849
		55.862982	-4.263554
		55.958426	-3.186893
		54.892406	-2.923222
		53.409532	-3.000126
		
g32		1968.36010133716	0.803163989866284	1	11	12	14	13	1	2	15	0	4	6	3	7	10	9	8	5		
		51.488224	-3.186893
		51.624837	-3.94495
		50.152266	-5.065556
		50.726024	-3.543949
		51.460852	-2.588139
		51.512161	-0.116215
		51.289406	1.075802
		52.486125	-1.890507
		53.478239	-2.258549
		53.751959	-0.335941
		53.803895	-1.549931
		54.980766	-1.615849
		55.862982	-4.263554
		55.958426	-3.186893
		54.892406	-2.923222
		53.409532	-3.000126
		
g32		2050.98616193422	0.794901383806578	2	10	9	8	5	4	3	7	6	11	0	12	14	13	1	2	15		
		55.862982	-4.263554
		55.958426	-3.186893
		54.892406	-2.923222
		53.409532	-3.000126
		53.478239	-2.258549
		53.803895	-1.549931
		54.980766	-1.615849
		53.751959	-0.335941
		51.488224	-3.186893
		52.486125	-1.890507
		51.624837	-3.94495
		50.152266	-5.065556
		50.726024	-3.543949
		51.460852	-2.588139
		51.512161	-0.116215
		51.289406	1.075802
		
g32		2060.43782878507	0.793956217121493	3	0	1	11	12	14	13	2	15	6	8	7	9	10	5	4	3		
		52.486125	-1.890507
		51.460852	-2.588139
		51.488224	-3.186893
		51.624837	-3.94495
		50.152266	-5.065556
		50.726024	-3.543949
		51.512161	-0.116215
		51.289406	1.075802
		53.751959	-0.335941
		54.892406	-2.923222
		54.980766	-1.615849
		55.958426	-3.186893
		55.862982	-4.263554
		53.409532	-3.000126
		53.478239	-2.258549
		53.803895	-1.549931
		
g32		2068.46100139486	0.793153899860514	4	9	10	8	5	4	3	7	6	11	0	12	14	13	1	2	15		
		55.958426	-3.186893
		55.862982	-4.263554
		54.892406	-2.923222
		53.409532	-3.000126
		53.478239	-2.258549
		53.803895	-1.549931
		54.980766	-1.615849
		53.751959	-0.335941
		51.488224	-3.186893
		52.486125	-1.890507
		51.624837	-3.94495
		50.152266	-5.065556
		50.726024	-3.543949
		51.460852	-2.588139
		51.512161	-0.116215
		51.289406	1.075802
		
g32		2070.576815596	0.7929423184404	5	9	10	8	0	4	6	3	7	5	11	12	14	13	1	2	15		
		55.958426	-3.186893
		55.862982	-4.263554
		54.892406	-2.923222
		52.486125	-1.890507
		53.478239	-2.258549
		53.751959	-0.335941
		53.803895	-1.549931
		54.980766	-1.615849
		53.409532	-3.000126
		51.488224	-3.186893
		51.624837	-3.94495
		50.152266	-5.065556
		50.726024	-3.543949
		51.460852	-2.588139
		51.512161	-0.116215
		51.289406	1.075802
		
