c	6 7 9 10 8 4 5 3 0 11 14 12 1 13 2 15	2042.79781599618	0.795720218400382	6	7	9	10	8	4	5	3	0	11	14	12	1	13	2	15		
		53.751959	-0.335941
		54.980766	-1.615849
		55.958426	-3.186893
		55.862982	-4.263554
		54.892406	-2.923222
		53.478239	-2.258549
		53.409532	-3.000126
		53.803895	-1.549931
		52.486125	-1.890507
		51.488224	-3.186893
		50.152266	-5.065556
		51.624837	-3.94495
		51.460852	-2.588139
		50.726024	-3.543949
		51.512161	-0.116215
		51.289406	1.075802
		
c	1 2 15 0 4 3 5 6 7 9 10 8 11 12 14 13	2210.39102805772	0.778960897194228	1	2	15	0	4	3	5	6	7	9	10	8	11	12	14	13		
		51.460852	-2.588139
		51.512161	-0.116215
		51.289406	1.075802
		52.486125	-1.890507
		53.478239	-2.258549
		53.803895	-1.549931
		53.409532	-3.000126
		53.751959	-0.335941
		54.980766	-1.615849
		55.958426	-3.186893
		55.862982	-4.263554
		54.892406	-2.923222
		51.488224	-3.186893
		51.624837	-3.94495
		50.152266	-5.065556
		50.726024	-3.543949
		
c	6 4 3 7 10 9 8 5 1 11 12 0 2 15 14 13	2175.96905729184	0.782403094270816	6	4	3	7	10	9	8	5	1	11	12	0	2	15	14	13		
		53.751959	-0.335941
		53.478239	-2.258549
		53.803895	-1.549931
		54.980766	-1.615849
		55.862982	-4.263554
		55.958426	-3.186893
		54.892406	-2.923222
		53.409532	-3.000126
		51.460852	-2.588139
		51.488224	-3.186893
		51.624837	-3.94495
		52.486125	-1.890507
		51.512161	-0.116215
		51.289406	1.075802
		50.152266	-5.065556
		50.726024	-3.543949
		
c	0 1 11 12 14 13 9 6 8 5 2 15 4 3 7 10	2879.76191898879	0.712023808101121	0	1	11	12	14	13	9	6	8	5	2	15	4	3	7	10		
		52.486125	-1.890507
		51.460852	-2.588139
		51.488224	-3.186893
		51.624837	-3.94495
		50.152266	-5.065556
		50.726024	-3.543949
		55.958426	-3.186893
		53.751959	-0.335941
		54.892406	-2.923222
		53.409532	-3.000126
		51.512161	-0.116215
		51.289406	1.075802
		53.478239	-2.258549
		53.803895	-1.549931
		54.980766	-1.615849
		55.862982	-4.263554
		
c	4 3 11 12 14 13 6 7 10 9 8 5 1 2 15 0	2527.11736314976	0.747288263685024	4	3	11	12	14	13	6	7	10	9	8	5	1	2	15	0		
		53.478239	-2.258549
		53.803895	-1.549931
		51.488224	-3.186893
		51.624837	-3.94495
		50.152266	-5.065556
		50.726024	-3.543949
		53.751959	-0.335941
		54.980766	-1.615849
		55.862982	-4.263554
		55.958426	-3.186893
		54.892406	-2.923222
		53.409532	-3.000126
		51.460852	-2.588139
		51.512161	-0.116215
		51.289406	1.075802
		52.486125	-1.890507
		
c	10 9 8 5 12 11 14 13 7 0 1 2 15 4 3 6	2560.5246923517	0.74394753076483	10	9	8	5	12	11	14	13	7	0	1	2	15	4	3	6		
		55.862982	-4.263554
		55.958426	-3.186893
		54.892406	-2.923222
		53.409532	-3.000126
		51.624837	-3.94495
		51.488224	-3.186893
		50.152266	-5.065556
		50.726024	-3.543949
		54.980766	-1.615849
		52.486125	-1.890507
		51.460852	-2.588139
		51.512161	-0.116215
		51.289406	1.075802
		53.478239	-2.258549
		53.803895	-1.549931
		53.751959	-0.335941
		
c	15 6 7 10 9 8 5 12 11 14 13 1 0 2 4 3	2296.39169610434	0.770360830389566	15	6	7	10	9	8	5	12	11	14	13	1	0	2	4	3		
		51.289406	1.075802
		53.751959	-0.335941
		54.980766	-1.615849
		55.862982	-4.263554
		55.958426	-3.186893
		54.892406	-2.923222
		53.409532	-3.000126
		51.624837	-3.94495
		51.488224	-3.186893
		50.152266	-5.065556
		50.726024	-3.543949
		51.460852	-2.588139
		52.486125	-1.890507
		51.512161	-0.116215
		53.478239	-2.258549
		53.803895	-1.549931
		
c	11 1 2 15 0 4 3 6 7 10 9 8 5 12 14 13	2015.93556626274	0.798406443373725	11	1	2	15	0	4	3	6	7	10	9	8	5	12	14	13		
		51.488224	-3.186893
		51.460852	-2.588139
		51.512161	-0.116215
		51.289406	1.075802
		52.486125	-1.890507
		53.478239	-2.258549
		53.803895	-1.549931
		53.751959	-0.335941
		54.980766	-1.615849
		55.862982	-4.263554
		55.958426	-3.186893
		54.892406	-2.923222
		53.409532	-3.000126
		51.624837	-3.94495
		50.152266	-5.065556
		50.726024	-3.543949
		
c	12 11 14 13 1 4 3 6 5 8 2 15 0 7 10 9	2482.26876343707	0.751773123656293	12	11	14	13	1	4	3	6	5	8	2	15	0	7	10	9		
		51.624837	-3.94495
		51.488224	-3.186893
		50.152266	-5.065556
		50.726024	-3.543949
		51.460852	-2.588139
		53.478239	-2.258549
		53.803895	-1.549931
		53.751959	-0.335941
		53.409532	-3.000126
		54.892406	-2.923222
		51.512161	-0.116215
		51.289406	1.075802
		52.486125	-1.890507
		54.980766	-1.615849
		55.862982	-4.263554
		55.958426	-3.186893
		
c	5 11 12 14 13 1 10 9 8 4 3 6 7 0 2 15	2359.33005206746	0.764066994793253	5	11	12	14	13	1	10	9	8	4	3	6	7	0	2	15		
		53.409532	-3.000126
		51.488224	-3.186893
		51.624837	-3.94495
		50.152266	-5.065556
		50.726024	-3.543949
		51.460852	-2.588139
		55.862982	-4.263554
		55.958426	-3.186893
		54.892406	-2.923222
		53.478239	-2.258549
		53.803895	-1.549931
		53.751959	-0.335941
		54.980766	-1.615849
		52.486125	-1.890507
		51.512161	-0.116215
		51.289406	1.075802
		
c	0 2 4 3 6 7 8 5 12 10 9 1 11 14 13 15	2917.48371524887	0.708251628475113	0	2	4	3	6	7	8	5	12	10	9	1	11	14	13	15		
		52.486125	-1.890507
		51.512161	-0.116215
		53.478239	-2.258549
		53.803895	-1.549931
		53.751959	-0.335941
		54.980766	-1.615849
		54.892406	-2.923222
		53.409532	-3.000126
		51.624837	-3.94495
		55.862982	-4.263554
		55.958426	-3.186893
		51.460852	-2.588139
		51.488224	-3.186893
		50.152266	-5.065556
		50.726024	-3.543949
		51.289406	1.075802
		
c	10 9 8 3 4 5 0 1 11 12 14 13 2 6 7 15	2211.98372731328	0.778801627268672	10	9	8	3	4	5	0	1	11	12	14	13	2	6	7	15		
		55.862982	-4.263554
		55.958426	-3.186893
		54.892406	-2.923222
		53.803895	-1.549931
		53.478239	-2.258549
		53.409532	-3.000126
		52.486125	-1.890507
		51.460852	-2.588139
		51.488224	-3.186893
		51.624837	-3.94495
		50.152266	-5.065556
		50.726024	-3.543949
		51.512161	-0.116215
		53.751959	-0.335941
		54.980766	-1.615849
		51.289406	1.075802
		
c	8 5 10 9 3 4 0 1 11 12 14 13 2 15 6 7	2268.56342013496	0.773143657986504	8	5	10	9	3	4	0	1	11	12	14	13	2	15	6	7		
		54.892406	-2.923222
		53.409532	-3.000126
		55.862982	-4.263554
		55.958426	-3.186893
		53.803895	-1.549931
		53.478239	-2.258549
		52.486125	-1.890507
		51.460852	-2.588139
		51.488224	-3.186893
		51.624837	-3.94495
		50.152266	-5.065556
		50.726024	-3.543949
		51.512161	-0.116215
		51.289406	1.075802
		53.751959	-0.335941
		54.980766	-1.615849
		
c	11 12 14 13 1 2 15 0 4 3 6 7 10 9 8 5	1925.93821542808	0.807406178457192	11	12	14	13	1	2	15	0	4	3	6	7	10	9	8	5		
		51.488224	-3.186893
		51.624837	-3.94495
		50.152266	-5.065556
		50.726024	-3.543949
		51.460852	-2.588139
		51.512161	-0.116215
		51.289406	1.075802
		52.486125	-1.890507
		53.478239	-2.258549
		53.803895	-1.549931
		53.751959	-0.335941
		54.980766	-1.615849
		55.862982	-4.263554
		55.958426	-3.186893
		54.892406	-2.923222
		53.409532	-3.000126
		
c	15 6 0 11 14 12 5 4 3 7 9 10 8 13 1 2	2529.53249761688	0.747046750238312	15	6	0	11	14	12	5	4	3	7	9	10	8	13	1	2		
		51.289406	1.075802
		53.751959	-0.335941
		52.486125	-1.890507
		51.488224	-3.186893
		50.152266	-5.065556
		51.624837	-3.94495
		53.409532	-3.000126
		53.478239	-2.258549
		53.803895	-1.549931
		54.980766	-1.615849
		55.958426	-3.186893
		55.862982	-4.263554
		54.892406	-2.923222
		50.726024	-3.543949
		51.460852	-2.588139
		51.512161	-0.116215
		
c	4 5 0 1 11 12 6 7 10 9 8 14 13 2 15 3	2620.58869599707	0.737941130400293	4	5	0	1	11	12	6	7	10	9	8	14	13	2	15	3		
		53.478239	-2.258549
		53.409532	-3.000126
		52.486125	-1.890507
		51.460852	-2.588139
		51.488224	-3.186893
		51.624837	-3.94495
		53.751959	-0.335941
		54.980766	-1.615849
		55.862982	-4.263554
		55.958426	-3.186893
		54.892406	-2.923222
		50.152266	-5.065556
		50.726024	-3.543949
		51.512161	-0.116215
		51.289406	1.075802
		53.803895	-1.549931
		
c	9 6 8 5 12 14 13 11 1 2 15 0 4 3 7 10	2323.79718216809	0.767620281783191	9	6	8	5	12	14	13	11	1	2	15	0	4	3	7	10		
		55.958426	-3.186893
		53.751959	-0.335941
		54.892406	-2.923222
		53.409532	-3.000126
		51.624837	-3.94495
		50.152266	-5.065556
		50.726024	-3.543949
		51.488224	-3.186893
		51.460852	-2.588139
		51.512161	-0.116215
		51.289406	1.075802
		52.486125	-1.890507
		53.478239	-2.258549
		53.803895	-1.549931
		54.980766	-1.615849
		55.862982	-4.263554
		
c	8 5 12 11 14 13 10 9 3 4 0 1 2 6 7 15	2978.75071372228	0.702124928627772	8	5	12	11	14	13	10	9	3	4	0	1	2	6	7	15		
		54.892406	-2.923222
		53.409532	-3.000126
		51.624837	-3.94495
		51.488224	-3.186893
		50.152266	-5.065556
		50.726024	-3.543949
		55.862982	-4.263554
		55.958426	-3.186893
		53.803895	-1.549931
		53.478239	-2.258549
		52.486125	-1.890507
		51.460852	-2.588139
		51.512161	-0.116215
		53.751959	-0.335941
		54.980766	-1.615849
		51.289406	1.075802
		
c	6 7 10 9 8 3 4 0 1 11 14 13 2 5 12 15	2453.14897912648	0.754685102087352	6	7	10	9	8	3	4	0	1	11	14	13	2	5	12	15		
		53.751959	-0.335941
		54.980766	-1.615849
		55.862982	-4.263554
		55.958426	-3.186893
		54.892406	-2.923222
		53.803895	-1.549931
		53.478239	-2.258549
		52.486125	-1.890507
		51.460852	-2.588139
		51.488224	-3.186893
		50.152266	-5.065556
		50.726024	-3.543949
		51.512161	-0.116215
		53.409532	-3.000126
		51.624837	-3.94495
		51.289406	1.075802
		
c	10 9 8 5 15 6 11 12 14 13 1 0 3 7 4 2	2627.20189893792	0.737279810106208	10	9	8	5	15	6	11	12	14	13	1	0	3	7	4	2		
		55.862982	-4.263554
		55.958426	-3.186893
		54.892406	-2.923222
		53.409532	-3.000126
		51.289406	1.075802
		53.751959	-0.335941
		51.488224	-3.186893
		51.624837	-3.94495
		50.152266	-5.065556
		50.726024	-3.543949
		51.460852	-2.588139
		52.486125	-1.890507
		53.803895	-1.549931
		54.980766	-1.615849
		53.478239	-2.258549
		51.512161	-0.116215
		
c	12 14 13 1 2 15 0 6 4 3 7 10 9 8 5 11	2168.74843049089	0.783125156950911	12	14	13	1	2	15	0	6	4	3	7	10	9	8	5	11		
		51.624837	-3.94495
		50.152266	-5.065556
		50.726024	-3.543949
		51.460852	-2.588139
		51.512161	-0.116215
		51.289406	1.075802
		52.486125	-1.890507
		53.751959	-0.335941
		53.478239	-2.258549
		53.803895	-1.549931
		54.980766	-1.615849
		55.862982	-4.263554
		55.958426	-3.186893
		54.892406	-2.923222
		53.409532	-3.000126
		51.488224	-3.186893
		
c	14 13 1 0 7 4 3 6 10 9 8 5 12 11 2 15	2202.2142295562	0.77977857704438	14	13	1	0	7	4	3	6	10	9	8	5	12	11	2	15		
		50.152266	-5.065556
		50.726024	-3.543949
		51.460852	-2.588139
		52.486125	-1.890507
		54.980766	-1.615849
		53.478239	-2.258549
		53.803895	-1.549931
		53.751959	-0.335941
		55.862982	-4.263554
		55.958426	-3.186893
		54.892406	-2.923222
		53.409532	-3.000126
		51.624837	-3.94495
		51.488224	-3.186893
		51.512161	-0.116215
		51.289406	1.075802
		
c	10 8 12 11 14 13 1 2 15 6 5 0 4 3 7 9	2295.16269665429	0.770483730334571	10	8	12	11	14	13	1	2	15	6	5	0	4	3	7	9		
		55.862982	-4.263554
		54.892406	-2.923222
		51.624837	-3.94495
		51.488224	-3.186893
		50.152266	-5.065556
		50.726024	-3.543949
		51.460852	-2.588139
		51.512161	-0.116215
		51.289406	1.075802
		53.751959	-0.335941
		53.409532	-3.000126
		52.486125	-1.890507
		53.478239	-2.258549
		53.803895	-1.549931
		54.980766	-1.615849
		55.958426	-3.186893
		
c	15 0 4 8 7 3 6 10 9 5 12 11 14 13 1 2	2373.70539729616	0.762629460270384	15	0	4	8	7	3	6	10	9	5	12	11	14	13	1	2		
		51.289406	1.075802
		52.486125	-1.890507
		53.478239	-2.258549
		54.892406	-2.923222
		54.980766	-1.615849
		53.803895	-1.549931
		53.751959	-0.335941
		55.862982	-4.263554
		55.958426	-3.186893
		53.409532	-3.000126
		51.624837	-3.94495
		51.488224	-3.186893
		50.152266	-5.065556
		50.726024	-3.543949
		51.460852	-2.588139
		51.512161	-0.116215
		
c	8 3 4 5 0 6 7 10 9 1 11 12 14 13 2 15	2227.79896921461	0.777220103078539	8	3	4	5	0	6	7	10	9	1	11	12	14	13	2	15		
		54.892406	-2.923222
		53.803895	-1.549931
		53.478239	-2.258549
		53.409532	-3.000126
		52.486125	-1.890507
		53.751959	-0.335941
		54.980766	-1.615849
		55.862982	-4.263554
		55.958426	-3.186893
		51.460852	-2.588139
		51.488224	-3.186893
		51.624837	-3.94495
		50.152266	-5.065556
		50.726024	-3.543949
		51.512161	-0.116215
		51.289406	1.075802
		
c	12 11 14 13 10 9 5 1 2 15 0 4 8 6 3 7	2719.83647743159	0.728016352256841	12	11	14	13	10	9	5	1	2	15	0	4	8	6	3	7		
		51.624837	-3.94495
		51.488224	-3.186893
		50.152266	-5.065556
		50.726024	-3.543949
		55.862982	-4.263554
		55.958426	-3.186893
		53.409532	-3.000126
		51.460852	-2.588139
		51.512161	-0.116215
		51.289406	1.075802
		52.486125	-1.890507
		53.478239	-2.258549
		54.892406	-2.923222
		53.751959	-0.335941
		53.803895	-1.549931
		54.980766	-1.615849
		
c	12 5 1 11 14 10 9 8 3 7 6 4 0 13 2 15	2744.13865919151	0.725586134080849	12	5	1	11	14	10	9	8	3	7	6	4	0	13	2	15		
		51.624837	-3.94495
		53.409532	-3.000126
		51.460852	-2.588139
		51.488224	-3.186893
		50.152266	-5.065556
		55.862982	-4.263554
		55.958426	-3.186893
		54.892406	-2.923222
		53.803895	-1.549931
		54.980766	-1.615849
		53.751959	-0.335941
		53.478239	-2.258549
		52.486125	-1.890507
		50.726024	-3.543949
		51.512161	-0.116215
		51.289406	1.075802
		
c	7 9 10 8 0 1 11 2 15 6 4 3 5 12 14 13	2192.3748861057	0.78076251138943	7	9	10	8	0	1	11	2	15	6	4	3	5	12	14	13		
		54.980766	-1.615849
		55.958426	-3.186893
		55.862982	-4.263554
		54.892406	-2.923222
		52.486125	-1.890507
		51.460852	-2.588139
		51.488224	-3.186893
		51.512161	-0.116215
		51.289406	1.075802
		53.751959	-0.335941
		53.478239	-2.258549
		53.803895	-1.549931
		53.409532	-3.000126
		51.624837	-3.94495
		50.152266	-5.065556
		50.726024	-3.543949
		
c	8 5 7 10 9 6 3 4 0 1 11 12 14 13 2 15	2048.63142301679	0.795136857698321	8	5	7	10	9	6	3	4	0	1	11	12	14	13	2	15		
		54.892406	-2.923222
		53.409532	-3.000126
		54.980766	-1.615849
		55.862982	-4.263554
		55.958426	-3.186893
		53.751959	-0.335941
		53.803895	-1.549931
		53.478239	-2.258549
		52.486125	-1.890507
		51.460852	-2.588139
		51.488224	-3.186893
		51.624837	-3.94495
		50.152266	-5.065556
		50.726024	-3.543949
		51.512161	-0.116215
		51.289406	1.075802
		
c	5 0 1 11 12 14 13 6 7 10 9 8 3 4 2 15	2153.61161249165	0.784638838750835	5	0	1	11	12	14	13	6	7	10	9	8	3	4	2	15		
		53.409532	-3.000126
		52.486125	-1.890507
		51.460852	-2.588139
		51.488224	-3.186893
		51.624837	-3.94495
		50.152266	-5.065556
		50.726024	-3.543949
		53.751959	-0.335941
		54.980766	-1.615849
		55.862982	-4.263554
		55.958426	-3.186893
		54.892406	-2.923222
		53.803895	-1.549931
		53.478239	-2.258549
		51.512161	-0.116215
		51.289406	1.075802
		
c	13 2 1 11 14 15 0 6 4 3 7 10 9 8 5 12	2609.79328779111	0.739020671220889	13	2	1	11	14	15	0	6	4	3	7	10	9	8	5	12		
		50.726024	-3.543949
		51.512161	-0.116215
		51.460852	-2.588139
		51.488224	-3.186893
		50.152266	-5.065556
		51.289406	1.075802
		52.486125	-1.890507
		53.751959	-0.335941
		53.478239	-2.258549
		53.803895	-1.549931
		54.980766	-1.615849
		55.862982	-4.263554
		55.958426	-3.186893
		54.892406	-2.923222
		53.409532	-3.000126
		51.624837	-3.94495
		
c	9 10 8 6 4 3 7 5 0 1 11 12 14 13 2 15	1926.78291910531	0.807321708089469	9	10	8	6	4	3	7	5	0	1	11	12	14	13	2	15		
		55.958426	-3.186893
		55.862982	-4.263554
		54.892406	-2.923222
		53.751959	-0.335941
		53.478239	-2.258549
		53.803895	-1.549931
		54.980766	-1.615849
		53.409532	-3.000126
		52.486125	-1.890507
		51.460852	-2.588139
		51.488224	-3.186893
		51.624837	-3.94495
		50.152266	-5.065556
		50.726024	-3.543949
		51.512161	-0.116215
		51.289406	1.075802
		
c	6 7 10 9 8 5 11 12 14 13 1 2 15 0 4 3	2059.97698473369	0.794002301526631	6	7	10	9	8	5	11	12	14	13	1	2	15	0	4	3		
		53.751959	-0.335941
		54.980766	-1.615849
		55.862982	-4.263554
		55.958426	-3.186893
		54.892406	-2.923222
		53.409532	-3.000126
		51.488224	-3.186893
		51.624837	-3.94495
		50.152266	-5.065556
		50.726024	-3.543949
		51.460852	-2.588139
		51.512161	-0.116215
		51.289406	1.075802
		52.486125	-1.890507
		53.478239	-2.258549
		53.803895	-1.549931
		
c	9 8 5 4 3 6 7 10 0 1 11 12 14 13 2 15	2100.57435501088	0.789942564498912	9	8	5	4	3	6	7	10	0	1	11	12	14	13	2	15		
		55.958426	-3.186893
		54.892406	-2.923222
		53.409532	-3.000126
		53.478239	-2.258549
		53.803895	-1.549931
		53.751959	-0.335941
		54.980766	-1.615849
		55.862982	-4.263554
		52.486125	-1.890507
		51.460852	-2.588139
		51.488224	-3.186893
		51.624837	-3.94495
		50.152266	-5.065556
		50.726024	-3.543949
		51.512161	-0.116215
		51.289406	1.075802
		
c	14 13 11 1 2 15 0 4 3 6 7 10 9 8 5 12	1922.6510768467	0.80773489231533	14	13	11	1	2	15	0	4	3	6	7	10	9	8	5	12		
		50.152266	-5.065556
		50.726024	-3.543949
		51.488224	-3.186893
		51.460852	-2.588139
		51.512161	-0.116215
		51.289406	1.075802
		52.486125	-1.890507
		53.478239	-2.258549
		53.803895	-1.549931
		53.751959	-0.335941
		54.980766	-1.615849
		55.862982	-4.263554
		55.958426	-3.186893
		54.892406	-2.923222
		53.409532	-3.000126
		51.624837	-3.94495
		
c	2 15 0 6 4 3 7 10 9 8 5 1 11 12 14 13	1992.60301152281	0.800739698847719	2	15	0	6	4	3	7	10	9	8	5	1	11	12	14	13		
		51.512161	-0.116215
		51.289406	1.075802
		52.486125	-1.890507
		53.751959	-0.335941
		53.478239	-2.258549
		53.803895	-1.549931
		54.980766	-1.615849
		55.862982	-4.263554
		55.958426	-3.186893
		54.892406	-2.923222
		53.409532	-3.000126
		51.460852	-2.588139
		51.488224	-3.186893
		51.624837	-3.94495
		50.152266	-5.065556
		50.726024	-3.543949
		
c	4 6 5 11 12 14 13 1 2 15 0 3 7 10 9 8	2152.61762187881	0.784738237812119	4	6	5	11	12	14	13	1	2	15	0	3	7	10	9	8		
		53.478239	-2.258549
		53.751959	-0.335941
		53.409532	-3.000126
		51.488224	-3.186893
		51.624837	-3.94495
		50.152266	-5.065556
		50.726024	-3.543949
		51.460852	-2.588139
		51.512161	-0.116215
		51.289406	1.075802
		52.486125	-1.890507
		53.803895	-1.549931
		54.980766	-1.615849
		55.862982	-4.263554
		55.958426	-3.186893
		54.892406	-2.923222
		
c	7 10 9 8 6 5 12 11 14 13 1 0 2 15 4 3	2228.12022725488	0.777187977274512	7	10	9	8	6	5	12	11	14	13	1	0	2	15	4	3		
		54.980766	-1.615849
		55.862982	-4.263554
		55.958426	-3.186893
		54.892406	-2.923222
		53.751959	-0.335941
		53.409532	-3.000126
		51.624837	-3.94495
		51.488224	-3.186893
		50.152266	-5.065556
		50.726024	-3.543949
		51.460852	-2.588139
		52.486125	-1.890507
		51.512161	-0.116215
		51.289406	1.075802
		53.478239	-2.258549
		53.803895	-1.549931
		
c	11 8 3 4 5 0 6 7 10 9 1 12 14 13 2 15	2606.17256801793	0.739382743198207	11	8	3	4	5	0	6	7	10	9	1	12	14	13	2	15		
		51.488224	-3.186893
		54.892406	-2.923222
		53.803895	-1.549931
		53.478239	-2.258549
		53.409532	-3.000126
		52.486125	-1.890507
		53.751959	-0.335941
		54.980766	-1.615849
		55.862982	-4.263554
		55.958426	-3.186893
		51.460852	-2.588139
		51.624837	-3.94495
		50.152266	-5.065556
		50.726024	-3.543949
		51.512161	-0.116215
		51.289406	1.075802
		
c	0 2 15 4 11 12 14 13 1 3 6 7 10 9 8 5	2334.18492303381	0.766581507696619	0	2	15	4	11	12	14	13	1	3	6	7	10	9	8	5		
		52.486125	-1.890507
		51.512161	-0.116215
		51.289406	1.075802
		53.478239	-2.258549
		51.488224	-3.186893
		51.624837	-3.94495
		50.152266	-5.065556
		50.726024	-3.543949
		51.460852	-2.588139
		53.803895	-1.549931
		53.751959	-0.335941
		54.980766	-1.615849
		55.862982	-4.263554
		55.958426	-3.186893
		54.892406	-2.923222
		53.409532	-3.000126
		
c	6 7 10 9 8 5 12 11 14 13 1 2 15 3 4 0	2159.49377582073	0.784050622417927	6	7	10	9	8	5	12	11	14	13	1	2	15	3	4	0		
		53.751959	-0.335941
		54.980766	-1.615849
		55.862982	-4.263554
		55.958426	-3.186893
		54.892406	-2.923222
		53.409532	-3.000126
		51.624837	-3.94495
		51.488224	-3.186893
		50.152266	-5.065556
		50.726024	-3.543949
		51.460852	-2.588139
		51.512161	-0.116215
		51.289406	1.075802
		53.803895	-1.549931
		53.478239	-2.258549
		52.486125	-1.890507
		
c	13 1 2 15 6 0 11 14 12 5 4 3 7 9 10 8	2150.70253318597	0.784929746681403	13	1	2	15	6	0	11	14	12	5	4	3	7	9	10	8		
		50.726024	-3.543949
		51.460852	-2.588139
		51.512161	-0.116215
		51.289406	1.075802
		53.751959	-0.335941
		52.486125	-1.890507
		51.488224	-3.186893
		50.152266	-5.065556
		51.624837	-3.94495
		53.409532	-3.000126
		53.478239	-2.258549
		53.803895	-1.549931
		54.980766	-1.615849
		55.958426	-3.186893
		55.862982	-4.263554
		54.892406	-2.923222
		
c	5 11 7 0 4 3 6 10 9 8 12 14 13 1 2 15	2717.52006259734	0.728247993740266	5	11	7	0	4	3	6	10	9	8	12	14	13	1	2	15		
		53.409532	-3.000126
		51.488224	-3.186893
		54.980766	-1.615849
		52.486125	-1.890507
		53.478239	-2.258549
		53.803895	-1.549931
		53.751959	-0.335941
		55.862982	-4.263554
		55.958426	-3.186893
		54.892406	-2.923222
		51.624837	-3.94495
		50.152266	-5.065556
		50.726024	-3.543949
		51.460852	-2.588139
		51.512161	-0.116215
		51.289406	1.075802
		
c	6 7 10 9 8 5 12 11 14 13 1 0 2 15 4 3	2162.66743143095	0.783733256856905	6	7	10	9	8	5	12	11	14	13	1	0	2	15	4	3		
		53.751959	-0.335941
		54.980766	-1.615849
		55.862982	-4.263554
		55.958426	-3.186893
		54.892406	-2.923222
		53.409532	-3.000126
		51.624837	-3.94495
		51.488224	-3.186893
		50.152266	-5.065556
		50.726024	-3.543949
		51.460852	-2.588139
		52.486125	-1.890507
		51.512161	-0.116215
		51.289406	1.075802
		53.478239	-2.258549
		53.803895	-1.549931
		
c	13 1 0 4 3 6 7 10 9 8 5 12 11 14 2 15	2114.41288511994	0.788558711488006	13	1	0	4	3	6	7	10	9	8	5	12	11	14	2	15		
		50.726024	-3.543949
		51.460852	-2.588139
		52.486125	-1.890507
		53.478239	-2.258549
		53.803895	-1.549931
		53.751959	-0.335941
		54.980766	-1.615849
		55.862982	-4.263554
		55.958426	-3.186893
		54.892406	-2.923222
		53.409532	-3.000126
		51.624837	-3.94495
		51.488224	-3.186893
		50.152266	-5.065556
		51.512161	-0.116215
		51.289406	1.075802
		
c	3 6 7 9 10 4 0 14 13 2 8 5 1 11 12 15	2832.19882201804	0.716780117798196	3	6	7	9	10	4	0	14	13	2	8	5	1	11	12	15		
		53.803895	-1.549931
		53.751959	-0.335941
		54.980766	-1.615849
		55.958426	-3.186893
		55.862982	-4.263554
		53.478239	-2.258549
		52.486125	-1.890507
		50.152266	-5.065556
		50.726024	-3.543949
		51.512161	-0.116215
		54.892406	-2.923222
		53.409532	-3.000126
		51.460852	-2.588139
		51.488224	-3.186893
		51.624837	-3.94495
		51.289406	1.075802
		
c	5 12 2 7 10 9 11 14 13 1 15 0 4 3 6 8	3020.50035122281	0.697949964877719	5	12	2	7	10	9	11	14	13	1	15	0	4	3	6	8		
		53.409532	-3.000126
		51.624837	-3.94495
		51.512161	-0.116215
		54.980766	-1.615849
		55.862982	-4.263554
		55.958426	-3.186893
		51.488224	-3.186893
		50.152266	-5.065556
		50.726024	-3.543949
		51.460852	-2.588139
		51.289406	1.075802
		52.486125	-1.890507
		53.478239	-2.258549
		53.803895	-1.549931
		53.751959	-0.335941
		54.892406	-2.923222
		
c	4 5 0 1 11 12 14 13 2 15 8 3 6 7 9 10	2130.3973086002	0.78696026913998	4	5	0	1	11	12	14	13	2	15	8	3	6	7	9	10		
		53.478239	-2.258549
		53.409532	-3.000126
		52.486125	-1.890507
		51.460852	-2.588139
		51.488224	-3.186893
		51.624837	-3.94495
		50.152266	-5.065556
		50.726024	-3.543949
		51.512161	-0.116215
		51.289406	1.075802
		54.892406	-2.923222
		53.803895	-1.549931
		53.751959	-0.335941
		54.980766	-1.615849
		55.958426	-3.186893
		55.862982	-4.263554
		
c	4 5 0 1 11 12 14 13 15 6 3 7 10 9 8 2	2334.23928317623	0.766576071682377	4	5	0	1	11	12	14	13	15	6	3	7	10	9	8	2		
		53.478239	-2.258549
		53.409532	-3.000126
		52.486125	-1.890507
		51.460852	-2.588139
		51.488224	-3.186893
		51.624837	-3.94495
		50.152266	-5.065556
		50.726024	-3.543949
		51.289406	1.075802
		53.751959	-0.335941
		53.803895	-1.549931
		54.980766	-1.615849
		55.862982	-4.263554
		55.958426	-3.186893
		54.892406	-2.923222
		51.512161	-0.116215
		
c	4 0 1 15 11 14 13 2 6 3 7 10 9 8 5 12	2582.04575303864	0.741795424696136	4	0	1	15	11	14	13	2	6	3	7	10	9	8	5	12		
		53.478239	-2.258549
		52.486125	-1.890507
		51.460852	-2.588139
		51.289406	1.075802
		51.488224	-3.186893
		50.152266	-5.065556
		50.726024	-3.543949
		51.512161	-0.116215
		53.751959	-0.335941
		53.803895	-1.549931
		54.980766	-1.615849
		55.862982	-4.263554
		55.958426	-3.186893
		54.892406	-2.923222
		53.409532	-3.000126
		51.624837	-3.94495
		
c	7 3 11 12 14 13 1 2 6 10 9 8 5 15 4 0	2804.24881875149	0.719575118124851	7	3	11	12	14	13	1	2	6	10	9	8	5	15	4	0		
		54.980766	-1.615849
		53.803895	-1.549931
		51.488224	-3.186893
		51.624837	-3.94495
		50.152266	-5.065556
		50.726024	-3.543949
		51.460852	-2.588139
		51.512161	-0.116215
		53.751959	-0.335941
		55.862982	-4.263554
		55.958426	-3.186893
		54.892406	-2.923222
		53.409532	-3.000126
		51.289406	1.075802
		53.478239	-2.258549
		52.486125	-1.890507
		
c	5 10 9 3 4 0 1 11 12 14 13 2 15 6 7 8	2187.68846083091	0.781231153916909	5	10	9	3	4	0	1	11	12	14	13	2	15	6	7	8		
		53.409532	-3.000126
		55.862982	-4.263554
		55.958426	-3.186893
		53.803895	-1.549931
		53.478239	-2.258549
		52.486125	-1.890507
		51.460852	-2.588139
		51.488224	-3.186893
		51.624837	-3.94495
		50.152266	-5.065556
		50.726024	-3.543949
		51.512161	-0.116215
		51.289406	1.075802
		53.751959	-0.335941
		54.980766	-1.615849
		54.892406	-2.923222
		
c	5 12 11 14 13 1 2 15 10 9 8 6 7 3 0 4	2518.43512780487	0.748156487219513	5	12	11	14	13	1	2	15	10	9	8	6	7	3	0	4		
		53.409532	-3.000126
		51.624837	-3.94495
		51.488224	-3.186893
		50.152266	-5.065556
		50.726024	-3.543949
		51.460852	-2.588139
		51.512161	-0.116215
		51.289406	1.075802
		55.862982	-4.263554
		55.958426	-3.186893
		54.892406	-2.923222
		53.751959	-0.335941
		54.980766	-1.615849
		53.803895	-1.549931
		52.486125	-1.890507
		53.478239	-2.258549
		
c	3 7 10 9 8 5 1 11 12 4 0 14 13 2 15 6	2437.2234077434	0.75627765922566	3	7	10	9	8	5	1	11	12	4	0	14	13	2	15	6		
		53.803895	-1.549931
		54.980766	-1.615849
		55.862982	-4.263554
		55.958426	-3.186893
		54.892406	-2.923222
		53.409532	-3.000126
		51.460852	-2.588139
		51.488224	-3.186893
		51.624837	-3.94495
		53.478239	-2.258549
		52.486125	-1.890507
		50.152266	-5.065556
		50.726024	-3.543949
		51.512161	-0.116215
		51.289406	1.075802
		53.751959	-0.335941
		
c	13 1 11 12 14 2 15 0 4 3 6 7 10 9 8 5	2050.00571784019	0.794999428215981	13	1	11	12	14	2	15	0	4	3	6	7	10	9	8	5		
		50.726024	-3.543949
		51.460852	-2.588139
		51.488224	-3.186893
		51.624837	-3.94495
		50.152266	-5.065556
		51.512161	-0.116215
		51.289406	1.075802
		52.486125	-1.890507
		53.478239	-2.258549
		53.803895	-1.549931
		53.751959	-0.335941
		54.980766	-1.615849
		55.862982	-4.263554
		55.958426	-3.186893
		54.892406	-2.923222
		53.409532	-3.000126
		
c	8 4 5 0 1 11 12 15 6 14 13 3 7 10 9 2	3133.79132255317	0.686620867744683	8	4	5	0	1	11	12	15	6	14	13	3	7	10	9	2		
		54.892406	-2.923222
		53.478239	-2.258549
		53.409532	-3.000126
		52.486125	-1.890507
		51.460852	-2.588139
		51.488224	-3.186893
		51.624837	-3.94495
		51.289406	1.075802
		53.751959	-0.335941
		50.152266	-5.065556
		50.726024	-3.543949
		53.803895	-1.549931
		54.980766	-1.615849
		55.862982	-4.263554
		55.958426	-3.186893
		51.512161	-0.116215
		
c	9 8 15 0 4 3 6 7 10 5 11 12 14 13 1 2	2586.69701310593	0.741330298689407	9	8	15	0	4	3	6	7	10	5	11	12	14	13	1	2		
		55.958426	-3.186893
		54.892406	-2.923222
		51.289406	1.075802
		52.486125	-1.890507
		53.478239	-2.258549
		53.803895	-1.549931
		53.751959	-0.335941
		54.980766	-1.615849
		55.862982	-4.263554
		53.409532	-3.000126
		51.488224	-3.186893
		51.624837	-3.94495
		50.152266	-5.065556
		50.726024	-3.543949
		51.460852	-2.588139
		51.512161	-0.116215
		
c	10 9 8 5 11 12 14 13 3 4 0 1 2 15 6 7	2299.28351352308	0.770071648647692	10	9	8	5	11	12	14	13	3	4	0	1	2	15	6	7		
		55.862982	-4.263554
		55.958426	-3.186893
		54.892406	-2.923222
		53.409532	-3.000126
		51.488224	-3.186893
		51.624837	-3.94495
		50.152266	-5.065556
		50.726024	-3.543949
		53.803895	-1.549931
		53.478239	-2.258549
		52.486125	-1.890507
		51.460852	-2.588139
		51.512161	-0.116215
		51.289406	1.075802
		53.751959	-0.335941
		54.980766	-1.615849
		
c	15 0 7 4 3 6 10 9 8 5 12 11 14 13 1 2	2392.8449095856	0.76071550904144	15	0	7	4	3	6	10	9	8	5	12	11	14	13	1	2		
		51.289406	1.075802
		52.486125	-1.890507
		54.980766	-1.615849
		53.478239	-2.258549
		53.803895	-1.549931
		53.751959	-0.335941
		55.862982	-4.263554
		55.958426	-3.186893
		54.892406	-2.923222
		53.409532	-3.000126
		51.624837	-3.94495
		51.488224	-3.186893
		50.152266	-5.065556
		50.726024	-3.543949
		51.460852	-2.588139
		51.512161	-0.116215
		
c	8 3 11 12 14 13 1 2 5 4 6 7 9 10 0 15	2560.11826990565	0.743988173009435	8	3	11	12	14	13	1	2	5	4	6	7	9	10	0	15		
		54.892406	-2.923222
		53.803895	-1.549931
		51.488224	-3.186893
		51.624837	-3.94495
		50.152266	-5.065556
		50.726024	-3.543949
		51.460852	-2.588139
		51.512161	-0.116215
		53.409532	-3.000126
		53.478239	-2.258549
		53.751959	-0.335941
		54.980766	-1.615849
		55.958426	-3.186893
		55.862982	-4.263554
		52.486125	-1.890507
		51.289406	1.075802
		
c	7 10 9 8 3 4 5 0 1 11 6 12 14 13 2 15	2236.23844182033	0.776376155817967	7	10	9	8	3	4	5	0	1	11	6	12	14	13	2	15		
		54.980766	-1.615849
		55.862982	-4.263554
		55.958426	-3.186893
		54.892406	-2.923222
		53.803895	-1.549931
		53.478239	-2.258549
		53.409532	-3.000126
		52.486125	-1.890507
		51.460852	-2.588139
		51.488224	-3.186893
		53.751959	-0.335941
		51.624837	-3.94495
		50.152266	-5.065556
		50.726024	-3.543949
		51.512161	-0.116215
		51.289406	1.075802
		
c	9 8 12 14 13 11 1 2 15 0 4 3 6 7 10 5	2317.17727219502	0.768282272780498	9	8	12	14	13	11	1	2	15	0	4	3	6	7	10	5		
		55.958426	-3.186893
		54.892406	-2.923222
		51.624837	-3.94495
		50.152266	-5.065556
		50.726024	-3.543949
		51.488224	-3.186893
		51.460852	-2.588139
		51.512161	-0.116215
		51.289406	1.075802
		52.486125	-1.890507
		53.478239	-2.258549
		53.803895	-1.549931
		53.751959	-0.335941
		54.980766	-1.615849
		55.862982	-4.263554
		53.409532	-3.000126
		
c	0 4 3 6 7 10 9 8 5 11 12 14 13 1 2 15	1896.77204691273	0.810322795308727	0	4	3	6	7	10	9	8	5	11	12	14	13	1	2	15		
		52.486125	-1.890507
		53.478239	-2.258549
		53.803895	-1.549931
		53.751959	-0.335941
		54.980766	-1.615849
		55.862982	-4.263554
		55.958426	-3.186893
		54.892406	-2.923222
		53.409532	-3.000126
		51.488224	-3.186893
		51.624837	-3.94495
		50.152266	-5.065556
		50.726024	-3.543949
		51.460852	-2.588139
		51.512161	-0.116215
		51.289406	1.075802
		
c	14 13 3 6 7 10 4 0 1 8 5 11 12 2 15 9	3215.46806277954	0.678453193722045	14	13	3	6	7	10	4	0	1	8	5	11	12	2	15	9		
		50.152266	-5.065556
		50.726024	-3.543949
		53.803895	-1.549931
		53.751959	-0.335941
		54.980766	-1.615849
		55.862982	-4.263554
		53.478239	-2.258549
		52.486125	-1.890507
		51.460852	-2.588139
		54.892406	-2.923222
		53.409532	-3.000126
		51.488224	-3.186893
		51.624837	-3.94495
		51.512161	-0.116215
		51.289406	1.075802
		55.958426	-3.186893
		
c	3 4 5 0 1 11 12 10 9 8 14 13 2 6 7 15	2898.42587100886	0.710157412899114	3	4	5	0	1	11	12	10	9	8	14	13	2	6	7	15		
		53.803895	-1.549931
		53.478239	-2.258549
		53.409532	-3.000126
		52.486125	-1.890507
		51.460852	-2.588139
		51.488224	-3.186893
		51.624837	-3.94495
		55.862982	-4.263554
		55.958426	-3.186893
		54.892406	-2.923222
		50.152266	-5.065556
		50.726024	-3.543949
		51.512161	-0.116215
		53.751959	-0.335941
		54.980766	-1.615849
		51.289406	1.075802
		
c	12 15 7 10 9 8 5 11 14 13 1 2 0 6 4 3	2685.83304248773	0.731416695751227	12	15	7	10	9	8	5	11	14	13	1	2	0	6	4	3		
		51.624837	-3.94495
		51.289406	1.075802
		54.980766	-1.615849
		55.862982	-4.263554
		55.958426	-3.186893
		54.892406	-2.923222
		53.409532	-3.000126
		51.488224	-3.186893
		50.152266	-5.065556
		50.726024	-3.543949
		51.460852	-2.588139
		51.512161	-0.116215
		52.486125	-1.890507
		53.751959	-0.335941
		53.478239	-2.258549
		53.803895	-1.549931
		
c	15 0 4 3 7 10 9 5 6 8 12 11 14 1 13 2	2691.78176587715	0.730821823412285	15	0	4	3	7	10	9	5	6	8	12	11	14	1	13	2		
		51.289406	1.075802
		52.486125	-1.890507
		53.478239	-2.258549
		53.803895	-1.549931
		54.980766	-1.615849
		55.862982	-4.263554
		55.958426	-3.186893
		53.409532	-3.000126
		53.751959	-0.335941
		54.892406	-2.923222
		51.624837	-3.94495
		51.488224	-3.186893
		50.152266	-5.065556
		51.460852	-2.588139
		50.726024	-3.543949
		51.512161	-0.116215
		
c	10 5 11 12 14 13 1 0 15 2 4 3 6 7 9 8	2246.67485989613	0.775332514010387	10	5	11	12	14	13	1	0	15	2	4	3	6	7	9	8		
		55.862982	-4.263554
		53.409532	-3.000126
		51.488224	-3.186893
		51.624837	-3.94495
		50.152266	-5.065556
		50.726024	-3.543949
		51.460852	-2.588139
		52.486125	-1.890507
		51.289406	1.075802
		51.512161	-0.116215
		53.478239	-2.258549
		53.803895	-1.549931
		53.751959	-0.335941
		54.980766	-1.615849
		55.958426	-3.186893
		54.892406	-2.923222
		
c	1 6 7 9 10 8 4 5 3 0 11 14 12 13 2 15	2242.15300040946	0.775784699959054	1	6	7	9	10	8	4	5	3	0	11	14	12	13	2	15		
		51.460852	-2.588139
		53.751959	-0.335941
		54.980766	-1.615849
		55.958426	-3.186893
		55.862982	-4.263554
		54.892406	-2.923222
		53.478239	-2.258549
		53.409532	-3.000126
		53.803895	-1.549931
		52.486125	-1.890507
		51.488224	-3.186893
		50.152266	-5.065556
		51.624837	-3.94495
		50.726024	-3.543949
		51.512161	-0.116215
		51.289406	1.075802
		
c	0 2 15 4 3 6 7 10 9 8 5 12 11 14 13 1	2119.02883676505	0.788097116323495	0	2	15	4	3	6	7	10	9	8	5	12	11	14	13	1		
		52.486125	-1.890507
		51.512161	-0.116215
		51.289406	1.075802
		53.478239	-2.258549
		53.803895	-1.549931
		53.751959	-0.335941
		54.980766	-1.615849
		55.862982	-4.263554
		55.958426	-3.186893
		54.892406	-2.923222
		53.409532	-3.000126
		51.624837	-3.94495
		51.488224	-3.186893
		50.152266	-5.065556
		50.726024	-3.543949
		51.460852	-2.588139
		
c	4 5 0 1 11 12 14 3 6 13 10 9 2 15 8 7	3357.60679733028	0.664239320266972	4	5	0	1	11	12	14	3	6	13	10	9	2	15	8	7		
		53.478239	-2.258549
		53.409532	-3.000126
		52.486125	-1.890507
		51.460852	-2.588139
		51.488224	-3.186893
		51.624837	-3.94495
		50.152266	-5.065556
		53.803895	-1.549931
		53.751959	-0.335941
		50.726024	-3.543949
		55.862982	-4.263554
		55.958426	-3.186893
		51.512161	-0.116215
		51.289406	1.075802
		54.892406	-2.923222
		54.980766	-1.615849
		
c	8 10 9 5 1 11 12 14 15 0 6 4 3 7 13 2	2918.93516756099	0.708106483243901	8	10	9	5	1	11	12	14	15	0	6	4	3	7	13	2		
		54.892406	-2.923222
		55.862982	-4.263554
		55.958426	-3.186893
		53.409532	-3.000126
		51.460852	-2.588139
		51.488224	-3.186893
		51.624837	-3.94495
		50.152266	-5.065556
		51.289406	1.075802
		52.486125	-1.890507
		53.751959	-0.335941
		53.478239	-2.258549
		53.803895	-1.549931
		54.980766	-1.615849
		50.726024	-3.543949
		51.512161	-0.116215
		
c	11 14 13 1 2 15 0 4 8 6 7 10 9 5 12 3	2621.30588136928	0.737869411863072	11	14	13	1	2	15	0	4	8	6	7	10	9	5	12	3		
		51.488224	-3.186893
		50.152266	-5.065556
		50.726024	-3.543949
		51.460852	-2.588139
		51.512161	-0.116215
		51.289406	1.075802
		52.486125	-1.890507
		53.478239	-2.258549
		54.892406	-2.923222
		53.751959	-0.335941
		54.980766	-1.615849
		55.862982	-4.263554
		55.958426	-3.186893
		53.409532	-3.000126
		51.624837	-3.94495
		53.803895	-1.549931
		
c	14 13 1 8 5 12 11 2 15 0 4 3 6 7 10 9	2256.63303737934	0.774336696262065	14	13	1	8	5	12	11	2	15	0	4	3	6	7	10	9		
		50.152266	-5.065556
		50.726024	-3.543949
		51.460852	-2.588139
		54.892406	-2.923222
		53.409532	-3.000126
		51.624837	-3.94495
		51.488224	-3.186893
		51.512161	-0.116215
		51.289406	1.075802
		52.486125	-1.890507
		53.478239	-2.258549
		53.803895	-1.549931
		53.751959	-0.335941
		54.980766	-1.615849
		55.862982	-4.263554
		55.958426	-3.186893
		
c	14 13 1 2 15 9 6 8 5 12 11 0 4 3 7 10	2661.36788388068	0.733863211611932	14	13	1	2	15	9	6	8	5	12	11	0	4	3	7	10		
		50.152266	-5.065556
		50.726024	-3.543949
		51.460852	-2.588139
		51.512161	-0.116215
		51.289406	1.075802
		55.958426	-3.186893
		53.751959	-0.335941
		54.892406	-2.923222
		53.409532	-3.000126
		51.624837	-3.94495
		51.488224	-3.186893
		52.486125	-1.890507
		53.478239	-2.258549
		53.803895	-1.549931
		54.980766	-1.615849
		55.862982	-4.263554
		
c	5 12 14 13 1 2 15 0 6 4 3 7 10 9 8 11	2377.19242180217	0.762280757819783	5	12	14	13	1	2	15	0	6	4	3	7	10	9	8	11		
		53.409532	-3.000126
		51.624837	-3.94495
		50.152266	-5.065556
		50.726024	-3.543949
		51.460852	-2.588139
		51.512161	-0.116215
		51.289406	1.075802
		52.486125	-1.890507
		53.751959	-0.335941
		53.478239	-2.258549
		53.803895	-1.549931
		54.980766	-1.615849
		55.862982	-4.263554
		55.958426	-3.186893
		54.892406	-2.923222
		51.488224	-3.186893
		
c	1 2 12 14 13 4 15 0 6 5 11 10 9 8 3 7	3165.97752949711	0.683402247050289	1	2	12	14	13	4	15	0	6	5	11	10	9	8	3	7		
		51.460852	-2.588139
		51.512161	-0.116215
		51.624837	-3.94495
		50.152266	-5.065556
		50.726024	-3.543949
		53.478239	-2.258549
		51.289406	1.075802
		52.486125	-1.890507
		53.751959	-0.335941
		53.409532	-3.000126
		51.488224	-3.186893
		55.862982	-4.263554
		55.958426	-3.186893
		54.892406	-2.923222
		53.803895	-1.549931
		54.980766	-1.615849
		
c	11 10 6 7 9 8 5 12 14 13 1 2 15 3 4 0	2808.88340520403	0.719111659479597	11	10	6	7	9	8	5	12	14	13	1	2	15	3	4	0		
		51.488224	-3.186893
		55.862982	-4.263554
		53.751959	-0.335941
		54.980766	-1.615849
		55.958426	-3.186893
		54.892406	-2.923222
		53.409532	-3.000126
		51.624837	-3.94495
		50.152266	-5.065556
		50.726024	-3.543949
		51.460852	-2.588139
		51.512161	-0.116215
		51.289406	1.075802
		53.803895	-1.549931
		53.478239	-2.258549
		52.486125	-1.890507
		
c	9 8 3 6 7 10 5 11 12 14 13 1 2 15 0 4	2282.84005058531	0.771715994941469	9	8	3	6	7	10	5	11	12	14	13	1	2	15	0	4		
		55.958426	-3.186893
		54.892406	-2.923222
		53.803895	-1.549931
		53.751959	-0.335941
		54.980766	-1.615849
		55.862982	-4.263554
		53.409532	-3.000126
		51.488224	-3.186893
		51.624837	-3.94495
		50.152266	-5.065556
		50.726024	-3.543949
		51.460852	-2.588139
		51.512161	-0.116215
		51.289406	1.075802
		52.486125	-1.890507
		53.478239	-2.258549
		
c	4 8 3 11 12 14 13 1 2 5 6 7 9 10 0 15	2723.02387685553	0.727697612314447	4	8	3	11	12	14	13	1	2	5	6	7	9	10	0	15		
		53.478239	-2.258549
		54.892406	-2.923222
		53.803895	-1.549931
		51.488224	-3.186893
		51.624837	-3.94495
		50.152266	-5.065556
		50.726024	-3.543949
		51.460852	-2.588139
		51.512161	-0.116215
		53.409532	-3.000126
		53.751959	-0.335941
		54.980766	-1.615849
		55.958426	-3.186893
		55.862982	-4.263554
		52.486125	-1.890507
		51.289406	1.075802
		
c	3 0 4 6 7 10 9 8 5 11 12 14 13 1 2 15	2036.38656288709	0.796361343711291	3	0	4	6	7	10	9	8	5	11	12	14	13	1	2	15		
		53.803895	-1.549931
		52.486125	-1.890507
		53.478239	-2.258549
		53.751959	-0.335941
		54.980766	-1.615849
		55.862982	-4.263554
		55.958426	-3.186893
		54.892406	-2.923222
		53.409532	-3.000126
		51.488224	-3.186893
		51.624837	-3.94495
		50.152266	-5.065556
		50.726024	-3.543949
		51.460852	-2.588139
		51.512161	-0.116215
		51.289406	1.075802
		
c	14 13 1 0 4 3 7 6 10 9 8 5 11 12 2 15	2133.70035489879	0.786629964510121	14	13	1	0	4	3	7	6	10	9	8	5	11	12	2	15		
		50.152266	-5.065556
		50.726024	-3.543949
		51.460852	-2.588139
		52.486125	-1.890507
		53.478239	-2.258549
		53.803895	-1.549931
		54.980766	-1.615849
		53.751959	-0.335941
		55.862982	-4.263554
		55.958426	-3.186893
		54.892406	-2.923222
		53.409532	-3.000126
		51.488224	-3.186893
		51.624837	-3.94495
		51.512161	-0.116215
		51.289406	1.075802
		
c	9 10 8 4 5 3 0 11 14 12 1 13 2 15 7 6	2343.68895042154	0.765631104957846	9	10	8	4	5	3	0	11	14	12	1	13	2	15	7	6		
		55.958426	-3.186893
		55.862982	-4.263554
		54.892406	-2.923222
		53.478239	-2.258549
		53.409532	-3.000126
		53.803895	-1.549931
		52.486125	-1.890507
		51.488224	-3.186893
		50.152266	-5.065556
		51.624837	-3.94495
		51.460852	-2.588139
		50.726024	-3.543949
		51.512161	-0.116215
		51.289406	1.075802
		54.980766	-1.615849
		53.751959	-0.335941
		
c	6 1 11 14 13 2 15 0 4 3 7 10 9 8 5 12	2304.2456170674	0.76957543829326	6	1	11	14	13	2	15	0	4	3	7	10	9	8	5	12		
		53.751959	-0.335941
		51.460852	-2.588139
		51.488224	-3.186893
		50.152266	-5.065556
		50.726024	-3.543949
		51.512161	-0.116215
		51.289406	1.075802
		52.486125	-1.890507
		53.478239	-2.258549
		53.803895	-1.549931
		54.980766	-1.615849
		55.862982	-4.263554
		55.958426	-3.186893
		54.892406	-2.923222
		53.409532	-3.000126
		51.624837	-3.94495
		
c	13 1 11 14 2 15 0 6 4 3 7 10 9 8 5 12	2304.35595307396	0.769564404692604	13	1	11	14	2	15	0	6	4	3	7	10	9	8	5	12		
		50.726024	-3.543949
		51.460852	-2.588139
		51.488224	-3.186893
		50.152266	-5.065556
		51.512161	-0.116215
		51.289406	1.075802
		52.486125	-1.890507
		53.751959	-0.335941
		53.478239	-2.258549
		53.803895	-1.549931
		54.980766	-1.615849
		55.862982	-4.263554
		55.958426	-3.186893
		54.892406	-2.923222
		53.409532	-3.000126
		51.624837	-3.94495
		
c	1 0 2 3 6 7 10 9 8 5 12 11 14 13 15 4	2593.43690582473	0.740656309417527	1	0	2	3	6	7	10	9	8	5	12	11	14	13	15	4		
		51.460852	-2.588139
		52.486125	-1.890507
		51.512161	-0.116215
		53.803895	-1.549931
		53.751959	-0.335941
		54.980766	-1.615849
		55.862982	-4.263554
		55.958426	-3.186893
		54.892406	-2.923222
		53.409532	-3.000126
		51.624837	-3.94495
		51.488224	-3.186893
		50.152266	-5.065556
		50.726024	-3.543949
		51.289406	1.075802
		53.478239	-2.258549
		
c	0 15 6 5 11 12 14 7 1 4 3 13 10 9 8 2	3978.38888100729	0.602161111899271	0	15	6	5	11	12	14	7	1	4	3	13	10	9	8	2		
		52.486125	-1.890507
		51.289406	1.075802
		53.751959	-0.335941
		53.409532	-3.000126
		51.488224	-3.186893
		51.624837	-3.94495
		50.152266	-5.065556
		54.980766	-1.615849
		51.460852	-2.588139
		53.478239	-2.258549
		53.803895	-1.549931
		50.726024	-3.543949
		55.862982	-4.263554
		55.958426	-3.186893
		54.892406	-2.923222
		51.512161	-0.116215
		
c	1 11 12 14 13 2 6 7 10 9 8 5 0 15 4 3	2374.65041378592	0.762534958621408	1	11	12	14	13	2	6	7	10	9	8	5	0	15	4	3		
		51.460852	-2.588139
		51.488224	-3.186893
		51.624837	-3.94495
		50.152266	-5.065556
		50.726024	-3.543949
		51.512161	-0.116215
		53.751959	-0.335941
		54.980766	-1.615849
		55.862982	-4.263554
		55.958426	-3.186893
		54.892406	-2.923222
		53.409532	-3.000126
		52.486125	-1.890507
		51.289406	1.075802
		53.478239	-2.258549
		53.803895	-1.549931
		
c	11 14 13 1 0 2 10 9 8 3 4 5 12 6 7 15	2873.20444568199	0.712679555431801	11	14	13	1	0	2	10	9	8	3	4	5	12	6	7	15		
		51.488224	-3.186893
		50.152266	-5.065556
		50.726024	-3.543949
		51.460852	-2.588139
		52.486125	-1.890507
		51.512161	-0.116215
		55.862982	-4.263554
		55.958426	-3.186893
		54.892406	-2.923222
		53.803895	-1.549931
		53.478239	-2.258549
		53.409532	-3.000126
		51.624837	-3.94495
		53.751959	-0.335941
		54.980766	-1.615849
		51.289406	1.075802
		
c	12 11 3 6 7 10 9 8 5 14 13 1 0 4 2 15	2325.89900204228	0.767410099795772	12	11	3	6	7	10	9	8	5	14	13	1	0	4	2	15		
		51.624837	-3.94495
		51.488224	-3.186893
		53.803895	-1.549931
		53.751959	-0.335941
		54.980766	-1.615849
		55.862982	-4.263554
		55.958426	-3.186893
		54.892406	-2.923222
		53.409532	-3.000126
		50.152266	-5.065556
		50.726024	-3.543949
		51.460852	-2.588139
		52.486125	-1.890507
		53.478239	-2.258549
		51.512161	-0.116215
		51.289406	1.075802
		
c	8 5 12 14 13 11 1 2 15 0 4 3 6 7 10 9	1984.58028722552	0.801541971277448	8	5	12	14	13	11	1	2	15	0	4	3	6	7	10	9		
		54.892406	-2.923222
		53.409532	-3.000126
		51.624837	-3.94495
		50.152266	-5.065556
		50.726024	-3.543949
		51.488224	-3.186893
		51.460852	-2.588139
		51.512161	-0.116215
		51.289406	1.075802
		52.486125	-1.890507
		53.478239	-2.258549
		53.803895	-1.549931
		53.751959	-0.335941
		54.980766	-1.615849
		55.862982	-4.263554
		55.958426	-3.186893
		
c	10 9 8 5 12 11 14 13 1 2 15 6 0 4 3 7	2070.54663293269	0.792945336706732	10	9	8	5	12	11	14	13	1	2	15	6	0	4	3	7		
		55.862982	-4.263554
		55.958426	-3.186893
		54.892406	-2.923222
		53.409532	-3.000126
		51.624837	-3.94495
		51.488224	-3.186893
		50.152266	-5.065556
		50.726024	-3.543949
		51.460852	-2.588139
		51.512161	-0.116215
		51.289406	1.075802
		53.751959	-0.335941
		52.486125	-1.890507
		53.478239	-2.258549
		53.803895	-1.549931
		54.980766	-1.615849
		
c	0 4 3 7 13 11 1 12 2 15 6 10 9 8 5 14	2745.92385684105	0.725407614315895	0	4	3	7	13	11	1	12	2	15	6	10	9	8	5	14		
		52.486125	-1.890507
		53.478239	-2.258549
		53.803895	-1.549931
		54.980766	-1.615849
		50.726024	-3.543949
		51.488224	-3.186893
		51.460852	-2.588139
		51.624837	-3.94495
		51.512161	-0.116215
		51.289406	1.075802
		53.751959	-0.335941
		55.862982	-4.263554
		55.958426	-3.186893
		54.892406	-2.923222
		53.409532	-3.000126
		50.152266	-5.065556
		
c	12 14 13 2 15 4 6 3 7 9 8 5 11 10 0 1	2988.31271424965	0.701168728575035	12	14	13	2	15	4	6	3	7	9	8	5	11	10	0	1		
		51.624837	-3.94495
		50.152266	-5.065556
		50.726024	-3.543949
		51.512161	-0.116215
		51.289406	1.075802
		53.478239	-2.258549
		53.751959	-0.335941
		53.803895	-1.549931
		54.980766	-1.615849
		55.958426	-3.186893
		54.892406	-2.923222
		53.409532	-3.000126
		51.488224	-3.186893
		55.862982	-4.263554
		52.486125	-1.890507
		51.460852	-2.588139
		
g51		1794.61235065558	0.820538764934442	0	6	7	10	9	8	3	4	5	0	1	11	12	14	13	2	15		
		53.751959	-0.335941
		54.980766	-1.615849
		55.862982	-4.263554
		55.958426	-3.186893
		54.892406	-2.923222
		53.803895	-1.549931
		53.478239	-2.258549
		53.409532	-3.000126
		52.486125	-1.890507
		51.460852	-2.588139
		51.488224	-3.186893
		51.624837	-3.94495
		50.152266	-5.065556
		50.726024	-3.543949
		51.512161	-0.116215
		51.289406	1.075802
		
g51		1828.33630628242	0.817166369371758	1	3	6	7	10	9	8	4	5	0	1	11	12	14	13	2	15		
		53.803895	-1.549931
		53.751959	-0.335941
		54.980766	-1.615849
		55.862982	-4.263554
		55.958426	-3.186893
		54.892406	-2.923222
		53.478239	-2.258549
		53.409532	-3.000126
		52.486125	-1.890507
		51.460852	-2.588139
		51.488224	-3.186893
		51.624837	-3.94495
		50.152266	-5.065556
		50.726024	-3.543949
		51.512161	-0.116215
		51.289406	1.075802
		
g51		1844.43579025575	0.815556420974425	2	5	4	3	6	7	9	10	8	0	1	11	12	14	13	2	15		
		53.409532	-3.000126
		53.478239	-2.258549
		53.803895	-1.549931
		53.751959	-0.335941
		54.980766	-1.615849
		55.958426	-3.186893
		55.862982	-4.263554
		54.892406	-2.923222
		52.486125	-1.890507
		51.460852	-2.588139
		51.488224	-3.186893
		51.624837	-3.94495
		50.152266	-5.065556
		50.726024	-3.543949
		51.512161	-0.116215
		51.289406	1.075802
		
g51		1846.00611008192	0.815399388991808	3	7	10	9	8	5	6	3	4	0	1	11	12	14	13	2	15		
		54.980766	-1.615849
		55.862982	-4.263554
		55.958426	-3.186893
		54.892406	-2.923222
		53.409532	-3.000126
		53.751959	-0.335941
		53.803895	-1.549931
		53.478239	-2.258549
		52.486125	-1.890507
		51.460852	-2.588139
		51.488224	-3.186893
		51.624837	-3.94495
		50.152266	-5.065556
		50.726024	-3.543949
		51.512161	-0.116215
		51.289406	1.075802
		
g51		1861.16567508612	0.813883432491388	4	6	4	3	7	10	9	8	5	0	1	11	12	14	13	2	15		
		53.751959	-0.335941
		53.478239	-2.258549
		53.803895	-1.549931
		54.980766	-1.615849
		55.862982	-4.263554
		55.958426	-3.186893
		54.892406	-2.923222
		53.409532	-3.000126
		52.486125	-1.890507
		51.460852	-2.588139
		51.488224	-3.186893
		51.624837	-3.94495
		50.152266	-5.065556
		50.726024	-3.543949
		51.512161	-0.116215
		51.289406	1.075802
		
g51		1863.00485164535	0.813699514835465	5	6	7	10	9	8	4	3	5	0	1	11	12	14	13	2	15		
		53.751959	-0.335941
		54.980766	-1.615849
		55.862982	-4.263554
		55.958426	-3.186893
		54.892406	-2.923222
		53.478239	-2.258549
		53.803895	-1.549931
		53.409532	-3.000126
		52.486125	-1.890507
		51.460852	-2.588139
		51.488224	-3.186893
		51.624837	-3.94495
		50.152266	-5.065556
		50.726024	-3.543949
		51.512161	-0.116215
		51.289406	1.075802
		
