c	4 6 3 5 12 1 14 13 7 10 9 8 0 11 2 15	2560.65255981566	0.743934744018434	4	6	3	5	12	1	14	13	7	10	9	8	0	11	2	15		
		53.478239	-2.258549
		53.751959	-0.335941
		53.803895	-1.549931
		53.409532	-3.000126
		51.624837	-3.94495
		51.460852	-2.588139
		50.152266	-5.065556
		50.726024	-3.543949
		54.980766	-1.615849
		55.862982	-4.263554
		55.958426	-3.186893
		54.892406	-2.923222
		52.486125	-1.890507
		51.488224	-3.186893
		51.512161	-0.116215
		51.289406	1.075802
		
c	15 0 8 7 9 10 6 11 12 14 13 2 5 1 4 3	2885.81251475791	0.711418748524209	15	0	8	7	9	10	6	11	12	14	13	2	5	1	4	3		
		51.289406	1.075802
		52.486125	-1.890507
		54.892406	-2.923222
		54.980766	-1.615849
		55.958426	-3.186893
		55.862982	-4.263554
		53.751959	-0.335941
		51.488224	-3.186893
		51.624837	-3.94495
		50.152266	-5.065556
		50.726024	-3.543949
		51.512161	-0.116215
		53.409532	-3.000126
		51.460852	-2.588139
		53.478239	-2.258549
		53.803895	-1.549931
		
c	4 6 12 3 7 10 9 0 8 5 11 14 13 1 2 15	2890.48854549733	0.710951145450267	4	6	12	3	7	10	9	0	8	5	11	14	13	1	2	15		
		53.478239	-2.258549
		53.751959	-0.335941
		51.624837	-3.94495
		53.803895	-1.549931
		54.980766	-1.615849
		55.862982	-4.263554
		55.958426	-3.186893
		52.486125	-1.890507
		54.892406	-2.923222
		53.409532	-3.000126
		51.488224	-3.186893
		50.152266	-5.065556
		50.726024	-3.543949
		51.460852	-2.588139
		51.512161	-0.116215
		51.289406	1.075802
		
c	13 2 15 6 8 5 1 0 7 9 10 4 3 11 12 14	2711.57546664061	0.728842453335939	13	2	15	6	8	5	1	0	7	9	10	4	3	11	12	14		
		50.726024	-3.543949
		51.512161	-0.116215
		51.289406	1.075802
		53.751959	-0.335941
		54.892406	-2.923222
		53.409532	-3.000126
		51.460852	-2.588139
		52.486125	-1.890507
		54.980766	-1.615849
		55.958426	-3.186893
		55.862982	-4.263554
		53.478239	-2.258549
		53.803895	-1.549931
		51.488224	-3.186893
		51.624837	-3.94495
		50.152266	-5.065556
		
c	4 3 7 10 9 8 5 15 0 6 12 11 1 14 13 2	2560.04576447122	0.743995423552878	4	3	7	10	9	8	5	15	0	6	12	11	1	14	13	2		
		53.478239	-2.258549
		53.803895	-1.549931
		54.980766	-1.615849
		55.862982	-4.263554
		55.958426	-3.186893
		54.892406	-2.923222
		53.409532	-3.000126
		51.289406	1.075802
		52.486125	-1.890507
		53.751959	-0.335941
		51.624837	-3.94495
		51.488224	-3.186893
		51.460852	-2.588139
		50.152266	-5.065556
		50.726024	-3.543949
		51.512161	-0.116215
		
c	12 14 13 2 15 6 7 9 4 0 3 10 8 5 11 1	2633.3070708483	0.73666929291517	12	14	13	2	15	6	7	9	4	0	3	10	8	5	11	1		
		51.624837	-3.94495
		50.152266	-5.065556
		50.726024	-3.543949
		51.512161	-0.116215
		51.289406	1.075802
		53.751959	-0.335941
		54.980766	-1.615849
		55.958426	-3.186893
		53.478239	-2.258549
		52.486125	-1.890507
		53.803895	-1.549931
		55.862982	-4.263554
		54.892406	-2.923222
		53.409532	-3.000126
		51.488224	-3.186893
		51.460852	-2.588139
		
c	14 13 1 2 15 9 5 7 6 0 11 12 8 10 4 3	2950.70793168094	0.704929206831906	14	13	1	2	15	9	5	7	6	0	11	12	8	10	4	3		
		50.152266	-5.065556
		50.726024	-3.543949
		51.460852	-2.588139
		51.512161	-0.116215
		51.289406	1.075802
		55.958426	-3.186893
		53.409532	-3.000126
		54.980766	-1.615849
		53.751959	-0.335941
		52.486125	-1.890507
		51.488224	-3.186893
		51.624837	-3.94495
		54.892406	-2.923222
		55.862982	-4.263554
		53.478239	-2.258549
		53.803895	-1.549931
		
c	3 6 7 10 9 8 5 11 12 14 13 1 2 0 15 4	2376.49003440901	0.762350996559099	3	6	7	10	9	8	5	11	12	14	13	1	2	0	15	4		
		53.803895	-1.549931
		53.751959	-0.335941
		54.980766	-1.615849
		55.862982	-4.263554
		55.958426	-3.186893
		54.892406	-2.923222
		53.409532	-3.000126
		51.488224	-3.186893
		51.624837	-3.94495
		50.152266	-5.065556
		50.726024	-3.543949
		51.460852	-2.588139
		51.512161	-0.116215
		52.486125	-1.890507
		51.289406	1.075802
		53.478239	-2.258549
		
c	7 6 0 1 11 12 14 13 2 15 4 3 10 9 8 5	2233.65528622852	0.776634471377148	7	6	0	1	11	12	14	13	2	15	4	3	10	9	8	5		
		54.980766	-1.615849
		53.751959	-0.335941
		52.486125	-1.890507
		51.460852	-2.588139
		51.488224	-3.186893
		51.624837	-3.94495
		50.152266	-5.065556
		50.726024	-3.543949
		51.512161	-0.116215
		51.289406	1.075802
		53.478239	-2.258549
		53.803895	-1.549931
		55.862982	-4.263554
		55.958426	-3.186893
		54.892406	-2.923222
		53.409532	-3.000126
		
c	1 11 4 12 14 13 2 15 0 8 7 9 10 6 5 3	2602.54847235232	0.739745152764768	1	11	4	12	14	13	2	15	0	8	7	9	10	6	5	3		
		51.460852	-2.588139
		51.488224	-3.186893
		53.478239	-2.258549
		51.624837	-3.94495
		50.152266	-5.065556
		50.726024	-3.543949
		51.512161	-0.116215
		51.289406	1.075802
		52.486125	-1.890507
		54.892406	-2.923222
		54.980766	-1.615849
		55.958426	-3.186893
		55.862982	-4.263554
		53.751959	-0.335941
		53.409532	-3.000126
		53.803895	-1.549931
		
c	8 12 14 13 11 1 2 15 0 4 6 3 7 10 9 5	2306.85603448855	0.769314396551145	8	12	14	13	11	1	2	15	0	4	6	3	7	10	9	5		
		54.892406	-2.923222
		51.624837	-3.94495
		50.152266	-5.065556
		50.726024	-3.543949
		51.488224	-3.186893
		51.460852	-2.588139
		51.512161	-0.116215
		51.289406	1.075802
		52.486125	-1.890507
		53.478239	-2.258549
		53.751959	-0.335941
		53.803895	-1.549931
		54.980766	-1.615849
		55.862982	-4.263554
		55.958426	-3.186893
		53.409532	-3.000126
		
c	2 15 0 8 7 9 6 1 11 4 12 14 13 3 10 5	3193.23994303863	0.680676005696137	2	15	0	8	7	9	6	1	11	4	12	14	13	3	10	5		
		51.512161	-0.116215
		51.289406	1.075802
		52.486125	-1.890507
		54.892406	-2.923222
		54.980766	-1.615849
		55.958426	-3.186893
		53.751959	-0.335941
		51.460852	-2.588139
		51.488224	-3.186893
		53.478239	-2.258549
		51.624837	-3.94495
		50.152266	-5.065556
		50.726024	-3.543949
		53.803895	-1.549931
		55.862982	-4.263554
		53.409532	-3.000126
		
c	1 11 12 14 13 2 5 7 8 10 9 4 6 0 15 3	2592.68340056971	0.740731659943029	1	11	12	14	13	2	5	7	8	10	9	4	6	0	15	3		
		51.460852	-2.588139
		51.488224	-3.186893
		51.624837	-3.94495
		50.152266	-5.065556
		50.726024	-3.543949
		51.512161	-0.116215
		53.409532	-3.000126
		54.980766	-1.615849
		54.892406	-2.923222
		55.862982	-4.263554
		55.958426	-3.186893
		53.478239	-2.258549
		53.751959	-0.335941
		52.486125	-1.890507
		51.289406	1.075802
		53.803895	-1.549931
		
c	9 8 5 4 12 11 14 13 1 2 15 0 6 3 7 10	2134.10366053534	0.786589633946466	9	8	5	4	12	11	14	13	1	2	15	0	6	3	7	10		
		55.958426	-3.186893
		54.892406	-2.923222
		53.409532	-3.000126
		53.478239	-2.258549
		51.624837	-3.94495
		51.488224	-3.186893
		50.152266	-5.065556
		50.726024	-3.543949
		51.460852	-2.588139
		51.512161	-0.116215
		51.289406	1.075802
		52.486125	-1.890507
		53.751959	-0.335941
		53.803895	-1.549931
		54.980766	-1.615849
		55.862982	-4.263554
		
c	11 6 8 7 9 10 5 1 12 14 13 2 15 0 4 3	2488.06601214318	0.751193398785682	11	6	8	7	9	10	5	1	12	14	13	2	15	0	4	3		
		51.488224	-3.186893
		53.751959	-0.335941
		54.892406	-2.923222
		54.980766	-1.615849
		55.958426	-3.186893
		55.862982	-4.263554
		53.409532	-3.000126
		51.460852	-2.588139
		51.624837	-3.94495
		50.152266	-5.065556
		50.726024	-3.543949
		51.512161	-0.116215
		51.289406	1.075802
		52.486125	-1.890507
		53.478239	-2.258549
		53.803895	-1.549931
		
c	10 9 8 5 6 3 2 15 7 0 4 12 1 11 14 13	2506.92047592039	0.74930795240796	10	9	8	5	6	3	2	15	7	0	4	12	1	11	14	13		
		55.862982	-4.263554
		55.958426	-3.186893
		54.892406	-2.923222
		53.409532	-3.000126
		53.751959	-0.335941
		53.803895	-1.549931
		51.512161	-0.116215
		51.289406	1.075802
		54.980766	-1.615849
		52.486125	-1.890507
		53.478239	-2.258549
		51.624837	-3.94495
		51.460852	-2.588139
		51.488224	-3.186893
		50.152266	-5.065556
		50.726024	-3.543949
		
c	11 1 0 4 3 6 7 10 9 8 5 12 14 13 2 15	1979.8101911213	0.80201898088787	11	1	0	4	3	6	7	10	9	8	5	12	14	13	2	15		
		51.488224	-3.186893
		51.460852	-2.588139
		52.486125	-1.890507
		53.478239	-2.258549
		53.803895	-1.549931
		53.751959	-0.335941
		54.980766	-1.615849
		55.862982	-4.263554
		55.958426	-3.186893
		54.892406	-2.923222
		53.409532	-3.000126
		51.624837	-3.94495
		50.152266	-5.065556
		50.726024	-3.543949
		51.512161	-0.116215
		51.289406	1.075802
		
c	11 12 14 13 1 2 15 0 4 6 8 7 9 10 5 3	2110.38555555673	0.788961444444327	11	12	14	13	1	2	15	0	4	6	8	7	9	10	5	3		
		51.488224	-3.186893
		51.624837	-3.94495
		50.152266	-5.065556
		50.726024	-3.543949
		51.460852	-2.588139
		51.512161	-0.116215
		51.289406	1.075802
		52.486125	-1.890507
		53.478239	-2.258549
		53.751959	-0.335941
		54.892406	-2.923222
		54.980766	-1.615849
		55.958426	-3.186893
		55.862982	-4.263554
		53.409532	-3.000126
		53.803895	-1.549931
		
c	6 7 12 14 13 11 1 2 15 0 4 3 10 9 8 5	2313.40452183393	0.768659547816607	6	7	12	14	13	11	1	2	15	0	4	3	10	9	8	5		
		53.751959	-0.335941
		54.980766	-1.615849
		51.624837	-3.94495
		50.152266	-5.065556
		50.726024	-3.543949
		51.488224	-3.186893
		51.460852	-2.588139
		51.512161	-0.116215
		51.289406	1.075802
		52.486125	-1.890507
		53.478239	-2.258549
		53.803895	-1.549931
		55.862982	-4.263554
		55.958426	-3.186893
		54.892406	-2.923222
		53.409532	-3.000126
		
c	4 3 7 6 10 9 8 5 12 11 14 13 1 0 2 15	2111.66533206943	0.788833466793057	4	3	7	6	10	9	8	5	12	11	14	13	1	0	2	15		
		53.478239	-2.258549
		53.803895	-1.549931
		54.980766	-1.615849
		53.751959	-0.335941
		55.862982	-4.263554
		55.958426	-3.186893
		54.892406	-2.923222
		53.409532	-3.000126
		51.624837	-3.94495
		51.488224	-3.186893
		50.152266	-5.065556
		50.726024	-3.543949
		51.460852	-2.588139
		52.486125	-1.890507
		51.512161	-0.116215
		51.289406	1.075802
		
c	10 7 8 5 4 3 9 6 0 1 11 12 14 13 2 15	2161.21919609956	0.783878080390044	10	7	8	5	4	3	9	6	0	1	11	12	14	13	2	15		
		55.862982	-4.263554
		54.980766	-1.615849
		54.892406	-2.923222
		53.409532	-3.000126
		53.478239	-2.258549
		53.803895	-1.549931
		55.958426	-3.186893
		53.751959	-0.335941
		52.486125	-1.890507
		51.460852	-2.588139
		51.488224	-3.186893
		51.624837	-3.94495
		50.152266	-5.065556
		50.726024	-3.543949
		51.512161	-0.116215
		51.289406	1.075802
		
c	12 11 14 5 6 0 1 13 4 3 7 10 9 8 2 15	2621.98802429159	0.737801197570841	12	11	14	5	6	0	1	13	4	3	7	10	9	8	2	15		
		51.624837	-3.94495
		51.488224	-3.186893
		50.152266	-5.065556
		53.409532	-3.000126
		53.751959	-0.335941
		52.486125	-1.890507
		51.460852	-2.588139
		50.726024	-3.543949
		53.478239	-2.258549
		53.803895	-1.549931
		54.980766	-1.615849
		55.862982	-4.263554
		55.958426	-3.186893
		54.892406	-2.923222
		51.512161	-0.116215
		51.289406	1.075802
		
c	15 12 11 1 0 4 6 3 7 14 13 2 10 9 8 5	2896.90073457556	0.710309926542444	15	12	11	1	0	4	6	3	7	14	13	2	10	9	8	5		
		51.289406	1.075802
		51.624837	-3.94495
		51.488224	-3.186893
		51.460852	-2.588139
		52.486125	-1.890507
		53.478239	-2.258549
		53.751959	-0.335941
		53.803895	-1.549931
		54.980766	-1.615849
		50.152266	-5.065556
		50.726024	-3.543949
		51.512161	-0.116215
		55.862982	-4.263554
		55.958426	-3.186893
		54.892406	-2.923222
		53.409532	-3.000126
		
c	11 12 14 13 2 15 6 8 5 1 0 4 3 7 10 9	2274.5069723188	0.77254930276812	11	12	14	13	2	15	6	8	5	1	0	4	3	7	10	9		
		51.488224	-3.186893
		51.624837	-3.94495
		50.152266	-5.065556
		50.726024	-3.543949
		51.512161	-0.116215
		51.289406	1.075802
		53.751959	-0.335941
		54.892406	-2.923222
		53.409532	-3.000126
		51.460852	-2.588139
		52.486125	-1.890507
		53.478239	-2.258549
		53.803895	-1.549931
		54.980766	-1.615849
		55.862982	-4.263554
		55.958426	-3.186893
		
c	13 1 2 15 0 4 3 6 7 14 12 11 10 9 8 5	2683.72165694232	0.731627834305768	13	1	2	15	0	4	3	6	7	14	12	11	10	9	8	5		
		50.726024	-3.543949
		51.460852	-2.588139
		51.512161	-0.116215
		51.289406	1.075802
		52.486125	-1.890507
		53.478239	-2.258549
		53.803895	-1.549931
		53.751959	-0.335941
		54.980766	-1.615849
		50.152266	-5.065556
		51.624837	-3.94495
		51.488224	-3.186893
		55.862982	-4.263554
		55.958426	-3.186893
		54.892406	-2.923222
		53.409532	-3.000126
		
c	10 9 8 12 4 6 3 5 7 11 14 13 1 0 2 15	2509.19398383227	0.749080601616773	10	9	8	12	4	6	3	5	7	11	14	13	1	0	2	15		
		55.862982	-4.263554
		55.958426	-3.186893
		54.892406	-2.923222
		51.624837	-3.94495
		53.478239	-2.258549
		53.751959	-0.335941
		53.803895	-1.549931
		53.409532	-3.000126
		54.980766	-1.615849
		51.488224	-3.186893
		50.152266	-5.065556
		50.726024	-3.543949
		51.460852	-2.588139
		52.486125	-1.890507
		51.512161	-0.116215
		51.289406	1.075802
		
c	13 1 2 15 0 8 7 9 10 6 4 3 5 11 12 14	2270.42287182104	0.772957712817896	13	1	2	15	0	8	7	9	10	6	4	3	5	11	12	14		
		50.726024	-3.543949
		51.460852	-2.588139
		51.512161	-0.116215
		51.289406	1.075802
		52.486125	-1.890507
		54.892406	-2.923222
		54.980766	-1.615849
		55.958426	-3.186893
		55.862982	-4.263554
		53.751959	-0.335941
		53.478239	-2.258549
		53.803895	-1.549931
		53.409532	-3.000126
		51.488224	-3.186893
		51.624837	-3.94495
		50.152266	-5.065556
		
c	9 5 12 14 13 0 1 11 2 15 6 8 7 10 4 3	2621.70049156608	0.737829950843392	9	5	12	14	13	0	1	11	2	15	6	8	7	10	4	3		
		55.958426	-3.186893
		53.409532	-3.000126
		51.624837	-3.94495
		50.152266	-5.065556
		50.726024	-3.543949
		52.486125	-1.890507
		51.460852	-2.588139
		51.488224	-3.186893
		51.512161	-0.116215
		51.289406	1.075802
		53.751959	-0.335941
		54.892406	-2.923222
		54.980766	-1.615849
		55.862982	-4.263554
		53.478239	-2.258549
		53.803895	-1.549931
		
c	6 0 4 3 7 10 9 8 5 11 12 14 13 1 2 15	1962.75365718325	0.803724634281675	6	0	4	3	7	10	9	8	5	11	12	14	13	1	2	15		
		53.751959	-0.335941
		52.486125	-1.890507
		53.478239	-2.258549
		53.803895	-1.549931
		54.980766	-1.615849
		55.862982	-4.263554
		55.958426	-3.186893
		54.892406	-2.923222
		53.409532	-3.000126
		51.488224	-3.186893
		51.624837	-3.94495
		50.152266	-5.065556
		50.726024	-3.543949
		51.460852	-2.588139
		51.512161	-0.116215
		51.289406	1.075802
		
c	14 13 2 15 12 11 1 0 4 6 3 7 10 9 8 5	2036.47116965758	0.796352883034242	14	13	2	15	12	11	1	0	4	6	3	7	10	9	8	5		
		50.152266	-5.065556
		50.726024	-3.543949
		51.512161	-0.116215
		51.289406	1.075802
		51.624837	-3.94495
		51.488224	-3.186893
		51.460852	-2.588139
		52.486125	-1.890507
		53.478239	-2.258549
		53.751959	-0.335941
		53.803895	-1.549931
		54.980766	-1.615849
		55.862982	-4.263554
		55.958426	-3.186893
		54.892406	-2.923222
		53.409532	-3.000126
		
c	12 11 1 0 5 14 13 2 10 9 8 4 3 7 6 15	2661.33737462148	0.733866262537852	12	11	1	0	5	14	13	2	10	9	8	4	3	7	6	15		
		51.624837	-3.94495
		51.488224	-3.186893
		51.460852	-2.588139
		52.486125	-1.890507
		53.409532	-3.000126
		50.152266	-5.065556
		50.726024	-3.543949
		51.512161	-0.116215
		55.862982	-4.263554
		55.958426	-3.186893
		54.892406	-2.923222
		53.478239	-2.258549
		53.803895	-1.549931
		54.980766	-1.615849
		53.751959	-0.335941
		51.289406	1.075802
		
c	7 10 9 8 5 11 12 14 13 0 1 2 15 6 4 3	2209.02704659381	0.779097295340619	7	10	9	8	5	11	12	14	13	0	1	2	15	6	4	3		
		54.980766	-1.615849
		55.862982	-4.263554
		55.958426	-3.186893
		54.892406	-2.923222
		53.409532	-3.000126
		51.488224	-3.186893
		51.624837	-3.94495
		50.152266	-5.065556
		50.726024	-3.543949
		52.486125	-1.890507
		51.460852	-2.588139
		51.512161	-0.116215
		51.289406	1.075802
		53.751959	-0.335941
		53.478239	-2.258549
		53.803895	-1.549931
		
c	3 6 7 10 9 8 5 12 11 14 13 1 2 15 0 4	2092.38829184183	0.790761170815817	3	6	7	10	9	8	5	12	11	14	13	1	2	15	0	4		
		53.803895	-1.549931
		53.751959	-0.335941
		54.980766	-1.615849
		55.862982	-4.263554
		55.958426	-3.186893
		54.892406	-2.923222
		53.409532	-3.000126
		51.624837	-3.94495
		51.488224	-3.186893
		50.152266	-5.065556
		50.726024	-3.543949
		51.460852	-2.588139
		51.512161	-0.116215
		51.289406	1.075802
		52.486125	-1.890507
		53.478239	-2.258549
		
c	1 11 12 14 13 2 15 4 0 3 6 7 10 9 8 5	2123.71793076762	0.787628206923238	1	11	12	14	13	2	15	4	0	3	6	7	10	9	8	5		
		51.460852	-2.588139
		51.488224	-3.186893
		51.624837	-3.94495
		50.152266	-5.065556
		50.726024	-3.543949
		51.512161	-0.116215
		51.289406	1.075802
		53.478239	-2.258549
		52.486125	-1.890507
		53.803895	-1.549931
		53.751959	-0.335941
		54.980766	-1.615849
		55.862982	-4.263554
		55.958426	-3.186893
		54.892406	-2.923222
		53.409532	-3.000126
		
c	0 11 12 14 13 2 15 6 8 5 1 4 3 7 10 9	2405.38633234566	0.759461366765434	0	11	12	14	13	2	15	6	8	5	1	4	3	7	10	9		
		52.486125	-1.890507
		51.488224	-3.186893
		51.624837	-3.94495
		50.152266	-5.065556
		50.726024	-3.543949
		51.512161	-0.116215
		51.289406	1.075802
		53.751959	-0.335941
		54.892406	-2.923222
		53.409532	-3.000126
		51.460852	-2.588139
		53.478239	-2.258549
		53.803895	-1.549931
		54.980766	-1.615849
		55.862982	-4.263554
		55.958426	-3.186893
		
c	8 5 11 12 14 13 1 2 15 0 7 9 10 6 4 3	2373.19475720791	0.762680524279209	8	5	11	12	14	13	1	2	15	0	7	9	10	6	4	3		
		54.892406	-2.923222
		53.409532	-3.000126
		51.488224	-3.186893
		51.624837	-3.94495
		50.152266	-5.065556
		50.726024	-3.543949
		51.460852	-2.588139
		51.512161	-0.116215
		51.289406	1.075802
		52.486125	-1.890507
		54.980766	-1.615849
		55.958426	-3.186893
		55.862982	-4.263554
		53.751959	-0.335941
		53.478239	-2.258549
		53.803895	-1.549931
		
c	12 14 13 2 15 4 0 3 6 7 11 1 10 9 8 5	2779.31979488276	0.722068020511724	12	14	13	2	15	4	0	3	6	7	11	1	10	9	8	5		
		51.624837	-3.94495
		50.152266	-5.065556
		50.726024	-3.543949
		51.512161	-0.116215
		51.289406	1.075802
		53.478239	-2.258549
		52.486125	-1.890507
		53.803895	-1.549931
		53.751959	-0.335941
		54.980766	-1.615849
		51.488224	-3.186893
		51.460852	-2.588139
		55.862982	-4.263554
		55.958426	-3.186893
		54.892406	-2.923222
		53.409532	-3.000126
		
c	15 0 4 3 6 7 10 9 8 5 12 11 14 13 1 2	2065.1720275549	0.79348279724451	15	0	4	3	6	7	10	9	8	5	12	11	14	13	1	2		
		51.289406	1.075802
		52.486125	-1.890507
		53.478239	-2.258549
		53.803895	-1.549931
		53.751959	-0.335941
		54.980766	-1.615849
		55.862982	-4.263554
		55.958426	-3.186893
		54.892406	-2.923222
		53.409532	-3.000126
		51.624837	-3.94495
		51.488224	-3.186893
		50.152266	-5.065556
		50.726024	-3.543949
		51.460852	-2.588139
		51.512161	-0.116215
		
c	9 10 6 4 3 0 7 8 5 11 12 14 13 1 2 15	2215.34017824438	0.778465982175562	9	10	6	4	3	0	7	8	5	11	12	14	13	1	2	15		
		55.958426	-3.186893
		55.862982	-4.263554
		53.751959	-0.335941
		53.478239	-2.258549
		53.803895	-1.549931
		52.486125	-1.890507
		54.980766	-1.615849
		54.892406	-2.923222
		53.409532	-3.000126
		51.488224	-3.186893
		51.624837	-3.94495
		50.152266	-5.065556
		50.726024	-3.543949
		51.460852	-2.588139
		51.512161	-0.116215
		51.289406	1.075802
		
c	12 14 13 1 2 15 0 6 3 7 11 4 10 9 8 5	2578.46116289108	0.742153883710892	12	14	13	1	2	15	0	6	3	7	11	4	10	9	8	5		
		51.624837	-3.94495
		50.152266	-5.065556
		50.726024	-3.543949
		51.460852	-2.588139
		51.512161	-0.116215
		51.289406	1.075802
		52.486125	-1.890507
		53.751959	-0.335941
		53.803895	-1.549931
		54.980766	-1.615849
		51.488224	-3.186893
		53.478239	-2.258549
		55.862982	-4.263554
		55.958426	-3.186893
		54.892406	-2.923222
		53.409532	-3.000126
		
c	0 4 11 6 5 1 12 14 13 2 15 3 7 10 9 8	2645.18816236233	0.735481183763767	0	4	11	6	5	1	12	14	13	2	15	3	7	10	9	8		
		52.486125	-1.890507
		53.478239	-2.258549
		51.488224	-3.186893
		53.751959	-0.335941
		53.409532	-3.000126
		51.460852	-2.588139
		51.624837	-3.94495
		50.152266	-5.065556
		50.726024	-3.543949
		51.512161	-0.116215
		51.289406	1.075802
		53.803895	-1.549931
		54.980766	-1.615849
		55.862982	-4.263554
		55.958426	-3.186893
		54.892406	-2.923222
		
c	9 8 5 11 12 14 13 1 2 15 0 4 3 6 7 10	2072.01818744312	0.792798181255688	9	8	5	11	12	14	13	1	2	15	0	4	3	6	7	10		
		55.958426	-3.186893
		54.892406	-2.923222
		53.409532	-3.000126
		51.488224	-3.186893
		51.624837	-3.94495
		50.152266	-5.065556
		50.726024	-3.543949
		51.460852	-2.588139
		51.512161	-0.116215
		51.289406	1.075802
		52.486125	-1.890507
		53.478239	-2.258549
		53.803895	-1.549931
		53.751959	-0.335941
		54.980766	-1.615849
		55.862982	-4.263554
		
c	1 12 14 13 2 15 0 4 11 6 3 7 10 9 8 5	2403.73645997509	0.759626354002491	1	12	14	13	2	15	0	4	11	6	3	7	10	9	8	5		
		51.460852	-2.588139
		51.624837	-3.94495
		50.152266	-5.065556
		50.726024	-3.543949
		51.512161	-0.116215
		51.289406	1.075802
		52.486125	-1.890507
		53.478239	-2.258549
		51.488224	-3.186893
		53.751959	-0.335941
		53.803895	-1.549931
		54.980766	-1.615849
		55.862982	-4.263554
		55.958426	-3.186893
		54.892406	-2.923222
		53.409532	-3.000126
		
c	1 2 15 0 11 12 14 13 5 7 8 10 9 4 6 3	2283.23849920012	0.771676150079988	1	2	15	0	11	12	14	13	5	7	8	10	9	4	6	3		
		51.460852	-2.588139
		51.512161	-0.116215
		51.289406	1.075802
		52.486125	-1.890507
		51.488224	-3.186893
		51.624837	-3.94495
		50.152266	-5.065556
		50.726024	-3.543949
		53.409532	-3.000126
		54.980766	-1.615849
		54.892406	-2.923222
		55.862982	-4.263554
		55.958426	-3.186893
		53.478239	-2.258549
		53.751959	-0.335941
		53.803895	-1.549931
		
c	14 0 4 3 6 7 13 2 15 12 11 1 10 9 8 5	2884.23956373172	0.711576043626828	14	0	4	3	6	7	13	2	15	12	11	1	10	9	8	5		
		50.152266	-5.065556
		52.486125	-1.890507
		53.478239	-2.258549
		53.803895	-1.549931
		53.751959	-0.335941
		54.980766	-1.615849
		50.726024	-3.543949
		51.512161	-0.116215
		51.289406	1.075802
		51.624837	-3.94495
		51.488224	-3.186893
		51.460852	-2.588139
		55.862982	-4.263554
		55.958426	-3.186893
		54.892406	-2.923222
		53.409532	-3.000126
		
c	7 10 9 14 13 1 2 15 0 4 12 11 6 8 5 3	2851.21902982947	0.714878097017053	7	10	9	14	13	1	2	15	0	4	12	11	6	8	5	3		
		54.980766	-1.615849
		55.862982	-4.263554
		55.958426	-3.186893
		50.152266	-5.065556
		50.726024	-3.543949
		51.460852	-2.588139
		51.512161	-0.116215
		51.289406	1.075802
		52.486125	-1.890507
		53.478239	-2.258549
		51.624837	-3.94495
		51.488224	-3.186893
		53.751959	-0.335941
		54.892406	-2.923222
		53.409532	-3.000126
		53.803895	-1.549931
		
c	4 6 3 7 10 9 8 5 11 12 13 1 14 0 2 15	2182.00160319598	0.781799839680402	4	6	3	7	10	9	8	5	11	12	13	1	14	0	2	15		
		53.478239	-2.258549
		53.751959	-0.335941
		53.803895	-1.549931
		54.980766	-1.615849
		55.862982	-4.263554
		55.958426	-3.186893
		54.892406	-2.923222
		53.409532	-3.000126
		51.488224	-3.186893
		51.624837	-3.94495
		50.726024	-3.543949
		51.460852	-2.588139
		50.152266	-5.065556
		52.486125	-1.890507
		51.512161	-0.116215
		51.289406	1.075802
		
c	14 13 2 15 4 0 1 11 6 8 7 10 9 3 5 12	2524.76710236579	0.747523289763421	14	13	2	15	4	0	1	11	6	8	7	10	9	3	5	12		
		50.152266	-5.065556
		50.726024	-3.543949
		51.512161	-0.116215
		51.289406	1.075802
		53.478239	-2.258549
		52.486125	-1.890507
		51.460852	-2.588139
		51.488224	-3.186893
		53.751959	-0.335941
		54.892406	-2.923222
		54.980766	-1.615849
		55.862982	-4.263554
		55.958426	-3.186893
		53.803895	-1.549931
		53.409532	-3.000126
		51.624837	-3.94495
		
c	10 4 3 8 5 7 6 9 11 12 14 13 1 2 15 0	2795.93872629501	0.720406127370499	10	4	3	8	5	7	6	9	11	12	14	13	1	2	15	0		
		55.862982	-4.263554
		53.478239	-2.258549
		53.803895	-1.549931
		54.892406	-2.923222
		53.409532	-3.000126
		54.980766	-1.615849
		53.751959	-0.335941
		55.958426	-3.186893
		51.488224	-3.186893
		51.624837	-3.94495
		50.152266	-5.065556
		50.726024	-3.543949
		51.460852	-2.588139
		51.512161	-0.116215
		51.289406	1.075802
		52.486125	-1.890507
		
c	12 10 9 5 14 13 1 4 3 6 7 8 11 0 2 15	2821.59170109941	0.717840829890059	12	10	9	5	14	13	1	4	3	6	7	8	11	0	2	15		
		51.624837	-3.94495
		55.862982	-4.263554
		55.958426	-3.186893
		53.409532	-3.000126
		50.152266	-5.065556
		50.726024	-3.543949
		51.460852	-2.588139
		53.478239	-2.258549
		53.803895	-1.549931
		53.751959	-0.335941
		54.980766	-1.615849
		54.892406	-2.923222
		51.488224	-3.186893
		52.486125	-1.890507
		51.512161	-0.116215
		51.289406	1.075802
		
c	8 5 11 12 14 13 1 9 10 4 3 7 6 0 2 15	2484.06039190976	0.751593960809024	8	5	11	12	14	13	1	9	10	4	3	7	6	0	2	15		
		54.892406	-2.923222
		53.409532	-3.000126
		51.488224	-3.186893
		51.624837	-3.94495
		50.152266	-5.065556
		50.726024	-3.543949
		51.460852	-2.588139
		55.958426	-3.186893
		55.862982	-4.263554
		53.478239	-2.258549
		53.803895	-1.549931
		54.980766	-1.615849
		53.751959	-0.335941
		52.486125	-1.890507
		51.512161	-0.116215
		51.289406	1.075802
		
c	3 6 7 10 9 8 5 11 12 14 13 1 2 15 0 4	2080.84827167085	0.791915172832915	3	6	7	10	9	8	5	11	12	14	13	1	2	15	0	4		
		53.803895	-1.549931
		53.751959	-0.335941
		54.980766	-1.615849
		55.862982	-4.263554
		55.958426	-3.186893
		54.892406	-2.923222
		53.409532	-3.000126
		51.488224	-3.186893
		51.624837	-3.94495
		50.152266	-5.065556
		50.726024	-3.543949
		51.460852	-2.588139
		51.512161	-0.116215
		51.289406	1.075802
		52.486125	-1.890507
		53.478239	-2.258549
		
c	6 7 10 12 14 13 1 2 15 0 4 11 8 9 5 3	2969.00724603492	0.703099275396508	6	7	10	12	14	13	1	2	15	0	4	11	8	9	5	3		
		53.751959	-0.335941
		54.980766	-1.615849
		55.862982	-4.263554
		51.624837	-3.94495
		50.152266	-5.065556
		50.726024	-3.543949
		51.460852	-2.588139
		51.512161	-0.116215
		51.289406	1.075802
		52.486125	-1.890507
		53.478239	-2.258549
		51.488224	-3.186893
		54.892406	-2.923222
		55.958426	-3.186893
		53.409532	-3.000126
		53.803895	-1.549931
		
c	11 14 13 1 3 5 12 6 0 2 15 8 7 9 10 4	2851.23314668752	0.714876685331248	11	14	13	1	3	5	12	6	0	2	15	8	7	9	10	4		
		51.488224	-3.186893
		50.152266	-5.065556
		50.726024	-3.543949
		51.460852	-2.588139
		53.803895	-1.549931
		53.409532	-3.000126
		51.624837	-3.94495
		53.751959	-0.335941
		52.486125	-1.890507
		51.512161	-0.116215
		51.289406	1.075802
		54.892406	-2.923222
		54.980766	-1.615849
		55.958426	-3.186893
		55.862982	-4.263554
		53.478239	-2.258549
		
c	12 14 13 10 9 8 5 11 1 2 15 0 4 6 3 7	2443.34088227509	0.755665911772491	12	14	13	10	9	8	5	11	1	2	15	0	4	6	3	7		
		51.624837	-3.94495
		50.152266	-5.065556
		50.726024	-3.543949
		55.862982	-4.263554
		55.958426	-3.186893
		54.892406	-2.923222
		53.409532	-3.000126
		51.488224	-3.186893
		51.460852	-2.588139
		51.512161	-0.116215
		51.289406	1.075802
		52.486125	-1.890507
		53.478239	-2.258549
		53.751959	-0.335941
		53.803895	-1.549931
		54.980766	-1.615849
		
c	2 15 8 7 3 6 10 9 5 4 12 11 14 13 1 0	2451.12717491573	0.754887282508427	2	15	8	7	3	6	10	9	5	4	12	11	14	13	1	0		
		51.512161	-0.116215
		51.289406	1.075802
		54.892406	-2.923222
		54.980766	-1.615849
		53.803895	-1.549931
		53.751959	-0.335941
		55.862982	-4.263554
		55.958426	-3.186893
		53.409532	-3.000126
		53.478239	-2.258549
		51.624837	-3.94495
		51.488224	-3.186893
		50.152266	-5.065556
		50.726024	-3.543949
		51.460852	-2.588139
		52.486125	-1.890507
		
c	5 11 12 14 13 1 2 15 0 4 3 7 8 10 9 6	2079.66852696514	0.792033147303486	5	11	12	14	13	1	2	15	0	4	3	7	8	10	9	6		
		53.409532	-3.000126
		51.488224	-3.186893
		51.624837	-3.94495
		50.152266	-5.065556
		50.726024	-3.543949
		51.460852	-2.588139
		51.512161	-0.116215
		51.289406	1.075802
		52.486125	-1.890507
		53.478239	-2.258549
		53.803895	-1.549931
		54.980766	-1.615849
		54.892406	-2.923222
		55.862982	-4.263554
		55.958426	-3.186893
		53.751959	-0.335941
		
c	2 15 0 4 3 6 7 10 9 8 5 11 12 14 13 1	1968.70701432711	0.803129298567289	2	15	0	4	3	6	7	10	9	8	5	11	12	14	13	1		
		51.512161	-0.116215
		51.289406	1.075802
		52.486125	-1.890507
		53.478239	-2.258549
		53.803895	-1.549931
		53.751959	-0.335941
		54.980766	-1.615849
		55.862982	-4.263554
		55.958426	-3.186893
		54.892406	-2.923222
		53.409532	-3.000126
		51.488224	-3.186893
		51.624837	-3.94495
		50.152266	-5.065556
		50.726024	-3.543949
		51.460852	-2.588139
		
c	9 8 5 6 3 0 1 11 10 12 14 13 2 15 4 7	2973.69503603315	0.702630496396685	9	8	5	6	3	0	1	11	10	12	14	13	2	15	4	7		
		55.958426	-3.186893
		54.892406	-2.923222
		53.409532	-3.000126
		53.751959	-0.335941
		53.803895	-1.549931
		52.486125	-1.890507
		51.460852	-2.588139
		51.488224	-3.186893
		55.862982	-4.263554
		51.624837	-3.94495
		50.152266	-5.065556
		50.726024	-3.543949
		51.512161	-0.116215
		51.289406	1.075802
		53.478239	-2.258549
		54.980766	-1.615849
		
c	14 13 10 9 8 5 11 1 2 15 0 4 3 6 7 12	2623.21833005746	0.737678166994254	14	13	10	9	8	5	11	1	2	15	0	4	3	6	7	12		
		50.152266	-5.065556
		50.726024	-3.543949
		55.862982	-4.263554
		55.958426	-3.186893
		54.892406	-2.923222
		53.409532	-3.000126
		51.488224	-3.186893
		51.460852	-2.588139
		51.512161	-0.116215
		51.289406	1.075802
		52.486125	-1.890507
		53.478239	-2.258549
		53.803895	-1.549931
		53.751959	-0.335941
		54.980766	-1.615849
		51.624837	-3.94495
		
c	11 12 14 13 2 15 4 0 7 10 9 8 5 6 3 1	2501.73927499042	0.749826072500958	11	12	14	13	2	15	4	0	7	10	9	8	5	6	3	1		
		51.488224	-3.186893
		51.624837	-3.94495
		50.152266	-5.065556
		50.726024	-3.543949
		51.512161	-0.116215
		51.289406	1.075802
		53.478239	-2.258549
		52.486125	-1.890507
		54.980766	-1.615849
		55.862982	-4.263554
		55.958426	-3.186893
		54.892406	-2.923222
		53.409532	-3.000126
		53.751959	-0.335941
		53.803895	-1.549931
		51.460852	-2.588139
		
c	12 14 13 4 7 10 9 8 5 6 3 11 1 2 15 0	2426.1609443164	0.75738390556836	12	14	13	4	7	10	9	8	5	6	3	11	1	2	15	0		
		51.624837	-3.94495
		50.152266	-5.065556
		50.726024	-3.543949
		53.478239	-2.258549
		54.980766	-1.615849
		55.862982	-4.263554
		55.958426	-3.186893
		54.892406	-2.923222
		53.409532	-3.000126
		53.751959	-0.335941
		53.803895	-1.549931
		51.488224	-3.186893
		51.460852	-2.588139
		51.512161	-0.116215
		51.289406	1.075802
		52.486125	-1.890507
		
c	8 5 11 12 14 13 1 0 2 15 6 4 3 7 10 9	2090.67553386355	0.790932446613645	8	5	11	12	14	13	1	0	2	15	6	4	3	7	10	9		
		54.892406	-2.923222
		53.409532	-3.000126
		51.488224	-3.186893
		51.624837	-3.94495
		50.152266	-5.065556
		50.726024	-3.543949
		51.460852	-2.588139
		52.486125	-1.890507
		51.512161	-0.116215
		51.289406	1.075802
		53.751959	-0.335941
		53.478239	-2.258549
		53.803895	-1.549931
		54.980766	-1.615849
		55.862982	-4.263554
		55.958426	-3.186893
		
c	12 14 13 2 6 8 7 9 10 5 4 3 0 1 11 15	2323.90456591477	0.767609543408523	12	14	13	2	6	8	7	9	10	5	4	3	0	1	11	15		
		51.624837	-3.94495
		50.152266	-5.065556
		50.726024	-3.543949
		51.512161	-0.116215
		53.751959	-0.335941
		54.892406	-2.923222
		54.980766	-1.615849
		55.958426	-3.186893
		55.862982	-4.263554
		53.409532	-3.000126
		53.478239	-2.258549
		53.803895	-1.549931
		52.486125	-1.890507
		51.460852	-2.588139
		51.488224	-3.186893
		51.289406	1.075802
		
c	10 9 8 5 11 12 14 13 1 0 4 3 6 7 2 15	2053.76815259565	0.794623184740435	10	9	8	5	11	12	14	13	1	0	4	3	6	7	2	15		
		55.862982	-4.263554
		55.958426	-3.186893
		54.892406	-2.923222
		53.409532	-3.000126
		51.488224	-3.186893
		51.624837	-3.94495
		50.152266	-5.065556
		50.726024	-3.543949
		51.460852	-2.588139
		52.486125	-1.890507
		53.478239	-2.258549
		53.803895	-1.549931
		53.751959	-0.335941
		54.980766	-1.615849
		51.512161	-0.116215
		51.289406	1.075802
		
c	7 0 4 6 3 5 12 1 11 14 13 2 10 9 8 15	2855.16156333977	0.714483843666023	7	0	4	6	3	5	12	1	11	14	13	2	10	9	8	15		
		54.980766	-1.615849
		52.486125	-1.890507
		53.478239	-2.258549
		53.751959	-0.335941
		53.803895	-1.549931
		53.409532	-3.000126
		51.624837	-3.94495
		51.460852	-2.588139
		51.488224	-3.186893
		50.152266	-5.065556
		50.726024	-3.543949
		51.512161	-0.116215
		55.862982	-4.263554
		55.958426	-3.186893
		54.892406	-2.923222
		51.289406	1.075802
		
c	7 10 9 5 14 15 8 11 12 13 1 2 0 4 6 3	3166.15087600425	0.683384912399575	7	10	9	5	14	15	8	11	12	13	1	2	0	4	6	3		
		54.980766	-1.615849
		55.862982	-4.263554
		55.958426	-3.186893
		53.409532	-3.000126
		50.152266	-5.065556
		51.289406	1.075802
		54.892406	-2.923222
		51.488224	-3.186893
		51.624837	-3.94495
		50.726024	-3.543949
		51.460852	-2.588139
		51.512161	-0.116215
		52.486125	-1.890507
		53.478239	-2.258549
		53.751959	-0.335941
		53.803895	-1.549931
		
c	12 14 13 3 5 2 0 4 6 7 15 1 11 10 9 8	3057.45615733622	0.694254384266378	12	14	13	3	5	2	0	4	6	7	15	1	11	10	9	8		
		51.624837	-3.94495
		50.152266	-5.065556
		50.726024	-3.543949
		53.803895	-1.549931
		53.409532	-3.000126
		51.512161	-0.116215
		52.486125	-1.890507
		53.478239	-2.258549
		53.751959	-0.335941
		54.980766	-1.615849
		51.289406	1.075802
		51.460852	-2.588139
		51.488224	-3.186893
		55.862982	-4.263554
		55.958426	-3.186893
		54.892406	-2.923222
		
c	1 2 15 0 4 6 3 7 10 9 8 5 12 11 14 13	2088.40800087882	0.791159199912118	1	2	15	0	4	6	3	7	10	9	8	5	12	11	14	13		
		51.460852	-2.588139
		51.512161	-0.116215
		51.289406	1.075802
		52.486125	-1.890507
		53.478239	-2.258549
		53.751959	-0.335941
		53.803895	-1.549931
		54.980766	-1.615849
		55.862982	-4.263554
		55.958426	-3.186893
		54.892406	-2.923222
		53.409532	-3.000126
		51.624837	-3.94495
		51.488224	-3.186893
		50.152266	-5.065556
		50.726024	-3.543949
		
c	9 8 5 11 1 2 15 12 14 13 0 4 6 7 10 3	2565.44644084621	0.743455355915379	9	8	5	11	1	2	15	12	14	13	0	4	6	7	10	3		
		55.958426	-3.186893
		54.892406	-2.923222
		53.409532	-3.000126
		51.488224	-3.186893
		51.460852	-2.588139
		51.512161	-0.116215
		51.289406	1.075802
		51.624837	-3.94495
		50.152266	-5.065556
		50.726024	-3.543949
		52.486125	-1.890507
		53.478239	-2.258549
		53.751959	-0.335941
		54.980766	-1.615849
		55.862982	-4.263554
		53.803895	-1.549931
		
c	2 6 3 5 12 1 11 14 13 0 4 7 10 9 8 15	2478.78552915868	0.752121447084132	2	6	3	5	12	1	11	14	13	0	4	7	10	9	8	15		
		51.512161	-0.116215
		53.751959	-0.335941
		53.803895	-1.549931
		53.409532	-3.000126
		51.624837	-3.94495
		51.460852	-2.588139
		51.488224	-3.186893
		50.152266	-5.065556
		50.726024	-3.543949
		52.486125	-1.890507
		53.478239	-2.258549
		54.980766	-1.615849
		55.862982	-4.263554
		55.958426	-3.186893
		54.892406	-2.923222
		51.289406	1.075802
		
c	13 2 15 0 4 6 8 12 14 10 9 5 11 1 3 7	3234.36608170176	0.676563391829824	13	2	15	0	4	6	8	12	14	10	9	5	11	1	3	7		
		50.726024	-3.543949
		51.512161	-0.116215
		51.289406	1.075802
		52.486125	-1.890507
		53.478239	-2.258549
		53.751959	-0.335941
		54.892406	-2.923222
		51.624837	-3.94495
		50.152266	-5.065556
		55.862982	-4.263554
		55.958426	-3.186893
		53.409532	-3.000126
		51.488224	-3.186893
		51.460852	-2.588139
		53.803895	-1.549931
		54.980766	-1.615849
		
c	15 0 6 3 7 10 13 1 2 8 9 4 5 11 12 14	2994.0865493869	0.70059134506131	15	0	6	3	7	10	13	1	2	8	9	4	5	11	12	14		
		51.289406	1.075802
		52.486125	-1.890507
		53.751959	-0.335941
		53.803895	-1.549931
		54.980766	-1.615849
		55.862982	-4.263554
		50.726024	-3.543949
		51.460852	-2.588139
		51.512161	-0.116215
		54.892406	-2.923222
		55.958426	-3.186893
		53.478239	-2.258549
		53.409532	-3.000126
		51.488224	-3.186893
		51.624837	-3.94495
		50.152266	-5.065556
		
c	4 0 3 10 8 5 11 9 12 14 13 1 2 15 6 7	3166.09513386402	0.683390486613598	4	0	3	10	8	5	11	9	12	14	13	1	2	15	6	7		
		53.478239	-2.258549
		52.486125	-1.890507
		53.803895	-1.549931
		55.862982	-4.263554
		54.892406	-2.923222
		53.409532	-3.000126
		51.488224	-3.186893
		55.958426	-3.186893
		51.624837	-3.94495
		50.152266	-5.065556
		50.726024	-3.543949
		51.460852	-2.588139
		51.512161	-0.116215
		51.289406	1.075802
		53.751959	-0.335941
		54.980766	-1.615849
		
c	13 2 15 12 1 11 0 7 8 10 9 5 14 4 3 6	2766.07543444141	0.723392456555859	13	2	15	12	1	11	0	7	8	10	9	5	14	4	3	6		
		50.726024	-3.543949
		51.512161	-0.116215
		51.289406	1.075802
		51.624837	-3.94495
		51.460852	-2.588139
		51.488224	-3.186893
		52.486125	-1.890507
		54.980766	-1.615849
		54.892406	-2.923222
		55.862982	-4.263554
		55.958426	-3.186893
		53.409532	-3.000126
		50.152266	-5.065556
		53.478239	-2.258549
		53.803895	-1.549931
		53.751959	-0.335941
		
c	3 6 7 10 9 8 5 11 12 15 0 4 14 13 1 2	2579.75261837588	0.742024738162412	3	6	7	10	9	8	5	11	12	15	0	4	14	13	1	2		
		53.803895	-1.549931
		53.751959	-0.335941
		54.980766	-1.615849
		55.862982	-4.263554
		55.958426	-3.186893
		54.892406	-2.923222
		53.409532	-3.000126
		51.488224	-3.186893
		51.624837	-3.94495
		51.289406	1.075802
		52.486125	-1.890507
		53.478239	-2.258549
		50.152266	-5.065556
		50.726024	-3.543949
		51.460852	-2.588139
		51.512161	-0.116215
		
c	13 4 7 10 9 8 5 6 3 11 1 2 15 12 0 14	2736.4865587985	0.72635134412015	13	4	7	10	9	8	5	6	3	11	1	2	15	12	0	14		
		50.726024	-3.543949
		53.478239	-2.258549
		54.980766	-1.615849
		55.862982	-4.263554
		55.958426	-3.186893
		54.892406	-2.923222
		53.409532	-3.000126
		53.751959	-0.335941
		53.803895	-1.549931
		51.488224	-3.186893
		51.460852	-2.588139
		51.512161	-0.116215
		51.289406	1.075802
		51.624837	-3.94495
		52.486125	-1.890507
		50.152266	-5.065556
		
c	3 7 0 10 9 8 5 4 12 6 11 14 13 1 2 15	2795.67751061572	0.720432248938428	3	7	0	10	9	8	5	4	12	6	11	14	13	1	2	15		
		53.803895	-1.549931
		54.980766	-1.615849
		52.486125	-1.890507
		55.862982	-4.263554
		55.958426	-3.186893
		54.892406	-2.923222
		53.409532	-3.000126
		53.478239	-2.258549
		51.624837	-3.94495
		53.751959	-0.335941
		51.488224	-3.186893
		50.152266	-5.065556
		50.726024	-3.543949
		51.460852	-2.588139
		51.512161	-0.116215
		51.289406	1.075802
		
c	1 0 5 14 13 2 10 9 8 4 3 7 6 12 11 15	2965.54031954976	0.703445968045024	1	0	5	14	13	2	10	9	8	4	3	7	6	12	11	15		
		51.460852	-2.588139
		52.486125	-1.890507
		53.409532	-3.000126
		50.152266	-5.065556
		50.726024	-3.543949
		51.512161	-0.116215
		55.862982	-4.263554
		55.958426	-3.186893
		54.892406	-2.923222
		53.478239	-2.258549
		53.803895	-1.549931
		54.980766	-1.615849
		53.751959	-0.335941
		51.624837	-3.94495
		51.488224	-3.186893
		51.289406	1.075802
		
c	12 13 1 14 0 4 3 6 7 10 9 8 5 11 2 15	2247.87653304219	0.775212346695781	12	13	1	14	0	4	3	6	7	10	9	8	5	11	2	15		
		51.624837	-3.94495
		50.726024	-3.543949
		51.460852	-2.588139
		50.152266	-5.065556
		52.486125	-1.890507
		53.478239	-2.258549
		53.803895	-1.549931
		53.751959	-0.335941
		54.980766	-1.615849
		55.862982	-4.263554
		55.958426	-3.186893
		54.892406	-2.923222
		53.409532	-3.000126
		51.488224	-3.186893
		51.512161	-0.116215
		51.289406	1.075802
		
c	12 11 14 13 1 0 4 3 6 8 7 10 9 5 2 15	2073.28614508745	0.792671385491255	12	11	14	13	1	0	4	3	6	8	7	10	9	5	2	15		
		51.624837	-3.94495
		51.488224	-3.186893
		50.152266	-5.065556
		50.726024	-3.543949
		51.460852	-2.588139
		52.486125	-1.890507
		53.478239	-2.258549
		53.803895	-1.549931
		53.751959	-0.335941
		54.892406	-2.923222
		54.980766	-1.615849
		55.862982	-4.263554
		55.958426	-3.186893
		53.409532	-3.000126
		51.512161	-0.116215
		51.289406	1.075802
		
c	5 12 4 11 14 13 1 2 15 0 6 3 7 10 9 8	2371.32325299396	0.762867674700604	5	12	4	11	14	13	1	2	15	0	6	3	7	10	9	8		
		53.409532	-3.000126
		51.624837	-3.94495
		53.478239	-2.258549
		51.488224	-3.186893
		50.152266	-5.065556
		50.726024	-3.543949
		51.460852	-2.588139
		51.512161	-0.116215
		51.289406	1.075802
		52.486125	-1.890507
		53.751959	-0.335941
		53.803895	-1.549931
		54.980766	-1.615849
		55.862982	-4.263554
		55.958426	-3.186893
		54.892406	-2.923222
		
c	9 10 6 4 3 5 11 12 14 13 1 2 15 0 7 8	2250.52143663666	0.774947856336334	9	10	6	4	3	5	11	12	14	13	1	2	15	0	7	8		
		55.958426	-3.186893
		55.862982	-4.263554
		53.751959	-0.335941
		53.478239	-2.258549
		53.803895	-1.549931
		53.409532	-3.000126
		51.488224	-3.186893
		51.624837	-3.94495
		50.152266	-5.065556
		50.726024	-3.543949
		51.460852	-2.588139
		51.512161	-0.116215
		51.289406	1.075802
		52.486125	-1.890507
		54.980766	-1.615849
		54.892406	-2.923222
		
c	2 15 1 0 4 6 3 7 10 9 8 5 12 11 14 13	2052.59697942023	0.794740302057977	2	15	1	0	4	6	3	7	10	9	8	5	12	11	14	13		
		51.512161	-0.116215
		51.289406	1.075802
		51.460852	-2.588139
		52.486125	-1.890507
		53.478239	-2.258549
		53.751959	-0.335941
		53.803895	-1.549931
		54.980766	-1.615849
		55.862982	-4.263554
		55.958426	-3.186893
		54.892406	-2.923222
		53.409532	-3.000126
		51.624837	-3.94495
		51.488224	-3.186893
		50.152266	-5.065556
		50.726024	-3.543949
		
c	2 15 0 6 3 4 8 10 9 5 7 1 11 12 14 13	2291.54193690551	0.770845806309449	2	15	0	6	3	4	8	10	9	5	7	1	11	12	14	13		
		51.512161	-0.116215
		51.289406	1.075802
		52.486125	-1.890507
		53.751959	-0.335941
		53.803895	-1.549931
		53.478239	-2.258549
		54.892406	-2.923222
		55.862982	-4.263554
		55.958426	-3.186893
		53.409532	-3.000126
		54.980766	-1.615849
		51.460852	-2.588139
		51.488224	-3.186893
		51.624837	-3.94495
		50.152266	-5.065556
		50.726024	-3.543949
		
c	14 8 4 7 10 9 13 5 6 3 0 1 11 12 2 15	3005.70931429296	0.699429068570704	14	8	4	7	10	9	13	5	6	3	0	1	11	12	2	15		
		50.152266	-5.065556
		54.892406	-2.923222
		53.478239	-2.258549
		54.980766	-1.615849
		55.862982	-4.263554
		55.958426	-3.186893
		50.726024	-3.543949
		53.409532	-3.000126
		53.751959	-0.335941
		53.803895	-1.549931
		52.486125	-1.890507
		51.460852	-2.588139
		51.488224	-3.186893
		51.624837	-3.94495
		51.512161	-0.116215
		51.289406	1.075802
		
c	1 11 12 14 13 2 6 3 5 0 4 7 10 9 8 15	2367.08704446756	0.763291295553244	1	11	12	14	13	2	6	3	5	0	4	7	10	9	8	15		
		51.460852	-2.588139
		51.488224	-3.186893
		51.624837	-3.94495
		50.152266	-5.065556
		50.726024	-3.543949
		51.512161	-0.116215
		53.751959	-0.335941
		53.803895	-1.549931
		53.409532	-3.000126
		52.486125	-1.890507
		53.478239	-2.258549
		54.980766	-1.615849
		55.862982	-4.263554
		55.958426	-3.186893
		54.892406	-2.923222
		51.289406	1.075802
		
c	1 2 15 0 6 3 7 12 14 13 9 4 10 8 5 11	3272.69590418961	0.672730409581039	1	2	15	0	6	3	7	12	14	13	9	4	10	8	5	11		
		51.460852	-2.588139
		51.512161	-0.116215
		51.289406	1.075802
		52.486125	-1.890507
		53.751959	-0.335941
		53.803895	-1.549931
		54.980766	-1.615849
		51.624837	-3.94495
		50.152266	-5.065556
		50.726024	-3.543949
		55.958426	-3.186893
		53.478239	-2.258549
		55.862982	-4.263554
		54.892406	-2.923222
		53.409532	-3.000126
		51.488224	-3.186893
		
c	11 14 13 0 4 7 8 9 10 6 5 1 12 2 15 3	2627.90830618021	0.737209169381979	11	14	13	0	4	7	8	9	10	6	5	1	12	2	15	3		
		51.488224	-3.186893
		50.152266	-5.065556
		50.726024	-3.543949
		52.486125	-1.890507
		53.478239	-2.258549
		54.980766	-1.615849
		54.892406	-2.923222
		55.958426	-3.186893
		55.862982	-4.263554
		53.751959	-0.335941
		53.409532	-3.000126
		51.460852	-2.588139
		51.624837	-3.94495
		51.512161	-0.116215
		51.289406	1.075802
		53.803895	-1.549931
		
c	5 11 12 14 13 1 2 15 4 3 8 7 10 0 6 9	2644.45194381764	0.735554805618236	5	11	12	14	13	1	2	15	4	3	8	7	10	0	6	9		
		53.409532	-3.000126
		51.488224	-3.186893
		51.624837	-3.94495
		50.152266	-5.065556
		50.726024	-3.543949
		51.460852	-2.588139
		51.512161	-0.116215
		51.289406	1.075802
		53.478239	-2.258549
		53.803895	-1.549931
		54.892406	-2.923222
		54.980766	-1.615849
		55.862982	-4.263554
		52.486125	-1.890507
		53.751959	-0.335941
		55.958426	-3.186893
		
c	9 10 4 3 8 5 7 6 0 1 11 12 14 13 2 15	2135.88666162244	0.786411333837756	9	10	4	3	8	5	7	6	0	1	11	12	14	13	2	15		
		55.958426	-3.186893
		55.862982	-4.263554
		53.478239	-2.258549
		53.803895	-1.549931
		54.892406	-2.923222
		53.409532	-3.000126
		54.980766	-1.615849
		53.751959	-0.335941
		52.486125	-1.890507
		51.460852	-2.588139
		51.488224	-3.186893
		51.624837	-3.94495
		50.152266	-5.065556
		50.726024	-3.543949
		51.512161	-0.116215
		51.289406	1.075802
		
c	9 8 10 5 1 11 12 14 13 2 15 4 0 3 6 7	2337.38784939506	0.766261215060494	9	8	10	5	1	11	12	14	13	2	15	4	0	3	6	7		
		55.958426	-3.186893
		54.892406	-2.923222
		55.862982	-4.263554
		53.409532	-3.000126
		51.460852	-2.588139
		51.488224	-3.186893
		51.624837	-3.94495
		50.152266	-5.065556
		50.726024	-3.543949
		51.512161	-0.116215
		51.289406	1.075802
		53.478239	-2.258549
		52.486125	-1.890507
		53.803895	-1.549931
		53.751959	-0.335941
		54.980766	-1.615849
		
c	0 4 5 6 8 7 10 9 3 14 13 1 2 15 11 12	2471.54308919687	0.752845691080313	0	4	5	6	8	7	10	9	3	14	13	1	2	15	11	12		
		52.486125	-1.890507
		53.478239	-2.258549
		53.409532	-3.000126
		53.751959	-0.335941
		54.892406	-2.923222
		54.980766	-1.615849
		55.862982	-4.263554
		55.958426	-3.186893
		53.803895	-1.549931
		50.152266	-5.065556
		50.726024	-3.543949
		51.460852	-2.588139
		51.512161	-0.116215
		51.289406	1.075802
		51.488224	-3.186893
		51.624837	-3.94495
		
c	8 7 9 10 6 5 1 11 12 14 13 2 15 0 4 3	2200.87758874605	0.779912241125395	8	7	9	10	6	5	1	11	12	14	13	2	15	0	4	3		
		54.892406	-2.923222
		54.980766	-1.615849
		55.958426	-3.186893
		55.862982	-4.263554
		53.751959	-0.335941
		53.409532	-3.000126
		51.460852	-2.588139
		51.488224	-3.186893
		51.624837	-3.94495
		50.152266	-5.065556
		50.726024	-3.543949
		51.512161	-0.116215
		51.289406	1.075802
		52.486125	-1.890507
		53.478239	-2.258549
		53.803895	-1.549931
		
g38		1896.77204691273	0.810322795308727	0	0	4	3	6	7	10	9	8	5	11	12	14	13	1	2	15		
		52.486125	-1.890507
		53.478239	-2.258549
		53.803895	-1.549931
		53.751959	-0.335941
		54.980766	-1.615849
		55.862982	-4.263554
		55.958426	-3.186893
		54.892406	-2.923222
		53.409532	-3.000126
		51.488224	-3.186893
		51.624837	-3.94495
		50.152266	-5.065556
		50.726024	-3.543949
		51.460852	-2.588139
		51.512161	-0.116215
		51.289406	1.075802
		
g38		1910.37302383395	0.808962697616605	1	4	3	6	7	10	9	8	5	12	11	14	13	1	0	2	15		
		53.478239	-2.258549
		53.803895	-1.549931
		53.751959	-0.335941
		54.980766	-1.615849
		55.862982	-4.263554
		55.958426	-3.186893
		54.892406	-2.923222
		53.409532	-3.000126
		51.624837	-3.94495
		51.488224	-3.186893
		50.152266	-5.065556
		50.726024	-3.543949
		51.460852	-2.588139
		52.486125	-1.890507
		51.512161	-0.116215
		51.289406	1.075802
		
g38		1925.93821542808	0.807406178457192	2	11	12	14	13	1	2	15	0	4	3	6	7	10	9	8	5		
		51.488224	-3.186893
		51.624837	-3.94495
		50.152266	-5.065556
		50.726024	-3.543949
		51.460852	-2.588139
		51.512161	-0.116215
		51.289406	1.075802
		52.486125	-1.890507
		53.478239	-2.258549
		53.803895	-1.549931
		53.751959	-0.335941
		54.980766	-1.615849
		55.862982	-4.263554
		55.958426	-3.186893
		54.892406	-2.923222
		53.409532	-3.000126
		
g38		1927.99718755887	0.807200281244113	3	3	6	7	10	9	8	5	4	12	11	14	13	1	0	2	15		
		53.803895	-1.549931
		53.751959	-0.335941
		54.980766	-1.615849
		55.862982	-4.263554
		55.958426	-3.186893
		54.892406	-2.923222
		53.409532	-3.000126
		53.478239	-2.258549
		51.624837	-3.94495
		51.488224	-3.186893
		50.152266	-5.065556
		50.726024	-3.543949
		51.460852	-2.588139
		52.486125	-1.890507
		51.512161	-0.116215
		51.289406	1.075802
		
g38		1938.21213631338	0.806178786368662	4	12	14	13	11	1	2	15	0	4	6	3	7	10	9	8	5		
		51.624837	-3.94495
		50.152266	-5.065556
		50.726024	-3.543949
		51.488224	-3.186893
		51.460852	-2.588139
		51.512161	-0.116215
		51.289406	1.075802
		52.486125	-1.890507
		53.478239	-2.258549
		53.751959	-0.335941
		53.803895	-1.549931
		54.980766	-1.615849
		55.862982	-4.263554
		55.958426	-3.186893
		54.892406	-2.923222
		53.409532	-3.000126
		
g38		1939.19393282181	0.806080606717819	5	0	4	6	3	7	10	9	8	5	11	12	14	13	1	2	15		
		52.486125	-1.890507
		53.478239	-2.258549
		53.751959	-0.335941
		53.803895	-1.549931
		54.980766	-1.615849
		55.862982	-4.263554
		55.958426	-3.186893
		54.892406	-2.923222
		53.409532	-3.000126
		51.488224	-3.186893
		51.624837	-3.94495
		50.152266	-5.065556
		50.726024	-3.543949
		51.460852	-2.588139
		51.512161	-0.116215
		51.289406	1.075802
		
