c	1 11 12 14 10 9 7 8 6 3 4 5 0 13 2 15	2307.51789590105	0.769248210409895	1	11	12	14	10	9	7	8	6	3	4	5	0	13	2	15		
		51.460852	-2.588139
		51.488224	-3.186893
		51.624837	-3.94495
		50.152266	-5.065556
		55.862982	-4.263554
		55.958426	-3.186893
		54.980766	-1.615849
		54.892406	-2.923222
		53.751959	-0.335941
		53.803895	-1.549931
		53.478239	-2.258549
		53.409532	-3.000126
		52.486125	-1.890507
		50.726024	-3.543949
		51.512161	-0.116215
		51.289406	1.075802
		
c	7 9 10 8 6 0 3 4 5 11 12 14 13 1 2 15	1932.88387574434	0.806711612425566	7	9	10	8	6	0	3	4	5	11	12	14	13	1	2	15		
		54.980766	-1.615849
		55.958426	-3.186893
		55.862982	-4.263554
		54.892406	-2.923222
		53.751959	-0.335941
		52.486125	-1.890507
		53.803895	-1.549931
		53.478239	-2.258549
		53.409532	-3.000126
		51.488224	-3.186893
		51.624837	-3.94495
		50.152266	-5.065556
		50.726024	-3.543949
		51.460852	-2.588139
		51.512161	-0.116215
		51.289406	1.075802
		
c	10 5 0 1 11 12 14 9 8 7 3 6 4 13 2 15	2674.93102571889	0.732506897428111	10	5	0	1	11	12	14	9	8	7	3	6	4	13	2	15		
		55.862982	-4.263554
		53.409532	-3.000126
		52.486125	-1.890507
		51.460852	-2.588139
		51.488224	-3.186893
		51.624837	-3.94495
		50.152266	-5.065556
		55.958426	-3.186893
		54.892406	-2.923222
		54.980766	-1.615849
		53.803895	-1.549931
		53.751959	-0.335941
		53.478239	-2.258549
		50.726024	-3.543949
		51.512161	-0.116215
		51.289406	1.075802
		
c	3 5 0 11 12 14 13 1 2 7 9 10 8 4 6 15	2346.27803171985	0.765372196828015	3	5	0	11	12	14	13	1	2	7	9	10	8	4	6	15		
		53.803895	-1.549931
		53.409532	-3.000126
		52.486125	-1.890507
		51.488224	-3.186893
		51.624837	-3.94495
		50.152266	-5.065556
		50.726024	-3.543949
		51.460852	-2.588139
		51.512161	-0.116215
		54.980766	-1.615849
		55.958426	-3.186893
		55.862982	-4.263554
		54.892406	-2.923222
		53.478239	-2.258549
		53.751959	-0.335941
		51.289406	1.075802
		
c	4 3 7 9 10 5 0 1 11 8 6 12 14 13 2 15	2557.92516180132	0.744207483819868	4	3	7	9	10	5	0	1	11	8	6	12	14	13	2	15		
		53.478239	-2.258549
		53.803895	-1.549931
		54.980766	-1.615849
		55.958426	-3.186893
		55.862982	-4.263554
		53.409532	-3.000126
		52.486125	-1.890507
		51.460852	-2.588139
		51.488224	-3.186893
		54.892406	-2.923222
		53.751959	-0.335941
		51.624837	-3.94495
		50.152266	-5.065556
		50.726024	-3.543949
		51.512161	-0.116215
		51.289406	1.075802
		
c	12 14 13 9 10 8 7 3 6 4 5 0 11 1 2 15	2137.37985952921	0.786262014047079	12	14	13	9	10	8	7	3	6	4	5	0	11	1	2	15		
		51.624837	-3.94495
		50.152266	-5.065556
		50.726024	-3.543949
		55.958426	-3.186893
		55.862982	-4.263554
		54.892406	-2.923222
		54.980766	-1.615849
		53.803895	-1.549931
		53.751959	-0.335941
		53.478239	-2.258549
		53.409532	-3.000126
		52.486125	-1.890507
		51.488224	-3.186893
		51.460852	-2.588139
		51.512161	-0.116215
		51.289406	1.075802
		
c	5 0 1 11 12 14 13 2 10 9 8 7 3 6 4 15	2408.69166303262	0.759130833696738	5	0	1	11	12	14	13	2	10	9	8	7	3	6	4	15		
		53.409532	-3.000126
		52.486125	-1.890507
		51.460852	-2.588139
		51.488224	-3.186893
		51.624837	-3.94495
		50.152266	-5.065556
		50.726024	-3.543949
		51.512161	-0.116215
		55.862982	-4.263554
		55.958426	-3.186893
		54.892406	-2.923222
		54.980766	-1.615849
		53.803895	-1.549931
		53.751959	-0.335941
		53.478239	-2.258549
		51.289406	1.075802
		
c	14 13 1 7 8 10 9 5 3 6 4 0 11 12 2 15	2176.85617106538	0.782314382893462	14	13	1	7	8	10	9	5	3	6	4	0	11	12	2	15		
		50.152266	-5.065556
		50.726024	-3.543949
		51.460852	-2.588139
		54.980766	-1.615849
		54.892406	-2.923222
		55.862982	-4.263554
		55.958426	-3.186893
		53.409532	-3.000126
		53.803895	-1.549931
		53.751959	-0.335941
		53.478239	-2.258549
		52.486125	-1.890507
		51.488224	-3.186893
		51.624837	-3.94495
		51.512161	-0.116215
		51.289406	1.075802
		
c	0 1 11 12 14 13 2 3 6 7 9 10 5 8 4 15	2453.59289067405	0.754640710932595	0	1	11	12	14	13	2	3	6	7	9	10	5	8	4	15		
		52.486125	-1.890507
		51.460852	-2.588139
		51.488224	-3.186893
		51.624837	-3.94495
		50.152266	-5.065556
		50.726024	-3.543949
		51.512161	-0.116215
		53.803895	-1.549931
		53.751959	-0.335941
		54.980766	-1.615849
		55.958426	-3.186893
		55.862982	-4.263554
		53.409532	-3.000126
		54.892406	-2.923222
		53.478239	-2.258549
		51.289406	1.075802
		
c	3 4 5 11 12 14 10 9 8 7 6 13 0 1 2 15	2636.62860005428	0.736337139994572	3	4	5	11	12	14	10	9	8	7	6	13	0	1	2	15		
		53.803895	-1.549931
		53.478239	-2.258549
		53.409532	-3.000126
		51.488224	-3.186893
		51.624837	-3.94495
		50.152266	-5.065556
		55.862982	-4.263554
		55.958426	-3.186893
		54.892406	-2.923222
		54.980766	-1.615849
		53.751959	-0.335941
		50.726024	-3.543949
		52.486125	-1.890507
		51.460852	-2.588139
		51.512161	-0.116215
		51.289406	1.075802
		
c	0 1 12 11 14 13 3 7 9 10 8 6 4 2 5 15	2702.96017703448	0.729703982296552	0	1	12	11	14	13	3	7	9	10	8	6	4	2	5	15		
		52.486125	-1.890507
		51.460852	-2.588139
		51.624837	-3.94495
		51.488224	-3.186893
		50.152266	-5.065556
		50.726024	-3.543949
		53.803895	-1.549931
		54.980766	-1.615849
		55.958426	-3.186893
		55.862982	-4.263554
		54.892406	-2.923222
		53.751959	-0.335941
		53.478239	-2.258549
		51.512161	-0.116215
		53.409532	-3.000126
		51.289406	1.075802
		
c	3 7 1 14 12 13 2 4 5 0 10 9 8 6 11 15	3150.6404883217	0.68493595116783	3	7	1	14	12	13	2	4	5	0	10	9	8	6	11	15		
		53.803895	-1.549931
		54.980766	-1.615849
		51.460852	-2.588139
		50.152266	-5.065556
		51.624837	-3.94495
		50.726024	-3.543949
		51.512161	-0.116215
		53.478239	-2.258549
		53.409532	-3.000126
		52.486125	-1.890507
		55.862982	-4.263554
		55.958426	-3.186893
		54.892406	-2.923222
		53.751959	-0.335941
		51.488224	-3.186893
		51.289406	1.075802
		
c	5 4 2 6 8 10 9 7 3 0 11 12 14 13 1 15	2267.20414425231	0.773279585574769	5	4	2	6	8	10	9	7	3	0	11	12	14	13	1	15		
		53.409532	-3.000126
		53.478239	-2.258549
		51.512161	-0.116215
		53.751959	-0.335941
		54.892406	-2.923222
		55.862982	-4.263554
		55.958426	-3.186893
		54.980766	-1.615849
		53.803895	-1.549931
		52.486125	-1.890507
		51.488224	-3.186893
		51.624837	-3.94495
		50.152266	-5.065556
		50.726024	-3.543949
		51.460852	-2.588139
		51.289406	1.075802
		
c	8 7 6 3 9 10 4 5 0 11 12 1 14 13 2 15	2109.89263686354	0.789010736313646	8	7	6	3	9	10	4	5	0	11	12	1	14	13	2	15		
		54.892406	-2.923222
		54.980766	-1.615849
		53.751959	-0.335941
		53.803895	-1.549931
		55.958426	-3.186893
		55.862982	-4.263554
		53.478239	-2.258549
		53.409532	-3.000126
		52.486125	-1.890507
		51.488224	-3.186893
		51.624837	-3.94495
		51.460852	-2.588139
		50.152266	-5.065556
		50.726024	-3.543949
		51.512161	-0.116215
		51.289406	1.075802
		
c	0 1 11 12 14 13 4 5 10 9 8 7 3 6 2 15	1997.7798390242	0.80022201609758	0	1	11	12	14	13	4	5	10	9	8	7	3	6	2	15		
		52.486125	-1.890507
		51.460852	-2.588139
		51.488224	-3.186893
		51.624837	-3.94495
		50.152266	-5.065556
		50.726024	-3.543949
		53.478239	-2.258549
		53.409532	-3.000126
		55.862982	-4.263554
		55.958426	-3.186893
		54.892406	-2.923222
		54.980766	-1.615849
		53.803895	-1.549931
		53.751959	-0.335941
		51.512161	-0.116215
		51.289406	1.075802
		
c	7 3 6 4 5 11 9 10 8 0 1 12 2 13 14 15	2897.57000726942	0.710242999273058	7	3	6	4	5	11	9	10	8	0	1	12	2	13	14	15		
		54.980766	-1.615849
		53.803895	-1.549931
		53.751959	-0.335941
		53.478239	-2.258549
		53.409532	-3.000126
		51.488224	-3.186893
		55.958426	-3.186893
		55.862982	-4.263554
		54.892406	-2.923222
		52.486125	-1.890507
		51.460852	-2.588139
		51.624837	-3.94495
		51.512161	-0.116215
		50.726024	-3.543949
		50.152266	-5.065556
		51.289406	1.075802
		
c	5 0 1 12 11 3 6 7 14 8 10 9 4 13 2 15	3198.85112252156	0.680114887747844	5	0	1	12	11	3	6	7	14	8	10	9	4	13	2	15		
		53.409532	-3.000126
		52.486125	-1.890507
		51.460852	-2.588139
		51.624837	-3.94495
		51.488224	-3.186893
		53.803895	-1.549931
		53.751959	-0.335941
		54.980766	-1.615849
		50.152266	-5.065556
		54.892406	-2.923222
		55.862982	-4.263554
		55.958426	-3.186893
		53.478239	-2.258549
		50.726024	-3.543949
		51.512161	-0.116215
		51.289406	1.075802
		
c	6 7 5 4 0 1 9 10 8 3 11 12 14 13 2 15	2482.29199803554	0.751770800196446	6	7	5	4	0	1	9	10	8	3	11	12	14	13	2	15		
		53.751959	-0.335941
		54.980766	-1.615849
		53.409532	-3.000126
		53.478239	-2.258549
		52.486125	-1.890507
		51.460852	-2.588139
		55.958426	-3.186893
		55.862982	-4.263554
		54.892406	-2.923222
		53.803895	-1.549931
		51.488224	-3.186893
		51.624837	-3.94495
		50.152266	-5.065556
		50.726024	-3.543949
		51.512161	-0.116215
		51.289406	1.075802
		
c	12 14 8 10 9 3 7 6 4 5 0 1 11 13 2 15	2386.92820815106	0.761307179184894	12	14	8	10	9	3	7	6	4	5	0	1	11	13	2	15		
		51.624837	-3.94495
		50.152266	-5.065556
		54.892406	-2.923222
		55.862982	-4.263554
		55.958426	-3.186893
		53.803895	-1.549931
		54.980766	-1.615849
		53.751959	-0.335941
		53.478239	-2.258549
		53.409532	-3.000126
		52.486125	-1.890507
		51.460852	-2.588139
		51.488224	-3.186893
		50.726024	-3.543949
		51.512161	-0.116215
		51.289406	1.075802
		
c	6 4 5 0 12 14 13 2 7 9 10 8 3 1 11 15	2547.10012623012	0.745289987376988	6	4	5	0	12	14	13	2	7	9	10	8	3	1	11	15		
		53.751959	-0.335941
		53.478239	-2.258549
		53.409532	-3.000126
		52.486125	-1.890507
		51.624837	-3.94495
		50.152266	-5.065556
		50.726024	-3.543949
		51.512161	-0.116215
		54.980766	-1.615849
		55.958426	-3.186893
		55.862982	-4.263554
		54.892406	-2.923222
		53.803895	-1.549931
		51.460852	-2.588139
		51.488224	-3.186893
		51.289406	1.075802
		
c	9 7 10 8 6 4 5 0 1 12 11 14 13 3 2 15	2319.80671475252	0.768019328524748	9	7	10	8	6	4	5	0	1	12	11	14	13	3	2	15		
		55.958426	-3.186893
		54.980766	-1.615849
		55.862982	-4.263554
		54.892406	-2.923222
		53.751959	-0.335941
		53.478239	-2.258549
		53.409532	-3.000126
		52.486125	-1.890507
		51.460852	-2.588139
		51.624837	-3.94495
		51.488224	-3.186893
		50.152266	-5.065556
		50.726024	-3.543949
		53.803895	-1.549931
		51.512161	-0.116215
		51.289406	1.075802
		
c	1 11 12 13 2 0 4 3 6 7 9 10 8 5 14 15	2385.70019352038	0.761429980647962	1	11	12	13	2	0	4	3	6	7	9	10	8	5	14	15		
		51.460852	-2.588139
		51.488224	-3.186893
		51.624837	-3.94495
		50.726024	-3.543949
		51.512161	-0.116215
		52.486125	-1.890507
		53.478239	-2.258549
		53.803895	-1.549931
		53.751959	-0.335941
		54.980766	-1.615849
		55.958426	-3.186893
		55.862982	-4.263554
		54.892406	-2.923222
		53.409532	-3.000126
		50.152266	-5.065556
		51.289406	1.075802
		
c	4 10 3 6 7 9 8 5 0 1 11 12 14 13 2 15	2248.10376024598	0.775189623975402	4	10	3	6	7	9	8	5	0	1	11	12	14	13	2	15		
		53.478239	-2.258549
		55.862982	-4.263554
		53.803895	-1.549931
		53.751959	-0.335941
		54.980766	-1.615849
		55.958426	-3.186893
		54.892406	-2.923222
		53.409532	-3.000126
		52.486125	-1.890507
		51.460852	-2.588139
		51.488224	-3.186893
		51.624837	-3.94495
		50.152266	-5.065556
		50.726024	-3.543949
		51.512161	-0.116215
		51.289406	1.075802
		
c	12 14 13 10 9 8 7 3 6 4 5 0 1 11 2 15	2133.62613931381	0.786637386068619	12	14	13	10	9	8	7	3	6	4	5	0	1	11	2	15		
		51.624837	-3.94495
		50.152266	-5.065556
		50.726024	-3.543949
		55.862982	-4.263554
		55.958426	-3.186893
		54.892406	-2.923222
		54.980766	-1.615849
		53.803895	-1.549931
		53.751959	-0.335941
		53.478239	-2.258549
		53.409532	-3.000126
		52.486125	-1.890507
		51.460852	-2.588139
		51.488224	-3.186893
		51.512161	-0.116215
		51.289406	1.075802
		
c	3 4 5 0 1 11 12 14 13 2 6 7 9 10 8 15	2259.64065915611	0.774035934084389	3	4	5	0	1	11	12	14	13	2	6	7	9	10	8	15		
		53.803895	-1.549931
		53.478239	-2.258549
		53.409532	-3.000126
		52.486125	-1.890507
		51.460852	-2.588139
		51.488224	-3.186893
		51.624837	-3.94495
		50.152266	-5.065556
		50.726024	-3.543949
		51.512161	-0.116215
		53.751959	-0.335941
		54.980766	-1.615849
		55.958426	-3.186893
		55.862982	-4.263554
		54.892406	-2.923222
		51.289406	1.075802
		
c	7 6 3 4 5 0 1 11 12 14 13 10 9 8 2 15	2268.84073114166	0.773115926885834	7	6	3	4	5	0	1	11	12	14	13	10	9	8	2	15		
		54.980766	-1.615849
		53.751959	-0.335941
		53.803895	-1.549931
		53.478239	-2.258549
		53.409532	-3.000126
		52.486125	-1.890507
		51.460852	-2.588139
		51.488224	-3.186893
		51.624837	-3.94495
		50.152266	-5.065556
		50.726024	-3.543949
		55.862982	-4.263554
		55.958426	-3.186893
		54.892406	-2.923222
		51.512161	-0.116215
		51.289406	1.075802
		
c	7 9 8 10 6 4 5 0 11 3 12 14 13 1 2 15	2438.10591051356	0.756189408948644	7	9	8	10	6	4	5	0	11	3	12	14	13	1	2	15		
		54.980766	-1.615849
		55.958426	-3.186893
		54.892406	-2.923222
		55.862982	-4.263554
		53.751959	-0.335941
		53.478239	-2.258549
		53.409532	-3.000126
		52.486125	-1.890507
		51.488224	-3.186893
		53.803895	-1.549931
		51.624837	-3.94495
		50.152266	-5.065556
		50.726024	-3.543949
		51.460852	-2.588139
		51.512161	-0.116215
		51.289406	1.075802
		
c	8 6 3 4 7 9 10 5 0 1 11 12 14 13 2 15	2015.60842006084	0.798439157993916	8	6	3	4	7	9	10	5	0	1	11	12	14	13	2	15		
		54.892406	-2.923222
		53.751959	-0.335941
		53.803895	-1.549931
		53.478239	-2.258549
		54.980766	-1.615849
		55.958426	-3.186893
		55.862982	-4.263554
		53.409532	-3.000126
		52.486125	-1.890507
		51.460852	-2.588139
		51.488224	-3.186893
		51.624837	-3.94495
		50.152266	-5.065556
		50.726024	-3.543949
		51.512161	-0.116215
		51.289406	1.075802
		
c	4 5 0 1 11 12 14 13 2 3 6 7 9 10 8 15	2303.56239916836	0.769643760083164	4	5	0	1	11	12	14	13	2	3	6	7	9	10	8	15		
		53.478239	-2.258549
		53.409532	-3.000126
		52.486125	-1.890507
		51.460852	-2.588139
		51.488224	-3.186893
		51.624837	-3.94495
		50.152266	-5.065556
		50.726024	-3.543949
		51.512161	-0.116215
		53.803895	-1.549931
		53.751959	-0.335941
		54.980766	-1.615849
		55.958426	-3.186893
		55.862982	-4.263554
		54.892406	-2.923222
		51.289406	1.075802
		
c	1 2 8 10 9 7 3 6 4 5 0 11 12 14 13 15	2293.5940285978	0.77064059714022	1	2	8	10	9	7	3	6	4	5	0	11	12	14	13	15		
		51.460852	-2.588139
		51.512161	-0.116215
		54.892406	-2.923222
		55.862982	-4.263554
		55.958426	-3.186893
		54.980766	-1.615849
		53.803895	-1.549931
		53.751959	-0.335941
		53.478239	-2.258549
		53.409532	-3.000126
		52.486125	-1.890507
		51.488224	-3.186893
		51.624837	-3.94495
		50.152266	-5.065556
		50.726024	-3.543949
		51.289406	1.075802
		
c	10 9 3 6 7 4 8 5 0 1 11 12 14 13 2 15	2063.81531325548	0.793618468674452	10	9	3	6	7	4	8	5	0	1	11	12	14	13	2	15		
		55.862982	-4.263554
		55.958426	-3.186893
		53.803895	-1.549931
		53.751959	-0.335941
		54.980766	-1.615849
		53.478239	-2.258549
		54.892406	-2.923222
		53.409532	-3.000126
		52.486125	-1.890507
		51.460852	-2.588139
		51.488224	-3.186893
		51.624837	-3.94495
		50.152266	-5.065556
		50.726024	-3.543949
		51.512161	-0.116215
		51.289406	1.075802
		
c	3 6 5 0 10 9 11 12 14 13 1 8 7 4 2 15	2811.72489128594	0.718827510871406	3	6	5	0	10	9	11	12	14	13	1	8	7	4	2	15		
		53.803895	-1.549931
		53.751959	-0.335941
		53.409532	-3.000126
		52.486125	-1.890507
		55.862982	-4.263554
		55.958426	-3.186893
		51.488224	-3.186893
		51.624837	-3.94495
		50.152266	-5.065556
		50.726024	-3.543949
		51.460852	-2.588139
		54.892406	-2.923222
		54.980766	-1.615849
		53.478239	-2.258549
		51.512161	-0.116215
		51.289406	1.075802
		
c	10 9 8 7 6 5 0 4 1 12 11 14 13 3 2 15	2277.77163553462	0.772222836446538	10	9	8	7	6	5	0	4	1	12	11	14	13	3	2	15		
		55.862982	-4.263554
		55.958426	-3.186893
		54.892406	-2.923222
		54.980766	-1.615849
		53.751959	-0.335941
		53.409532	-3.000126
		52.486125	-1.890507
		53.478239	-2.258549
		51.460852	-2.588139
		51.624837	-3.94495
		51.488224	-3.186893
		50.152266	-5.065556
		50.726024	-3.543949
		53.803895	-1.549931
		51.512161	-0.116215
		51.289406	1.075802
		
c	11 10 9 8 1 12 14 13 3 7 6 4 5 0 2 15	2678.67843502878	0.732132156497122	11	10	9	8	1	12	14	13	3	7	6	4	5	0	2	15		
		51.488224	-3.186893
		55.862982	-4.263554
		55.958426	-3.186893
		54.892406	-2.923222
		51.460852	-2.588139
		51.624837	-3.94495
		50.152266	-5.065556
		50.726024	-3.543949
		53.803895	-1.549931
		54.980766	-1.615849
		53.751959	-0.335941
		53.478239	-2.258549
		53.409532	-3.000126
		52.486125	-1.890507
		51.512161	-0.116215
		51.289406	1.075802
		
c	11 12 13 2 0 4 3 6 7 9 10 8 5 1 14 15	2400.43764923442	0.759956235076558	11	12	13	2	0	4	3	6	7	9	10	8	5	1	14	15		
		51.488224	-3.186893
		51.624837	-3.94495
		50.726024	-3.543949
		51.512161	-0.116215
		52.486125	-1.890507
		53.478239	-2.258549
		53.803895	-1.549931
		53.751959	-0.335941
		54.980766	-1.615849
		55.958426	-3.186893
		55.862982	-4.263554
		54.892406	-2.923222
		53.409532	-3.000126
		51.460852	-2.588139
		50.152266	-5.065556
		51.289406	1.075802
		
c	7 9 10 5 11 1 0 12 8 3 6 4 14 13 2 15	2662.3890788359	0.73376109211641	7	9	10	5	11	1	0	12	8	3	6	4	14	13	2	15		
		54.980766	-1.615849
		55.958426	-3.186893
		55.862982	-4.263554
		53.409532	-3.000126
		51.488224	-3.186893
		51.460852	-2.588139
		52.486125	-1.890507
		51.624837	-3.94495
		54.892406	-2.923222
		53.803895	-1.549931
		53.751959	-0.335941
		53.478239	-2.258549
		50.152266	-5.065556
		50.726024	-3.543949
		51.512161	-0.116215
		51.289406	1.075802
		
c	10 8 7 6 3 4 5 0 1 11 12 13 2 9 14 15	2916.72295767247	0.708327704232752	10	8	7	6	3	4	5	0	1	11	12	13	2	9	14	15		
		55.862982	-4.263554
		54.892406	-2.923222
		54.980766	-1.615849
		53.751959	-0.335941
		53.803895	-1.549931
		53.478239	-2.258549
		53.409532	-3.000126
		52.486125	-1.890507
		51.460852	-2.588139
		51.488224	-3.186893
		51.624837	-3.94495
		50.726024	-3.543949
		51.512161	-0.116215
		55.958426	-3.186893
		50.152266	-5.065556
		51.289406	1.075802
		
c	3 6 4 5 0 1 11 12 8 7 9 10 14 13 2 15	2378.7972963497	0.76212027036503	3	6	4	5	0	1	11	12	8	7	9	10	14	13	2	15		
		53.803895	-1.549931
		53.751959	-0.335941
		53.478239	-2.258549
		53.409532	-3.000126
		52.486125	-1.890507
		51.460852	-2.588139
		51.488224	-3.186893
		51.624837	-3.94495
		54.892406	-2.923222
		54.980766	-1.615849
		55.958426	-3.186893
		55.862982	-4.263554
		50.152266	-5.065556
		50.726024	-3.543949
		51.512161	-0.116215
		51.289406	1.075802
		
c	8 6 4 5 0 1 12 11 14 13 2 3 7 9 10 15	2606.39768861755	0.739360231138245	8	6	4	5	0	1	12	11	14	13	2	3	7	9	10	15		
		54.892406	-2.923222
		53.751959	-0.335941
		53.478239	-2.258549
		53.409532	-3.000126
		52.486125	-1.890507
		51.460852	-2.588139
		51.624837	-3.94495
		51.488224	-3.186893
		50.152266	-5.065556
		50.726024	-3.543949
		51.512161	-0.116215
		53.803895	-1.549931
		54.980766	-1.615849
		55.958426	-3.186893
		55.862982	-4.263554
		51.289406	1.075802
		
c	3 6 7 9 10 12 8 5 0 1 11 4 14 13 2 15	2866.37265113308	0.713362734886692	3	6	7	9	10	12	8	5	0	1	11	4	14	13	2	15		
		53.803895	-1.549931
		53.751959	-0.335941
		54.980766	-1.615849
		55.958426	-3.186893
		55.862982	-4.263554
		51.624837	-3.94495
		54.892406	-2.923222
		53.409532	-3.000126
		52.486125	-1.890507
		51.460852	-2.588139
		51.488224	-3.186893
		53.478239	-2.258549
		50.152266	-5.065556
		50.726024	-3.543949
		51.512161	-0.116215
		51.289406	1.075802
		
c	9 4 5 0 1 11 12 14 13 2 6 3 7 10 8 15	2512.53198667512	0.748746801332488	9	4	5	0	1	11	12	14	13	2	6	3	7	10	8	15		
		55.958426	-3.186893
		53.478239	-2.258549
		53.409532	-3.000126
		52.486125	-1.890507
		51.460852	-2.588139
		51.488224	-3.186893
		51.624837	-3.94495
		50.152266	-5.065556
		50.726024	-3.543949
		51.512161	-0.116215
		53.751959	-0.335941
		53.803895	-1.549931
		54.980766	-1.615849
		55.862982	-4.263554
		54.892406	-2.923222
		51.289406	1.075802
		
c	1 5 10 9 7 8 6 3 4 0 11 12 14 13 2 15	2109.13342996379	0.789086657003621	1	5	10	9	7	8	6	3	4	0	11	12	14	13	2	15		
		51.460852	-2.588139
		53.409532	-3.000126
		55.862982	-4.263554
		55.958426	-3.186893
		54.980766	-1.615849
		54.892406	-2.923222
		53.751959	-0.335941
		53.803895	-1.549931
		53.478239	-2.258549
		52.486125	-1.890507
		51.488224	-3.186893
		51.624837	-3.94495
		50.152266	-5.065556
		50.726024	-3.543949
		51.512161	-0.116215
		51.289406	1.075802
		
c	10 8 0 7 3 6 4 5 11 12 14 13 9 1 2 15	2999.18765110314	0.700081234889686	10	8	0	7	3	6	4	5	11	12	14	13	9	1	2	15		
		55.862982	-4.263554
		54.892406	-2.923222
		52.486125	-1.890507
		54.980766	-1.615849
		53.803895	-1.549931
		53.751959	-0.335941
		53.478239	-2.258549
		53.409532	-3.000126
		51.488224	-3.186893
		51.624837	-3.94495
		50.152266	-5.065556
		50.726024	-3.543949
		55.958426	-3.186893
		51.460852	-2.588139
		51.512161	-0.116215
		51.289406	1.075802
		
c	3 10 9 8 6 4 5 0 1 11 12 14 7 13 2 15	2810.22469917459	0.718977530082541	3	10	9	8	6	4	5	0	1	11	12	14	7	13	2	15		
		53.803895	-1.549931
		55.862982	-4.263554
		55.958426	-3.186893
		54.892406	-2.923222
		53.751959	-0.335941
		53.478239	-2.258549
		53.409532	-3.000126
		52.486125	-1.890507
		51.460852	-2.588139
		51.488224	-3.186893
		51.624837	-3.94495
		50.152266	-5.065556
		54.980766	-1.615849
		50.726024	-3.543949
		51.512161	-0.116215
		51.289406	1.075802
		
c	6 4 5 0 9 10 8 3 7 1 11 12 14 13 2 15	2329.03524397485	0.767096475602515	6	4	5	0	9	10	8	3	7	1	11	12	14	13	2	15		
		53.751959	-0.335941
		53.478239	-2.258549
		53.409532	-3.000126
		52.486125	-1.890507
		55.958426	-3.186893
		55.862982	-4.263554
		54.892406	-2.923222
		53.803895	-1.549931
		54.980766	-1.615849
		51.460852	-2.588139
		51.488224	-3.186893
		51.624837	-3.94495
		50.152266	-5.065556
		50.726024	-3.543949
		51.512161	-0.116215
		51.289406	1.075802
		
c	14 13 1 2 0 11 12 10 9 8 7 3 6 4 5 15	2259.36236470725	0.774063763529275	14	13	1	2	0	11	12	10	9	8	7	3	6	4	5	15		
		50.152266	-5.065556
		50.726024	-3.543949
		51.460852	-2.588139
		51.512161	-0.116215
		52.486125	-1.890507
		51.488224	-3.186893
		51.624837	-3.94495
		55.862982	-4.263554
		55.958426	-3.186893
		54.892406	-2.923222
		54.980766	-1.615849
		53.803895	-1.549931
		53.751959	-0.335941
		53.478239	-2.258549
		53.409532	-3.000126
		51.289406	1.075802
		
c	8 3 6 7 10 4 5 0 1 12 11 14 13 9 2 15	2855.28689811884	0.714471310188116	8	3	6	7	10	4	5	0	1	12	11	14	13	9	2	15		
		54.892406	-2.923222
		53.803895	-1.549931
		53.751959	-0.335941
		54.980766	-1.615849
		55.862982	-4.263554
		53.478239	-2.258549
		53.409532	-3.000126
		52.486125	-1.890507
		51.460852	-2.588139
		51.624837	-3.94495
		51.488224	-3.186893
		50.152266	-5.065556
		50.726024	-3.543949
		55.958426	-3.186893
		51.512161	-0.116215
		51.289406	1.075802
		
c	7 9 10 8 6 4 5 0 1 11 12 14 13 2 3 15	2254.33064888446	0.774566935111554	7	9	10	8	6	4	5	0	1	11	12	14	13	2	3	15		
		54.980766	-1.615849
		55.958426	-3.186893
		55.862982	-4.263554
		54.892406	-2.923222
		53.751959	-0.335941
		53.478239	-2.258549
		53.409532	-3.000126
		52.486125	-1.890507
		51.460852	-2.588139
		51.488224	-3.186893
		51.624837	-3.94495
		50.152266	-5.065556
		50.726024	-3.543949
		51.512161	-0.116215
		53.803895	-1.549931
		51.289406	1.075802
		
c	2 0 3 6 7 9 10 8 4 5 11 12 14 13 1 15	2051.68005019777	0.794831994980223	2	0	3	6	7	9	10	8	4	5	11	12	14	13	1	15		
		51.512161	-0.116215
		52.486125	-1.890507
		53.803895	-1.549931
		53.751959	-0.335941
		54.980766	-1.615849
		55.958426	-3.186893
		55.862982	-4.263554
		54.892406	-2.923222
		53.478239	-2.258549
		53.409532	-3.000126
		51.488224	-3.186893
		51.624837	-3.94495
		50.152266	-5.065556
		50.726024	-3.543949
		51.460852	-2.588139
		51.289406	1.075802
		
c	14 13 7 9 10 8 6 3 4 5 0 1 11 12 2 15	2064.64379642594	0.793535620357406	14	13	7	9	10	8	6	3	4	5	0	1	11	12	2	15		
		50.152266	-5.065556
		50.726024	-3.543949
		54.980766	-1.615849
		55.958426	-3.186893
		55.862982	-4.263554
		54.892406	-2.923222
		53.751959	-0.335941
		53.803895	-1.549931
		53.478239	-2.258549
		53.409532	-3.000126
		52.486125	-1.890507
		51.460852	-2.588139
		51.488224	-3.186893
		51.624837	-3.94495
		51.512161	-0.116215
		51.289406	1.075802
		
c	3 4 5 0 11 12 14 13 1 2 6 7 9 10 8 15	2258.60956089348	0.774139043910652	3	4	5	0	11	12	14	13	1	2	6	7	9	10	8	15		
		53.803895	-1.549931
		53.478239	-2.258549
		53.409532	-3.000126
		52.486125	-1.890507
		51.488224	-3.186893
		51.624837	-3.94495
		50.152266	-5.065556
		50.726024	-3.543949
		51.460852	-2.588139
		51.512161	-0.116215
		53.751959	-0.335941
		54.980766	-1.615849
		55.958426	-3.186893
		55.862982	-4.263554
		54.892406	-2.923222
		51.289406	1.075802
		
c	5 7 9 10 8 12 14 4 3 6 0 1 11 13 2 15	2425.48044541617	0.757451955458383	5	7	9	10	8	12	14	4	3	6	0	1	11	13	2	15		
		53.409532	-3.000126
		54.980766	-1.615849
		55.958426	-3.186893
		55.862982	-4.263554
		54.892406	-2.923222
		51.624837	-3.94495
		50.152266	-5.065556
		53.478239	-2.258549
		53.803895	-1.549931
		53.751959	-0.335941
		52.486125	-1.890507
		51.460852	-2.588139
		51.488224	-3.186893
		50.726024	-3.543949
		51.512161	-0.116215
		51.289406	1.075802
		
c	14 13 9 10 8 3 6 7 5 4 0 1 11 12 2 15	2232.91729255696	0.776708270744304	14	13	9	10	8	3	6	7	5	4	0	1	11	12	2	15		
		50.152266	-5.065556
		50.726024	-3.543949
		55.958426	-3.186893
		55.862982	-4.263554
		54.892406	-2.923222
		53.803895	-1.549931
		53.751959	-0.335941
		54.980766	-1.615849
		53.409532	-3.000126
		53.478239	-2.258549
		52.486125	-1.890507
		51.460852	-2.588139
		51.488224	-3.186893
		51.624837	-3.94495
		51.512161	-0.116215
		51.289406	1.075802
		
c	6 3 5 0 11 12 14 13 2 10 9 8 7 4 1 15	2549.86905063801	0.745013094936199	6	3	5	0	11	12	14	13	2	10	9	8	7	4	1	15		
		53.751959	-0.335941
		53.803895	-1.549931
		53.409532	-3.000126
		52.486125	-1.890507
		51.488224	-3.186893
		51.624837	-3.94495
		50.152266	-5.065556
		50.726024	-3.543949
		51.512161	-0.116215
		55.862982	-4.263554
		55.958426	-3.186893
		54.892406	-2.923222
		54.980766	-1.615849
		53.478239	-2.258549
		51.460852	-2.588139
		51.289406	1.075802
		
c	3 6 4 5 0 9 10 8 11 7 12 14 13 1 2 15	2842.0796350014	0.71579203649986	3	6	4	5	0	9	10	8	11	7	12	14	13	1	2	15		
		53.803895	-1.549931
		53.751959	-0.335941
		53.478239	-2.258549
		53.409532	-3.000126
		52.486125	-1.890507
		55.958426	-3.186893
		55.862982	-4.263554
		54.892406	-2.923222
		51.488224	-3.186893
		54.980766	-1.615849
		51.624837	-3.94495
		50.152266	-5.065556
		50.726024	-3.543949
		51.460852	-2.588139
		51.512161	-0.116215
		51.289406	1.075802
		
c	8 7 6 3 4 5 0 1 11 9 10 12 14 13 2 15	2409.23316262869	0.759076683737131	8	7	6	3	4	5	0	1	11	9	10	12	14	13	2	15		
		54.892406	-2.923222
		54.980766	-1.615849
		53.751959	-0.335941
		53.803895	-1.549931
		53.478239	-2.258549
		53.409532	-3.000126
		52.486125	-1.890507
		51.460852	-2.588139
		51.488224	-3.186893
		55.958426	-3.186893
		55.862982	-4.263554
		51.624837	-3.94495
		50.152266	-5.065556
		50.726024	-3.543949
		51.512161	-0.116215
		51.289406	1.075802
		
c	14 13 1 11 2 0 3 6 7 9 10 8 5 4 12 15	2187.78783668708	0.781221216331292	14	13	1	11	2	0	3	6	7	9	10	8	5	4	12	15		
		50.152266	-5.065556
		50.726024	-3.543949
		51.460852	-2.588139
		51.488224	-3.186893
		51.512161	-0.116215
		52.486125	-1.890507
		53.803895	-1.549931
		53.751959	-0.335941
		54.980766	-1.615849
		55.958426	-3.186893
		55.862982	-4.263554
		54.892406	-2.923222
		53.409532	-3.000126
		53.478239	-2.258549
		51.624837	-3.94495
		51.289406	1.075802
		
c	5 0 1 6 3 4 10 9 7 8 11 12 14 13 2 15	2361.3694257418	0.76386305742582	5	0	1	6	3	4	10	9	7	8	11	12	14	13	2	15		
		53.409532	-3.000126
		52.486125	-1.890507
		51.460852	-2.588139
		53.751959	-0.335941
		53.803895	-1.549931
		53.478239	-2.258549
		55.862982	-4.263554
		55.958426	-3.186893
		54.980766	-1.615849
		54.892406	-2.923222
		51.488224	-3.186893
		51.624837	-3.94495
		50.152266	-5.065556
		50.726024	-3.543949
		51.512161	-0.116215
		51.289406	1.075802
		
c	13 2 0 4 3 7 6 9 10 8 5 1 11 12 14 15	2502.63209370867	0.749736790629133	13	2	0	4	3	7	6	9	10	8	5	1	11	12	14	15		
		50.726024	-3.543949
		51.512161	-0.116215
		52.486125	-1.890507
		53.478239	-2.258549
		53.803895	-1.549931
		54.980766	-1.615849
		53.751959	-0.335941
		55.958426	-3.186893
		55.862982	-4.263554
		54.892406	-2.923222
		53.409532	-3.000126
		51.460852	-2.588139
		51.488224	-3.186893
		51.624837	-3.94495
		50.152266	-5.065556
		51.289406	1.075802
		
c	12 5 10 9 7 8 6 3 1 4 0 11 14 13 2 15	2497.75817558327	0.750224182441673	12	5	10	9	7	8	6	3	1	4	0	11	14	13	2	15		
		51.624837	-3.94495
		53.409532	-3.000126
		55.862982	-4.263554
		55.958426	-3.186893
		54.980766	-1.615849
		54.892406	-2.923222
		53.751959	-0.335941
		53.803895	-1.549931
		51.460852	-2.588139
		53.478239	-2.258549
		52.486125	-1.890507
		51.488224	-3.186893
		50.152266	-5.065556
		50.726024	-3.543949
		51.512161	-0.116215
		51.289406	1.075802
		
c	10 8 6 3 4 5 0 1 11 12 14 13 2 7 9 15	2579.85449123664	0.742014550876337	10	8	6	3	4	5	0	1	11	12	14	13	2	7	9	15		
		55.862982	-4.263554
		54.892406	-2.923222
		53.751959	-0.335941
		53.803895	-1.549931
		53.478239	-2.258549
		53.409532	-3.000126
		52.486125	-1.890507
		51.460852	-2.588139
		51.488224	-3.186893
		51.624837	-3.94495
		50.152266	-5.065556
		50.726024	-3.543949
		51.512161	-0.116215
		54.980766	-1.615849
		55.958426	-3.186893
		51.289406	1.075802
		
c	6 5 0 4 1 12 11 8 10 9 7 3 14 13 2 15	2595.50318285239	0.740449681714761	6	5	0	4	1	12	11	8	10	9	7	3	14	13	2	15		
		53.751959	-0.335941
		53.409532	-3.000126
		52.486125	-1.890507
		53.478239	-2.258549
		51.460852	-2.588139
		51.624837	-3.94495
		51.488224	-3.186893
		54.892406	-2.923222
		55.862982	-4.263554
		55.958426	-3.186893
		54.980766	-1.615849
		53.803895	-1.549931
		50.152266	-5.065556
		50.726024	-3.543949
		51.512161	-0.116215
		51.289406	1.075802
		
c	3 6 7 9 8 10 5 4 0 1 11 12 14 13 2 15	1958.72483440384	0.804127516559616	3	6	7	9	8	10	5	4	0	1	11	12	14	13	2	15		
		53.803895	-1.549931
		53.751959	-0.335941
		54.980766	-1.615849
		55.958426	-3.186893
		54.892406	-2.923222
		55.862982	-4.263554
		53.409532	-3.000126
		53.478239	-2.258549
		52.486125	-1.890507
		51.460852	-2.588139
		51.488224	-3.186893
		51.624837	-3.94495
		50.152266	-5.065556
		50.726024	-3.543949
		51.512161	-0.116215
		51.289406	1.075802
		
c	5 0 3 6 7 9 10 8 1 4 11 12 14 13 2 15	2407.09641715484	0.759290358284516	5	0	3	6	7	9	10	8	1	4	11	12	14	13	2	15		
		53.409532	-3.000126
		52.486125	-1.890507
		53.803895	-1.549931
		53.751959	-0.335941
		54.980766	-1.615849
		55.958426	-3.186893
		55.862982	-4.263554
		54.892406	-2.923222
		51.460852	-2.588139
		53.478239	-2.258549
		51.488224	-3.186893
		51.624837	-3.94495
		50.152266	-5.065556
		50.726024	-3.543949
		51.512161	-0.116215
		51.289406	1.075802
		
c	6 4 5 14 13 1 8 10 9 7 3 0 11 12 2 15	2361.33393961312	0.763866606038688	6	4	5	14	13	1	8	10	9	7	3	0	11	12	2	15		
		53.751959	-0.335941
		53.478239	-2.258549
		53.409532	-3.000126
		50.152266	-5.065556
		50.726024	-3.543949
		51.460852	-2.588139
		54.892406	-2.923222
		55.862982	-4.263554
		55.958426	-3.186893
		54.980766	-1.615849
		53.803895	-1.549931
		52.486125	-1.890507
		51.488224	-3.186893
		51.624837	-3.94495
		51.512161	-0.116215
		51.289406	1.075802
		
c	14 13 1 8 10 9 7 4 3 6 5 0 11 12 2 15	2130.97912552899	0.786902087447102	14	13	1	8	10	9	7	4	3	6	5	0	11	12	2	15		
		50.152266	-5.065556
		50.726024	-3.543949
		51.460852	-2.588139
		54.892406	-2.923222
		55.862982	-4.263554
		55.958426	-3.186893
		54.980766	-1.615849
		53.478239	-2.258549
		53.803895	-1.549931
		53.751959	-0.335941
		53.409532	-3.000126
		52.486125	-1.890507
		51.488224	-3.186893
		51.624837	-3.94495
		51.512161	-0.116215
		51.289406	1.075802
		
c	0 11 12 1 14 13 10 9 8 7 3 6 4 5 2 15	2254.11096495082	0.774588903504918	0	11	12	1	14	13	10	9	8	7	3	6	4	5	2	15		
		52.486125	-1.890507
		51.488224	-3.186893
		51.624837	-3.94495
		51.460852	-2.588139
		50.152266	-5.065556
		50.726024	-3.543949
		55.862982	-4.263554
		55.958426	-3.186893
		54.892406	-2.923222
		54.980766	-1.615849
		53.803895	-1.549931
		53.751959	-0.335941
		53.478239	-2.258549
		53.409532	-3.000126
		51.512161	-0.116215
		51.289406	1.075802
		
c	3 4 10 6 7 9 8 5 0 1 11 12 14 13 2 15	2283.90514500996	0.771609485499004	3	4	10	6	7	9	8	5	0	1	11	12	14	13	2	15		
		53.803895	-1.549931
		53.478239	-2.258549
		55.862982	-4.263554
		53.751959	-0.335941
		54.980766	-1.615849
		55.958426	-3.186893
		54.892406	-2.923222
		53.409532	-3.000126
		52.486125	-1.890507
		51.460852	-2.588139
		51.488224	-3.186893
		51.624837	-3.94495
		50.152266	-5.065556
		50.726024	-3.543949
		51.512161	-0.116215
		51.289406	1.075802
		
c	4 0 11 2 5 1 12 14 13 3 6 7 9 10 8 15	2817.48774253865	0.718251225746135	4	0	11	2	5	1	12	14	13	3	6	7	9	10	8	15		
		53.478239	-2.258549
		52.486125	-1.890507
		51.488224	-3.186893
		51.512161	-0.116215
		53.409532	-3.000126
		51.460852	-2.588139
		51.624837	-3.94495
		50.152266	-5.065556
		50.726024	-3.543949
		53.803895	-1.549931
		53.751959	-0.335941
		54.980766	-1.615849
		55.958426	-3.186893
		55.862982	-4.263554
		54.892406	-2.923222
		51.289406	1.075802
		
c	13 1 2 9 10 8 3 7 0 6 4 5 11 12 14 15	2830.39513321959	0.716960486678041	13	1	2	9	10	8	3	7	0	6	4	5	11	12	14	15		
		50.726024	-3.543949
		51.460852	-2.588139
		51.512161	-0.116215
		55.958426	-3.186893
		55.862982	-4.263554
		54.892406	-2.923222
		53.803895	-1.549931
		54.980766	-1.615849
		52.486125	-1.890507
		53.751959	-0.335941
		53.478239	-2.258549
		53.409532	-3.000126
		51.488224	-3.186893
		51.624837	-3.94495
		50.152266	-5.065556
		51.289406	1.075802
		
c	3 4 6 1 5 10 9 7 8 0 11 12 14 13 2 15	2408.97012974805	0.759102987025195	3	4	6	1	5	10	9	7	8	0	11	12	14	13	2	15		
		53.803895	-1.549931
		53.478239	-2.258549
		53.751959	-0.335941
		51.460852	-2.588139
		53.409532	-3.000126
		55.862982	-4.263554
		55.958426	-3.186893
		54.980766	-1.615849
		54.892406	-2.923222
		52.486125	-1.890507
		51.488224	-3.186893
		51.624837	-3.94495
		50.152266	-5.065556
		50.726024	-3.543949
		51.512161	-0.116215
		51.289406	1.075802
		
c	1 11 10 9 8 7 3 6 4 5 0 12 14 13 2 15	2140.52798782688	0.785947201217312	1	11	10	9	8	7	3	6	4	5	0	12	14	13	2	15		
		51.460852	-2.588139
		51.488224	-3.186893
		55.862982	-4.263554
		55.958426	-3.186893
		54.892406	-2.923222
		54.980766	-1.615849
		53.803895	-1.549931
		53.751959	-0.335941
		53.478239	-2.258549
		53.409532	-3.000126
		52.486125	-1.890507
		51.624837	-3.94495
		50.152266	-5.065556
		50.726024	-3.543949
		51.512161	-0.116215
		51.289406	1.075802
		
c	1 11 12 14 13 2 4 3 6 7 9 10 8 5 0 15	2105.96625920726	0.789403374079274	1	11	12	14	13	2	4	3	6	7	9	10	8	5	0	15		
		51.460852	-2.588139
		51.488224	-3.186893
		51.624837	-3.94495
		50.152266	-5.065556
		50.726024	-3.543949
		51.512161	-0.116215
		53.478239	-2.258549
		53.803895	-1.549931
		53.751959	-0.335941
		54.980766	-1.615849
		55.958426	-3.186893
		55.862982	-4.263554
		54.892406	-2.923222
		53.409532	-3.000126
		52.486125	-1.890507
		51.289406	1.075802
		
c	7 8 6 3 4 0 11 12 1 5 10 9 14 13 2 15	2533.6944456096	0.74663055543904	7	8	6	3	4	0	11	12	1	5	10	9	14	13	2	15		
		54.980766	-1.615849
		54.892406	-2.923222
		53.751959	-0.335941
		53.803895	-1.549931
		53.478239	-2.258549
		52.486125	-1.890507
		51.488224	-3.186893
		51.624837	-3.94495
		51.460852	-2.588139
		53.409532	-3.000126
		55.862982	-4.263554
		55.958426	-3.186893
		50.152266	-5.065556
		50.726024	-3.543949
		51.512161	-0.116215
		51.289406	1.075802
		
c	7 8 10 9 5 3 6 4 0 1 11 12 14 13 2 15	1869.16259435981	0.813083740564019	7	8	10	9	5	3	6	4	0	1	11	12	14	13	2	15		
		54.980766	-1.615849
		54.892406	-2.923222
		55.862982	-4.263554
		55.958426	-3.186893
		53.409532	-3.000126
		53.803895	-1.549931
		53.751959	-0.335941
		53.478239	-2.258549
		52.486125	-1.890507
		51.460852	-2.588139
		51.488224	-3.186893
		51.624837	-3.94495
		50.152266	-5.065556
		50.726024	-3.543949
		51.512161	-0.116215
		51.289406	1.075802
		
c	11 12 14 13 3 7 9 10 8 6 4 5 0 1 2 15	2110.98476445026	0.788901523554974	11	12	14	13	3	7	9	10	8	6	4	5	0	1	2	15		
		51.488224	-3.186893
		51.624837	-3.94495
		50.152266	-5.065556
		50.726024	-3.543949
		53.803895	-1.549931
		54.980766	-1.615849
		55.958426	-3.186893
		55.862982	-4.263554
		54.892406	-2.923222
		53.751959	-0.335941
		53.478239	-2.258549
		53.409532	-3.000126
		52.486125	-1.890507
		51.460852	-2.588139
		51.512161	-0.116215
		51.289406	1.075802
		
c	5 14 13 1 2 0 11 12 10 9 8 7 3 6 4 15	2567.42775094519	0.743257224905481	5	14	13	1	2	0	11	12	10	9	8	7	3	6	4	15		
		53.409532	-3.000126
		50.152266	-5.065556
		50.726024	-3.543949
		51.460852	-2.588139
		51.512161	-0.116215
		52.486125	-1.890507
		51.488224	-3.186893
		51.624837	-3.94495
		55.862982	-4.263554
		55.958426	-3.186893
		54.892406	-2.923222
		54.980766	-1.615849
		53.803895	-1.549931
		53.751959	-0.335941
		53.478239	-2.258549
		51.289406	1.075802
		
c	12 14 9 7 8 10 5 3 6 4 0 1 11 13 2 15	2515.44764258849	0.748455235741151	12	14	9	7	8	10	5	3	6	4	0	1	11	13	2	15		
		51.624837	-3.94495
		50.152266	-5.065556
		55.958426	-3.186893
		54.980766	-1.615849
		54.892406	-2.923222
		55.862982	-4.263554
		53.409532	-3.000126
		53.803895	-1.549931
		53.751959	-0.335941
		53.478239	-2.258549
		52.486125	-1.890507
		51.460852	-2.588139
		51.488224	-3.186893
		50.726024	-3.543949
		51.512161	-0.116215
		51.289406	1.075802
		
c	14 13 1 11 2 0 3 6 7 10 8 4 5 12 9 15	2862.41873328183	0.713758126671817	14	13	1	11	2	0	3	6	7	10	8	4	5	12	9	15		
		50.152266	-5.065556
		50.726024	-3.543949
		51.460852	-2.588139
		51.488224	-3.186893
		51.512161	-0.116215
		52.486125	-1.890507
		53.803895	-1.549931
		53.751959	-0.335941
		54.980766	-1.615849
		55.862982	-4.263554
		54.892406	-2.923222
		53.478239	-2.258549
		53.409532	-3.000126
		51.624837	-3.94495
		55.958426	-3.186893
		51.289406	1.075802
		
c	12 10 9 8 7 3 6 4 5 0 11 14 13 1 2 15	2090.32425033356	0.790967574966644	12	10	9	8	7	3	6	4	5	0	11	14	13	1	2	15		
		51.624837	-3.94495
		55.862982	-4.263554
		55.958426	-3.186893
		54.892406	-2.923222
		54.980766	-1.615849
		53.803895	-1.549931
		53.751959	-0.335941
		53.478239	-2.258549
		53.409532	-3.000126
		52.486125	-1.890507
		51.488224	-3.186893
		50.152266	-5.065556
		50.726024	-3.543949
		51.460852	-2.588139
		51.512161	-0.116215
		51.289406	1.075802
		
c	11 12 14 4 0 1 5 10 9 7 8 6 3 13 2 15	2691.50781048444	0.730849218951556	11	12	14	4	0	1	5	10	9	7	8	6	3	13	2	15		
		51.488224	-3.186893
		51.624837	-3.94495
		50.152266	-5.065556
		53.478239	-2.258549
		52.486125	-1.890507
		51.460852	-2.588139
		53.409532	-3.000126
		55.862982	-4.263554
		55.958426	-3.186893
		54.980766	-1.615849
		54.892406	-2.923222
		53.751959	-0.335941
		53.803895	-1.549931
		50.726024	-3.543949
		51.512161	-0.116215
		51.289406	1.075802
		
c	6 3 14 1 5 10 9 7 8 4 0 11 12 13 2 15	2498.54463371901	0.750145536628099	6	3	14	1	5	10	9	7	8	4	0	11	12	13	2	15		
		53.751959	-0.335941
		53.803895	-1.549931
		50.152266	-5.065556
		51.460852	-2.588139
		53.409532	-3.000126
		55.862982	-4.263554
		55.958426	-3.186893
		54.980766	-1.615849
		54.892406	-2.923222
		53.478239	-2.258549
		52.486125	-1.890507
		51.488224	-3.186893
		51.624837	-3.94495
		50.726024	-3.543949
		51.512161	-0.116215
		51.289406	1.075802
		
c	12 11 14 13 1 10 9 8 7 3 6 4 5 0 2 15	2024.2972917721	0.79757027082279	12	11	14	13	1	10	9	8	7	3	6	4	5	0	2	15		
		51.624837	-3.94495
		51.488224	-3.186893
		50.152266	-5.065556
		50.726024	-3.543949
		51.460852	-2.588139
		55.862982	-4.263554
		55.958426	-3.186893
		54.892406	-2.923222
		54.980766	-1.615849
		53.803895	-1.549931
		53.751959	-0.335941
		53.478239	-2.258549
		53.409532	-3.000126
		52.486125	-1.890507
		51.512161	-0.116215
		51.289406	1.075802
		
c	3 6 4 5 0 11 12 10 9 8 7 1 14 13 2 15	2416.76698519959	0.758323301480041	3	6	4	5	0	11	12	10	9	8	7	1	14	13	2	15		
		53.803895	-1.549931
		53.751959	-0.335941
		53.478239	-2.258549
		53.409532	-3.000126
		52.486125	-1.890507
		51.488224	-3.186893
		51.624837	-3.94495
		55.862982	-4.263554
		55.958426	-3.186893
		54.892406	-2.923222
		54.980766	-1.615849
		51.460852	-2.588139
		50.152266	-5.065556
		50.726024	-3.543949
		51.512161	-0.116215
		51.289406	1.075802
		
c	8 1 9 7 6 3 4 5 0 11 12 14 13 2 10 15	3438.19926856181	0.656180073143819	8	1	9	7	6	3	4	5	0	11	12	14	13	2	10	15		
		54.892406	-2.923222
		51.460852	-2.588139
		55.958426	-3.186893
		54.980766	-1.615849
		53.751959	-0.335941
		53.803895	-1.549931
		53.478239	-2.258549
		53.409532	-3.000126
		52.486125	-1.890507
		51.488224	-3.186893
		51.624837	-3.94495
		50.152266	-5.065556
		50.726024	-3.543949
		51.512161	-0.116215
		55.862982	-4.263554
		51.289406	1.075802
		
c	6 7 9 8 10 5 4 0 1 11 12 14 3 13 2 15	2593.58618775874	0.740641381224126	6	7	9	8	10	5	4	0	1	11	12	14	3	13	2	15		
		53.751959	-0.335941
		54.980766	-1.615849
		55.958426	-3.186893
		54.892406	-2.923222
		55.862982	-4.263554
		53.409532	-3.000126
		53.478239	-2.258549
		52.486125	-1.890507
		51.460852	-2.588139
		51.488224	-3.186893
		51.624837	-3.94495
		50.152266	-5.065556
		53.803895	-1.549931
		50.726024	-3.543949
		51.512161	-0.116215
		51.289406	1.075802
		
c	1 4 9 10 8 7 6 3 5 0 11 12 14 13 2 15	2113.10146105723	0.788689853894277	1	4	9	10	8	7	6	3	5	0	11	12	14	13	2	15		
		51.460852	-2.588139
		53.478239	-2.258549
		55.958426	-3.186893
		55.862982	-4.263554
		54.892406	-2.923222
		54.980766	-1.615849
		53.751959	-0.335941
		53.803895	-1.549931
		53.409532	-3.000126
		52.486125	-1.890507
		51.488224	-3.186893
		51.624837	-3.94495
		50.152266	-5.065556
		50.726024	-3.543949
		51.512161	-0.116215
		51.289406	1.075802
		
c	6 4 5 0 1 3 7 10 8 12 14 11 9 13 2 15	3332.43637800052	0.666756362199948	6	4	5	0	1	3	7	10	8	12	14	11	9	13	2	15		
		53.751959	-0.335941
		53.478239	-2.258549
		53.409532	-3.000126
		52.486125	-1.890507
		51.460852	-2.588139
		53.803895	-1.549931
		54.980766	-1.615849
		55.862982	-4.263554
		54.892406	-2.923222
		51.624837	-3.94495
		50.152266	-5.065556
		51.488224	-3.186893
		55.958426	-3.186893
		50.726024	-3.543949
		51.512161	-0.116215
		51.289406	1.075802
		
c	3 7 9 10 8 6 4 5 0 11 12 14 13 1 2 15	1866.8491069421	0.81331508930579	3	7	9	10	8	6	4	5	0	11	12	14	13	1	2	15		
		53.803895	-1.549931
		54.980766	-1.615849
		55.958426	-3.186893
		55.862982	-4.263554
		54.892406	-2.923222
		53.751959	-0.335941
		53.478239	-2.258549
		53.409532	-3.000126
		52.486125	-1.890507
		51.488224	-3.186893
		51.624837	-3.94495
		50.152266	-5.065556
		50.726024	-3.543949
		51.460852	-2.588139
		51.512161	-0.116215
		51.289406	1.075802
		
c	3 4 5 10 9 7 8 6 0 11 12 14 13 1 2 15	1944.26304224666	0.805573695775334	3	4	5	10	9	7	8	6	0	11	12	14	13	1	2	15		
		53.803895	-1.549931
		53.478239	-2.258549
		53.409532	-3.000126
		55.862982	-4.263554
		55.958426	-3.186893
		54.980766	-1.615849
		54.892406	-2.923222
		53.751959	-0.335941
		52.486125	-1.890507
		51.488224	-3.186893
		51.624837	-3.94495
		50.152266	-5.065556
		50.726024	-3.543949
		51.460852	-2.588139
		51.512161	-0.116215
		51.289406	1.075802
		
c	7 3 10 9 8 6 4 5 0 1 11 12 14 13 2 15	1990.76304191372	0.800923695808628	7	3	10	9	8	6	4	5	0	1	11	12	14	13	2	15		
		54.980766	-1.615849
		53.803895	-1.549931
		55.862982	-4.263554
		55.958426	-3.186893
		54.892406	-2.923222
		53.751959	-0.335941
		53.478239	-2.258549
		53.409532	-3.000126
		52.486125	-1.890507
		51.460852	-2.588139
		51.488224	-3.186893
		51.624837	-3.94495
		50.152266	-5.065556
		50.726024	-3.543949
		51.512161	-0.116215
		51.289406	1.075802
		
c	9 7 8 10 5 3 6 4 0 1 11 12 14 13 2 15	1949.25034893822	0.805074965106178	9	7	8	10	5	3	6	4	0	1	11	12	14	13	2	15		
		55.958426	-3.186893
		54.980766	-1.615849
		54.892406	-2.923222
		55.862982	-4.263554
		53.409532	-3.000126
		53.803895	-1.549931
		53.751959	-0.335941
		53.478239	-2.258549
		52.486125	-1.890507
		51.460852	-2.588139
		51.488224	-3.186893
		51.624837	-3.94495
		50.152266	-5.065556
		50.726024	-3.543949
		51.512161	-0.116215
		51.289406	1.075802
		
c	4 5 0 1 11 12 14 8 6 3 7 9 10 13 2 15	2674.81302019156	0.732518697980844	4	5	0	1	11	12	14	8	6	3	7	9	10	13	2	15		
		53.478239	-2.258549
		53.409532	-3.000126
		52.486125	-1.890507
		51.460852	-2.588139
		51.488224	-3.186893
		51.624837	-3.94495
		50.152266	-5.065556
		54.892406	-2.923222
		53.751959	-0.335941
		53.803895	-1.549931
		54.980766	-1.615849
		55.958426	-3.186893
		55.862982	-4.263554
		50.726024	-3.543949
		51.512161	-0.116215
		51.289406	1.075802
		
c	3 6 7 9 10 8 5 11 1 0 12 14 13 2 4 15	2462.25210572596	0.753774789427404	3	6	7	9	10	8	5	11	1	0	12	14	13	2	4	15		
		53.803895	-1.549931
		53.751959	-0.335941
		54.980766	-1.615849
		55.958426	-3.186893
		55.862982	-4.263554
		54.892406	-2.923222
		53.409532	-3.000126
		51.488224	-3.186893
		51.460852	-2.588139
		52.486125	-1.890507
		51.624837	-3.94495
		50.152266	-5.065556
		50.726024	-3.543949
		51.512161	-0.116215
		53.478239	-2.258549
		51.289406	1.075802
		
g130		1614.70757855554	0.838529242144446	0	10	9	8	7	6	3	4	5	0	1	11	12	14	13	2	15		
		55.862982	-4.263554
		55.958426	-3.186893
		54.892406	-2.923222
		54.980766	-1.615849
		53.751959	-0.335941
		53.803895	-1.549931
		53.478239	-2.258549
		53.409532	-3.000126
		52.486125	-1.890507
		51.460852	-2.588139
		51.488224	-3.186893
		51.624837	-3.94495
		50.152266	-5.065556
		50.726024	-3.543949
		51.512161	-0.116215
		51.289406	1.075802
		
g130		1632.18241801618	0.836781758198382	1	9	10	8	7	6	3	4	5	0	1	11	12	14	13	2	15		
		55.958426	-3.186893
		55.862982	-4.263554
		54.892406	-2.923222
		54.980766	-1.615849
		53.751959	-0.335941
		53.803895	-1.549931
		53.478239	-2.258549
		53.409532	-3.000126
		52.486125	-1.890507
		51.460852	-2.588139
		51.488224	-3.186893
		51.624837	-3.94495
		50.152266	-5.065556
		50.726024	-3.543949
		51.512161	-0.116215
		51.289406	1.075802
		
g130		1656.09836620198	0.834390163379802	2	10	9	8	7	3	6	4	5	0	11	12	14	13	1	2	15		
		55.862982	-4.263554
		55.958426	-3.186893
		54.892406	-2.923222
		54.980766	-1.615849
		53.803895	-1.549931
		53.751959	-0.335941
		53.478239	-2.258549
		53.409532	-3.000126
		52.486125	-1.890507
		51.488224	-3.186893
		51.624837	-3.94495
		50.152266	-5.065556
		50.726024	-3.543949
		51.460852	-2.588139
		51.512161	-0.116215
		51.289406	1.075802
		
g130		1657.12946446462	0.834287053553538	3	10	9	8	7	3	6	4	5	0	1	11	12	14	13	2	15		
		55.862982	-4.263554
		55.958426	-3.186893
		54.892406	-2.923222
		54.980766	-1.615849
		53.803895	-1.549931
		53.751959	-0.335941
		53.478239	-2.258549
		53.409532	-3.000126
		52.486125	-1.890507
		51.460852	-2.588139
		51.488224	-3.186893
		51.624837	-3.94495
		50.152266	-5.065556
		50.726024	-3.543949
		51.512161	-0.116215
		51.289406	1.075802
		
g130		1673.57320566262	0.832642679433738	4	9	10	8	7	3	6	4	5	0	11	12	14	13	1	2	15		
		55.958426	-3.186893
		55.862982	-4.263554
		54.892406	-2.923222
		54.980766	-1.615849
		53.803895	-1.549931
		53.751959	-0.335941
		53.478239	-2.258549
		53.409532	-3.000126
		52.486125	-1.890507
		51.488224	-3.186893
		51.624837	-3.94495
		50.152266	-5.065556
		50.726024	-3.543949
		51.460852	-2.588139
		51.512161	-0.116215
		51.289406	1.075802
		
g130		1691.49843627536	0.830850156372464	5	10	9	7	8	6	3	4	5	0	11	12	14	13	1	2	15		
		55.862982	-4.263554
		55.958426	-3.186893
		54.980766	-1.615849
		54.892406	-2.923222
		53.751959	-0.335941
		53.803895	-1.549931
		53.478239	-2.258549
		53.409532	-3.000126
		52.486125	-1.890507
		51.488224	-3.186893
		51.624837	-3.94495
		50.152266	-5.065556
		50.726024	-3.543949
		51.460852	-2.588139
		51.512161	-0.116215
		51.289406	1.075802
		
