c	3 4 10 9 8 7 6 1 13 5 0 11 12 14 2 15	2458.66863020194	0.754133136979806	3	4	10	9	8	7	6	1	13	5	0	11	12	14	2	15		
		53.803895	-1.549931
		53.478239	-2.258549
		55.862982	-4.263554
		55.958426	-3.186893
		54.892406	-2.923222
		54.980766	-1.615849
		53.751959	-0.335941
		51.460852	-2.588139
		50.726024	-3.543949
		53.409532	-3.000126
		52.486125	-1.890507
		51.488224	-3.186893
		51.624837	-3.94495
		50.152266	-5.065556
		51.512161	-0.116215
		51.289406	1.075802
		
c	9 6 10 7 8 3 4 5 0 1 11 12 14 13 2 15	2181.03904494019	0.781896095505981	9	6	10	7	8	3	4	5	0	1	11	12	14	13	2	15		
		55.958426	-3.186893
		53.751959	-0.335941
		55.862982	-4.263554
		54.980766	-1.615849
		54.892406	-2.923222
		53.803895	-1.549931
		53.478239	-2.258549
		53.409532	-3.000126
		52.486125	-1.890507
		51.460852	-2.588139
		51.488224	-3.186893
		51.624837	-3.94495
		50.152266	-5.065556
		50.726024	-3.543949
		51.512161	-0.116215
		51.289406	1.075802
		
c	12 14 13 1 4 0 11 3 6 5 9 10 8 7 2 15	2490.55343815958	0.750944656184042	12	14	13	1	4	0	11	3	6	5	9	10	8	7	2	15		
		51.624837	-3.94495
		50.152266	-5.065556
		50.726024	-3.543949
		51.460852	-2.588139
		53.478239	-2.258549
		52.486125	-1.890507
		51.488224	-3.186893
		53.803895	-1.549931
		53.751959	-0.335941
		53.409532	-3.000126
		55.958426	-3.186893
		55.862982	-4.263554
		54.892406	-2.923222
		54.980766	-1.615849
		51.512161	-0.116215
		51.289406	1.075802
		
c	9 3 4 5 11 12 10 8 7 6 0 1 14 13 2 15	2483.19065421567	0.751680934578433	9	3	4	5	11	12	10	8	7	6	0	1	14	13	2	15		
		55.958426	-3.186893
		53.803895	-1.549931
		53.478239	-2.258549
		53.409532	-3.000126
		51.488224	-3.186893
		51.624837	-3.94495
		55.862982	-4.263554
		54.892406	-2.923222
		54.980766	-1.615849
		53.751959	-0.335941
		52.486125	-1.890507
		51.460852	-2.588139
		50.152266	-5.065556
		50.726024	-3.543949
		51.512161	-0.116215
		51.289406	1.075802
		
c	1 2 11 12 14 13 5 10 9 6 7 8 3 4 0 15	2513.68479159001	0.748631520840999	1	2	11	12	14	13	5	10	9	6	7	8	3	4	0	15		
		51.460852	-2.588139
		51.512161	-0.116215
		51.488224	-3.186893
		51.624837	-3.94495
		50.152266	-5.065556
		50.726024	-3.543949
		53.409532	-3.000126
		55.862982	-4.263554
		55.958426	-3.186893
		53.751959	-0.335941
		54.980766	-1.615849
		54.892406	-2.923222
		53.803895	-1.549931
		53.478239	-2.258549
		52.486125	-1.890507
		51.289406	1.075802
		
c	12 6 10 9 8 3 7 4 5 0 1 11 14 13 2 15	2330.87707037075	0.766912292962925	12	6	10	9	8	3	7	4	5	0	1	11	14	13	2	15		
		51.624837	-3.94495
		53.751959	-0.335941
		55.862982	-4.263554
		55.958426	-3.186893
		54.892406	-2.923222
		53.803895	-1.549931
		54.980766	-1.615849
		53.478239	-2.258549
		53.409532	-3.000126
		52.486125	-1.890507
		51.460852	-2.588139
		51.488224	-3.186893
		50.152266	-5.065556
		50.726024	-3.543949
		51.512161	-0.116215
		51.289406	1.075802
		
c	13 4 10 9 8 7 3 6 5 0 1 11 12 14 2 15	2269.17971858053	0.773082028141947	13	4	10	9	8	7	3	6	5	0	1	11	12	14	2	15		
		50.726024	-3.543949
		53.478239	-2.258549
		55.862982	-4.263554
		55.958426	-3.186893
		54.892406	-2.923222
		54.980766	-1.615849
		53.803895	-1.549931
		53.751959	-0.335941
		53.409532	-3.000126
		52.486125	-1.890507
		51.460852	-2.588139
		51.488224	-3.186893
		51.624837	-3.94495
		50.152266	-5.065556
		51.512161	-0.116215
		51.289406	1.075802
		
c	0 12 14 13 10 9 8 2 4 6 3 5 1 7 11 15	3549.25338637631	0.645074661362369	0	12	14	13	10	9	8	2	4	6	3	5	1	7	11	15		
		52.486125	-1.890507
		51.624837	-3.94495
		50.152266	-5.065556
		50.726024	-3.543949
		55.862982	-4.263554
		55.958426	-3.186893
		54.892406	-2.923222
		51.512161	-0.116215
		53.478239	-2.258549
		53.751959	-0.335941
		53.803895	-1.549931
		53.409532	-3.000126
		51.460852	-2.588139
		54.980766	-1.615849
		51.488224	-3.186893
		51.289406	1.075802
		
c	8 7 3 6 4 5 0 14 13 11 9 10 12 1 2 15	2545.88885170985	0.745411114829015	8	7	3	6	4	5	0	14	13	11	9	10	12	1	2	15		
		54.892406	-2.923222
		54.980766	-1.615849
		53.803895	-1.549931
		53.751959	-0.335941
		53.478239	-2.258549
		53.409532	-3.000126
		52.486125	-1.890507
		50.152266	-5.065556
		50.726024	-3.543949
		51.488224	-3.186893
		55.958426	-3.186893
		55.862982	-4.263554
		51.624837	-3.94495
		51.460852	-2.588139
		51.512161	-0.116215
		51.289406	1.075802
		
c	9 11 0 6 4 5 10 8 7 3 12 14 13 1 2 15	2591.96107384812	0.740803892615188	9	11	0	6	4	5	10	8	7	3	12	14	13	1	2	15		
		55.958426	-3.186893
		51.488224	-3.186893
		52.486125	-1.890507
		53.751959	-0.335941
		53.478239	-2.258549
		53.409532	-3.000126
		55.862982	-4.263554
		54.892406	-2.923222
		54.980766	-1.615849
		53.803895	-1.549931
		51.624837	-3.94495
		50.152266	-5.065556
		50.726024	-3.543949
		51.460852	-2.588139
		51.512161	-0.116215
		51.289406	1.075802
		
c	9 8 7 3 6 11 12 14 13 10 4 5 0 1 2 15	2518.5797852247	0.74814202147753	9	8	7	3	6	11	12	14	13	10	4	5	0	1	2	15		
		55.958426	-3.186893
		54.892406	-2.923222
		54.980766	-1.615849
		53.803895	-1.549931
		53.751959	-0.335941
		51.488224	-3.186893
		51.624837	-3.94495
		50.152266	-5.065556
		50.726024	-3.543949
		55.862982	-4.263554
		53.478239	-2.258549
		53.409532	-3.000126
		52.486125	-1.890507
		51.460852	-2.588139
		51.512161	-0.116215
		51.289406	1.075802
		
c	7 5 0 1 11 12 4 10 9 8 3 6 14 13 2 15	2472.28636988487	0.752771363011513	7	5	0	1	11	12	4	10	9	8	3	6	14	13	2	15		
		54.980766	-1.615849
		53.409532	-3.000126
		52.486125	-1.890507
		51.460852	-2.588139
		51.488224	-3.186893
		51.624837	-3.94495
		53.478239	-2.258549
		55.862982	-4.263554
		55.958426	-3.186893
		54.892406	-2.923222
		53.803895	-1.549931
		53.751959	-0.335941
		50.152266	-5.065556
		50.726024	-3.543949
		51.512161	-0.116215
		51.289406	1.075802
		
c	3 6 11 12 10 9 8 7 4 5 0 14 13 1 2 15	2372.34088857267	0.762765911142733	3	6	11	12	10	9	8	7	4	5	0	14	13	1	2	15		
		53.803895	-1.549931
		53.751959	-0.335941
		51.488224	-3.186893
		51.624837	-3.94495
		55.862982	-4.263554
		55.958426	-3.186893
		54.892406	-2.923222
		54.980766	-1.615849
		53.478239	-2.258549
		53.409532	-3.000126
		52.486125	-1.890507
		50.152266	-5.065556
		50.726024	-3.543949
		51.460852	-2.588139
		51.512161	-0.116215
		51.289406	1.075802
		
c	3 11 12 14 13 2 10 9 8 7 6 4 5 0 1 15	2568.61631737849	0.743138368262151	3	11	12	14	13	2	10	9	8	7	6	4	5	0	1	15		
		53.803895	-1.549931
		51.488224	-3.186893
		51.624837	-3.94495
		50.152266	-5.065556
		50.726024	-3.543949
		51.512161	-0.116215
		55.862982	-4.263554
		55.958426	-3.186893
		54.892406	-2.923222
		54.980766	-1.615849
		53.751959	-0.335941
		53.478239	-2.258549
		53.409532	-3.000126
		52.486125	-1.890507
		51.460852	-2.588139
		51.289406	1.075802
		
c	3 4 5 0 10 9 8 7 6 1 11 12 14 13 2 15	2113.7381491713	0.78862618508287	3	4	5	0	10	9	8	7	6	1	11	12	14	13	2	15		
		53.803895	-1.549931
		53.478239	-2.258549
		53.409532	-3.000126
		52.486125	-1.890507
		55.862982	-4.263554
		55.958426	-3.186893
		54.892406	-2.923222
		54.980766	-1.615849
		53.751959	-0.335941
		51.460852	-2.588139
		51.488224	-3.186893
		51.624837	-3.94495
		50.152266	-5.065556
		50.726024	-3.543949
		51.512161	-0.116215
		51.289406	1.075802
		
c	9 10 8 7 3 12 14 13 5 0 6 4 11 1 2 15	2279.93673299551	0.772006326700449	9	10	8	7	3	12	14	13	5	0	6	4	11	1	2	15		
		55.958426	-3.186893
		55.862982	-4.263554
		54.892406	-2.923222
		54.980766	-1.615849
		53.803895	-1.549931
		51.624837	-3.94495
		50.152266	-5.065556
		50.726024	-3.543949
		53.409532	-3.000126
		52.486125	-1.890507
		53.751959	-0.335941
		53.478239	-2.258549
		51.488224	-3.186893
		51.460852	-2.588139
		51.512161	-0.116215
		51.289406	1.075802
		
c	7 14 13 2 10 9 8 3 6 4 5 0 11 12 1 15	2792.36943949521	0.720763056050479	7	14	13	2	10	9	8	3	6	4	5	0	11	12	1	15		
		54.980766	-1.615849
		50.152266	-5.065556
		50.726024	-3.543949
		51.512161	-0.116215
		55.862982	-4.263554
		55.958426	-3.186893
		54.892406	-2.923222
		53.803895	-1.549931
		53.751959	-0.335941
		53.478239	-2.258549
		53.409532	-3.000126
		52.486125	-1.890507
		51.488224	-3.186893
		51.624837	-3.94495
		51.460852	-2.588139
		51.289406	1.075802
		
c	10 9 8 3 7 4 5 0 1 11 14 13 6 12 2 15	2398.07745000144	0.760192254999856	10	9	8	3	7	4	5	0	1	11	14	13	6	12	2	15		
		55.862982	-4.263554
		55.958426	-3.186893
		54.892406	-2.923222
		53.803895	-1.549931
		54.980766	-1.615849
		53.478239	-2.258549
		53.409532	-3.000126
		52.486125	-1.890507
		51.460852	-2.588139
		51.488224	-3.186893
		50.152266	-5.065556
		50.726024	-3.543949
		53.751959	-0.335941
		51.624837	-3.94495
		51.512161	-0.116215
		51.289406	1.075802
		
c	11 12 1 14 3 4 10 9 8 5 0 7 6 13 2 15	2862.10694575801	0.713789305424199	11	12	1	14	3	4	10	9	8	5	0	7	6	13	2	15		
		51.488224	-3.186893
		51.624837	-3.94495
		51.460852	-2.588139
		50.152266	-5.065556
		53.803895	-1.549931
		53.478239	-2.258549
		55.862982	-4.263554
		55.958426	-3.186893
		54.892406	-2.923222
		53.409532	-3.000126
		52.486125	-1.890507
		54.980766	-1.615849
		53.751959	-0.335941
		50.726024	-3.543949
		51.512161	-0.116215
		51.289406	1.075802
		
c	8 7 3 6 4 5 0 1 11 12 14 13 10 9 2 15	2389.87206027338	0.761012793972662	8	7	3	6	4	5	0	1	11	12	14	13	10	9	2	15		
		54.892406	-2.923222
		54.980766	-1.615849
		53.803895	-1.549931
		53.751959	-0.335941
		53.478239	-2.258549
		53.409532	-3.000126
		52.486125	-1.890507
		51.460852	-2.588139
		51.488224	-3.186893
		51.624837	-3.94495
		50.152266	-5.065556
		50.726024	-3.543949
		55.862982	-4.263554
		55.958426	-3.186893
		51.512161	-0.116215
		51.289406	1.075802
		
c	4 5 0 9 10 8 7 6 12 11 1 14 3 13 2 15	2863.94410996063	0.713605589003937	4	5	0	9	10	8	7	6	12	11	1	14	3	13	2	15		
		53.478239	-2.258549
		53.409532	-3.000126
		52.486125	-1.890507
		55.958426	-3.186893
		55.862982	-4.263554
		54.892406	-2.923222
		54.980766	-1.615849
		53.751959	-0.335941
		51.624837	-3.94495
		51.488224	-3.186893
		51.460852	-2.588139
		50.152266	-5.065556
		53.803895	-1.549931
		50.726024	-3.543949
		51.512161	-0.116215
		51.289406	1.075802
		
c	2 6 4 5 0 1 14 12 10 9 8 3 7 11 13 15	2848.68134400107	0.715131865599893	2	6	4	5	0	1	14	12	10	9	8	3	7	11	13	15		
		51.512161	-0.116215
		53.751959	-0.335941
		53.478239	-2.258549
		53.409532	-3.000126
		52.486125	-1.890507
		51.460852	-2.588139
		50.152266	-5.065556
		51.624837	-3.94495
		55.862982	-4.263554
		55.958426	-3.186893
		54.892406	-2.923222
		53.803895	-1.549931
		54.980766	-1.615849
		51.488224	-3.186893
		50.726024	-3.543949
		51.289406	1.075802
		
c	5 11 0 6 9 10 8 7 3 1 4 12 14 13 2 15	2635.38873152544	0.736461126847456	5	11	0	6	9	10	8	7	3	1	4	12	14	13	2	15		
		53.409532	-3.000126
		51.488224	-3.186893
		52.486125	-1.890507
		53.751959	-0.335941
		55.958426	-3.186893
		55.862982	-4.263554
		54.892406	-2.923222
		54.980766	-1.615849
		53.803895	-1.549931
		51.460852	-2.588139
		53.478239	-2.258549
		51.624837	-3.94495
		50.152266	-5.065556
		50.726024	-3.543949
		51.512161	-0.116215
		51.289406	1.075802
		
c	14 3 7 4 0 1 2 11 12 13 5 10 9 8 6 15	2827.14896333548	0.717285103666452	14	3	7	4	0	1	2	11	12	13	5	10	9	8	6	15		
		50.152266	-5.065556
		53.803895	-1.549931
		54.980766	-1.615849
		53.478239	-2.258549
		52.486125	-1.890507
		51.460852	-2.588139
		51.512161	-0.116215
		51.488224	-3.186893
		51.624837	-3.94495
		50.726024	-3.543949
		53.409532	-3.000126
		55.862982	-4.263554
		55.958426	-3.186893
		54.892406	-2.923222
		53.751959	-0.335941
		51.289406	1.075802
		
c	2 7 3 11 12 14 10 9 6 8 5 4 0 1 13 15	3152.85100798273	0.684714899201727	2	7	3	11	12	14	10	9	6	8	5	4	0	1	13	15		
		51.512161	-0.116215
		54.980766	-1.615849
		53.803895	-1.549931
		51.488224	-3.186893
		51.624837	-3.94495
		50.152266	-5.065556
		55.862982	-4.263554
		55.958426	-3.186893
		53.751959	-0.335941
		54.892406	-2.923222
		53.409532	-3.000126
		53.478239	-2.258549
		52.486125	-1.890507
		51.460852	-2.588139
		50.726024	-3.543949
		51.289406	1.075802
		
c	3 6 4 5 0 12 11 14 13 2 9 10 8 7 1 15	2664.86089626287	0.733513910373713	3	6	4	5	0	12	11	14	13	2	9	10	8	7	1	15		
		53.803895	-1.549931
		53.751959	-0.335941
		53.478239	-2.258549
		53.409532	-3.000126
		52.486125	-1.890507
		51.624837	-3.94495
		51.488224	-3.186893
		50.152266	-5.065556
		50.726024	-3.543949
		51.512161	-0.116215
		55.958426	-3.186893
		55.862982	-4.263554
		54.892406	-2.923222
		54.980766	-1.615849
		51.460852	-2.588139
		51.289406	1.075802
		
c	1 7 4 0 11 12 14 13 10 9 5 6 8 3 2 15	3009.61050111955	0.699038949888045	1	7	4	0	11	12	14	13	10	9	5	6	8	3	2	15		
		51.460852	-2.588139
		54.980766	-1.615849
		53.478239	-2.258549
		52.486125	-1.890507
		51.488224	-3.186893
		51.624837	-3.94495
		50.152266	-5.065556
		50.726024	-3.543949
		55.862982	-4.263554
		55.958426	-3.186893
		53.409532	-3.000126
		53.751959	-0.335941
		54.892406	-2.923222
		53.803895	-1.549931
		51.512161	-0.116215
		51.289406	1.075802
		
c	12 14 13 5 0 6 4 11 1 2 10 9 8 7 3 15	2771.55714863725	0.722844285136275	12	14	13	5	0	6	4	11	1	2	10	9	8	7	3	15		
		51.624837	-3.94495
		50.152266	-5.065556
		50.726024	-3.543949
		53.409532	-3.000126
		52.486125	-1.890507
		53.751959	-0.335941
		53.478239	-2.258549
		51.488224	-3.186893
		51.460852	-2.588139
		51.512161	-0.116215
		55.862982	-4.263554
		55.958426	-3.186893
		54.892406	-2.923222
		54.980766	-1.615849
		53.803895	-1.549931
		51.289406	1.075802
		
c	1 11 12 4 10 9 8 7 3 6 2 5 14 13 0 15	2630.11474526701	0.736988525473299	1	11	12	4	10	9	8	7	3	6	2	5	14	13	0	15		
		51.460852	-2.588139
		51.488224	-3.186893
		51.624837	-3.94495
		53.478239	-2.258549
		55.862982	-4.263554
		55.958426	-3.186893
		54.892406	-2.923222
		54.980766	-1.615849
		53.803895	-1.549931
		53.751959	-0.335941
		51.512161	-0.116215
		53.409532	-3.000126
		50.152266	-5.065556
		50.726024	-3.543949
		52.486125	-1.890507
		51.289406	1.075802
		
c	7 8 3 4 5 6 11 0 9 10 12 14 13 1 2 15	2586.7310651373	0.74132689348627	7	8	3	4	5	6	11	0	9	10	12	14	13	1	2	15		
		54.980766	-1.615849
		54.892406	-2.923222
		53.803895	-1.549931
		53.478239	-2.258549
		53.409532	-3.000126
		53.751959	-0.335941
		51.488224	-3.186893
		52.486125	-1.890507
		55.958426	-3.186893
		55.862982	-4.263554
		51.624837	-3.94495
		50.152266	-5.065556
		50.726024	-3.543949
		51.460852	-2.588139
		51.512161	-0.116215
		51.289406	1.075802
		
c	4 5 0 9 10 8 7 6 11 12 14 13 1 2 3 15	2579.33605760914	0.742066394239086	4	5	0	9	10	8	7	6	11	12	14	13	1	2	3	15		
		53.478239	-2.258549
		53.409532	-3.000126
		52.486125	-1.890507
		55.958426	-3.186893
		55.862982	-4.263554
		54.892406	-2.923222
		54.980766	-1.615849
		53.751959	-0.335941
		51.488224	-3.186893
		51.624837	-3.94495
		50.152266	-5.065556
		50.726024	-3.543949
		51.460852	-2.588139
		51.512161	-0.116215
		53.803895	-1.549931
		51.289406	1.075802
		
c	11 0 12 14 13 10 9 8 7 4 6 3 5 1 2 15	2427.75602308977	0.757224397691023	11	0	12	14	13	10	9	8	7	4	6	3	5	1	2	15		
		51.488224	-3.186893
		52.486125	-1.890507
		51.624837	-3.94495
		50.152266	-5.065556
		50.726024	-3.543949
		55.862982	-4.263554
		55.958426	-3.186893
		54.892406	-2.923222
		54.980766	-1.615849
		53.478239	-2.258549
		53.751959	-0.335941
		53.803895	-1.549931
		53.409532	-3.000126
		51.460852	-2.588139
		51.512161	-0.116215
		51.289406	1.075802
		
c	8 7 12 14 13 4 10 9 3 6 0 11 1 5 2 15	2768.23107191192	0.723176892808808	8	7	12	14	13	4	10	9	3	6	0	11	1	5	2	15		
		54.892406	-2.923222
		54.980766	-1.615849
		51.624837	-3.94495
		50.152266	-5.065556
		50.726024	-3.543949
		53.478239	-2.258549
		55.862982	-4.263554
		55.958426	-3.186893
		53.803895	-1.549931
		53.751959	-0.335941
		52.486125	-1.890507
		51.488224	-3.186893
		51.460852	-2.588139
		53.409532	-3.000126
		51.512161	-0.116215
		51.289406	1.075802
		
c	6 4 5 0 9 10 8 7 3 11 12 14 13 1 2 15	2126.83040344759	0.787316959655241	6	4	5	0	9	10	8	7	3	11	12	14	13	1	2	15		
		53.751959	-0.335941
		53.478239	-2.258549
		53.409532	-3.000126
		52.486125	-1.890507
		55.958426	-3.186893
		55.862982	-4.263554
		54.892406	-2.923222
		54.980766	-1.615849
		53.803895	-1.549931
		51.488224	-3.186893
		51.624837	-3.94495
		50.152266	-5.065556
		50.726024	-3.543949
		51.460852	-2.588139
		51.512161	-0.116215
		51.289406	1.075802
		
c	10 8 7 6 3 4 5 0 1 11 12 14 13 2 9 15	2601.9925357006	0.73980074642994	10	8	7	6	3	4	5	0	1	11	12	14	13	2	9	15		
		55.862982	-4.263554
		54.892406	-2.923222
		54.980766	-1.615849
		53.751959	-0.335941
		53.803895	-1.549931
		53.478239	-2.258549
		53.409532	-3.000126
		52.486125	-1.890507
		51.460852	-2.588139
		51.488224	-3.186893
		51.624837	-3.94495
		50.152266	-5.065556
		50.726024	-3.543949
		51.512161	-0.116215
		55.958426	-3.186893
		51.289406	1.075802
		
c	14 2 13 1 6 5 0 11 12 10 9 8 7 3 4 15	2804.93457143849	0.719506542856151	14	2	13	1	6	5	0	11	12	10	9	8	7	3	4	15		
		50.152266	-5.065556
		51.512161	-0.116215
		50.726024	-3.543949
		51.460852	-2.588139
		53.751959	-0.335941
		53.409532	-3.000126
		52.486125	-1.890507
		51.488224	-3.186893
		51.624837	-3.94495
		55.862982	-4.263554
		55.958426	-3.186893
		54.892406	-2.923222
		54.980766	-1.615849
		53.803895	-1.549931
		53.478239	-2.258549
		51.289406	1.075802
		
c	1 10 12 14 13 5 4 11 9 8 6 7 3 0 2 15	3375.89582123379	0.662410417876621	1	10	12	14	13	5	4	11	9	8	6	7	3	0	2	15		
		51.460852	-2.588139
		55.862982	-4.263554
		51.624837	-3.94495
		50.152266	-5.065556
		50.726024	-3.543949
		53.409532	-3.000126
		53.478239	-2.258549
		51.488224	-3.186893
		55.958426	-3.186893
		54.892406	-2.923222
		53.751959	-0.335941
		54.980766	-1.615849
		53.803895	-1.549931
		52.486125	-1.890507
		51.512161	-0.116215
		51.289406	1.075802
		
c	6 3 4 5 0 9 1 11 12 14 13 10 8 7 2 15	2894.5119065333	0.71054880934667	6	3	4	5	0	9	1	11	12	14	13	10	8	7	2	15		
		53.751959	-0.335941
		53.803895	-1.549931
		53.478239	-2.258549
		53.409532	-3.000126
		52.486125	-1.890507
		55.958426	-3.186893
		51.460852	-2.588139
		51.488224	-3.186893
		51.624837	-3.94495
		50.152266	-5.065556
		50.726024	-3.543949
		55.862982	-4.263554
		54.892406	-2.923222
		54.980766	-1.615849
		51.512161	-0.116215
		51.289406	1.075802
		
c	8 6 7 3 10 9 4 5 0 1 11 12 14 13 2 15	2182.61987386131	0.781738012613869	8	6	7	3	10	9	4	5	0	1	11	12	14	13	2	15		
		54.892406	-2.923222
		53.751959	-0.335941
		54.980766	-1.615849
		53.803895	-1.549931
		55.862982	-4.263554
		55.958426	-3.186893
		53.478239	-2.258549
		53.409532	-3.000126
		52.486125	-1.890507
		51.460852	-2.588139
		51.488224	-3.186893
		51.624837	-3.94495
		50.152266	-5.065556
		50.726024	-3.543949
		51.512161	-0.116215
		51.289406	1.075802
		
c	1 10 9 8 7 3 6 4 5 0 12 11 14 13 2 15	2180.75005129161	0.781924994870839	1	10	9	8	7	3	6	4	5	0	12	11	14	13	2	15		
		51.460852	-2.588139
		55.862982	-4.263554
		55.958426	-3.186893
		54.892406	-2.923222
		54.980766	-1.615849
		53.803895	-1.549931
		53.751959	-0.335941
		53.478239	-2.258549
		53.409532	-3.000126
		52.486125	-1.890507
		51.624837	-3.94495
		51.488224	-3.186893
		50.152266	-5.065556
		50.726024	-3.543949
		51.512161	-0.116215
		51.289406	1.075802
		
c	7 3 6 4 5 0 12 14 13 1 2 10 9 8 11 15	2689.84566455381	0.731015433544619	7	3	6	4	5	0	12	14	13	1	2	10	9	8	11	15		
		54.980766	-1.615849
		53.803895	-1.549931
		53.751959	-0.335941
		53.478239	-2.258549
		53.409532	-3.000126
		52.486125	-1.890507
		51.624837	-3.94495
		50.152266	-5.065556
		50.726024	-3.543949
		51.460852	-2.588139
		51.512161	-0.116215
		55.862982	-4.263554
		55.958426	-3.186893
		54.892406	-2.923222
		51.488224	-3.186893
		51.289406	1.075802
		
c	12 9 10 8 7 6 3 4 5 0 1 11 14 13 2 15	2079.11481994772	0.792088518005228	12	9	10	8	7	6	3	4	5	0	1	11	14	13	2	15		
		51.624837	-3.94495
		55.958426	-3.186893
		55.862982	-4.263554
		54.892406	-2.923222
		54.980766	-1.615849
		53.751959	-0.335941
		53.803895	-1.549931
		53.478239	-2.258549
		53.409532	-3.000126
		52.486125	-1.890507
		51.460852	-2.588139
		51.488224	-3.186893
		50.152266	-5.065556
		50.726024	-3.543949
		51.512161	-0.116215
		51.289406	1.075802
		
c	8 7 6 4 5 0 1 14 12 10 9 3 11 13 2 15	2593.50160591184	0.740649839408816	8	7	6	4	5	0	1	14	12	10	9	3	11	13	2	15		
		54.892406	-2.923222
		54.980766	-1.615849
		53.751959	-0.335941
		53.478239	-2.258549
		53.409532	-3.000126
		52.486125	-1.890507
		51.460852	-2.588139
		50.152266	-5.065556
		51.624837	-3.94495
		55.862982	-4.263554
		55.958426	-3.186893
		53.803895	-1.549931
		51.488224	-3.186893
		50.726024	-3.543949
		51.512161	-0.116215
		51.289406	1.075802
		
c	14 13 6 8 0 12 9 10 7 3 4 11 5 1 2 15	3038.87600937505	0.696112399062494	14	13	6	8	0	12	9	10	7	3	4	11	5	1	2	15		
		50.152266	-5.065556
		50.726024	-3.543949
		53.751959	-0.335941
		54.892406	-2.923222
		52.486125	-1.890507
		51.624837	-3.94495
		55.958426	-3.186893
		55.862982	-4.263554
		54.980766	-1.615849
		53.803895	-1.549931
		53.478239	-2.258549
		51.488224	-3.186893
		53.409532	-3.000126
		51.460852	-2.588139
		51.512161	-0.116215
		51.289406	1.075802
		
c	5 0 1 11 7 3 6 12 14 13 10 9 8 4 2 15	2823.63462282137	0.717636537717863	5	0	1	11	7	3	6	12	14	13	10	9	8	4	2	15		
		53.409532	-3.000126
		52.486125	-1.890507
		51.460852	-2.588139
		51.488224	-3.186893
		54.980766	-1.615849
		53.803895	-1.549931
		53.751959	-0.335941
		51.624837	-3.94495
		50.152266	-5.065556
		50.726024	-3.543949
		55.862982	-4.263554
		55.958426	-3.186893
		54.892406	-2.923222
		53.478239	-2.258549
		51.512161	-0.116215
		51.289406	1.075802
		
c	12 14 13 1 2 10 9 8 7 6 3 4 5 0 11 15	2324.67598034644	0.767532401965356	12	14	13	1	2	10	9	8	7	6	3	4	5	0	11	15		
		51.624837	-3.94495
		50.152266	-5.065556
		50.726024	-3.543949
		51.460852	-2.588139
		51.512161	-0.116215
		55.862982	-4.263554
		55.958426	-3.186893
		54.892406	-2.923222
		54.980766	-1.615849
		53.751959	-0.335941
		53.803895	-1.549931
		53.478239	-2.258549
		53.409532	-3.000126
		52.486125	-1.890507
		51.488224	-3.186893
		51.289406	1.075802
		
c	10 9 8 4 6 7 3 5 0 1 11 12 14 13 2 15	1871.51069963863	0.812848930036137	10	9	8	4	6	7	3	5	0	1	11	12	14	13	2	15		
		55.862982	-4.263554
		55.958426	-3.186893
		54.892406	-2.923222
		53.478239	-2.258549
		53.751959	-0.335941
		54.980766	-1.615849
		53.803895	-1.549931
		53.409532	-3.000126
		52.486125	-1.890507
		51.460852	-2.588139
		51.488224	-3.186893
		51.624837	-3.94495
		50.152266	-5.065556
		50.726024	-3.543949
		51.512161	-0.116215
		51.289406	1.075802
		
c	11 12 14 13 10 9 8 7 6 3 4 5 0 1 2 15	2062.87979652334	0.793712020347666	11	12	14	13	10	9	8	7	6	3	4	5	0	1	2	15		
		51.488224	-3.186893
		51.624837	-3.94495
		50.152266	-5.065556
		50.726024	-3.543949
		55.862982	-4.263554
		55.958426	-3.186893
		54.892406	-2.923222
		54.980766	-1.615849
		53.751959	-0.335941
		53.803895	-1.549931
		53.478239	-2.258549
		53.409532	-3.000126
		52.486125	-1.890507
		51.460852	-2.588139
		51.512161	-0.116215
		51.289406	1.075802
		
c	12 9 10 8 11 14 13 6 7 3 4 5 0 1 2 15	2700.9598761815	0.72990401238185	12	9	10	8	11	14	13	6	7	3	4	5	0	1	2	15		
		51.624837	-3.94495
		55.958426	-3.186893
		55.862982	-4.263554
		54.892406	-2.923222
		51.488224	-3.186893
		50.152266	-5.065556
		50.726024	-3.543949
		53.751959	-0.335941
		54.980766	-1.615849
		53.803895	-1.549931
		53.478239	-2.258549
		53.409532	-3.000126
		52.486125	-1.890507
		51.460852	-2.588139
		51.512161	-0.116215
		51.289406	1.075802
		
c	11 3 4 5 0 9 10 8 7 6 12 14 13 1 2 15	2369.04925086349	0.763095074913651	11	3	4	5	0	9	10	8	7	6	12	14	13	1	2	15		
		51.488224	-3.186893
		53.803895	-1.549931
		53.478239	-2.258549
		53.409532	-3.000126
		52.486125	-1.890507
		55.958426	-3.186893
		55.862982	-4.263554
		54.892406	-2.923222
		54.980766	-1.615849
		53.751959	-0.335941
		51.624837	-3.94495
		50.152266	-5.065556
		50.726024	-3.543949
		51.460852	-2.588139
		51.512161	-0.116215
		51.289406	1.075802
		
c	5 11 12 14 13 10 9 8 7 6 3 4 0 1 2 15	2213.46188583559	0.778653811416441	5	11	12	14	13	10	9	8	7	6	3	4	0	1	2	15		
		53.409532	-3.000126
		51.488224	-3.186893
		51.624837	-3.94495
		50.152266	-5.065556
		50.726024	-3.543949
		55.862982	-4.263554
		55.958426	-3.186893
		54.892406	-2.923222
		54.980766	-1.615849
		53.751959	-0.335941
		53.803895	-1.549931
		53.478239	-2.258549
		52.486125	-1.890507
		51.460852	-2.588139
		51.512161	-0.116215
		51.289406	1.075802
		
c	8 7 3 6 10 9 4 5 0 11 12 14 13 1 2 15	2032.20723924881	0.796779276075119	8	7	3	6	10	9	4	5	0	11	12	14	13	1	2	15		
		54.892406	-2.923222
		54.980766	-1.615849
		53.803895	-1.549931
		53.751959	-0.335941
		55.862982	-4.263554
		55.958426	-3.186893
		53.478239	-2.258549
		53.409532	-3.000126
		52.486125	-1.890507
		51.488224	-3.186893
		51.624837	-3.94495
		50.152266	-5.065556
		50.726024	-3.543949
		51.460852	-2.588139
		51.512161	-0.116215
		51.289406	1.075802
		
c	0 1 11 9 12 14 13 10 8 7 6 3 4 5 2 15	2970.43278398084	0.702956721601916	0	1	11	9	12	14	13	10	8	7	6	3	4	5	2	15		
		52.486125	-1.890507
		51.460852	-2.588139
		51.488224	-3.186893
		55.958426	-3.186893
		51.624837	-3.94495
		50.152266	-5.065556
		50.726024	-3.543949
		55.862982	-4.263554
		54.892406	-2.923222
		54.980766	-1.615849
		53.751959	-0.335941
		53.803895	-1.549931
		53.478239	-2.258549
		53.409532	-3.000126
		51.512161	-0.116215
		51.289406	1.075802
		
c	6 10 9 8 3 7 14 13 2 4 5 0 11 12 1 15	2763.99121264765	0.723600878735235	6	10	9	8	3	7	14	13	2	4	5	0	11	12	1	15		
		53.751959	-0.335941
		55.862982	-4.263554
		55.958426	-3.186893
		54.892406	-2.923222
		53.803895	-1.549931
		54.980766	-1.615849
		50.152266	-5.065556
		50.726024	-3.543949
		51.512161	-0.116215
		53.478239	-2.258549
		53.409532	-3.000126
		52.486125	-1.890507
		51.488224	-3.186893
		51.624837	-3.94495
		51.460852	-2.588139
		51.289406	1.075802
		
c	1 2 10 9 8 7 3 6 4 5 0 11 12 14 13 15	2348.76813790751	0.765123186209249	1	2	10	9	8	7	3	6	4	5	0	11	12	14	13	15		
		51.460852	-2.588139
		51.512161	-0.116215
		55.862982	-4.263554
		55.958426	-3.186893
		54.892406	-2.923222
		54.980766	-1.615849
		53.803895	-1.549931
		53.751959	-0.335941
		53.478239	-2.258549
		53.409532	-3.000126
		52.486125	-1.890507
		51.488224	-3.186893
		51.624837	-3.94495
		50.152266	-5.065556
		50.726024	-3.543949
		51.289406	1.075802
		
c	8 3 4 5 0 1 11 12 14 7 2 13 10 9 6 15	3262.24556817353	0.673775443182647	8	3	4	5	0	1	11	12	14	7	2	13	10	9	6	15		
		54.892406	-2.923222
		53.803895	-1.549931
		53.478239	-2.258549
		53.409532	-3.000126
		52.486125	-1.890507
		51.460852	-2.588139
		51.488224	-3.186893
		51.624837	-3.94495
		50.152266	-5.065556
		54.980766	-1.615849
		51.512161	-0.116215
		50.726024	-3.543949
		55.862982	-4.263554
		55.958426	-3.186893
		53.751959	-0.335941
		51.289406	1.075802
		
c	9 8 7 3 6 4 5 0 11 12 14 13 10 2 1 15	2779.84906034637	0.722015093965363	9	8	7	3	6	4	5	0	11	12	14	13	10	2	1	15		
		55.958426	-3.186893
		54.892406	-2.923222
		54.980766	-1.615849
		53.803895	-1.549931
		53.751959	-0.335941
		53.478239	-2.258549
		53.409532	-3.000126
		52.486125	-1.890507
		51.488224	-3.186893
		51.624837	-3.94495
		50.152266	-5.065556
		50.726024	-3.543949
		55.862982	-4.263554
		51.512161	-0.116215
		51.460852	-2.588139
		51.289406	1.075802
		
c	12 14 13 5 4 10 9 8 7 3 11 6 0 1 2 15	2507.71547368243	0.749228452631757	12	14	13	5	4	10	9	8	7	3	11	6	0	1	2	15		
		51.624837	-3.94495
		50.152266	-5.065556
		50.726024	-3.543949
		53.409532	-3.000126
		53.478239	-2.258549
		55.862982	-4.263554
		55.958426	-3.186893
		54.892406	-2.923222
		54.980766	-1.615849
		53.803895	-1.549931
		51.488224	-3.186893
		53.751959	-0.335941
		52.486125	-1.890507
		51.460852	-2.588139
		51.512161	-0.116215
		51.289406	1.075802
		
c	9 8 7 3 2 6 4 5 0 1 11 12 10 14 13 15	2946.78444707226	0.705321555292774	9	8	7	3	2	6	4	5	0	1	11	12	10	14	13	15		
		55.958426	-3.186893
		54.892406	-2.923222
		54.980766	-1.615849
		53.803895	-1.549931
		51.512161	-0.116215
		53.751959	-0.335941
		53.478239	-2.258549
		53.409532	-3.000126
		52.486125	-1.890507
		51.460852	-2.588139
		51.488224	-3.186893
		51.624837	-3.94495
		55.862982	-4.263554
		50.152266	-5.065556
		50.726024	-3.543949
		51.289406	1.075802
		
c	13 10 9 8 7 6 3 4 0 1 2 11 12 14 5 15	2753.00004278509	0.724699995721491	13	10	9	8	7	6	3	4	0	1	2	11	12	14	5	15		
		50.726024	-3.543949
		55.862982	-4.263554
		55.958426	-3.186893
		54.892406	-2.923222
		54.980766	-1.615849
		53.751959	-0.335941
		53.803895	-1.549931
		53.478239	-2.258549
		52.486125	-1.890507
		51.460852	-2.588139
		51.512161	-0.116215
		51.488224	-3.186893
		51.624837	-3.94495
		50.152266	-5.065556
		53.409532	-3.000126
		51.289406	1.075802
		
c	8 3 7 4 5 0 1 11 12 9 10 6 14 13 2 15	2727.0891978909	0.72729108021091	8	3	7	4	5	0	1	11	12	9	10	6	14	13	2	15		
		54.892406	-2.923222
		53.803895	-1.549931
		54.980766	-1.615849
		53.478239	-2.258549
		53.409532	-3.000126
		52.486125	-1.890507
		51.460852	-2.588139
		51.488224	-3.186893
		51.624837	-3.94495
		55.958426	-3.186893
		55.862982	-4.263554
		53.751959	-0.335941
		50.152266	-5.065556
		50.726024	-3.543949
		51.512161	-0.116215
		51.289406	1.075802
		
c	7 6 11 8 3 4 5 0 9 10 12 14 13 1 2 15	2846.12278594272	0.715387721405728	7	6	11	8	3	4	5	0	9	10	12	14	13	1	2	15		
		54.980766	-1.615849
		53.751959	-0.335941
		51.488224	-3.186893
		54.892406	-2.923222
		53.803895	-1.549931
		53.478239	-2.258549
		53.409532	-3.000126
		52.486125	-1.890507
		55.958426	-3.186893
		55.862982	-4.263554
		51.624837	-3.94495
		50.152266	-5.065556
		50.726024	-3.543949
		51.460852	-2.588139
		51.512161	-0.116215
		51.289406	1.075802
		
c	1 11 8 7 4 9 10 5 0 6 3 12 14 13 2 15	2632.06204994904	0.736793795005096	1	11	8	7	4	9	10	5	0	6	3	12	14	13	2	15		
		51.460852	-2.588139
		51.488224	-3.186893
		54.892406	-2.923222
		54.980766	-1.615849
		53.478239	-2.258549
		55.958426	-3.186893
		55.862982	-4.263554
		53.409532	-3.000126
		52.486125	-1.890507
		53.751959	-0.335941
		53.803895	-1.549931
		51.624837	-3.94495
		50.152266	-5.065556
		50.726024	-3.543949
		51.512161	-0.116215
		51.289406	1.075802
		
c	0 9 10 3 4 5 8 7 6 11 12 14 13 1 2 15	2309.48606531269	0.769051393468732	0	9	10	3	4	5	8	7	6	11	12	14	13	1	2	15		
		52.486125	-1.890507
		55.958426	-3.186893
		55.862982	-4.263554
		53.803895	-1.549931
		53.478239	-2.258549
		53.409532	-3.000126
		54.892406	-2.923222
		54.980766	-1.615849
		53.751959	-0.335941
		51.488224	-3.186893
		51.624837	-3.94495
		50.152266	-5.065556
		50.726024	-3.543949
		51.460852	-2.588139
		51.512161	-0.116215
		51.289406	1.075802
		
c	14 13 1 2 11 12 5 0 4 10 9 8 7 3 6 15	2184.82200452644	0.781517799547356	14	13	1	2	11	12	5	0	4	10	9	8	7	3	6	15		
		50.152266	-5.065556
		50.726024	-3.543949
		51.460852	-2.588139
		51.512161	-0.116215
		51.488224	-3.186893
		51.624837	-3.94495
		53.409532	-3.000126
		52.486125	-1.890507
		53.478239	-2.258549
		55.862982	-4.263554
		55.958426	-3.186893
		54.892406	-2.923222
		54.980766	-1.615849
		53.803895	-1.549931
		53.751959	-0.335941
		51.289406	1.075802
		
c	4 5 11 0 6 9 10 8 7 3 12 14 13 1 2 15	2267.49048754127	0.773250951245873	4	5	11	0	6	9	10	8	7	3	12	14	13	1	2	15		
		53.478239	-2.258549
		53.409532	-3.000126
		51.488224	-3.186893
		52.486125	-1.890507
		53.751959	-0.335941
		55.958426	-3.186893
		55.862982	-4.263554
		54.892406	-2.923222
		54.980766	-1.615849
		53.803895	-1.549931
		51.624837	-3.94495
		50.152266	-5.065556
		50.726024	-3.543949
		51.460852	-2.588139
		51.512161	-0.116215
		51.289406	1.075802
		
c	0 1 11 12 14 13 10 9 7 6 8 3 4 5 2 15	2317.7729342273	0.76822270657727	0	1	11	12	14	13	10	9	7	6	8	3	4	5	2	15		
		52.486125	-1.890507
		51.460852	-2.588139
		51.488224	-3.186893
		51.624837	-3.94495
		50.152266	-5.065556
		50.726024	-3.543949
		55.862982	-4.263554
		55.958426	-3.186893
		54.980766	-1.615849
		53.751959	-0.335941
		54.892406	-2.923222
		53.803895	-1.549931
		53.478239	-2.258549
		53.409532	-3.000126
		51.512161	-0.116215
		51.289406	1.075802
		
c	4 5 9 10 8 7 3 1 14 13 6 0 2 11 12 15	2730.93136862916	0.726906863137084	4	5	9	10	8	7	3	1	14	13	6	0	2	11	12	15		
		53.478239	-2.258549
		53.409532	-3.000126
		55.958426	-3.186893
		55.862982	-4.263554
		54.892406	-2.923222
		54.980766	-1.615849
		53.803895	-1.549931
		51.460852	-2.588139
		50.152266	-5.065556
		50.726024	-3.543949
		53.751959	-0.335941
		52.486125	-1.890507
		51.512161	-0.116215
		51.488224	-3.186893
		51.624837	-3.94495
		51.289406	1.075802
		
c	5 0 11 12 10 9 8 7 1 3 6 4 14 13 2 15	2827.04341620692	0.717295658379308	5	0	11	12	10	9	8	7	1	3	6	4	14	13	2	15		
		53.409532	-3.000126
		52.486125	-1.890507
		51.488224	-3.186893
		51.624837	-3.94495
		55.862982	-4.263554
		55.958426	-3.186893
		54.892406	-2.923222
		54.980766	-1.615849
		51.460852	-2.588139
		53.803895	-1.549931
		53.751959	-0.335941
		53.478239	-2.258549
		50.152266	-5.065556
		50.726024	-3.543949
		51.512161	-0.116215
		51.289406	1.075802
		
c	8 3 4 5 0 1 11 12 14 13 6 9 10 7 2 15	2365.55430887369	0.763444569112631	8	3	4	5	0	1	11	12	14	13	6	9	10	7	2	15		
		54.892406	-2.923222
		53.803895	-1.549931
		53.478239	-2.258549
		53.409532	-3.000126
		52.486125	-1.890507
		51.460852	-2.588139
		51.488224	-3.186893
		51.624837	-3.94495
		50.152266	-5.065556
		50.726024	-3.543949
		53.751959	-0.335941
		55.958426	-3.186893
		55.862982	-4.263554
		54.980766	-1.615849
		51.512161	-0.116215
		51.289406	1.075802
		
c	8 7 6 3 4 5 0 11 12 14 13 1 2 10 9 15	2553.10713590143	0.744689286409857	8	7	6	3	4	5	0	11	12	14	13	1	2	10	9	15		
		54.892406	-2.923222
		54.980766	-1.615849
		53.751959	-0.335941
		53.803895	-1.549931
		53.478239	-2.258549
		53.409532	-3.000126
		52.486125	-1.890507
		51.488224	-3.186893
		51.624837	-3.94495
		50.152266	-5.065556
		50.726024	-3.543949
		51.460852	-2.588139
		51.512161	-0.116215
		55.862982	-4.263554
		55.958426	-3.186893
		51.289406	1.075802
		
c	11 12 14 13 6 9 10 8 7 3 4 5 0 1 2 15	2105.07891557736	0.789492108442264	11	12	14	13	6	9	10	8	7	3	4	5	0	1	2	15		
		51.488224	-3.186893
		51.624837	-3.94495
		50.152266	-5.065556
		50.726024	-3.543949
		53.751959	-0.335941
		55.958426	-3.186893
		55.862982	-4.263554
		54.892406	-2.923222
		54.980766	-1.615849
		53.803895	-1.549931
		53.478239	-2.258549
		53.409532	-3.000126
		52.486125	-1.890507
		51.460852	-2.588139
		51.512161	-0.116215
		51.289406	1.075802
		
c	6 3 9 8 7 4 5 0 1 11 12 14 13 10 2 15	2635.32672694154	0.736467327305846	6	3	9	8	7	4	5	0	1	11	12	14	13	10	2	15		
		53.751959	-0.335941
		53.803895	-1.549931
		55.958426	-3.186893
		54.892406	-2.923222
		54.980766	-1.615849
		53.478239	-2.258549
		53.409532	-3.000126
		52.486125	-1.890507
		51.460852	-2.588139
		51.488224	-3.186893
		51.624837	-3.94495
		50.152266	-5.065556
		50.726024	-3.543949
		55.862982	-4.263554
		51.512161	-0.116215
		51.289406	1.075802
		
c	14 13 4 10 9 8 7 1 2 11 12 5 0 3 6 15	2698.692768955	0.7301307231045	14	13	4	10	9	8	7	1	2	11	12	5	0	3	6	15		
		50.152266	-5.065556
		50.726024	-3.543949
		53.478239	-2.258549
		55.862982	-4.263554
		55.958426	-3.186893
		54.892406	-2.923222
		54.980766	-1.615849
		51.460852	-2.588139
		51.512161	-0.116215
		51.488224	-3.186893
		51.624837	-3.94495
		53.409532	-3.000126
		52.486125	-1.890507
		53.803895	-1.549931
		53.751959	-0.335941
		51.289406	1.075802
		
c	13 2 11 12 14 5 0 4 10 9 8 7 3 6 1 15	2661.37016210344	0.733862983789656	13	2	11	12	14	5	0	4	10	9	8	7	3	6	1	15		
		50.726024	-3.543949
		51.512161	-0.116215
		51.488224	-3.186893
		51.624837	-3.94495
		50.152266	-5.065556
		53.409532	-3.000126
		52.486125	-1.890507
		53.478239	-2.258549
		55.862982	-4.263554
		55.958426	-3.186893
		54.892406	-2.923222
		54.980766	-1.615849
		53.803895	-1.549931
		53.751959	-0.335941
		51.460852	-2.588139
		51.289406	1.075802
		
c	13 2 10 9 8 7 12 6 3 4 5 0 1 11 14 15	2954.58138619032	0.704541861380968	13	2	10	9	8	7	12	6	3	4	5	0	1	11	14	15		
		50.726024	-3.543949
		51.512161	-0.116215
		55.862982	-4.263554
		55.958426	-3.186893
		54.892406	-2.923222
		54.980766	-1.615849
		51.624837	-3.94495
		53.751959	-0.335941
		53.803895	-1.549931
		53.478239	-2.258549
		53.409532	-3.000126
		52.486125	-1.890507
		51.460852	-2.588139
		51.488224	-3.186893
		50.152266	-5.065556
		51.289406	1.075802
		
c	7 6 3 4 5 1 9 10 8 0 11 12 14 13 2 15	2394.42417417075	0.760557582582925	7	6	3	4	5	1	9	10	8	0	11	12	14	13	2	15		
		54.980766	-1.615849
		53.751959	-0.335941
		53.803895	-1.549931
		53.478239	-2.258549
		53.409532	-3.000126
		51.460852	-2.588139
		55.958426	-3.186893
		55.862982	-4.263554
		54.892406	-2.923222
		52.486125	-1.890507
		51.488224	-3.186893
		51.624837	-3.94495
		50.152266	-5.065556
		50.726024	-3.543949
		51.512161	-0.116215
		51.289406	1.075802
		
c	5 0 10 9 8 7 3 6 4 11 12 14 13 1 2 15	2100.27950032354	0.789972049967646	5	0	10	9	8	7	3	6	4	11	12	14	13	1	2	15		
		53.409532	-3.000126
		52.486125	-1.890507
		55.862982	-4.263554
		55.958426	-3.186893
		54.892406	-2.923222
		54.980766	-1.615849
		53.803895	-1.549931
		53.751959	-0.335941
		53.478239	-2.258549
		51.488224	-3.186893
		51.624837	-3.94495
		50.152266	-5.065556
		50.726024	-3.543949
		51.460852	-2.588139
		51.512161	-0.116215
		51.289406	1.075802
		
c	8 5 11 0 4 1 7 6 3 14 13 12 10 9 2 15	3356.8945057256	0.66431054942744	8	5	11	0	4	1	7	6	3	14	13	12	10	9	2	15		
		54.892406	-2.923222
		53.409532	-3.000126
		51.488224	-3.186893
		52.486125	-1.890507
		53.478239	-2.258549
		51.460852	-2.588139
		54.980766	-1.615849
		53.751959	-0.335941
		53.803895	-1.549931
		50.152266	-5.065556
		50.726024	-3.543949
		51.624837	-3.94495
		55.862982	-4.263554
		55.958426	-3.186893
		51.512161	-0.116215
		51.289406	1.075802
		
c	7 8 3 2 6 4 5 0 9 10 11 12 14 13 1 15	2739.85401113249	0.726014598886751	7	8	3	2	6	4	5	0	9	10	11	12	14	13	1	15		
		54.980766	-1.615849
		54.892406	-2.923222
		53.803895	-1.549931
		51.512161	-0.116215
		53.751959	-0.335941
		53.478239	-2.258549
		53.409532	-3.000126
		52.486125	-1.890507
		55.958426	-3.186893
		55.862982	-4.263554
		51.488224	-3.186893
		51.624837	-3.94495
		50.152266	-5.065556
		50.726024	-3.543949
		51.460852	-2.588139
		51.289406	1.075802
		
c	2 6 10 9 7 8 3 4 5 0 1 11 12 14 13 15	2134.22912127819	0.786577087872181	2	6	10	9	7	8	3	4	5	0	1	11	12	14	13	15		
		51.512161	-0.116215
		53.751959	-0.335941
		55.862982	-4.263554
		55.958426	-3.186893
		54.980766	-1.615849
		54.892406	-2.923222
		53.803895	-1.549931
		53.478239	-2.258549
		53.409532	-3.000126
		52.486125	-1.890507
		51.460852	-2.588139
		51.488224	-3.186893
		51.624837	-3.94495
		50.152266	-5.065556
		50.726024	-3.543949
		51.289406	1.075802
		
c	0 1 2 11 12 14 13 5 4 10 9 8 7 3 6 15	2286.6703962948	0.77133296037052	0	1	2	11	12	14	13	5	4	10	9	8	7	3	6	15		
		52.486125	-1.890507
		51.460852	-2.588139
		51.512161	-0.116215
		51.488224	-3.186893
		51.624837	-3.94495
		50.152266	-5.065556
		50.726024	-3.543949
		53.409532	-3.000126
		53.478239	-2.258549
		55.862982	-4.263554
		55.958426	-3.186893
		54.892406	-2.923222
		54.980766	-1.615849
		53.803895	-1.549931
		53.751959	-0.335941
		51.289406	1.075802
		
c	3 4 5 0 1 11 12 14 13 9 10 6 8 7 2 15	2535.5595326696	0.74644404673304	3	4	5	0	1	11	12	14	13	9	10	6	8	7	2	15		
		53.803895	-1.549931
		53.478239	-2.258549
		53.409532	-3.000126
		52.486125	-1.890507
		51.460852	-2.588139
		51.488224	-3.186893
		51.624837	-3.94495
		50.152266	-5.065556
		50.726024	-3.543949
		55.958426	-3.186893
		55.862982	-4.263554
		53.751959	-0.335941
		54.892406	-2.923222
		54.980766	-1.615849
		51.512161	-0.116215
		51.289406	1.075802
		
c	7 6 3 4 5 0 11 12 14 1 9 13 10 8 2 15	3380.87391959027	0.661912608040973	7	6	3	4	5	0	11	12	14	1	9	13	10	8	2	15		
		54.980766	-1.615849
		53.751959	-0.335941
		53.803895	-1.549931
		53.478239	-2.258549
		53.409532	-3.000126
		52.486125	-1.890507
		51.488224	-3.186893
		51.624837	-3.94495
		50.152266	-5.065556
		51.460852	-2.588139
		55.958426	-3.186893
		50.726024	-3.543949
		55.862982	-4.263554
		54.892406	-2.923222
		51.512161	-0.116215
		51.289406	1.075802
		
c	14 13 2 10 9 8 7 3 6 4 5 0 11 12 1 15	2271.98803177288	0.772801196822712	14	13	2	10	9	8	7	3	6	4	5	0	11	12	1	15		
		50.152266	-5.065556
		50.726024	-3.543949
		51.512161	-0.116215
		55.862982	-4.263554
		55.958426	-3.186893
		54.892406	-2.923222
		54.980766	-1.615849
		53.803895	-1.549931
		53.751959	-0.335941
		53.478239	-2.258549
		53.409532	-3.000126
		52.486125	-1.890507
		51.488224	-3.186893
		51.624837	-3.94495
		51.460852	-2.588139
		51.289406	1.075802
		
c	14 10 9 8 7 6 3 4 5 0 1 11 12 13 2 15	2048.88753050736	0.795111246949263	14	10	9	8	7	6	3	4	5	0	1	11	12	13	2	15		
		50.152266	-5.065556
		55.862982	-4.263554
		55.958426	-3.186893
		54.892406	-2.923222
		54.980766	-1.615849
		53.751959	-0.335941
		53.803895	-1.549931
		53.478239	-2.258549
		53.409532	-3.000126
		52.486125	-1.890507
		51.460852	-2.588139
		51.488224	-3.186893
		51.624837	-3.94495
		50.726024	-3.543949
		51.512161	-0.116215
		51.289406	1.075802
		
c	4 9 10 8 7 3 12 14 13 5 0 6 11 1 2 15	2518.44590845151	0.748155409154849	4	9	10	8	7	3	12	14	13	5	0	6	11	1	2	15		
		53.478239	-2.258549
		55.958426	-3.186893
		55.862982	-4.263554
		54.892406	-2.923222
		54.980766	-1.615849
		53.803895	-1.549931
		51.624837	-3.94495
		50.152266	-5.065556
		50.726024	-3.543949
		53.409532	-3.000126
		52.486125	-1.890507
		53.751959	-0.335941
		51.488224	-3.186893
		51.460852	-2.588139
		51.512161	-0.116215
		51.289406	1.075802
		
c	12 14 13 10 9 8 7 6 3 11 5 4 0 1 2 15	2429.65372212447	0.757034627787553	12	14	13	10	9	8	7	6	3	11	5	4	0	1	2	15		
		51.624837	-3.94495
		50.152266	-5.065556
		50.726024	-3.543949
		55.862982	-4.263554
		55.958426	-3.186893
		54.892406	-2.923222
		54.980766	-1.615849
		53.751959	-0.335941
		53.803895	-1.549931
		51.488224	-3.186893
		53.409532	-3.000126
		53.478239	-2.258549
		52.486125	-1.890507
		51.460852	-2.588139
		51.512161	-0.116215
		51.289406	1.075802
		
c	4 10 9 8 6 7 3 0 1 5 11 12 14 13 2 15	2390.30943251623	0.760969056748377	4	10	9	8	6	7	3	0	1	5	11	12	14	13	2	15		
		53.478239	-2.258549
		55.862982	-4.263554
		55.958426	-3.186893
		54.892406	-2.923222
		53.751959	-0.335941
		54.980766	-1.615849
		53.803895	-1.549931
		52.486125	-1.890507
		51.460852	-2.588139
		53.409532	-3.000126
		51.488224	-3.186893
		51.624837	-3.94495
		50.152266	-5.065556
		50.726024	-3.543949
		51.512161	-0.116215
		51.289406	1.075802
		
c	7 6 10 9 8 3 4 5 0 11 12 14 13 1 2 15	1943.91725557639	0.805608274442361	7	6	10	9	8	3	4	5	0	11	12	14	13	1	2	15		
		54.980766	-1.615849
		53.751959	-0.335941
		55.862982	-4.263554
		55.958426	-3.186893
		54.892406	-2.923222
		53.803895	-1.549931
		53.478239	-2.258549
		53.409532	-3.000126
		52.486125	-1.890507
		51.488224	-3.186893
		51.624837	-3.94495
		50.152266	-5.065556
		50.726024	-3.543949
		51.460852	-2.588139
		51.512161	-0.116215
		51.289406	1.075802
		
c	7 3 10 9 8 6 4 5 0 1 11 12 14 13 2 15	1990.76304191372	0.800923695808628	7	3	10	9	8	6	4	5	0	1	11	12	14	13	2	15		
		54.980766	-1.615849
		53.803895	-1.549931
		55.862982	-4.263554
		55.958426	-3.186893
		54.892406	-2.923222
		53.751959	-0.335941
		53.478239	-2.258549
		53.409532	-3.000126
		52.486125	-1.890507
		51.460852	-2.588139
		51.488224	-3.186893
		51.624837	-3.94495
		50.152266	-5.065556
		50.726024	-3.543949
		51.512161	-0.116215
		51.289406	1.075802
		
c	11 12 14 13 10 9 8 7 2 6 3 4 5 0 1 15	2548.35322447885	0.745164677552115	11	12	14	13	10	9	8	7	2	6	3	4	5	0	1	15		
		51.488224	-3.186893
		51.624837	-3.94495
		50.152266	-5.065556
		50.726024	-3.543949
		55.862982	-4.263554
		55.958426	-3.186893
		54.892406	-2.923222
		54.980766	-1.615849
		51.512161	-0.116215
		53.751959	-0.335941
		53.803895	-1.549931
		53.478239	-2.258549
		53.409532	-3.000126
		52.486125	-1.890507
		51.460852	-2.588139
		51.289406	1.075802
		
c	2 6 9 10 8 7 3 4 5 11 12 14 13 0 1 15	2264.76870968844	0.773523129031156	2	6	9	10	8	7	3	4	5	11	12	14	13	0	1	15		
		51.512161	-0.116215
		53.751959	-0.335941
		55.958426	-3.186893
		55.862982	-4.263554
		54.892406	-2.923222
		54.980766	-1.615849
		53.803895	-1.549931
		53.478239	-2.258549
		53.409532	-3.000126
		51.488224	-3.186893
		51.624837	-3.94495
		50.152266	-5.065556
		50.726024	-3.543949
		52.486125	-1.890507
		51.460852	-2.588139
		51.289406	1.075802
		
c	8 7 3 10 9 6 4 5 0 1 11 12 14 13 2 15	2050.57383375863	0.794942616624137	8	7	3	10	9	6	4	5	0	1	11	12	14	13	2	15		
		54.892406	-2.923222
		54.980766	-1.615849
		53.803895	-1.549931
		55.862982	-4.263554
		55.958426	-3.186893
		53.751959	-0.335941
		53.478239	-2.258549
		53.409532	-3.000126
		52.486125	-1.890507
		51.460852	-2.588139
		51.488224	-3.186893
		51.624837	-3.94495
		50.152266	-5.065556
		50.726024	-3.543949
		51.512161	-0.116215
		51.289406	1.075802
		
g175		1613.67648029291	0.838632351970709	0	10	9	8	7	6	3	4	5	0	11	12	14	13	1	2	15		
		55.862982	-4.263554
		55.958426	-3.186893
		54.892406	-2.923222
		54.980766	-1.615849
		53.751959	-0.335941
		53.803895	-1.549931
		53.478239	-2.258549
		53.409532	-3.000126
		52.486125	-1.890507
		51.488224	-3.186893
		51.624837	-3.94495
		50.152266	-5.065556
		50.726024	-3.543949
		51.460852	-2.588139
		51.512161	-0.116215
		51.289406	1.075802
		
g175		1614.70757855554	0.838529242144446	1	10	9	8	7	6	3	4	5	0	1	11	12	14	13	2	15		
		55.862982	-4.263554
		55.958426	-3.186893
		54.892406	-2.923222
		54.980766	-1.615849
		53.751959	-0.335941
		53.803895	-1.549931
		53.478239	-2.258549
		53.409532	-3.000126
		52.486125	-1.890507
		51.460852	-2.588139
		51.488224	-3.186893
		51.624837	-3.94495
		50.152266	-5.065556
		50.726024	-3.543949
		51.512161	-0.116215
		51.289406	1.075802
		
g175		1631.15131975355	0.836884868024645	2	9	10	8	7	6	3	4	5	0	11	12	14	13	1	2	15		
		55.958426	-3.186893
		55.862982	-4.263554
		54.892406	-2.923222
		54.980766	-1.615849
		53.751959	-0.335941
		53.803895	-1.549931
		53.478239	-2.258549
		53.409532	-3.000126
		52.486125	-1.890507
		51.488224	-3.186893
		51.624837	-3.94495
		50.152266	-5.065556
		50.726024	-3.543949
		51.460852	-2.588139
		51.512161	-0.116215
		51.289406	1.075802
		
g175		1632.18241801618	0.836781758198382	3	9	10	8	7	6	3	4	5	0	1	11	12	14	13	2	15		
		55.958426	-3.186893
		55.862982	-4.263554
		54.892406	-2.923222
		54.980766	-1.615849
		53.751959	-0.335941
		53.803895	-1.549931
		53.478239	-2.258549
		53.409532	-3.000126
		52.486125	-1.890507
		51.460852	-2.588139
		51.488224	-3.186893
		51.624837	-3.94495
		50.152266	-5.065556
		50.726024	-3.543949
		51.512161	-0.116215
		51.289406	1.075802
		
g175		1656.09836620198	0.834390163379802	4	10	9	8	7	3	6	4	5	0	11	12	14	13	1	2	15		
		55.862982	-4.263554
		55.958426	-3.186893
		54.892406	-2.923222
		54.980766	-1.615849
		53.803895	-1.549931
		53.751959	-0.335941
		53.478239	-2.258549
		53.409532	-3.000126
		52.486125	-1.890507
		51.488224	-3.186893
		51.624837	-3.94495
		50.152266	-5.065556
		50.726024	-3.543949
		51.460852	-2.588139
		51.512161	-0.116215
		51.289406	1.075802
		
g175		1657.12946446462	0.834287053553538	5	10	9	8	7	3	6	4	5	0	1	11	12	14	13	2	15		
		55.862982	-4.263554
		55.958426	-3.186893
		54.892406	-2.923222
		54.980766	-1.615849
		53.803895	-1.549931
		53.751959	-0.335941
		53.478239	-2.258549
		53.409532	-3.000126
		52.486125	-1.890507
		51.460852	-2.588139
		51.488224	-3.186893
		51.624837	-3.94495
		50.152266	-5.065556
		50.726024	-3.543949
		51.512161	-0.116215
		51.289406	1.075802
		
