c	8 4 5 0 7 6 3 1 11 12 14 13 2 9 10 15	3005.05709964513	0.699494290035487	8	4	5	0	7	6	3	1	11	12	14	13	2	9	10	15		
		54.892406	-2.923222
		53.478239	-2.258549
		53.409532	-3.000126
		52.486125	-1.890507
		54.980766	-1.615849
		53.751959	-0.335941
		53.803895	-1.549931
		51.460852	-2.588139
		51.488224	-3.186893
		51.624837	-3.94495
		50.152266	-5.065556
		50.726024	-3.543949
		51.512161	-0.116215
		55.958426	-3.186893
		55.862982	-4.263554
		51.289406	1.075802
		
c	8 3 10 7 6 4 5 0 1 11 12 9 14 13 2 15	2926.14105617404	0.707385894382596	8	3	10	7	6	4	5	0	1	11	12	9	14	13	2	15		
		54.892406	-2.923222
		53.803895	-1.549931
		55.862982	-4.263554
		54.980766	-1.615849
		53.751959	-0.335941
		53.478239	-2.258549
		53.409532	-3.000126
		52.486125	-1.890507
		51.460852	-2.588139
		51.488224	-3.186893
		51.624837	-3.94495
		55.958426	-3.186893
		50.152266	-5.065556
		50.726024	-3.543949
		51.512161	-0.116215
		51.289406	1.075802
		
c	4 6 5 0 11 14 13 10 9 8 7 3 12 1 2 15	2523.19056340502	0.747680943659498	4	6	5	0	11	14	13	10	9	8	7	3	12	1	2	15		
		53.478239	-2.258549
		53.751959	-0.335941
		53.409532	-3.000126
		52.486125	-1.890507
		51.488224	-3.186893
		50.152266	-5.065556
		50.726024	-3.543949
		55.862982	-4.263554
		55.958426	-3.186893
		54.892406	-2.923222
		54.980766	-1.615849
		53.803895	-1.549931
		51.624837	-3.94495
		51.460852	-2.588139
		51.512161	-0.116215
		51.289406	1.075802
		
c	6 0 11 12 14 8 7 3 10 9 4 5 1 13 2 15	2666.90868009578	0.733309131990422	6	0	11	12	14	8	7	3	10	9	4	5	1	13	2	15		
		53.751959	-0.335941
		52.486125	-1.890507
		51.488224	-3.186893
		51.624837	-3.94495
		50.152266	-5.065556
		54.892406	-2.923222
		54.980766	-1.615849
		53.803895	-1.549931
		55.862982	-4.263554
		55.958426	-3.186893
		53.478239	-2.258549
		53.409532	-3.000126
		51.460852	-2.588139
		50.726024	-3.543949
		51.512161	-0.116215
		51.289406	1.075802
		
c	6 3 4 2 10 9 8 7 5 0 11 12 14 13 1 15	2415.77344281368	0.758422655718632	6	3	4	2	10	9	8	7	5	0	11	12	14	13	1	15		
		53.751959	-0.335941
		53.803895	-1.549931
		53.478239	-2.258549
		51.512161	-0.116215
		55.862982	-4.263554
		55.958426	-3.186893
		54.892406	-2.923222
		54.980766	-1.615849
		53.409532	-3.000126
		52.486125	-1.890507
		51.488224	-3.186893
		51.624837	-3.94495
		50.152266	-5.065556
		50.726024	-3.543949
		51.460852	-2.588139
		51.289406	1.075802
		
c	1 2 6 4 3 5 0 11 12 14 13 9 10 8 7 15	2665.20903995372	0.733479096004628	1	2	6	4	3	5	0	11	12	14	13	9	10	8	7	15		
		51.460852	-2.588139
		51.512161	-0.116215
		53.751959	-0.335941
		53.478239	-2.258549
		53.803895	-1.549931
		53.409532	-3.000126
		52.486125	-1.890507
		51.488224	-3.186893
		51.624837	-3.94495
		50.152266	-5.065556
		50.726024	-3.543949
		55.958426	-3.186893
		55.862982	-4.263554
		54.892406	-2.923222
		54.980766	-1.615849
		51.289406	1.075802
		
c	6 4 5 0 11 12 14 8 7 3 10 9 1 13 2 15	2750.26982445282	0.724973017554718	6	4	5	0	11	12	14	8	7	3	10	9	1	13	2	15		
		53.751959	-0.335941
		53.478239	-2.258549
		53.409532	-3.000126
		52.486125	-1.890507
		51.488224	-3.186893
		51.624837	-3.94495
		50.152266	-5.065556
		54.892406	-2.923222
		54.980766	-1.615849
		53.803895	-1.549931
		55.862982	-4.263554
		55.958426	-3.186893
		51.460852	-2.588139
		50.726024	-3.543949
		51.512161	-0.116215
		51.289406	1.075802
		
c	14 13 1 2 12 5 0 10 9 8 7 11 6 3 4 15	2870.10729696798	0.712989270303202	14	13	1	2	12	5	0	10	9	8	7	11	6	3	4	15		
		50.152266	-5.065556
		50.726024	-3.543949
		51.460852	-2.588139
		51.512161	-0.116215
		51.624837	-3.94495
		53.409532	-3.000126
		52.486125	-1.890507
		55.862982	-4.263554
		55.958426	-3.186893
		54.892406	-2.923222
		54.980766	-1.615849
		51.488224	-3.186893
		53.751959	-0.335941
		53.803895	-1.549931
		53.478239	-2.258549
		51.289406	1.075802
		
c	9 10 8 7 3 6 4 0 11 12 14 13 1 5 2 15	1944.88132262648	0.805511867737352	9	10	8	7	3	6	4	0	11	12	14	13	1	5	2	15		
		55.958426	-3.186893
		55.862982	-4.263554
		54.892406	-2.923222
		54.980766	-1.615849
		53.803895	-1.549931
		53.751959	-0.335941
		53.478239	-2.258549
		52.486125	-1.890507
		51.488224	-3.186893
		51.624837	-3.94495
		50.152266	-5.065556
		50.726024	-3.543949
		51.460852	-2.588139
		53.409532	-3.000126
		51.512161	-0.116215
		51.289406	1.075802
		
c	10 8 7 3 6 4 0 11 12 14 13 1 9 2 5 15	2971.25962069122	0.702874037930878	10	8	7	3	6	4	0	11	12	14	13	1	9	2	5	15		
		55.862982	-4.263554
		54.892406	-2.923222
		54.980766	-1.615849
		53.803895	-1.549931
		53.751959	-0.335941
		53.478239	-2.258549
		52.486125	-1.890507
		51.488224	-3.186893
		51.624837	-3.94495
		50.152266	-5.065556
		50.726024	-3.543949
		51.460852	-2.588139
		55.958426	-3.186893
		51.512161	-0.116215
		53.409532	-3.000126
		51.289406	1.075802
		
c	0 1 11 14 13 12 9 10 8 7 3 6 4 5 2 15	2131.37650351612	0.786862349648388	0	1	11	14	13	12	9	10	8	7	3	6	4	5	2	15		
		52.486125	-1.890507
		51.460852	-2.588139
		51.488224	-3.186893
		50.152266	-5.065556
		50.726024	-3.543949
		51.624837	-3.94495
		55.958426	-3.186893
		55.862982	-4.263554
		54.892406	-2.923222
		54.980766	-1.615849
		53.803895	-1.549931
		53.751959	-0.335941
		53.478239	-2.258549
		53.409532	-3.000126
		51.512161	-0.116215
		51.289406	1.075802
		
c	3 4 5 0 1 11 12 14 13 2 6 10 9 8 7 15	2330.09236783972	0.766990763216028	3	4	5	0	1	11	12	14	13	2	6	10	9	8	7	15		
		53.803895	-1.549931
		53.478239	-2.258549
		53.409532	-3.000126
		52.486125	-1.890507
		51.460852	-2.588139
		51.488224	-3.186893
		51.624837	-3.94495
		50.152266	-5.065556
		50.726024	-3.543949
		51.512161	-0.116215
		53.751959	-0.335941
		55.862982	-4.263554
		55.958426	-3.186893
		54.892406	-2.923222
		54.980766	-1.615849
		51.289406	1.075802
		
c	0 1 11 12 14 13 2 9 10 8 7 6 3 4 5 15	2316.55383597133	0.768344616402867	0	1	11	12	14	13	2	9	10	8	7	6	3	4	5	15		
		52.486125	-1.890507
		51.460852	-2.588139
		51.488224	-3.186893
		51.624837	-3.94495
		50.152266	-5.065556
		50.726024	-3.543949
		51.512161	-0.116215
		55.958426	-3.186893
		55.862982	-4.263554
		54.892406	-2.923222
		54.980766	-1.615849
		53.751959	-0.335941
		53.803895	-1.549931
		53.478239	-2.258549
		53.409532	-3.000126
		51.289406	1.075802
		
c	12 14 13 6 10 9 8 7 3 2 4 5 0 11 1 15	2604.66042673786	0.739533957326214	12	14	13	6	10	9	8	7	3	2	4	5	0	11	1	15		
		51.624837	-3.94495
		50.152266	-5.065556
		50.726024	-3.543949
		53.751959	-0.335941
		55.862982	-4.263554
		55.958426	-3.186893
		54.892406	-2.923222
		54.980766	-1.615849
		53.803895	-1.549931
		51.512161	-0.116215
		53.478239	-2.258549
		53.409532	-3.000126
		52.486125	-1.890507
		51.488224	-3.186893
		51.460852	-2.588139
		51.289406	1.075802
		
c	0 1 11 12 14 13 2 7 10 9 8 6 3 4 5 15	2323.63529673404	0.767636470326596	0	1	11	12	14	13	2	7	10	9	8	6	3	4	5	15		
		52.486125	-1.890507
		51.460852	-2.588139
		51.488224	-3.186893
		51.624837	-3.94495
		50.152266	-5.065556
		50.726024	-3.543949
		51.512161	-0.116215
		54.980766	-1.615849
		55.862982	-4.263554
		55.958426	-3.186893
		54.892406	-2.923222
		53.751959	-0.335941
		53.803895	-1.549931
		53.478239	-2.258549
		53.409532	-3.000126
		51.289406	1.075802
		
c	4 5 0 11 6 8 3 10 7 9 1 12 14 13 2 15	2869.17794726445	0.713082205273555	4	5	0	11	6	8	3	10	7	9	1	12	14	13	2	15		
		53.478239	-2.258549
		53.409532	-3.000126
		52.486125	-1.890507
		51.488224	-3.186893
		53.751959	-0.335941
		54.892406	-2.923222
		53.803895	-1.549931
		55.862982	-4.263554
		54.980766	-1.615849
		55.958426	-3.186893
		51.460852	-2.588139
		51.624837	-3.94495
		50.152266	-5.065556
		50.726024	-3.543949
		51.512161	-0.116215
		51.289406	1.075802
		
c	3 10 7 6 4 5 1 11 12 14 0 13 2 9 8 15	3274.08971193706	0.672591028806294	3	10	7	6	4	5	1	11	12	14	0	13	2	9	8	15		
		53.803895	-1.549931
		55.862982	-4.263554
		54.980766	-1.615849
		53.751959	-0.335941
		53.478239	-2.258549
		53.409532	-3.000126
		51.460852	-2.588139
		51.488224	-3.186893
		51.624837	-3.94495
		50.152266	-5.065556
		52.486125	-1.890507
		50.726024	-3.543949
		51.512161	-0.116215
		55.958426	-3.186893
		54.892406	-2.923222
		51.289406	1.075802
		
c	12 14 13 1 4 6 3 5 10 9 8 7 11 0 2 15	2303.10446247856	0.769689553752144	12	14	13	1	4	6	3	5	10	9	8	7	11	0	2	15		
		51.624837	-3.94495
		50.152266	-5.065556
		50.726024	-3.543949
		51.460852	-2.588139
		53.478239	-2.258549
		53.751959	-0.335941
		53.803895	-1.549931
		53.409532	-3.000126
		55.862982	-4.263554
		55.958426	-3.186893
		54.892406	-2.923222
		54.980766	-1.615849
		51.488224	-3.186893
		52.486125	-1.890507
		51.512161	-0.116215
		51.289406	1.075802
		
c	0 1 11 12 14 13 2 6 10 9 8 3 7 4 5 15	2429.10349740919	0.757089650259081	0	1	11	12	14	13	2	6	10	9	8	3	7	4	5	15		
		52.486125	-1.890507
		51.460852	-2.588139
		51.488224	-3.186893
		51.624837	-3.94495
		50.152266	-5.065556
		50.726024	-3.543949
		51.512161	-0.116215
		53.751959	-0.335941
		55.862982	-4.263554
		55.958426	-3.186893
		54.892406	-2.923222
		53.803895	-1.549931
		54.980766	-1.615849
		53.478239	-2.258549
		53.409532	-3.000126
		51.289406	1.075802
		
c	0 9 8 3 10 7 6 4 5 1 11 12 14 13 2 15	2448.66073330821	0.755133926669179	0	9	8	3	10	7	6	4	5	1	11	12	14	13	2	15		
		52.486125	-1.890507
		55.958426	-3.186893
		54.892406	-2.923222
		53.803895	-1.549931
		55.862982	-4.263554
		54.980766	-1.615849
		53.751959	-0.335941
		53.478239	-2.258549
		53.409532	-3.000126
		51.460852	-2.588139
		51.488224	-3.186893
		51.624837	-3.94495
		50.152266	-5.065556
		50.726024	-3.543949
		51.512161	-0.116215
		51.289406	1.075802
		
c	9 10 8 11 12 14 13 2 7 6 3 4 5 0 1 15	2452.49159390121	0.754750840609879	9	10	8	11	12	14	13	2	7	6	3	4	5	0	1	15		
		55.958426	-3.186893
		55.862982	-4.263554
		54.892406	-2.923222
		51.488224	-3.186893
		51.624837	-3.94495
		50.152266	-5.065556
		50.726024	-3.543949
		51.512161	-0.116215
		54.980766	-1.615849
		53.751959	-0.335941
		53.803895	-1.549931
		53.478239	-2.258549
		53.409532	-3.000126
		52.486125	-1.890507
		51.460852	-2.588139
		51.289406	1.075802
		
c	6 3 4 5 0 11 12 14 9 10 8 7 13 1 2 15	2494.20000759367	0.750579999240633	6	3	4	5	0	11	12	14	9	10	8	7	13	1	2	15		
		53.751959	-0.335941
		53.803895	-1.549931
		53.478239	-2.258549
		53.409532	-3.000126
		52.486125	-1.890507
		51.488224	-3.186893
		51.624837	-3.94495
		50.152266	-5.065556
		55.958426	-3.186893
		55.862982	-4.263554
		54.892406	-2.923222
		54.980766	-1.615849
		50.726024	-3.543949
		51.460852	-2.588139
		51.512161	-0.116215
		51.289406	1.075802
		
c	10 8 7 3 9 6 4 5 0 1 11 2 14 13 12 15	2561.73286624498	0.743826713375502	10	8	7	3	9	6	4	5	0	1	11	2	14	13	12	15		
		55.862982	-4.263554
		54.892406	-2.923222
		54.980766	-1.615849
		53.803895	-1.549931
		55.958426	-3.186893
		53.751959	-0.335941
		53.478239	-2.258549
		53.409532	-3.000126
		52.486125	-1.890507
		51.460852	-2.588139
		51.488224	-3.186893
		51.512161	-0.116215
		50.152266	-5.065556
		50.726024	-3.543949
		51.624837	-3.94495
		51.289406	1.075802
		
c	6 7 3 4 5 0 1 9 10 8 11 12 14 13 2 15	2438.05570152119	0.756194429847881	6	7	3	4	5	0	1	9	10	8	11	12	14	13	2	15		
		53.751959	-0.335941
		54.980766	-1.615849
		53.803895	-1.549931
		53.478239	-2.258549
		53.409532	-3.000126
		52.486125	-1.890507
		51.460852	-2.588139
		55.958426	-3.186893
		55.862982	-4.263554
		54.892406	-2.923222
		51.488224	-3.186893
		51.624837	-3.94495
		50.152266	-5.065556
		50.726024	-3.543949
		51.512161	-0.116215
		51.289406	1.075802
		
c	11 12 14 13 9 10 8 4 7 6 3 5 1 0 2 15	2420.29843927183	0.757970156072817	11	12	14	13	9	10	8	4	7	6	3	5	1	0	2	15		
		51.488224	-3.186893
		51.624837	-3.94495
		50.152266	-5.065556
		50.726024	-3.543949
		55.958426	-3.186893
		55.862982	-4.263554
		54.892406	-2.923222
		53.478239	-2.258549
		54.980766	-1.615849
		53.751959	-0.335941
		53.803895	-1.549931
		53.409532	-3.000126
		51.460852	-2.588139
		52.486125	-1.890507
		51.512161	-0.116215
		51.289406	1.075802
		
c	10 8 7 6 9 3 4 0 11 12 14 13 1 5 2 15	2321.70619769214	0.767829380230786	10	8	7	6	9	3	4	0	11	12	14	13	1	5	2	15		
		55.862982	-4.263554
		54.892406	-2.923222
		54.980766	-1.615849
		53.751959	-0.335941
		55.958426	-3.186893
		53.803895	-1.549931
		53.478239	-2.258549
		52.486125	-1.890507
		51.488224	-3.186893
		51.624837	-3.94495
		50.152266	-5.065556
		50.726024	-3.543949
		51.460852	-2.588139
		53.409532	-3.000126
		51.512161	-0.116215
		51.289406	1.075802
		
c	7 6 3 4 5 0 1 11 12 14 13 2 8 10 9 15	2471.61949389147	0.752838050610853	7	6	3	4	5	0	1	11	12	14	13	2	8	10	9	15		
		54.980766	-1.615849
		53.751959	-0.335941
		53.803895	-1.549931
		53.478239	-2.258549
		53.409532	-3.000126
		52.486125	-1.890507
		51.460852	-2.588139
		51.488224	-3.186893
		51.624837	-3.94495
		50.152266	-5.065556
		50.726024	-3.543949
		51.512161	-0.116215
		54.892406	-2.923222
		55.862982	-4.263554
		55.958426	-3.186893
		51.289406	1.075802
		
c	13 9 10 8 6 5 4 7 3 0 1 11 12 14 2 15	2545.43555798194	0.745456444201806	13	9	10	8	6	5	4	7	3	0	1	11	12	14	2	15		
		50.726024	-3.543949
		55.958426	-3.186893
		55.862982	-4.263554
		54.892406	-2.923222
		53.751959	-0.335941
		53.409532	-3.000126
		53.478239	-2.258549
		54.980766	-1.615849
		53.803895	-1.549931
		52.486125	-1.890507
		51.460852	-2.588139
		51.488224	-3.186893
		51.624837	-3.94495
		50.152266	-5.065556
		51.512161	-0.116215
		51.289406	1.075802
		
c	1 11 14 13 12 8 7 3 6 4 5 0 9 10 2 15	2545.53091197988	0.745446908802012	1	11	14	13	12	8	7	3	6	4	5	0	9	10	2	15		
		51.460852	-2.588139
		51.488224	-3.186893
		50.152266	-5.065556
		50.726024	-3.543949
		51.624837	-3.94495
		54.892406	-2.923222
		54.980766	-1.615849
		53.803895	-1.549931
		53.751959	-0.335941
		53.478239	-2.258549
		53.409532	-3.000126
		52.486125	-1.890507
		55.958426	-3.186893
		55.862982	-4.263554
		51.512161	-0.116215
		51.289406	1.075802
		
c	6 5 4 10 9 8 7 3 0 1 11 12 14 13 2 15	1943.0153211071	0.80569846788929	6	5	4	10	9	8	7	3	0	1	11	12	14	13	2	15		
		53.751959	-0.335941
		53.409532	-3.000126
		53.478239	-2.258549
		55.862982	-4.263554
		55.958426	-3.186893
		54.892406	-2.923222
		54.980766	-1.615849
		53.803895	-1.549931
		52.486125	-1.890507
		51.460852	-2.588139
		51.488224	-3.186893
		51.624837	-3.94495
		50.152266	-5.065556
		50.726024	-3.543949
		51.512161	-0.116215
		51.289406	1.075802
		
c	12 3 4 6 5 0 11 14 13 2 7 10 9 8 1 15	2924.94069462061	0.707505930537939	12	3	4	6	5	0	11	14	13	2	7	10	9	8	1	15		
		51.624837	-3.94495
		53.803895	-1.549931
		53.478239	-2.258549
		53.751959	-0.335941
		53.409532	-3.000126
		52.486125	-1.890507
		51.488224	-3.186893
		50.152266	-5.065556
		50.726024	-3.543949
		51.512161	-0.116215
		54.980766	-1.615849
		55.862982	-4.263554
		55.958426	-3.186893
		54.892406	-2.923222
		51.460852	-2.588139
		51.289406	1.075802
		
c	4 0 11 12 14 13 1 5 2 6 9 10 8 7 3 15	2534.54005291336	0.746545994708664	4	0	11	12	14	13	1	5	2	6	9	10	8	7	3	15		
		53.478239	-2.258549
		52.486125	-1.890507
		51.488224	-3.186893
		51.624837	-3.94495
		50.152266	-5.065556
		50.726024	-3.543949
		51.460852	-2.588139
		53.409532	-3.000126
		51.512161	-0.116215
		53.751959	-0.335941
		55.958426	-3.186893
		55.862982	-4.263554
		54.892406	-2.923222
		54.980766	-1.615849
		53.803895	-1.549931
		51.289406	1.075802
		
c	0 1 11 12 14 13 6 2 3 10 9 8 7 4 5 15	2594.27991002199	0.740572008997801	0	1	11	12	14	13	6	2	3	10	9	8	7	4	5	15		
		52.486125	-1.890507
		51.460852	-2.588139
		51.488224	-3.186893
		51.624837	-3.94495
		50.152266	-5.065556
		50.726024	-3.543949
		53.751959	-0.335941
		51.512161	-0.116215
		53.803895	-1.549931
		55.862982	-4.263554
		55.958426	-3.186893
		54.892406	-2.923222
		54.980766	-1.615849
		53.478239	-2.258549
		53.409532	-3.000126
		51.289406	1.075802
		
c	6 4 9 10 8 7 3 5 0 11 12 14 13 1 2 15	1931.28655970722	0.806871344029278	6	4	9	10	8	7	3	5	0	11	12	14	13	1	2	15		
		53.751959	-0.335941
		53.478239	-2.258549
		55.958426	-3.186893
		55.862982	-4.263554
		54.892406	-2.923222
		54.980766	-1.615849
		53.803895	-1.549931
		53.409532	-3.000126
		52.486125	-1.890507
		51.488224	-3.186893
		51.624837	-3.94495
		50.152266	-5.065556
		50.726024	-3.543949
		51.460852	-2.588139
		51.512161	-0.116215
		51.289406	1.075802
		
c	1 11 12 14 10 9 8 7 4 5 0 13 6 2 3 15	3016.26634689044	0.698373365310956	1	11	12	14	10	9	8	7	4	5	0	13	6	2	3	15		
		51.460852	-2.588139
		51.488224	-3.186893
		51.624837	-3.94495
		50.152266	-5.065556
		55.862982	-4.263554
		55.958426	-3.186893
		54.892406	-2.923222
		54.980766	-1.615849
		53.478239	-2.258549
		53.409532	-3.000126
		52.486125	-1.890507
		50.726024	-3.543949
		53.751959	-0.335941
		51.512161	-0.116215
		53.803895	-1.549931
		51.289406	1.075802
		
c	6 3 5 0 1 2 11 12 14 4 13 10 9 8 7 15	3083.86134052204	0.691613865947796	6	3	5	0	1	2	11	12	14	4	13	10	9	8	7	15		
		53.751959	-0.335941
		53.803895	-1.549931
		53.409532	-3.000126
		52.486125	-1.890507
		51.460852	-2.588139
		51.512161	-0.116215
		51.488224	-3.186893
		51.624837	-3.94495
		50.152266	-5.065556
		53.478239	-2.258549
		50.726024	-3.543949
		55.862982	-4.263554
		55.958426	-3.186893
		54.892406	-2.923222
		54.980766	-1.615849
		51.289406	1.075802
		
c	4 5 0 13 9 10 8 7 6 3 1 11 12 14 2 15	2527.16527497285	0.747283472502715	4	5	0	13	9	10	8	7	6	3	1	11	12	14	2	15		
		53.478239	-2.258549
		53.409532	-3.000126
		52.486125	-1.890507
		50.726024	-3.543949
		55.958426	-3.186893
		55.862982	-4.263554
		54.892406	-2.923222
		54.980766	-1.615849
		53.751959	-0.335941
		53.803895	-1.549931
		51.460852	-2.588139
		51.488224	-3.186893
		51.624837	-3.94495
		50.152266	-5.065556
		51.512161	-0.116215
		51.289406	1.075802
		
c	13 2 10 9 8 7 4 6 3 5 0 1 11 12 14 15	2548.01347095897	0.745198652904103	13	2	10	9	8	7	4	6	3	5	0	1	11	12	14	15		
		50.726024	-3.543949
		51.512161	-0.116215
		55.862982	-4.263554
		55.958426	-3.186893
		54.892406	-2.923222
		54.980766	-1.615849
		53.478239	-2.258549
		53.751959	-0.335941
		53.803895	-1.549931
		53.409532	-3.000126
		52.486125	-1.890507
		51.460852	-2.588139
		51.488224	-3.186893
		51.624837	-3.94495
		50.152266	-5.065556
		51.289406	1.075802
		
c	4 5 9 1 11 12 14 13 6 2 0 10 8 7 3 15	3140.62382934741	0.685937617065259	4	5	9	1	11	12	14	13	6	2	0	10	8	7	3	15		
		53.478239	-2.258549
		53.409532	-3.000126
		55.958426	-3.186893
		51.460852	-2.588139
		51.488224	-3.186893
		51.624837	-3.94495
		50.152266	-5.065556
		50.726024	-3.543949
		53.751959	-0.335941
		51.512161	-0.116215
		52.486125	-1.890507
		55.862982	-4.263554
		54.892406	-2.923222
		54.980766	-1.615849
		53.803895	-1.549931
		51.289406	1.075802
		
c	14 13 1 2 0 11 12 9 10 8 7 6 3 4 5 15	2247.12183605877	0.775287816394123	14	13	1	2	0	11	12	9	10	8	7	6	3	4	5	15		
		50.152266	-5.065556
		50.726024	-3.543949
		51.460852	-2.588139
		51.512161	-0.116215
		52.486125	-1.890507
		51.488224	-3.186893
		51.624837	-3.94495
		55.958426	-3.186893
		55.862982	-4.263554
		54.892406	-2.923222
		54.980766	-1.615849
		53.751959	-0.335941
		53.803895	-1.549931
		53.478239	-2.258549
		53.409532	-3.000126
		51.289406	1.075802
		
c	11 12 14 10 9 8 7 6 3 4 5 0 1 13 2 15	2190.66115047895	0.780933884952105	11	12	14	10	9	8	7	6	3	4	5	0	1	13	2	15		
		51.488224	-3.186893
		51.624837	-3.94495
		50.152266	-5.065556
		55.862982	-4.263554
		55.958426	-3.186893
		54.892406	-2.923222
		54.980766	-1.615849
		53.751959	-0.335941
		53.803895	-1.549931
		53.478239	-2.258549
		53.409532	-3.000126
		52.486125	-1.890507
		51.460852	-2.588139
		50.726024	-3.543949
		51.512161	-0.116215
		51.289406	1.075802
		
c	14 13 1 2 9 10 8 7 6 3 4 5 0 11 12 15	2246.92586184164	0.775307413815836	14	13	1	2	9	10	8	7	6	3	4	5	0	11	12	15		
		50.152266	-5.065556
		50.726024	-3.543949
		51.460852	-2.588139
		51.512161	-0.116215
		55.958426	-3.186893
		55.862982	-4.263554
		54.892406	-2.923222
		54.980766	-1.615849
		53.751959	-0.335941
		53.803895	-1.549931
		53.478239	-2.258549
		53.409532	-3.000126
		52.486125	-1.890507
		51.488224	-3.186893
		51.624837	-3.94495
		51.289406	1.075802
		
c	7 6 4 9 10 8 5 0 11 12 14 3 1 13 2 15	2635.74157566535	0.736425842433465	7	6	4	9	10	8	5	0	11	12	14	3	1	13	2	15		
		54.980766	-1.615849
		53.751959	-0.335941
		53.478239	-2.258549
		55.958426	-3.186893
		55.862982	-4.263554
		54.892406	-2.923222
		53.409532	-3.000126
		52.486125	-1.890507
		51.488224	-3.186893
		51.624837	-3.94495
		50.152266	-5.065556
		53.803895	-1.549931
		51.460852	-2.588139
		50.726024	-3.543949
		51.512161	-0.116215
		51.289406	1.075802
		
c	7 3 0 1 11 12 14 6 4 9 10 8 5 13 2 15	2619.74753456173	0.738025246543827	7	3	0	1	11	12	14	6	4	9	10	8	5	13	2	15		
		54.980766	-1.615849
		53.803895	-1.549931
		52.486125	-1.890507
		51.460852	-2.588139
		51.488224	-3.186893
		51.624837	-3.94495
		50.152266	-5.065556
		53.751959	-0.335941
		53.478239	-2.258549
		55.958426	-3.186893
		55.862982	-4.263554
		54.892406	-2.923222
		53.409532	-3.000126
		50.726024	-3.543949
		51.512161	-0.116215
		51.289406	1.075802
		
c	0 11 5 12 14 13 9 8 7 6 3 10 4 1 2 15	2962.55050711639	0.703744949288361	0	11	5	12	14	13	9	8	7	6	3	10	4	1	2	15		
		52.486125	-1.890507
		51.488224	-3.186893
		53.409532	-3.000126
		51.624837	-3.94495
		50.152266	-5.065556
		50.726024	-3.543949
		55.958426	-3.186893
		54.892406	-2.923222
		54.980766	-1.615849
		53.751959	-0.335941
		53.803895	-1.549931
		55.862982	-4.263554
		53.478239	-2.258549
		51.460852	-2.588139
		51.512161	-0.116215
		51.289406	1.075802
		
c	5 0 11 12 14 3 1 4 9 10 6 8 7 13 2 15	3292.20335920153	0.670779664079846	5	0	11	12	14	3	1	4	9	10	6	8	7	13	2	15		
		53.409532	-3.000126
		52.486125	-1.890507
		51.488224	-3.186893
		51.624837	-3.94495
		50.152266	-5.065556
		53.803895	-1.549931
		51.460852	-2.588139
		53.478239	-2.258549
		55.958426	-3.186893
		55.862982	-4.263554
		53.751959	-0.335941
		54.892406	-2.923222
		54.980766	-1.615849
		50.726024	-3.543949
		51.512161	-0.116215
		51.289406	1.075802
		
c	13 2 5 9 10 8 7 3 6 4 0 11 12 14 1 15	2429.58429556569	0.757041570443431	13	2	5	9	10	8	7	3	6	4	0	11	12	14	1	15		
		50.726024	-3.543949
		51.512161	-0.116215
		53.409532	-3.000126
		55.958426	-3.186893
		55.862982	-4.263554
		54.892406	-2.923222
		54.980766	-1.615849
		53.803895	-1.549931
		53.751959	-0.335941
		53.478239	-2.258549
		52.486125	-1.890507
		51.488224	-3.186893
		51.624837	-3.94495
		50.152266	-5.065556
		51.460852	-2.588139
		51.289406	1.075802
		
c	13 10 9 8 7 1 11 12 14 4 6 3 5 0 2 15	2627.89839323882	0.737210160676119	13	10	9	8	7	1	11	12	14	4	6	3	5	0	2	15		
		50.726024	-3.543949
		55.862982	-4.263554
		55.958426	-3.186893
		54.892406	-2.923222
		54.980766	-1.615849
		51.460852	-2.588139
		51.488224	-3.186893
		51.624837	-3.94495
		50.152266	-5.065556
		53.478239	-2.258549
		53.751959	-0.335941
		53.803895	-1.549931
		53.409532	-3.000126
		52.486125	-1.890507
		51.512161	-0.116215
		51.289406	1.075802
		
c	3 10 9 4 8 7 6 5 0 11 12 14 13 1 2 15	2217.76883058828	0.778223116941172	3	10	9	4	8	7	6	5	0	11	12	14	13	1	2	15		
		53.803895	-1.549931
		55.862982	-4.263554
		55.958426	-3.186893
		53.478239	-2.258549
		54.892406	-2.923222
		54.980766	-1.615849
		53.751959	-0.335941
		53.409532	-3.000126
		52.486125	-1.890507
		51.488224	-3.186893
		51.624837	-3.94495
		50.152266	-5.065556
		50.726024	-3.543949
		51.460852	-2.588139
		51.512161	-0.116215
		51.289406	1.075802
		
c	8 10 9 7 6 3 4 5 0 11 12 14 13 1 2 15	1694.104562402	0.8305895437598	8	10	9	7	6	3	4	5	0	11	12	14	13	1	2	15		
		54.892406	-2.923222
		55.862982	-4.263554
		55.958426	-3.186893
		54.980766	-1.615849
		53.751959	-0.335941
		53.803895	-1.549931
		53.478239	-2.258549
		53.409532	-3.000126
		52.486125	-1.890507
		51.488224	-3.186893
		51.624837	-3.94495
		50.152266	-5.065556
		50.726024	-3.543949
		51.460852	-2.588139
		51.512161	-0.116215
		51.289406	1.075802
		
c	4 5 12 0 1 6 10 9 8 7 3 11 14 13 2 15	2540.28138953445	0.745971861046555	4	5	12	0	1	6	10	9	8	7	3	11	14	13	2	15		
		53.478239	-2.258549
		53.409532	-3.000126
		51.624837	-3.94495
		52.486125	-1.890507
		51.460852	-2.588139
		53.751959	-0.335941
		55.862982	-4.263554
		55.958426	-3.186893
		54.892406	-2.923222
		54.980766	-1.615849
		53.803895	-1.549931
		51.488224	-3.186893
		50.152266	-5.065556
		50.726024	-3.543949
		51.512161	-0.116215
		51.289406	1.075802
		
c	9 10 8 7 0 1 3 6 11 4 5 12 14 13 2 15	2493.43533197467	0.750656466802533	9	10	8	7	0	1	3	6	11	4	5	12	14	13	2	15		
		55.958426	-3.186893
		55.862982	-4.263554
		54.892406	-2.923222
		54.980766	-1.615849
		52.486125	-1.890507
		51.460852	-2.588139
		53.803895	-1.549931
		53.751959	-0.335941
		51.488224	-3.186893
		53.478239	-2.258549
		53.409532	-3.000126
		51.624837	-3.94495
		50.152266	-5.065556
		50.726024	-3.543949
		51.512161	-0.116215
		51.289406	1.075802
		
c	9 10 8 7 6 3 0 1 11 12 14 4 5 13 2 15	2187.12685388096	0.781287314611904	9	10	8	7	6	3	0	1	11	12	14	4	5	13	2	15		
		55.958426	-3.186893
		55.862982	-4.263554
		54.892406	-2.923222
		54.980766	-1.615849
		53.751959	-0.335941
		53.803895	-1.549931
		52.486125	-1.890507
		51.460852	-2.588139
		51.488224	-3.186893
		51.624837	-3.94495
		50.152266	-5.065556
		53.478239	-2.258549
		53.409532	-3.000126
		50.726024	-3.543949
		51.512161	-0.116215
		51.289406	1.075802
		
c	9 8 7 3 6 4 5 0 1 11 12 14 13 2 10 15	2676.58661503553	0.732341338496447	9	8	7	3	6	4	5	0	1	11	12	14	13	2	10	15		
		55.958426	-3.186893
		54.892406	-2.923222
		54.980766	-1.615849
		53.803895	-1.549931
		53.751959	-0.335941
		53.478239	-2.258549
		53.409532	-3.000126
		52.486125	-1.890507
		51.460852	-2.588139
		51.488224	-3.186893
		51.624837	-3.94495
		50.152266	-5.065556
		50.726024	-3.543949
		51.512161	-0.116215
		55.862982	-4.263554
		51.289406	1.075802
		
c	9 10 2 8 7 3 6 4 5 0 1 11 12 14 13 15	2500.63620198243	0.749936379801757	9	10	2	8	7	3	6	4	5	0	1	11	12	14	13	15		
		55.958426	-3.186893
		55.862982	-4.263554
		51.512161	-0.116215
		54.892406	-2.923222
		54.980766	-1.615849
		53.803895	-1.549931
		53.751959	-0.335941
		53.478239	-2.258549
		53.409532	-3.000126
		52.486125	-1.890507
		51.460852	-2.588139
		51.488224	-3.186893
		51.624837	-3.94495
		50.152266	-5.065556
		50.726024	-3.543949
		51.289406	1.075802
		
c	1 11 12 14 13 2 9 10 8 7 3 6 4 5 0 15	2241.78313481338	0.775821686518662	1	11	12	14	13	2	9	10	8	7	3	6	4	5	0	15		
		51.460852	-2.588139
		51.488224	-3.186893
		51.624837	-3.94495
		50.152266	-5.065556
		50.726024	-3.543949
		51.512161	-0.116215
		55.958426	-3.186893
		55.862982	-4.263554
		54.892406	-2.923222
		54.980766	-1.615849
		53.803895	-1.549931
		53.751959	-0.335941
		53.478239	-2.258549
		53.409532	-3.000126
		52.486125	-1.890507
		51.289406	1.075802
		
c	14 13 2 8 7 3 6 4 5 0 1 11 12 9 10 15	2792.02473489804	0.720797526510196	14	13	2	8	7	3	6	4	5	0	1	11	12	9	10	15		
		50.152266	-5.065556
		50.726024	-3.543949
		51.512161	-0.116215
		54.892406	-2.923222
		54.980766	-1.615849
		53.803895	-1.549931
		53.751959	-0.335941
		53.478239	-2.258549
		53.409532	-3.000126
		52.486125	-1.890507
		51.460852	-2.588139
		51.488224	-3.186893
		51.624837	-3.94495
		55.958426	-3.186893
		55.862982	-4.263554
		51.289406	1.075802
		
c	4 5 0 1 11 12 14 13 6 10 9 8 7 3 2 15	2209.73600158275	0.779026399841725	4	5	0	1	11	12	14	13	6	10	9	8	7	3	2	15		
		53.478239	-2.258549
		53.409532	-3.000126
		52.486125	-1.890507
		51.460852	-2.588139
		51.488224	-3.186893
		51.624837	-3.94495
		50.152266	-5.065556
		50.726024	-3.543949
		53.751959	-0.335941
		55.862982	-4.263554
		55.958426	-3.186893
		54.892406	-2.923222
		54.980766	-1.615849
		53.803895	-1.549931
		51.512161	-0.116215
		51.289406	1.075802
		
c	6 5 0 11 14 13 2 9 10 8 7 3 4 12 1 15	2626.66816955883	0.737333183044117	6	5	0	11	14	13	2	9	10	8	7	3	4	12	1	15		
		53.751959	-0.335941
		53.409532	-3.000126
		52.486125	-1.890507
		51.488224	-3.186893
		50.152266	-5.065556
		50.726024	-3.543949
		51.512161	-0.116215
		55.958426	-3.186893
		55.862982	-4.263554
		54.892406	-2.923222
		54.980766	-1.615849
		53.803895	-1.549931
		53.478239	-2.258549
		51.624837	-3.94495
		51.460852	-2.588139
		51.289406	1.075802
		
c	5 1 11 12 14 13 10 9 8 7 3 6 4 0 2 15	2169.79383064026	0.783020616935974	5	1	11	12	14	13	10	9	8	7	3	6	4	0	2	15		
		53.409532	-3.000126
		51.460852	-2.588139
		51.488224	-3.186893
		51.624837	-3.94495
		50.152266	-5.065556
		50.726024	-3.543949
		55.862982	-4.263554
		55.958426	-3.186893
		54.892406	-2.923222
		54.980766	-1.615849
		53.803895	-1.549931
		53.751959	-0.335941
		53.478239	-2.258549
		52.486125	-1.890507
		51.512161	-0.116215
		51.289406	1.075802
		
c	13 9 10 8 7 4 6 3 5 0 1 11 12 14 2 15	2352.7701903109	0.76472298096891	13	9	10	8	7	4	6	3	5	0	1	11	12	14	2	15		
		50.726024	-3.543949
		55.958426	-3.186893
		55.862982	-4.263554
		54.892406	-2.923222
		54.980766	-1.615849
		53.478239	-2.258549
		53.751959	-0.335941
		53.803895	-1.549931
		53.409532	-3.000126
		52.486125	-1.890507
		51.460852	-2.588139
		51.488224	-3.186893
		51.624837	-3.94495
		50.152266	-5.065556
		51.512161	-0.116215
		51.289406	1.075802
		
c	6 4 5 0 9 8 3 10 7 1 11 12 14 13 2 15	2593.8313767084	0.74061686232916	6	4	5	0	9	8	3	10	7	1	11	12	14	13	2	15		
		53.751959	-0.335941
		53.478239	-2.258549
		53.409532	-3.000126
		52.486125	-1.890507
		55.958426	-3.186893
		54.892406	-2.923222
		53.803895	-1.549931
		55.862982	-4.263554
		54.980766	-1.615849
		51.460852	-2.588139
		51.488224	-3.186893
		51.624837	-3.94495
		50.152266	-5.065556
		50.726024	-3.543949
		51.512161	-0.116215
		51.289406	1.075802
		
c	12 14 13 6 3 7 0 1 11 2 4 9 10 8 5 15	2852.61868587931	0.714738131412069	12	14	13	6	3	7	0	1	11	2	4	9	10	8	5	15		
		51.624837	-3.94495
		50.152266	-5.065556
		50.726024	-3.543949
		53.751959	-0.335941
		53.803895	-1.549931
		54.980766	-1.615849
		52.486125	-1.890507
		51.460852	-2.588139
		51.488224	-3.186893
		51.512161	-0.116215
		53.478239	-2.258549
		55.958426	-3.186893
		55.862982	-4.263554
		54.892406	-2.923222
		53.409532	-3.000126
		51.289406	1.075802
		
c	5 0 1 11 13 10 9 8 7 3 6 4 12 14 2 15	2448.95447365464	0.755104552634536	5	0	1	11	13	10	9	8	7	3	6	4	12	14	2	15		
		53.409532	-3.000126
		52.486125	-1.890507
		51.460852	-2.588139
		51.488224	-3.186893
		50.726024	-3.543949
		55.862982	-4.263554
		55.958426	-3.186893
		54.892406	-2.923222
		54.980766	-1.615849
		53.803895	-1.549931
		53.751959	-0.335941
		53.478239	-2.258549
		51.624837	-3.94495
		50.152266	-5.065556
		51.512161	-0.116215
		51.289406	1.075802
		
c	10 9 8 7 3 0 6 4 5 11 12 14 13 1 2 15	1844.40035452476	0.815559964547524	10	9	8	7	3	0	6	4	5	11	12	14	13	1	2	15		
		55.862982	-4.263554
		55.958426	-3.186893
		54.892406	-2.923222
		54.980766	-1.615849
		53.803895	-1.549931
		52.486125	-1.890507
		53.751959	-0.335941
		53.478239	-2.258549
		53.409532	-3.000126
		51.488224	-3.186893
		51.624837	-3.94495
		50.152266	-5.065556
		50.726024	-3.543949
		51.460852	-2.588139
		51.512161	-0.116215
		51.289406	1.075802
		
c	2 12 14 13 1 8 7 5 0 11 6 3 10 9 4 15	2975.50669481768	0.702449330518232	2	12	14	13	1	8	7	5	0	11	6	3	10	9	4	15		
		51.512161	-0.116215
		51.624837	-3.94495
		50.152266	-5.065556
		50.726024	-3.543949
		51.460852	-2.588139
		54.892406	-2.923222
		54.980766	-1.615849
		53.409532	-3.000126
		52.486125	-1.890507
		51.488224	-3.186893
		53.751959	-0.335941
		53.803895	-1.549931
		55.862982	-4.263554
		55.958426	-3.186893
		53.478239	-2.258549
		51.289406	1.075802
		
c	7 6 3 4 5 0 10 9 8 1 11 12 14 13 2 15	2195.18035298352	0.780481964701648	7	6	3	4	5	0	10	9	8	1	11	12	14	13	2	15		
		54.980766	-1.615849
		53.751959	-0.335941
		53.803895	-1.549931
		53.478239	-2.258549
		53.409532	-3.000126
		52.486125	-1.890507
		55.862982	-4.263554
		55.958426	-3.186893
		54.892406	-2.923222
		51.460852	-2.588139
		51.488224	-3.186893
		51.624837	-3.94495
		50.152266	-5.065556
		50.726024	-3.543949
		51.512161	-0.116215
		51.289406	1.075802
		
c	1 11 12 14 7 9 10 8 6 3 4 5 13 0 2 15	2390.49169108549	0.760950830891451	1	11	12	14	7	9	10	8	6	3	4	5	13	0	2	15		
		51.460852	-2.588139
		51.488224	-3.186893
		51.624837	-3.94495
		50.152266	-5.065556
		54.980766	-1.615849
		55.958426	-3.186893
		55.862982	-4.263554
		54.892406	-2.923222
		53.751959	-0.335941
		53.803895	-1.549931
		53.478239	-2.258549
		53.409532	-3.000126
		50.726024	-3.543949
		52.486125	-1.890507
		51.512161	-0.116215
		51.289406	1.075802
		
c	4 7 6 3 5 0 11 12 14 13 10 9 8 1 2 15	2548.14850105346	0.745185149894654	4	7	6	3	5	0	11	12	14	13	10	9	8	1	2	15		
		53.478239	-2.258549
		54.980766	-1.615849
		53.751959	-0.335941
		53.803895	-1.549931
		53.409532	-3.000126
		52.486125	-1.890507
		51.488224	-3.186893
		51.624837	-3.94495
		50.152266	-5.065556
		50.726024	-3.543949
		55.862982	-4.263554
		55.958426	-3.186893
		54.892406	-2.923222
		51.460852	-2.588139
		51.512161	-0.116215
		51.289406	1.075802
		
c	1 11 12 14 13 2 6 3 10 4 5 9 8 7 0 15	2627.70381143245	0.737229618856755	1	11	12	14	13	2	6	3	10	4	5	9	8	7	0	15		
		51.460852	-2.588139
		51.488224	-3.186893
		51.624837	-3.94495
		50.152266	-5.065556
		50.726024	-3.543949
		51.512161	-0.116215
		53.751959	-0.335941
		53.803895	-1.549931
		55.862982	-4.263554
		53.478239	-2.258549
		53.409532	-3.000126
		55.958426	-3.186893
		54.892406	-2.923222
		54.980766	-1.615849
		52.486125	-1.890507
		51.289406	1.075802
		
c	0 11 12 14 8 7 3 10 9 6 4 5 1 13 2 15	2646.04620921418	0.735395379078582	0	11	12	14	8	7	3	10	9	6	4	5	1	13	2	15		
		52.486125	-1.890507
		51.488224	-3.186893
		51.624837	-3.94495
		50.152266	-5.065556
		54.892406	-2.923222
		54.980766	-1.615849
		53.803895	-1.549931
		55.862982	-4.263554
		55.958426	-3.186893
		53.751959	-0.335941
		53.478239	-2.258549
		53.409532	-3.000126
		51.460852	-2.588139
		50.726024	-3.543949
		51.512161	-0.116215
		51.289406	1.075802
		
c	1 11 12 14 13 6 10 9 8 7 3 4 5 0 2 15	2035.4087562003	0.79645912437997	1	11	12	14	13	6	10	9	8	7	3	4	5	0	2	15		
		51.460852	-2.588139
		51.488224	-3.186893
		51.624837	-3.94495
		50.152266	-5.065556
		50.726024	-3.543949
		53.751959	-0.335941
		55.862982	-4.263554
		55.958426	-3.186893
		54.892406	-2.923222
		54.980766	-1.615849
		53.803895	-1.549931
		53.478239	-2.258549
		53.409532	-3.000126
		52.486125	-1.890507
		51.512161	-0.116215
		51.289406	1.075802
		
c	6 3 4 5 0 1 11 12 14 13 2 7 10 9 8 15	2357.88411945276	0.764211588054724	6	3	4	5	0	1	11	12	14	13	2	7	10	9	8	15		
		53.751959	-0.335941
		53.803895	-1.549931
		53.478239	-2.258549
		53.409532	-3.000126
		52.486125	-1.890507
		51.460852	-2.588139
		51.488224	-3.186893
		51.624837	-3.94495
		50.152266	-5.065556
		50.726024	-3.543949
		51.512161	-0.116215
		54.980766	-1.615849
		55.862982	-4.263554
		55.958426	-3.186893
		54.892406	-2.923222
		51.289406	1.075802
		
c	11 12 14 4 5 13 2 10 9 8 7 3 6 0 1 15	2849.7466604899	0.71502533395101	11	12	14	4	5	13	2	10	9	8	7	3	6	0	1	15		
		51.488224	-3.186893
		51.624837	-3.94495
		50.152266	-5.065556
		53.478239	-2.258549
		53.409532	-3.000126
		50.726024	-3.543949
		51.512161	-0.116215
		55.862982	-4.263554
		55.958426	-3.186893
		54.892406	-2.923222
		54.980766	-1.615849
		53.803895	-1.549931
		53.751959	-0.335941
		52.486125	-1.890507
		51.460852	-2.588139
		51.289406	1.075802
		
c	0 9 10 8 7 3 6 4 11 12 14 5 1 13 2 15	2545.92424059056	0.745407575940944	0	9	10	8	7	3	6	4	11	12	14	5	1	13	2	15		
		52.486125	-1.890507
		55.958426	-3.186893
		55.862982	-4.263554
		54.892406	-2.923222
		54.980766	-1.615849
		53.803895	-1.549931
		53.751959	-0.335941
		53.478239	-2.258549
		51.488224	-3.186893
		51.624837	-3.94495
		50.152266	-5.065556
		53.409532	-3.000126
		51.460852	-2.588139
		50.726024	-3.543949
		51.512161	-0.116215
		51.289406	1.075802
		
c	3 4 5 0 1 11 12 9 10 7 6 14 13 2 8 15	3156.99922791143	0.684300077208857	3	4	5	0	1	11	12	9	10	7	6	14	13	2	8	15		
		53.803895	-1.549931
		53.478239	-2.258549
		53.409532	-3.000126
		52.486125	-1.890507
		51.460852	-2.588139
		51.488224	-3.186893
		51.624837	-3.94495
		55.958426	-3.186893
		55.862982	-4.263554
		54.980766	-1.615849
		53.751959	-0.335941
		50.152266	-5.065556
		50.726024	-3.543949
		51.512161	-0.116215
		54.892406	-2.923222
		51.289406	1.075802
		
c	8 7 3 6 4 5 0 11 12 14 13 10 9 1 2 15	2505.74051568524	0.749425948431476	8	7	3	6	4	5	0	11	12	14	13	10	9	1	2	15		
		54.892406	-2.923222
		54.980766	-1.615849
		53.803895	-1.549931
		53.751959	-0.335941
		53.478239	-2.258549
		53.409532	-3.000126
		52.486125	-1.890507
		51.488224	-3.186893
		51.624837	-3.94495
		50.152266	-5.065556
		50.726024	-3.543949
		55.862982	-4.263554
		55.958426	-3.186893
		51.460852	-2.588139
		51.512161	-0.116215
		51.289406	1.075802
		
c	3 5 0 13 10 9 8 7 6 4 11 12 14 1 2 15	2544.38581429336	0.745561418570664	3	5	0	13	10	9	8	7	6	4	11	12	14	1	2	15		
		53.803895	-1.549931
		53.409532	-3.000126
		52.486125	-1.890507
		50.726024	-3.543949
		55.862982	-4.263554
		55.958426	-3.186893
		54.892406	-2.923222
		54.980766	-1.615849
		53.751959	-0.335941
		53.478239	-2.258549
		51.488224	-3.186893
		51.624837	-3.94495
		50.152266	-5.065556
		51.460852	-2.588139
		51.512161	-0.116215
		51.289406	1.075802
		
c	10 9 8 7 3 11 14 13 6 4 5 0 1 12 2 15	2285.089290023	0.7714910709977	10	9	8	7	3	11	14	13	6	4	5	0	1	12	2	15		
		55.862982	-4.263554
		55.958426	-3.186893
		54.892406	-2.923222
		54.980766	-1.615849
		53.803895	-1.549931
		51.488224	-3.186893
		50.152266	-5.065556
		50.726024	-3.543949
		53.751959	-0.335941
		53.478239	-2.258549
		53.409532	-3.000126
		52.486125	-1.890507
		51.460852	-2.588139
		51.624837	-3.94495
		51.512161	-0.116215
		51.289406	1.075802
		
c	14 10 9 8 7 6 3 4 5 12 0 11 13 1 2 15	2229.58011043937	0.777041988956063	14	10	9	8	7	6	3	4	5	12	0	11	13	1	2	15		
		50.152266	-5.065556
		55.862982	-4.263554
		55.958426	-3.186893
		54.892406	-2.923222
		54.980766	-1.615849
		53.751959	-0.335941
		53.803895	-1.549931
		53.478239	-2.258549
		53.409532	-3.000126
		51.624837	-3.94495
		52.486125	-1.890507
		51.488224	-3.186893
		50.726024	-3.543949
		51.460852	-2.588139
		51.512161	-0.116215
		51.289406	1.075802
		
c	2 5 9 10 8 4 6 0 11 14 13 7 3 12 1 15	2973.68389846168	0.702631610153832	2	5	9	10	8	4	6	0	11	14	13	7	3	12	1	15		
		51.512161	-0.116215
		53.409532	-3.000126
		55.958426	-3.186893
		55.862982	-4.263554
		54.892406	-2.923222
		53.478239	-2.258549
		53.751959	-0.335941
		52.486125	-1.890507
		51.488224	-3.186893
		50.152266	-5.065556
		50.726024	-3.543949
		54.980766	-1.615849
		53.803895	-1.549931
		51.624837	-3.94495
		51.460852	-2.588139
		51.289406	1.075802
		
c	11 12 14 13 1 2 6 4 9 10 8 7 3 5 0 15	2195.54323092411	0.780445676907589	11	12	14	13	1	2	6	4	9	10	8	7	3	5	0	15		
		51.488224	-3.186893
		51.624837	-3.94495
		50.152266	-5.065556
		50.726024	-3.543949
		51.460852	-2.588139
		51.512161	-0.116215
		53.751959	-0.335941
		53.478239	-2.258549
		55.958426	-3.186893
		55.862982	-4.263554
		54.892406	-2.923222
		54.980766	-1.615849
		53.803895	-1.549931
		53.409532	-3.000126
		52.486125	-1.890507
		51.289406	1.075802
		
c	3 4 5 0 10 9 8 7 6 11 12 14 13 1 2 15	2114.36172892993	0.788563827107007	3	4	5	0	10	9	8	7	6	11	12	14	13	1	2	15		
		53.803895	-1.549931
		53.478239	-2.258549
		53.409532	-3.000126
		52.486125	-1.890507
		55.862982	-4.263554
		55.958426	-3.186893
		54.892406	-2.923222
		54.980766	-1.615849
		53.751959	-0.335941
		51.488224	-3.186893
		51.624837	-3.94495
		50.152266	-5.065556
		50.726024	-3.543949
		51.460852	-2.588139
		51.512161	-0.116215
		51.289406	1.075802
		
c	6 3 4 5 0 11 12 14 13 1 2 7 10 9 8 15	2356.85302119012	0.764314697880988	6	3	4	5	0	11	12	14	13	1	2	7	10	9	8	15		
		53.751959	-0.335941
		53.803895	-1.549931
		53.478239	-2.258549
		53.409532	-3.000126
		52.486125	-1.890507
		51.488224	-3.186893
		51.624837	-3.94495
		50.152266	-5.065556
		50.726024	-3.543949
		51.460852	-2.588139
		51.512161	-0.116215
		54.980766	-1.615849
		55.862982	-4.263554
		55.958426	-3.186893
		54.892406	-2.923222
		51.289406	1.075802
		
c	4 9 10 6 5 8 7 3 0 1 11 12 14 13 2 15	2269.97789574518	0.773002210425482	4	9	10	6	5	8	7	3	0	1	11	12	14	13	2	15		
		53.478239	-2.258549
		55.958426	-3.186893
		55.862982	-4.263554
		53.751959	-0.335941
		53.409532	-3.000126
		54.892406	-2.923222
		54.980766	-1.615849
		53.803895	-1.549931
		52.486125	-1.890507
		51.460852	-2.588139
		51.488224	-3.186893
		51.624837	-3.94495
		50.152266	-5.065556
		50.726024	-3.543949
		51.512161	-0.116215
		51.289406	1.075802
		
c	2 10 9 8 7 3 6 4 5 0 1 11 12 14 13 15	2200.61918768487	0.779938081231513	2	10	9	8	7	3	6	4	5	0	1	11	12	14	13	15		
		51.512161	-0.116215
		55.862982	-4.263554
		55.958426	-3.186893
		54.892406	-2.923222
		54.980766	-1.615849
		53.803895	-1.549931
		53.751959	-0.335941
		53.478239	-2.258549
		53.409532	-3.000126
		52.486125	-1.890507
		51.460852	-2.588139
		51.488224	-3.186893
		51.624837	-3.94495
		50.152266	-5.065556
		50.726024	-3.543949
		51.289406	1.075802
		
c	4 5 0 1 11 12 14 13 2 6 10 8 3 9 7 15	2695.15362046345	0.730484637953654	4	5	0	1	11	12	14	13	2	6	10	8	3	9	7	15		
		53.478239	-2.258549
		53.409532	-3.000126
		52.486125	-1.890507
		51.460852	-2.588139
		51.488224	-3.186893
		51.624837	-3.94495
		50.152266	-5.065556
		50.726024	-3.543949
		51.512161	-0.116215
		53.751959	-0.335941
		55.862982	-4.263554
		54.892406	-2.923222
		53.803895	-1.549931
		55.958426	-3.186893
		54.980766	-1.615849
		51.289406	1.075802
		
c	7 3 6 4 5 0 1 11 14 13 12 9 10 8 2 15	2306.25499059718	0.769374500940282	7	3	6	4	5	0	1	11	14	13	12	9	10	8	2	15		
		54.980766	-1.615849
		53.803895	-1.549931
		53.751959	-0.335941
		53.478239	-2.258549
		53.409532	-3.000126
		52.486125	-1.890507
		51.460852	-2.588139
		51.488224	-3.186893
		50.152266	-5.065556
		50.726024	-3.543949
		51.624837	-3.94495
		55.958426	-3.186893
		55.862982	-4.263554
		54.892406	-2.923222
		51.512161	-0.116215
		51.289406	1.075802
		
c	5 0 1 11 12 14 13 2 6 7 3 4 9 10 8 15	2475.9746258401	0.75240253741599	5	0	1	11	12	14	13	2	6	7	3	4	9	10	8	15		
		53.409532	-3.000126
		52.486125	-1.890507
		51.460852	-2.588139
		51.488224	-3.186893
		51.624837	-3.94495
		50.152266	-5.065556
		50.726024	-3.543949
		51.512161	-0.116215
		53.751959	-0.335941
		54.980766	-1.615849
		53.803895	-1.549931
		53.478239	-2.258549
		55.958426	-3.186893
		55.862982	-4.263554
		54.892406	-2.923222
		51.289406	1.075802
		
c	12 14 13 1 2 6 4 9 10 8 7 3 5 0 11 15	2336.46402243676	0.766353597756324	12	14	13	1	2	6	4	9	10	8	7	3	5	0	11	15		
		51.624837	-3.94495
		50.152266	-5.065556
		50.726024	-3.543949
		51.460852	-2.588139
		51.512161	-0.116215
		53.751959	-0.335941
		53.478239	-2.258549
		55.958426	-3.186893
		55.862982	-4.263554
		54.892406	-2.923222
		54.980766	-1.615849
		53.803895	-1.549931
		53.409532	-3.000126
		52.486125	-1.890507
		51.488224	-3.186893
		51.289406	1.075802
		
c	4 8 7 3 5 0 1 12 2 10 9 6 11 14 13 15	2993.07946955787	0.700692053044213	4	8	7	3	5	0	1	12	2	10	9	6	11	14	13	15		
		53.478239	-2.258549
		54.892406	-2.923222
		54.980766	-1.615849
		53.803895	-1.549931
		53.409532	-3.000126
		52.486125	-1.890507
		51.460852	-2.588139
		51.624837	-3.94495
		51.512161	-0.116215
		55.862982	-4.263554
		55.958426	-3.186893
		53.751959	-0.335941
		51.488224	-3.186893
		50.152266	-5.065556
		50.726024	-3.543949
		51.289406	1.075802
		
c	2 12 14 13 4 8 7 5 0 1 11 6 3 10 9 15	2968.03484294552	0.703196515705448	2	12	14	13	4	8	7	5	0	1	11	6	3	10	9	15		
		51.512161	-0.116215
		51.624837	-3.94495
		50.152266	-5.065556
		50.726024	-3.543949
		53.478239	-2.258549
		54.892406	-2.923222
		54.980766	-1.615849
		53.409532	-3.000126
		52.486125	-1.890507
		51.460852	-2.588139
		51.488224	-3.186893
		53.751959	-0.335941
		53.803895	-1.549931
		55.862982	-4.263554
		55.958426	-3.186893
		51.289406	1.075802
		
c	9 4 6 5 0 11 14 13 10 8 7 3 12 1 2 15	2754.8801273196	0.72451198726804	9	4	6	5	0	11	14	13	10	8	7	3	12	1	2	15		
		55.958426	-3.186893
		53.478239	-2.258549
		53.751959	-0.335941
		53.409532	-3.000126
		52.486125	-1.890507
		51.488224	-3.186893
		50.152266	-5.065556
		50.726024	-3.543949
		55.862982	-4.263554
		54.892406	-2.923222
		54.980766	-1.615849
		53.803895	-1.549931
		51.624837	-3.94495
		51.460852	-2.588139
		51.512161	-0.116215
		51.289406	1.075802
		
c	10 8 7 6 3 4 5 0 1 11 12 9 14 13 2 15	2524.69790193365	0.747530209806635	10	8	7	6	3	4	5	0	1	11	12	9	14	13	2	15		
		55.862982	-4.263554
		54.892406	-2.923222
		54.980766	-1.615849
		53.751959	-0.335941
		53.803895	-1.549931
		53.478239	-2.258549
		53.409532	-3.000126
		52.486125	-1.890507
		51.460852	-2.588139
		51.488224	-3.186893
		51.624837	-3.94495
		55.958426	-3.186893
		50.152266	-5.065556
		50.726024	-3.543949
		51.512161	-0.116215
		51.289406	1.075802
		
g167		1613.67648029291	0.838632351970709	0	10	9	8	7	6	3	4	5	0	11	12	14	13	1	2	15		
		55.862982	-4.263554
		55.958426	-3.186893
		54.892406	-2.923222
		54.980766	-1.615849
		53.751959	-0.335941
		53.803895	-1.549931
		53.478239	-2.258549
		53.409532	-3.000126
		52.486125	-1.890507
		51.488224	-3.186893
		51.624837	-3.94495
		50.152266	-5.065556
		50.726024	-3.543949
		51.460852	-2.588139
		51.512161	-0.116215
		51.289406	1.075802
		
g167		1614.70757855554	0.838529242144446	1	10	9	8	7	6	3	4	5	0	1	11	12	14	13	2	15		
		55.862982	-4.263554
		55.958426	-3.186893
		54.892406	-2.923222
		54.980766	-1.615849
		53.751959	-0.335941
		53.803895	-1.549931
		53.478239	-2.258549
		53.409532	-3.000126
		52.486125	-1.890507
		51.460852	-2.588139
		51.488224	-3.186893
		51.624837	-3.94495
		50.152266	-5.065556
		50.726024	-3.543949
		51.512161	-0.116215
		51.289406	1.075802
		
g167		1631.15131975355	0.836884868024645	2	9	10	8	7	6	3	4	5	0	11	12	14	13	1	2	15		
		55.958426	-3.186893
		55.862982	-4.263554
		54.892406	-2.923222
		54.980766	-1.615849
		53.751959	-0.335941
		53.803895	-1.549931
		53.478239	-2.258549
		53.409532	-3.000126
		52.486125	-1.890507
		51.488224	-3.186893
		51.624837	-3.94495
		50.152266	-5.065556
		50.726024	-3.543949
		51.460852	-2.588139
		51.512161	-0.116215
		51.289406	1.075802
		
g167		1632.18241801618	0.836781758198382	3	9	10	8	7	6	3	4	5	0	1	11	12	14	13	2	15		
		55.958426	-3.186893
		55.862982	-4.263554
		54.892406	-2.923222
		54.980766	-1.615849
		53.751959	-0.335941
		53.803895	-1.549931
		53.478239	-2.258549
		53.409532	-3.000126
		52.486125	-1.890507
		51.460852	-2.588139
		51.488224	-3.186893
		51.624837	-3.94495
		50.152266	-5.065556
		50.726024	-3.543949
		51.512161	-0.116215
		51.289406	1.075802
		
g167		1656.09836620198	0.834390163379802	4	10	9	8	7	3	6	4	5	0	11	12	14	13	1	2	15		
		55.862982	-4.263554
		55.958426	-3.186893
		54.892406	-2.923222
		54.980766	-1.615849
		53.803895	-1.549931
		53.751959	-0.335941
		53.478239	-2.258549
		53.409532	-3.000126
		52.486125	-1.890507
		51.488224	-3.186893
		51.624837	-3.94495
		50.152266	-5.065556
		50.726024	-3.543949
		51.460852	-2.588139
		51.512161	-0.116215
		51.289406	1.075802
		
g167		1657.12946446462	0.834287053553538	5	10	9	8	7	3	6	4	5	0	1	11	12	14	13	2	15		
		55.862982	-4.263554
		55.958426	-3.186893
		54.892406	-2.923222
		54.980766	-1.615849
		53.803895	-1.549931
		53.751959	-0.335941
		53.478239	-2.258549
		53.409532	-3.000126
		52.486125	-1.890507
		51.460852	-2.588139
		51.488224	-3.186893
		51.624837	-3.94495
		50.152266	-5.065556
		50.726024	-3.543949
		51.512161	-0.116215
		51.289406	1.075802
		
