c	9 5 12 14 13 0 1 11 2 15 6 8 7 10 4 3	2621.70049156608	0.737829950843392	9	5	12	14	13	0	1	11	2	15	6	8	7	10	4	3		
		55.958426	-3.186893
		53.409532	-3.000126
		51.624837	-3.94495
		50.152266	-5.065556
		50.726024	-3.543949
		52.486125	-1.890507
		51.460852	-2.588139
		51.488224	-3.186893
		51.512161	-0.116215
		51.289406	1.075802
		53.751959	-0.335941
		54.892406	-2.923222
		54.980766	-1.615849
		55.862982	-4.263554
		53.478239	-2.258549
		53.803895	-1.549931
		
c	12 14 13 1 0 2 15 6 4 3 7 10 11 9 8 5	2862.50056917017	0.713749943082983	12	14	13	1	0	2	15	6	4	3	7	10	11	9	8	5		
		51.624837	-3.94495
		50.152266	-5.065556
		50.726024	-3.543949
		51.460852	-2.588139
		52.486125	-1.890507
		51.512161	-0.116215
		51.289406	1.075802
		53.751959	-0.335941
		53.478239	-2.258549
		53.803895	-1.549931
		54.980766	-1.615849
		55.862982	-4.263554
		51.488224	-3.186893
		55.958426	-3.186893
		54.892406	-2.923222
		53.409532	-3.000126
		
c	6 3 4 8 10 9 5 7 1 0 14 13 2 12 11 15	2844.31921612879	0.715568078387121	6	3	4	8	10	9	5	7	1	0	14	13	2	12	11	15		
		53.751959	-0.335941
		53.803895	-1.549931
		53.478239	-2.258549
		54.892406	-2.923222
		55.862982	-4.263554
		55.958426	-3.186893
		53.409532	-3.000126
		54.980766	-1.615849
		51.460852	-2.588139
		52.486125	-1.890507
		50.152266	-5.065556
		50.726024	-3.543949
		51.512161	-0.116215
		51.624837	-3.94495
		51.488224	-3.186893
		51.289406	1.075802
		
c	14 13 2 15 4 0 1 11 6 8 7 10 9 3 5 12	2524.76710236579	0.747523289763421	14	13	2	15	4	0	1	11	6	8	7	10	9	3	5	12		
		50.152266	-5.065556
		50.726024	-3.543949
		51.512161	-0.116215
		51.289406	1.075802
		53.478239	-2.258549
		52.486125	-1.890507
		51.460852	-2.588139
		51.488224	-3.186893
		53.751959	-0.335941
		54.892406	-2.923222
		54.980766	-1.615849
		55.862982	-4.263554
		55.958426	-3.186893
		53.803895	-1.549931
		53.409532	-3.000126
		51.624837	-3.94495
		
c	9 10 6 4 3 0 7 8 5 11 12 14 13 1 2 15	2215.34017824438	0.778465982175562	9	10	6	4	3	0	7	8	5	11	12	14	13	1	2	15		
		55.958426	-3.186893
		55.862982	-4.263554
		53.751959	-0.335941
		53.478239	-2.258549
		53.803895	-1.549931
		52.486125	-1.890507
		54.980766	-1.615849
		54.892406	-2.923222
		53.409532	-3.000126
		51.488224	-3.186893
		51.624837	-3.94495
		50.152266	-5.065556
		50.726024	-3.543949
		51.460852	-2.588139
		51.512161	-0.116215
		51.289406	1.075802
		
c	1 2 15 0 11 12 14 13 5 7 8 10 9 4 6 3	2283.23849920012	0.771676150079988	1	2	15	0	11	12	14	13	5	7	8	10	9	4	6	3		
		51.460852	-2.588139
		51.512161	-0.116215
		51.289406	1.075802
		52.486125	-1.890507
		51.488224	-3.186893
		51.624837	-3.94495
		50.152266	-5.065556
		50.726024	-3.543949
		53.409532	-3.000126
		54.980766	-1.615849
		54.892406	-2.923222
		55.862982	-4.263554
		55.958426	-3.186893
		53.478239	-2.258549
		53.751959	-0.335941
		53.803895	-1.549931
		
c	6 8 5 1 0 4 12 11 14 13 3 7 10 9 2 15	2825.36409810549	0.717463590189451	6	8	5	1	0	4	12	11	14	13	3	7	10	9	2	15		
		53.751959	-0.335941
		54.892406	-2.923222
		53.409532	-3.000126
		51.460852	-2.588139
		52.486125	-1.890507
		53.478239	-2.258549
		51.624837	-3.94495
		51.488224	-3.186893
		50.152266	-5.065556
		50.726024	-3.543949
		53.803895	-1.549931
		54.980766	-1.615849
		55.862982	-4.263554
		55.958426	-3.186893
		51.512161	-0.116215
		51.289406	1.075802
		
c	13 1 0 2 4 3 7 10 9 8 5 15 6 12 11 14	2636.51681359973	0.736348318640027	13	1	0	2	4	3	7	10	9	8	5	15	6	12	11	14		
		50.726024	-3.543949
		51.460852	-2.588139
		52.486125	-1.890507
		51.512161	-0.116215
		53.478239	-2.258549
		53.803895	-1.549931
		54.980766	-1.615849
		55.862982	-4.263554
		55.958426	-3.186893
		54.892406	-2.923222
		53.409532	-3.000126
		51.289406	1.075802
		53.751959	-0.335941
		51.624837	-3.94495
		51.488224	-3.186893
		50.152266	-5.065556
		
c	1 13 4 3 7 10 11 12 14 2 15 6 8 5 0 9	3187.87760946662	0.681212239053338	1	13	4	3	7	10	11	12	14	2	15	6	8	5	0	9		
		51.460852	-2.588139
		50.726024	-3.543949
		53.478239	-2.258549
		53.803895	-1.549931
		54.980766	-1.615849
		55.862982	-4.263554
		51.488224	-3.186893
		51.624837	-3.94495
		50.152266	-5.065556
		51.512161	-0.116215
		51.289406	1.075802
		53.751959	-0.335941
		54.892406	-2.923222
		53.409532	-3.000126
		52.486125	-1.890507
		55.958426	-3.186893
		
c	12 14 13 1 2 15 0 4 3 6 7 10 9 8 5 11	2085.38751376324	0.791461248623676	12	14	13	1	2	15	0	4	3	6	7	10	9	8	5	11		
		51.624837	-3.94495
		50.152266	-5.065556
		50.726024	-3.543949
		51.460852	-2.588139
		51.512161	-0.116215
		51.289406	1.075802
		52.486125	-1.890507
		53.478239	-2.258549
		53.803895	-1.549931
		53.751959	-0.335941
		54.980766	-1.615849
		55.862982	-4.263554
		55.958426	-3.186893
		54.892406	-2.923222
		53.409532	-3.000126
		51.488224	-3.186893
		
c	2 15 0 13 1 8 7 9 10 6 4 3 5 11 12 14	2431.91134160299	0.756808865839701	2	15	0	13	1	8	7	9	10	6	4	3	5	11	12	14		
		51.512161	-0.116215
		51.289406	1.075802
		52.486125	-1.890507
		50.726024	-3.543949
		51.460852	-2.588139
		54.892406	-2.923222
		54.980766	-1.615849
		55.958426	-3.186893
		55.862982	-4.263554
		53.751959	-0.335941
		53.478239	-2.258549
		53.803895	-1.549931
		53.409532	-3.000126
		51.488224	-3.186893
		51.624837	-3.94495
		50.152266	-5.065556
		
c	9 8 5 11 1 2 15 0 4 3 6 7 10 12 14 13	2425.25210390323	0.757474789609677	9	8	5	11	1	2	15	0	4	3	6	7	10	12	14	13		
		55.958426	-3.186893
		54.892406	-2.923222
		53.409532	-3.000126
		51.488224	-3.186893
		51.460852	-2.588139
		51.512161	-0.116215
		51.289406	1.075802
		52.486125	-1.890507
		53.478239	-2.258549
		53.803895	-1.549931
		53.751959	-0.335941
		54.980766	-1.615849
		55.862982	-4.263554
		51.624837	-3.94495
		50.152266	-5.065556
		50.726024	-3.543949
		
c	3 6 7 10 9 12 14 13 8 5 11 1 2 15 0 4	2792.24125183455	0.720775874816545	3	6	7	10	9	12	14	13	8	5	11	1	2	15	0	4		
		53.803895	-1.549931
		53.751959	-0.335941
		54.980766	-1.615849
		55.862982	-4.263554
		55.958426	-3.186893
		51.624837	-3.94495
		50.152266	-5.065556
		50.726024	-3.543949
		54.892406	-2.923222
		53.409532	-3.000126
		51.488224	-3.186893
		51.460852	-2.588139
		51.512161	-0.116215
		51.289406	1.075802
		52.486125	-1.890507
		53.478239	-2.258549
		
c	12 14 13 2 6 8 7 9 10 5 4 3 0 1 11 15	2323.90456591477	0.767609543408523	12	14	13	2	6	8	7	9	10	5	4	3	0	1	11	15		
		51.624837	-3.94495
		50.152266	-5.065556
		50.726024	-3.543949
		51.512161	-0.116215
		53.751959	-0.335941
		54.892406	-2.923222
		54.980766	-1.615849
		55.958426	-3.186893
		55.862982	-4.263554
		53.409532	-3.000126
		53.478239	-2.258549
		53.803895	-1.549931
		52.486125	-1.890507
		51.460852	-2.588139
		51.488224	-3.186893
		51.289406	1.075802
		
c	13 1 2 12 14 15 0 4 11 6 3 7 10 9 8 5	2833.85559584435	0.716614440415565	13	1	2	12	14	15	0	4	11	6	3	7	10	9	8	5		
		50.726024	-3.543949
		51.460852	-2.588139
		51.512161	-0.116215
		51.624837	-3.94495
		50.152266	-5.065556
		51.289406	1.075802
		52.486125	-1.890507
		53.478239	-2.258549
		51.488224	-3.186893
		53.751959	-0.335941
		53.803895	-1.549931
		54.980766	-1.615849
		55.862982	-4.263554
		55.958426	-3.186893
		54.892406	-2.923222
		53.409532	-3.000126
		
c	0 4 6 3 1 2 15 11 12 14 13 5 7 8 10 9	2295.19803256523	0.770480196743477	0	4	6	3	1	2	15	11	12	14	13	5	7	8	10	9		
		52.486125	-1.890507
		53.478239	-2.258549
		53.751959	-0.335941
		53.803895	-1.549931
		51.460852	-2.588139
		51.512161	-0.116215
		51.289406	1.075802
		51.488224	-3.186893
		51.624837	-3.94495
		50.152266	-5.065556
		50.726024	-3.543949
		53.409532	-3.000126
		54.980766	-1.615849
		54.892406	-2.923222
		55.862982	-4.263554
		55.958426	-3.186893
		
c	8 12 14 13 11 1 2 15 0 4 6 3 7 10 9 5	2306.85603448855	0.769314396551145	8	12	14	13	11	1	2	15	0	4	6	3	7	10	9	5		
		54.892406	-2.923222
		51.624837	-3.94495
		50.152266	-5.065556
		50.726024	-3.543949
		51.488224	-3.186893
		51.460852	-2.588139
		51.512161	-0.116215
		51.289406	1.075802
		52.486125	-1.890507
		53.478239	-2.258549
		53.751959	-0.335941
		53.803895	-1.549931
		54.980766	-1.615849
		55.862982	-4.263554
		55.958426	-3.186893
		53.409532	-3.000126
		
c	12 14 13 1 2 15 0 4 6 3 7 10 9 8 5 11	2127.80939967231	0.787219060032769	12	14	13	1	2	15	0	4	6	3	7	10	9	8	5	11		
		51.624837	-3.94495
		50.152266	-5.065556
		50.726024	-3.543949
		51.460852	-2.588139
		51.512161	-0.116215
		51.289406	1.075802
		52.486125	-1.890507
		53.478239	-2.258549
		53.751959	-0.335941
		53.803895	-1.549931
		54.980766	-1.615849
		55.862982	-4.263554
		55.958426	-3.186893
		54.892406	-2.923222
		53.409532	-3.000126
		51.488224	-3.186893
		
c	7 0 4 6 3 5 12 1 11 14 13 2 10 9 8 15	2855.16156333977	0.714483843666023	7	0	4	6	3	5	12	1	11	14	13	2	10	9	8	15		
		54.980766	-1.615849
		52.486125	-1.890507
		53.478239	-2.258549
		53.751959	-0.335941
		53.803895	-1.549931
		53.409532	-3.000126
		51.624837	-3.94495
		51.460852	-2.588139
		51.488224	-3.186893
		50.152266	-5.065556
		50.726024	-3.543949
		51.512161	-0.116215
		55.862982	-4.263554
		55.958426	-3.186893
		54.892406	-2.923222
		51.289406	1.075802
		
c	3 7 10 9 8 5 11 12 14 13 1 2 15 0 4 6	2102.39887064277	0.789760112935723	3	7	10	9	8	5	11	12	14	13	1	2	15	0	4	6		
		53.803895	-1.549931
		54.980766	-1.615849
		55.862982	-4.263554
		55.958426	-3.186893
		54.892406	-2.923222
		53.409532	-3.000126
		51.488224	-3.186893
		51.624837	-3.94495
		50.152266	-5.065556
		50.726024	-3.543949
		51.460852	-2.588139
		51.512161	-0.116215
		51.289406	1.075802
		52.486125	-1.890507
		53.478239	-2.258549
		53.751959	-0.335941
		
c	2 15 1 0 4 6 3 7 10 9 8 5 12 11 14 13	2052.59697942023	0.794740302057977	2	15	1	0	4	6	3	7	10	9	8	5	12	11	14	13		
		51.512161	-0.116215
		51.289406	1.075802
		51.460852	-2.588139
		52.486125	-1.890507
		53.478239	-2.258549
		53.751959	-0.335941
		53.803895	-1.549931
		54.980766	-1.615849
		55.862982	-4.263554
		55.958426	-3.186893
		54.892406	-2.923222
		53.409532	-3.000126
		51.624837	-3.94495
		51.488224	-3.186893
		50.152266	-5.065556
		50.726024	-3.543949
		
c	14 13 2 15 12 11 1 0 4 6 3 7 10 9 8 5	2036.47116965758	0.796352883034242	14	13	2	15	12	11	1	0	4	6	3	7	10	9	8	5		
		50.152266	-5.065556
		50.726024	-3.543949
		51.512161	-0.116215
		51.289406	1.075802
		51.624837	-3.94495
		51.488224	-3.186893
		51.460852	-2.588139
		52.486125	-1.890507
		53.478239	-2.258549
		53.751959	-0.335941
		53.803895	-1.549931
		54.980766	-1.615849
		55.862982	-4.263554
		55.958426	-3.186893
		54.892406	-2.923222
		53.409532	-3.000126
		
c	13 2 15 4 0 6 3 5 12 1 11 14 7 10 9 8	2657.26174110716	0.734273825889284	13	2	15	4	0	6	3	5	12	1	11	14	7	10	9	8		
		50.726024	-3.543949
		51.512161	-0.116215
		51.289406	1.075802
		53.478239	-2.258549
		52.486125	-1.890507
		53.751959	-0.335941
		53.803895	-1.549931
		53.409532	-3.000126
		51.624837	-3.94495
		51.460852	-2.588139
		51.488224	-3.186893
		50.152266	-5.065556
		54.980766	-1.615849
		55.862982	-4.263554
		55.958426	-3.186893
		54.892406	-2.923222
		
c	7 10 9 8 5 11 12 14 13 1 2 15 0 4 3 6	1980.13165112224	0.801986834887776	7	10	9	8	5	11	12	14	13	1	2	15	0	4	3	6		
		54.980766	-1.615849
		55.862982	-4.263554
		55.958426	-3.186893
		54.892406	-2.923222
		53.409532	-3.000126
		51.488224	-3.186893
		51.624837	-3.94495
		50.152266	-5.065556
		50.726024	-3.543949
		51.460852	-2.588139
		51.512161	-0.116215
		51.289406	1.075802
		52.486125	-1.890507
		53.478239	-2.258549
		53.803895	-1.549931
		53.751959	-0.335941
		
c	13 5 7 8 12 14 11 1 2 15 0 4 6 3 10 9	2552.36538786461	0.744763461213539	13	5	7	8	12	14	11	1	2	15	0	4	6	3	10	9		
		50.726024	-3.543949
		53.409532	-3.000126
		54.980766	-1.615849
		54.892406	-2.923222
		51.624837	-3.94495
		50.152266	-5.065556
		51.488224	-3.186893
		51.460852	-2.588139
		51.512161	-0.116215
		51.289406	1.075802
		52.486125	-1.890507
		53.478239	-2.258549
		53.751959	-0.335941
		53.803895	-1.549931
		55.862982	-4.263554
		55.958426	-3.186893
		
c	4 12 9 8 5 11 14 13 1 2 15 0 6 3 7 10	2728.27964172153	0.727172035827847	4	12	9	8	5	11	14	13	1	2	15	0	6	3	7	10		
		53.478239	-2.258549
		51.624837	-3.94495
		55.958426	-3.186893
		54.892406	-2.923222
		53.409532	-3.000126
		51.488224	-3.186893
		50.152266	-5.065556
		50.726024	-3.543949
		51.460852	-2.588139
		51.512161	-0.116215
		51.289406	1.075802
		52.486125	-1.890507
		53.751959	-0.335941
		53.803895	-1.549931
		54.980766	-1.615849
		55.862982	-4.263554
		
c	6 11 12 14 13 2 15 8 5 1 0 4 3 7 10 9	2572.33108960511	0.742766891039489	6	11	12	14	13	2	15	8	5	1	0	4	3	7	10	9		
		53.751959	-0.335941
		51.488224	-3.186893
		51.624837	-3.94495
		50.152266	-5.065556
		50.726024	-3.543949
		51.512161	-0.116215
		51.289406	1.075802
		54.892406	-2.923222
		53.409532	-3.000126
		51.460852	-2.588139
		52.486125	-1.890507
		53.478239	-2.258549
		53.803895	-1.549931
		54.980766	-1.615849
		55.862982	-4.263554
		55.958426	-3.186893
		
c	2 15 8 7 3 6 10 9 5 4 12 11 14 13 1 0	2451.12717491573	0.754887282508427	2	15	8	7	3	6	10	9	5	4	12	11	14	13	1	0		
		51.512161	-0.116215
		51.289406	1.075802
		54.892406	-2.923222
		54.980766	-1.615849
		53.803895	-1.549931
		53.751959	-0.335941
		55.862982	-4.263554
		55.958426	-3.186893
		53.409532	-3.000126
		53.478239	-2.258549
		51.624837	-3.94495
		51.488224	-3.186893
		50.152266	-5.065556
		50.726024	-3.543949
		51.460852	-2.588139
		52.486125	-1.890507
		
c	10 1 2 15 0 11 12 14 13 5 7 8 9 4 6 3	2699.5776016059	0.73004223983941	10	1	2	15	0	11	12	14	13	5	7	8	9	4	6	3		
		55.862982	-4.263554
		51.460852	-2.588139
		51.512161	-0.116215
		51.289406	1.075802
		52.486125	-1.890507
		51.488224	-3.186893
		51.624837	-3.94495
		50.152266	-5.065556
		50.726024	-3.543949
		53.409532	-3.000126
		54.980766	-1.615849
		54.892406	-2.923222
		55.958426	-3.186893
		53.478239	-2.258549
		53.751959	-0.335941
		53.803895	-1.549931
		
c	1 2 15 0 7 9 10 6 4 11 12 14 13 8 5 3	2794.99540246636	0.720500459753364	1	2	15	0	7	9	10	6	4	11	12	14	13	8	5	3		
		51.460852	-2.588139
		51.512161	-0.116215
		51.289406	1.075802
		52.486125	-1.890507
		54.980766	-1.615849
		55.958426	-3.186893
		55.862982	-4.263554
		53.751959	-0.335941
		53.478239	-2.258549
		51.488224	-3.186893
		51.624837	-3.94495
		50.152266	-5.065556
		50.726024	-3.543949
		54.892406	-2.923222
		53.409532	-3.000126
		53.803895	-1.549931
		
c	0 8 7 9 10 6 5 4 12 11 14 13 1 2 15 3	2457.07047138819	0.754292952861181	0	8	7	9	10	6	5	4	12	11	14	13	1	2	15	3		
		52.486125	-1.890507
		54.892406	-2.923222
		54.980766	-1.615849
		55.958426	-3.186893
		55.862982	-4.263554
		53.751959	-0.335941
		53.409532	-3.000126
		53.478239	-2.258549
		51.624837	-3.94495
		51.488224	-3.186893
		50.152266	-5.065556
		50.726024	-3.543949
		51.460852	-2.588139
		51.512161	-0.116215
		51.289406	1.075802
		53.803895	-1.549931
		
c	4 6 7 10 9 3 8 5 0 1 11 12 14 13 2 15	2122.92427557369	0.787707572442631	4	6	7	10	9	3	8	5	0	1	11	12	14	13	2	15		
		53.478239	-2.258549
		53.751959	-0.335941
		54.980766	-1.615849
		55.862982	-4.263554
		55.958426	-3.186893
		53.803895	-1.549931
		54.892406	-2.923222
		53.409532	-3.000126
		52.486125	-1.890507
		51.460852	-2.588139
		51.488224	-3.186893
		51.624837	-3.94495
		50.152266	-5.065556
		50.726024	-3.543949
		51.512161	-0.116215
		51.289406	1.075802
		
c	6 4 3 5 11 12 14 13 1 2 8 7 9 10 15 0	2727.30167972635	0.727269832027365	6	4	3	5	11	12	14	13	1	2	8	7	9	10	15	0		
		53.751959	-0.335941
		53.478239	-2.258549
		53.803895	-1.549931
		53.409532	-3.000126
		51.488224	-3.186893
		51.624837	-3.94495
		50.152266	-5.065556
		50.726024	-3.543949
		51.460852	-2.588139
		51.512161	-0.116215
		54.892406	-2.923222
		54.980766	-1.615849
		55.958426	-3.186893
		55.862982	-4.263554
		51.289406	1.075802
		52.486125	-1.890507
		
c	12 14 13 2 9 8 5 11 1 15 0 4 6 7 10 3	3018.31747090728	0.698168252909272	12	14	13	2	9	8	5	11	1	15	0	4	6	7	10	3		
		51.624837	-3.94495
		50.152266	-5.065556
		50.726024	-3.543949
		51.512161	-0.116215
		55.958426	-3.186893
		54.892406	-2.923222
		53.409532	-3.000126
		51.488224	-3.186893
		51.460852	-2.588139
		51.289406	1.075802
		52.486125	-1.890507
		53.478239	-2.258549
		53.751959	-0.335941
		54.980766	-1.615849
		55.862982	-4.263554
		53.803895	-1.549931
		
c	8 7 9 10 5 1 12 14 13 2 6 4 3 11 15 0	2718.24008926757	0.728175991073243	8	7	9	10	5	1	12	14	13	2	6	4	3	11	15	0		
		54.892406	-2.923222
		54.980766	-1.615849
		55.958426	-3.186893
		55.862982	-4.263554
		53.409532	-3.000126
		51.460852	-2.588139
		51.624837	-3.94495
		50.152266	-5.065556
		50.726024	-3.543949
		51.512161	-0.116215
		53.751959	-0.335941
		53.478239	-2.258549
		53.803895	-1.549931
		51.488224	-3.186893
		51.289406	1.075802
		52.486125	-1.890507
		
c	14 13 1 2 15 0 6 3 7 10 9 8 5 11 12 4	2167.65443082469	0.783234556917531	14	13	1	2	15	0	6	3	7	10	9	8	5	11	12	4		
		50.152266	-5.065556
		50.726024	-3.543949
		51.460852	-2.588139
		51.512161	-0.116215
		51.289406	1.075802
		52.486125	-1.890507
		53.751959	-0.335941
		53.803895	-1.549931
		54.980766	-1.615849
		55.862982	-4.263554
		55.958426	-3.186893
		54.892406	-2.923222
		53.409532	-3.000126
		51.488224	-3.186893
		51.624837	-3.94495
		53.478239	-2.258549
		
c	6 0 1 11 12 14 13 2 15 4 3 10 7 9 8 5	2346.67955369367	0.765332044630633	6	0	1	11	12	14	13	2	15	4	3	10	7	9	8	5		
		53.751959	-0.335941
		52.486125	-1.890507
		51.460852	-2.588139
		51.488224	-3.186893
		51.624837	-3.94495
		50.152266	-5.065556
		50.726024	-3.543949
		51.512161	-0.116215
		51.289406	1.075802
		53.478239	-2.258549
		53.803895	-1.549931
		55.862982	-4.263554
		54.980766	-1.615849
		55.958426	-3.186893
		54.892406	-2.923222
		53.409532	-3.000126
		
c	6 7 10 9 8 5 11 12 14 13 1 2 15 0 3 4	2095.22026516538	0.790477973483462	6	7	10	9	8	5	11	12	14	13	1	2	15	0	3	4		
		53.751959	-0.335941
		54.980766	-1.615849
		55.862982	-4.263554
		55.958426	-3.186893
		54.892406	-2.923222
		53.409532	-3.000126
		51.488224	-3.186893
		51.624837	-3.94495
		50.152266	-5.065556
		50.726024	-3.543949
		51.460852	-2.588139
		51.512161	-0.116215
		51.289406	1.075802
		52.486125	-1.890507
		53.803895	-1.549931
		53.478239	-2.258549
		
c	1 2 15 0 6 3 7 11 4 12 14 13 8 9 10 5	2998.48924622802	0.700151075377198	1	2	15	0	6	3	7	11	4	12	14	13	8	9	10	5		
		51.460852	-2.588139
		51.512161	-0.116215
		51.289406	1.075802
		52.486125	-1.890507
		53.751959	-0.335941
		53.803895	-1.549931
		54.980766	-1.615849
		51.488224	-3.186893
		53.478239	-2.258549
		51.624837	-3.94495
		50.152266	-5.065556
		50.726024	-3.543949
		54.892406	-2.923222
		55.958426	-3.186893
		55.862982	-4.263554
		53.409532	-3.000126
		
c	7 10 9 8 5 15 12 14 13 0 1 11 2 6 4 3	2609.83375261143	0.739016624738857	7	10	9	8	5	15	12	14	13	0	1	11	2	6	4	3		
		54.980766	-1.615849
		55.862982	-4.263554
		55.958426	-3.186893
		54.892406	-2.923222
		53.409532	-3.000126
		51.289406	1.075802
		51.624837	-3.94495
		50.152266	-5.065556
		50.726024	-3.543949
		52.486125	-1.890507
		51.460852	-2.588139
		51.488224	-3.186893
		51.512161	-0.116215
		53.751959	-0.335941
		53.478239	-2.258549
		53.803895	-1.549931
		
c	11 12 14 13 2 15 6 8 5 1 0 4 3 7 10 9	2274.5069723188	0.77254930276812	11	12	14	13	2	15	6	8	5	1	0	4	3	7	10	9		
		51.488224	-3.186893
		51.624837	-3.94495
		50.152266	-5.065556
		50.726024	-3.543949
		51.512161	-0.116215
		51.289406	1.075802
		53.751959	-0.335941
		54.892406	-2.923222
		53.409532	-3.000126
		51.460852	-2.588139
		52.486125	-1.890507
		53.478239	-2.258549
		53.803895	-1.549931
		54.980766	-1.615849
		55.862982	-4.263554
		55.958426	-3.186893
		
c	12 14 13 0 1 11 4 3 7 10 9 8 5 15 6 2	2568.02788761871	0.743197211238129	12	14	13	0	1	11	4	3	7	10	9	8	5	15	6	2		
		51.624837	-3.94495
		50.152266	-5.065556
		50.726024	-3.543949
		52.486125	-1.890507
		51.460852	-2.588139
		51.488224	-3.186893
		53.478239	-2.258549
		53.803895	-1.549931
		54.980766	-1.615849
		55.862982	-4.263554
		55.958426	-3.186893
		54.892406	-2.923222
		53.409532	-3.000126
		51.289406	1.075802
		53.751959	-0.335941
		51.512161	-0.116215
		
c	0 4 5 6 8 7 10 9 3 14 13 1 2 15 11 12	2471.54308919687	0.752845691080313	0	4	5	6	8	7	10	9	3	14	13	1	2	15	11	12		
		52.486125	-1.890507
		53.478239	-2.258549
		53.409532	-3.000126
		53.751959	-0.335941
		54.892406	-2.923222
		54.980766	-1.615849
		55.862982	-4.263554
		55.958426	-3.186893
		53.803895	-1.549931
		50.152266	-5.065556
		50.726024	-3.543949
		51.460852	-2.588139
		51.512161	-0.116215
		51.289406	1.075802
		51.488224	-3.186893
		51.624837	-3.94495
		
c	15 12 11 1 0 4 6 3 7 10 9 8 5 14 13 2	2339.17310223839	0.766082689776161	15	12	11	1	0	4	6	3	7	10	9	8	5	14	13	2		
		51.289406	1.075802
		51.624837	-3.94495
		51.488224	-3.186893
		51.460852	-2.588139
		52.486125	-1.890507
		53.478239	-2.258549
		53.751959	-0.335941
		53.803895	-1.549931
		54.980766	-1.615849
		55.862982	-4.263554
		55.958426	-3.186893
		54.892406	-2.923222
		53.409532	-3.000126
		50.152266	-5.065556
		50.726024	-3.543949
		51.512161	-0.116215
		
c	3 6 7 10 9 8 5 12 11 14 13 1 2 15 0 4	2092.38829184183	0.790761170815817	3	6	7	10	9	8	5	12	11	14	13	1	2	15	0	4		
		53.803895	-1.549931
		53.751959	-0.335941
		54.980766	-1.615849
		55.862982	-4.263554
		55.958426	-3.186893
		54.892406	-2.923222
		53.409532	-3.000126
		51.624837	-3.94495
		51.488224	-3.186893
		50.152266	-5.065556
		50.726024	-3.543949
		51.460852	-2.588139
		51.512161	-0.116215
		51.289406	1.075802
		52.486125	-1.890507
		53.478239	-2.258549
		
c	8 7 9 10 6 5 1 11 12 14 13 2 15 0 4 3	2200.87758874605	0.779912241125395	8	7	9	10	6	5	1	11	12	14	13	2	15	0	4	3		
		54.892406	-2.923222
		54.980766	-1.615849
		55.958426	-3.186893
		55.862982	-4.263554
		53.751959	-0.335941
		53.409532	-3.000126
		51.460852	-2.588139
		51.488224	-3.186893
		51.624837	-3.94495
		50.152266	-5.065556
		50.726024	-3.543949
		51.512161	-0.116215
		51.289406	1.075802
		52.486125	-1.890507
		53.478239	-2.258549
		53.803895	-1.549931
		
c	10 14 13 2 15 12 11 1 0 4 6 3 7 9 8 5	2559.09671226929	0.74409032877307	10	14	13	2	15	12	11	1	0	4	6	3	7	9	8	5		
		55.862982	-4.263554
		50.152266	-5.065556
		50.726024	-3.543949
		51.512161	-0.116215
		51.289406	1.075802
		51.624837	-3.94495
		51.488224	-3.186893
		51.460852	-2.588139
		52.486125	-1.890507
		53.478239	-2.258549
		53.751959	-0.335941
		53.803895	-1.549931
		54.980766	-1.615849
		55.958426	-3.186893
		54.892406	-2.923222
		53.409532	-3.000126
		
c	12 13 1 14 0 4 3 6 7 10 9 8 5 11 2 15	2247.87653304219	0.775212346695781	12	13	1	14	0	4	3	6	7	10	9	8	5	11	2	15		
		51.624837	-3.94495
		50.726024	-3.543949
		51.460852	-2.588139
		50.152266	-5.065556
		52.486125	-1.890507
		53.478239	-2.258549
		53.803895	-1.549931
		53.751959	-0.335941
		54.980766	-1.615849
		55.862982	-4.263554
		55.958426	-3.186893
		54.892406	-2.923222
		53.409532	-3.000126
		51.488224	-3.186893
		51.512161	-0.116215
		51.289406	1.075802
		
c	12 14 13 4 7 10 9 8 5 6 3 11 1 2 15 0	2426.1609443164	0.75738390556836	12	14	13	4	7	10	9	8	5	6	3	11	1	2	15	0		
		51.624837	-3.94495
		50.152266	-5.065556
		50.726024	-3.543949
		53.478239	-2.258549
		54.980766	-1.615849
		55.862982	-4.263554
		55.958426	-3.186893
		54.892406	-2.923222
		53.409532	-3.000126
		53.751959	-0.335941
		53.803895	-1.549931
		51.488224	-3.186893
		51.460852	-2.588139
		51.512161	-0.116215
		51.289406	1.075802
		52.486125	-1.890507
		
c	6 0 4 3 7 10 9 8 5 11 12 14 13 1 2 15	1962.75365718325	0.803724634281675	6	0	4	3	7	10	9	8	5	11	12	14	13	1	2	15		
		53.751959	-0.335941
		52.486125	-1.890507
		53.478239	-2.258549
		53.803895	-1.549931
		54.980766	-1.615849
		55.862982	-4.263554
		55.958426	-3.186893
		54.892406	-2.923222
		53.409532	-3.000126
		51.488224	-3.186893
		51.624837	-3.94495
		50.152266	-5.065556
		50.726024	-3.543949
		51.460852	-2.588139
		51.512161	-0.116215
		51.289406	1.075802
		
c	6 8 5 1 0 4 3 7 10 11 12 14 13 2 15 9	2998.29149956371	0.700170850043629	6	8	5	1	0	4	3	7	10	11	12	14	13	2	15	9		
		53.751959	-0.335941
		54.892406	-2.923222
		53.409532	-3.000126
		51.460852	-2.588139
		52.486125	-1.890507
		53.478239	-2.258549
		53.803895	-1.549931
		54.980766	-1.615849
		55.862982	-4.263554
		51.488224	-3.186893
		51.624837	-3.94495
		50.152266	-5.065556
		50.726024	-3.543949
		51.512161	-0.116215
		51.289406	1.075802
		55.958426	-3.186893
		
c	13 2 6 8 7 9 10 5 4 3 0 1 12 11 14 15	2478.0365321948	0.75219634678052	13	2	6	8	7	9	10	5	4	3	0	1	12	11	14	15		
		50.726024	-3.543949
		51.512161	-0.116215
		53.751959	-0.335941
		54.892406	-2.923222
		54.980766	-1.615849
		55.958426	-3.186893
		55.862982	-4.263554
		53.409532	-3.000126
		53.478239	-2.258549
		53.803895	-1.549931
		52.486125	-1.890507
		51.460852	-2.588139
		51.624837	-3.94495
		51.488224	-3.186893
		50.152266	-5.065556
		51.289406	1.075802
		
c	13 10 9 8 5 11 1 2 15 12 14 0 4 6 7 3	2845.13807202517	0.715486192797483	13	10	9	8	5	11	1	2	15	12	14	0	4	6	7	3		
		50.726024	-3.543949
		55.862982	-4.263554
		55.958426	-3.186893
		54.892406	-2.923222
		53.409532	-3.000126
		51.488224	-3.186893
		51.460852	-2.588139
		51.512161	-0.116215
		51.289406	1.075802
		51.624837	-3.94495
		50.152266	-5.065556
		52.486125	-1.890507
		53.478239	-2.258549
		53.751959	-0.335941
		54.980766	-1.615849
		53.803895	-1.549931
		
c	0 4 6 3 10 9 8 12 5 7 11 14 13 1 2 15	2662.26502100373	0.733773497899627	0	4	6	3	10	9	8	12	5	7	11	14	13	1	2	15		
		52.486125	-1.890507
		53.478239	-2.258549
		53.751959	-0.335941
		53.803895	-1.549931
		55.862982	-4.263554
		55.958426	-3.186893
		54.892406	-2.923222
		51.624837	-3.94495
		53.409532	-3.000126
		54.980766	-1.615849
		51.488224	-3.186893
		50.152266	-5.065556
		50.726024	-3.543949
		51.460852	-2.588139
		51.512161	-0.116215
		51.289406	1.075802
		
c	1 11 12 6 8 7 9 10 5 14 13 2 15 0 4 3	2499.9468406061	0.75000531593939	1	11	12	6	8	7	9	10	5	14	13	2	15	0	4	3		
		51.460852	-2.588139
		51.488224	-3.186893
		51.624837	-3.94495
		53.751959	-0.335941
		54.892406	-2.923222
		54.980766	-1.615849
		55.958426	-3.186893
		55.862982	-4.263554
		53.409532	-3.000126
		50.152266	-5.065556
		50.726024	-3.543949
		51.512161	-0.116215
		51.289406	1.075802
		52.486125	-1.890507
		53.478239	-2.258549
		53.803895	-1.549931
		
c	4 6 3 5 15 12 11 1 0 7 14 13 2 10 9 8	3234.71429402574	0.676528570597426	4	6	3	5	15	12	11	1	0	7	14	13	2	10	9	8		
		53.478239	-2.258549
		53.751959	-0.335941
		53.803895	-1.549931
		53.409532	-3.000126
		51.289406	1.075802
		51.624837	-3.94495
		51.488224	-3.186893
		51.460852	-2.588139
		52.486125	-1.890507
		54.980766	-1.615849
		50.152266	-5.065556
		50.726024	-3.543949
		51.512161	-0.116215
		55.862982	-4.263554
		55.958426	-3.186893
		54.892406	-2.923222
		
c	14 13 2 9 10 4 3 8 5 7 6 0 1 11 12 15	2751.66120371053	0.724833879628947	14	13	2	9	10	4	3	8	5	7	6	0	1	11	12	15		
		50.152266	-5.065556
		50.726024	-3.543949
		51.512161	-0.116215
		55.958426	-3.186893
		55.862982	-4.263554
		53.478239	-2.258549
		53.803895	-1.549931
		54.892406	-2.923222
		53.409532	-3.000126
		54.980766	-1.615849
		53.751959	-0.335941
		52.486125	-1.890507
		51.460852	-2.588139
		51.488224	-3.186893
		51.624837	-3.94495
		51.289406	1.075802
		
c	13 1 4 6 3 5 12 14 7 10 9 8 0 11 2 15	2720.26023180027	0.727973976819973	13	1	4	6	3	5	12	14	7	10	9	8	0	11	2	15		
		50.726024	-3.543949
		51.460852	-2.588139
		53.478239	-2.258549
		53.751959	-0.335941
		53.803895	-1.549931
		53.409532	-3.000126
		51.624837	-3.94495
		50.152266	-5.065556
		54.980766	-1.615849
		55.862982	-4.263554
		55.958426	-3.186893
		54.892406	-2.923222
		52.486125	-1.890507
		51.488224	-3.186893
		51.512161	-0.116215
		51.289406	1.075802
		
c	8 5 15 0 4 3 7 6 10 9 12 11 14 13 1 2	2786.23212135573	0.721376787864427	8	5	15	0	4	3	7	6	10	9	12	11	14	13	1	2		
		54.892406	-2.923222
		53.409532	-3.000126
		51.289406	1.075802
		52.486125	-1.890507
		53.478239	-2.258549
		53.803895	-1.549931
		54.980766	-1.615849
		53.751959	-0.335941
		55.862982	-4.263554
		55.958426	-3.186893
		51.624837	-3.94495
		51.488224	-3.186893
		50.152266	-5.065556
		50.726024	-3.543949
		51.460852	-2.588139
		51.512161	-0.116215
		
c	3 12 14 13 4 7 10 9 8 5 6 11 1 2 15 0	2673.89352659638	0.732610647340362	3	12	14	13	4	7	10	9	8	5	6	11	1	2	15	0		
		53.803895	-1.549931
		51.624837	-3.94495
		50.152266	-5.065556
		50.726024	-3.543949
		53.478239	-2.258549
		54.980766	-1.615849
		55.862982	-4.263554
		55.958426	-3.186893
		54.892406	-2.923222
		53.409532	-3.000126
		53.751959	-0.335941
		51.488224	-3.186893
		51.460852	-2.588139
		51.512161	-0.116215
		51.289406	1.075802
		52.486125	-1.890507
		
c	4 11 14 13 1 2 15 0 6 3 7 10 12 8 9 5	2984.41958266321	0.701558041733679	4	11	14	13	1	2	15	0	6	3	7	10	12	8	9	5		
		53.478239	-2.258549
		51.488224	-3.186893
		50.152266	-5.065556
		50.726024	-3.543949
		51.460852	-2.588139
		51.512161	-0.116215
		51.289406	1.075802
		52.486125	-1.890507
		53.751959	-0.335941
		53.803895	-1.549931
		54.980766	-1.615849
		55.862982	-4.263554
		51.624837	-3.94495
		54.892406	-2.923222
		55.958426	-3.186893
		53.409532	-3.000126
		
c	10 9 8 5 6 3 2 15 7 0 4 12 1 11 14 13	2506.92047592039	0.74930795240796	10	9	8	5	6	3	2	15	7	0	4	12	1	11	14	13		
		55.862982	-4.263554
		55.958426	-3.186893
		54.892406	-2.923222
		53.409532	-3.000126
		53.751959	-0.335941
		53.803895	-1.549931
		51.512161	-0.116215
		51.289406	1.075802
		54.980766	-1.615849
		52.486125	-1.890507
		53.478239	-2.258549
		51.624837	-3.94495
		51.460852	-2.588139
		51.488224	-3.186893
		50.152266	-5.065556
		50.726024	-3.543949
		
c	0 4 11 6 5 1 12 14 13 2 15 3 7 10 9 8	2645.18816236233	0.735481183763767	0	4	11	6	5	1	12	14	13	2	15	3	7	10	9	8		
		52.486125	-1.890507
		53.478239	-2.258549
		51.488224	-3.186893
		53.751959	-0.335941
		53.409532	-3.000126
		51.460852	-2.588139
		51.624837	-3.94495
		50.152266	-5.065556
		50.726024	-3.543949
		51.512161	-0.116215
		51.289406	1.075802
		53.803895	-1.549931
		54.980766	-1.615849
		55.862982	-4.263554
		55.958426	-3.186893
		54.892406	-2.923222
		
c	4 3 7 6 10 9 8 5 12 11 14 13 1 0 2 15	2111.66533206943	0.788833466793057	4	3	7	6	10	9	8	5	12	11	14	13	1	0	2	15		
		53.478239	-2.258549
		53.803895	-1.549931
		54.980766	-1.615849
		53.751959	-0.335941
		55.862982	-4.263554
		55.958426	-3.186893
		54.892406	-2.923222
		53.409532	-3.000126
		51.624837	-3.94495
		51.488224	-3.186893
		50.152266	-5.065556
		50.726024	-3.543949
		51.460852	-2.588139
		52.486125	-1.890507
		51.512161	-0.116215
		51.289406	1.075802
		
c	14 13 2 10 9 8 4 3 15 0 6 5 7 1 11 12	2963.56636698252	0.703643363301748	14	13	2	10	9	8	4	3	15	0	6	5	7	1	11	12		
		50.152266	-5.065556
		50.726024	-3.543949
		51.512161	-0.116215
		55.862982	-4.263554
		55.958426	-3.186893
		54.892406	-2.923222
		53.478239	-2.258549
		53.803895	-1.549931
		51.289406	1.075802
		52.486125	-1.890507
		53.751959	-0.335941
		53.409532	-3.000126
		54.980766	-1.615849
		51.460852	-2.588139
		51.488224	-3.186893
		51.624837	-3.94495
		
c	6 3 5 12 1 14 13 2 15 4 0 11 8 7 10 9	2494.48776883092	0.750551223116908	6	3	5	12	1	14	13	2	15	4	0	11	8	7	10	9		
		53.751959	-0.335941
		53.803895	-1.549931
		53.409532	-3.000126
		51.624837	-3.94495
		51.460852	-2.588139
		50.152266	-5.065556
		50.726024	-3.543949
		51.512161	-0.116215
		51.289406	1.075802
		53.478239	-2.258549
		52.486125	-1.890507
		51.488224	-3.186893
		54.892406	-2.923222
		54.980766	-1.615849
		55.862982	-4.263554
		55.958426	-3.186893
		
c	11 1 0 4 3 6 7 10 9 8 5 12 14 13 2 15	1979.8101911213	0.80201898088787	11	1	0	4	3	6	7	10	9	8	5	12	14	13	2	15		
		51.488224	-3.186893
		51.460852	-2.588139
		52.486125	-1.890507
		53.478239	-2.258549
		53.803895	-1.549931
		53.751959	-0.335941
		54.980766	-1.615849
		55.862982	-4.263554
		55.958426	-3.186893
		54.892406	-2.923222
		53.409532	-3.000126
		51.624837	-3.94495
		50.152266	-5.065556
		50.726024	-3.543949
		51.512161	-0.116215
		51.289406	1.075802
		
c	10 14 0 4 3 6 7 13 2 15 12 11 1 9 8 5	3453.46368214581	0.654653631785419	10	14	0	4	3	6	7	13	2	15	12	11	1	9	8	5		
		55.862982	-4.263554
		50.152266	-5.065556
		52.486125	-1.890507
		53.478239	-2.258549
		53.803895	-1.549931
		53.751959	-0.335941
		54.980766	-1.615849
		50.726024	-3.543949
		51.512161	-0.116215
		51.289406	1.075802
		51.624837	-3.94495
		51.488224	-3.186893
		51.460852	-2.588139
		55.958426	-3.186893
		54.892406	-2.923222
		53.409532	-3.000126
		
c	9 8 5 12 4 3 7 10 15 0 6 11 1 14 13 2	3114.0191178785	0.68859808821215	9	8	5	12	4	3	7	10	15	0	6	11	1	14	13	2		
		55.958426	-3.186893
		54.892406	-2.923222
		53.409532	-3.000126
		51.624837	-3.94495
		53.478239	-2.258549
		53.803895	-1.549931
		54.980766	-1.615849
		55.862982	-4.263554
		51.289406	1.075802
		52.486125	-1.890507
		53.751959	-0.335941
		51.488224	-3.186893
		51.460852	-2.588139
		50.152266	-5.065556
		50.726024	-3.543949
		51.512161	-0.116215
		
c	3 5 11 12 14 13 1 2 15 0 4 6 7 10 9 8	2071.56782127938	0.792843217872062	3	5	11	12	14	13	1	2	15	0	4	6	7	10	9	8		
		53.803895	-1.549931
		53.409532	-3.000126
		51.488224	-3.186893
		51.624837	-3.94495
		50.152266	-5.065556
		50.726024	-3.543949
		51.460852	-2.588139
		51.512161	-0.116215
		51.289406	1.075802
		52.486125	-1.890507
		53.478239	-2.258549
		53.751959	-0.335941
		54.980766	-1.615849
		55.862982	-4.263554
		55.958426	-3.186893
		54.892406	-2.923222
		
c	11 2 15 0 4 3 6 7 10 9 8 5 12 14 13 1	2121.16982596598	0.787883017403402	11	2	15	0	4	3	6	7	10	9	8	5	12	14	13	1		
		51.488224	-3.186893
		51.512161	-0.116215
		51.289406	1.075802
		52.486125	-1.890507
		53.478239	-2.258549
		53.803895	-1.549931
		53.751959	-0.335941
		54.980766	-1.615849
		55.862982	-4.263554
		55.958426	-3.186893
		54.892406	-2.923222
		53.409532	-3.000126
		51.624837	-3.94495
		50.152266	-5.065556
		50.726024	-3.543949
		51.460852	-2.588139
		
c	4 6 3 7 10 9 8 5 11 12 14 13 1 2 15 0	2069.33854956857	0.793066145043143	4	6	3	7	10	9	8	5	11	12	14	13	1	2	15	0		
		53.478239	-2.258549
		53.751959	-0.335941
		53.803895	-1.549931
		54.980766	-1.615849
		55.862982	-4.263554
		55.958426	-3.186893
		54.892406	-2.923222
		53.409532	-3.000126
		51.488224	-3.186893
		51.624837	-3.94495
		50.152266	-5.065556
		50.726024	-3.543949
		51.460852	-2.588139
		51.512161	-0.116215
		51.289406	1.075802
		52.486125	-1.890507
		
c	2 6 3 5 12 1 11 14 13 0 4 7 10 9 8 15	2478.78552915868	0.752121447084132	2	6	3	5	12	1	11	14	13	0	4	7	10	9	8	15		
		51.512161	-0.116215
		53.751959	-0.335941
		53.803895	-1.549931
		53.409532	-3.000126
		51.624837	-3.94495
		51.460852	-2.588139
		51.488224	-3.186893
		50.152266	-5.065556
		50.726024	-3.543949
		52.486125	-1.890507
		53.478239	-2.258549
		54.980766	-1.615849
		55.862982	-4.263554
		55.958426	-3.186893
		54.892406	-2.923222
		51.289406	1.075802
		
c	12 14 13 1 2 15 0 4 6 10 9 8 5 11 3 7	2478.32658990528	0.752167341009472	12	14	13	1	2	15	0	4	6	10	9	8	5	11	3	7		
		51.624837	-3.94495
		50.152266	-5.065556
		50.726024	-3.543949
		51.460852	-2.588139
		51.512161	-0.116215
		51.289406	1.075802
		52.486125	-1.890507
		53.478239	-2.258549
		53.751959	-0.335941
		55.862982	-4.263554
		55.958426	-3.186893
		54.892406	-2.923222
		53.409532	-3.000126
		51.488224	-3.186893
		53.803895	-1.549931
		54.980766	-1.615849
		
c	11 12 13 1 14 0 2 6 4 3 7 10 9 8 5 15	2473.81323188985	0.752618676811015	11	12	13	1	14	0	2	6	4	3	7	10	9	8	5	15		
		51.488224	-3.186893
		51.624837	-3.94495
		50.726024	-3.543949
		51.460852	-2.588139
		50.152266	-5.065556
		52.486125	-1.890507
		51.512161	-0.116215
		53.751959	-0.335941
		53.478239	-2.258549
		53.803895	-1.549931
		54.980766	-1.615849
		55.862982	-4.263554
		55.958426	-3.186893
		54.892406	-2.923222
		53.409532	-3.000126
		51.289406	1.075802
		
c	5 11 12 14 13 1 2 4 6 3 7 10 9 8 0 15	2356.44244862375	0.764355755137625	5	11	12	14	13	1	2	4	6	3	7	10	9	8	0	15		
		53.409532	-3.000126
		51.488224	-3.186893
		51.624837	-3.94495
		50.152266	-5.065556
		50.726024	-3.543949
		51.460852	-2.588139
		51.512161	-0.116215
		53.478239	-2.258549
		53.751959	-0.335941
		53.803895	-1.549931
		54.980766	-1.615849
		55.862982	-4.263554
		55.958426	-3.186893
		54.892406	-2.923222
		52.486125	-1.890507
		51.289406	1.075802
		
c	9 10 6 4 3 5 11 12 14 13 1 2 15 0 7 8	2250.52143663666	0.774947856336334	9	10	6	4	3	5	11	12	14	13	1	2	15	0	7	8		
		55.958426	-3.186893
		55.862982	-4.263554
		53.751959	-0.335941
		53.478239	-2.258549
		53.803895	-1.549931
		53.409532	-3.000126
		51.488224	-3.186893
		51.624837	-3.94495
		50.152266	-5.065556
		50.726024	-3.543949
		51.460852	-2.588139
		51.512161	-0.116215
		51.289406	1.075802
		52.486125	-1.890507
		54.980766	-1.615849
		54.892406	-2.923222
		
c	14 13 2 6 3 5 0 4 7 10 9 8 12 11 1 15	2328.78274638344	0.767121725361656	14	13	2	6	3	5	0	4	7	10	9	8	12	11	1	15		
		50.152266	-5.065556
		50.726024	-3.543949
		51.512161	-0.116215
		53.751959	-0.335941
		53.803895	-1.549931
		53.409532	-3.000126
		52.486125	-1.890507
		53.478239	-2.258549
		54.980766	-1.615849
		55.862982	-4.263554
		55.958426	-3.186893
		54.892406	-2.923222
		51.624837	-3.94495
		51.488224	-3.186893
		51.460852	-2.588139
		51.289406	1.075802
		
c	15 6 8 5 7 9 10 1 11 12 14 13 2 0 4 3	2571.07382261113	0.742892617738887	15	6	8	5	7	9	10	1	11	12	14	13	2	0	4	3		
		51.289406	1.075802
		53.751959	-0.335941
		54.892406	-2.923222
		53.409532	-3.000126
		54.980766	-1.615849
		55.958426	-3.186893
		55.862982	-4.263554
		51.460852	-2.588139
		51.488224	-3.186893
		51.624837	-3.94495
		50.152266	-5.065556
		50.726024	-3.543949
		51.512161	-0.116215
		52.486125	-1.890507
		53.478239	-2.258549
		53.803895	-1.549931
		
c	12 14 13 2 15 0 4 11 6 3 7 10 1 9 8 5	3243.61809471219	0.675638190528781	12	14	13	2	15	0	4	11	6	3	7	10	1	9	8	5		
		51.624837	-3.94495
		50.152266	-5.065556
		50.726024	-3.543949
		51.512161	-0.116215
		51.289406	1.075802
		52.486125	-1.890507
		53.478239	-2.258549
		51.488224	-3.186893
		53.751959	-0.335941
		53.803895	-1.549931
		54.980766	-1.615849
		55.862982	-4.263554
		51.460852	-2.588139
		55.958426	-3.186893
		54.892406	-2.923222
		53.409532	-3.000126
		
c	5 1 11 12 14 13 2 15 6 8 0 4 3 7 10 9	2303.57321058517	0.769642678941483	5	1	11	12	14	13	2	15	6	8	0	4	3	7	10	9		
		53.409532	-3.000126
		51.460852	-2.588139
		51.488224	-3.186893
		51.624837	-3.94495
		50.152266	-5.065556
		50.726024	-3.543949
		51.512161	-0.116215
		51.289406	1.075802
		53.751959	-0.335941
		54.892406	-2.923222
		52.486125	-1.890507
		53.478239	-2.258549
		53.803895	-1.549931
		54.980766	-1.615849
		55.862982	-4.263554
		55.958426	-3.186893
		
c	11 1 14 13 3 6 7 10 9 8 5 4 12 0 2 15	2252.191902915	0.7747808097085	11	1	14	13	3	6	7	10	9	8	5	4	12	0	2	15		
		51.488224	-3.186893
		51.460852	-2.588139
		50.152266	-5.065556
		50.726024	-3.543949
		53.803895	-1.549931
		53.751959	-0.335941
		54.980766	-1.615849
		55.862982	-4.263554
		55.958426	-3.186893
		54.892406	-2.923222
		53.409532	-3.000126
		53.478239	-2.258549
		51.624837	-3.94495
		52.486125	-1.890507
		51.512161	-0.116215
		51.289406	1.075802
		
c	14 9 10 6 4 3 0 7 8 5 11 12 13 1 2 15	2669.91181694684	0.733008818305316	14	9	10	6	4	3	0	7	8	5	11	12	13	1	2	15		
		50.152266	-5.065556
		55.958426	-3.186893
		55.862982	-4.263554
		53.751959	-0.335941
		53.478239	-2.258549
		53.803895	-1.549931
		52.486125	-1.890507
		54.980766	-1.615849
		54.892406	-2.923222
		53.409532	-3.000126
		51.488224	-3.186893
		51.624837	-3.94495
		50.726024	-3.543949
		51.460852	-2.588139
		51.512161	-0.116215
		51.289406	1.075802
		
c	13 2 15 12 1 11 0 7 8 10 9 5 14 4 3 6	2766.07543444141	0.723392456555859	13	2	15	12	1	11	0	7	8	10	9	5	14	4	3	6		
		50.726024	-3.543949
		51.512161	-0.116215
		51.289406	1.075802
		51.624837	-3.94495
		51.460852	-2.588139
		51.488224	-3.186893
		52.486125	-1.890507
		54.980766	-1.615849
		54.892406	-2.923222
		55.862982	-4.263554
		55.958426	-3.186893
		53.409532	-3.000126
		50.152266	-5.065556
		53.478239	-2.258549
		53.803895	-1.549931
		53.751959	-0.335941
		
c	11 12 14 13 1 2 15 0 4 3 6 8 7 9 10 5	2013.80597551551	0.798619402448449	11	12	14	13	1	2	15	0	4	3	6	8	7	9	10	5		
		51.488224	-3.186893
		51.624837	-3.94495
		50.152266	-5.065556
		50.726024	-3.543949
		51.460852	-2.588139
		51.512161	-0.116215
		51.289406	1.075802
		52.486125	-1.890507
		53.478239	-2.258549
		53.803895	-1.549931
		53.751959	-0.335941
		54.892406	-2.923222
		54.980766	-1.615849
		55.958426	-3.186893
		55.862982	-4.263554
		53.409532	-3.000126
		
c	10 9 8 0 4 6 3 7 5 11 12 14 13 1 2 15	2053.10197613536	0.794689802386464	10	9	8	0	4	6	3	7	5	11	12	14	13	1	2	15		
		55.862982	-4.263554
		55.958426	-3.186893
		54.892406	-2.923222
		52.486125	-1.890507
		53.478239	-2.258549
		53.751959	-0.335941
		53.803895	-1.549931
		54.980766	-1.615849
		53.409532	-3.000126
		51.488224	-3.186893
		51.624837	-3.94495
		50.152266	-5.065556
		50.726024	-3.543949
		51.460852	-2.588139
		51.512161	-0.116215
		51.289406	1.075802
		
c	13 1 2 15 0 4 6 8 7 9 10 5 11 12 14 3	2565.86620634361	0.743413379365639	13	1	2	15	0	4	6	8	7	9	10	5	11	12	14	3		
		50.726024	-3.543949
		51.460852	-2.588139
		51.512161	-0.116215
		51.289406	1.075802
		52.486125	-1.890507
		53.478239	-2.258549
		53.751959	-0.335941
		54.892406	-2.923222
		54.980766	-1.615849
		55.958426	-3.186893
		55.862982	-4.263554
		53.409532	-3.000126
		51.488224	-3.186893
		51.624837	-3.94495
		50.152266	-5.065556
		53.803895	-1.549931
		
c	10 9 8 5 11 12 2 15 1 0 4 6 3 7 14 13	2515.75727541484	0.748424272458516	10	9	8	5	11	12	2	15	1	0	4	6	3	7	14	13		
		55.862982	-4.263554
		55.958426	-3.186893
		54.892406	-2.923222
		53.409532	-3.000126
		51.488224	-3.186893
		51.624837	-3.94495
		51.512161	-0.116215
		51.289406	1.075802
		51.460852	-2.588139
		52.486125	-1.890507
		53.478239	-2.258549
		53.751959	-0.335941
		53.803895	-1.549931
		54.980766	-1.615849
		50.152266	-5.065556
		50.726024	-3.543949
		
c	13 1 2 15 0 8 7 9 10 6 4 3 5 11 12 14	2270.42287182104	0.772957712817896	13	1	2	15	0	8	7	9	10	6	4	3	5	11	12	14		
		50.726024	-3.543949
		51.460852	-2.588139
		51.512161	-0.116215
		51.289406	1.075802
		52.486125	-1.890507
		54.892406	-2.923222
		54.980766	-1.615849
		55.958426	-3.186893
		55.862982	-4.263554
		53.751959	-0.335941
		53.478239	-2.258549
		53.803895	-1.549931
		53.409532	-3.000126
		51.488224	-3.186893
		51.624837	-3.94495
		50.152266	-5.065556
		
c	15 1 0 4 6 3 7 10 9 8 5 11 12 14 13 2	2209.42292031969	0.779057707968031	15	1	0	4	6	3	7	10	9	8	5	11	12	14	13	2		
		51.289406	1.075802
		51.460852	-2.588139
		52.486125	-1.890507
		53.478239	-2.258549
		53.751959	-0.335941
		53.803895	-1.549931
		54.980766	-1.615849
		55.862982	-4.263554
		55.958426	-3.186893
		54.892406	-2.923222
		53.409532	-3.000126
		51.488224	-3.186893
		51.624837	-3.94495
		50.152266	-5.065556
		50.726024	-3.543949
		51.512161	-0.116215
		
c	7 2 3 6 10 9 8 5 4 12 11 14 13 1 0 15	2583.55403433228	0.741644596566772	7	2	3	6	10	9	8	5	4	12	11	14	13	1	0	15		
		54.980766	-1.615849
		51.512161	-0.116215
		53.803895	-1.549931
		53.751959	-0.335941
		55.862982	-4.263554
		55.958426	-3.186893
		54.892406	-2.923222
		53.409532	-3.000126
		53.478239	-2.258549
		51.624837	-3.94495
		51.488224	-3.186893
		50.152266	-5.065556
		50.726024	-3.543949
		51.460852	-2.588139
		52.486125	-1.890507
		51.289406	1.075802
		
c	9 10 6 7 12 14 13 11 1 2 15 0 4 3 8 5	2400.61198242228	0.759938801757772	9	10	6	7	12	14	13	11	1	2	15	0	4	3	8	5		
		55.958426	-3.186893
		55.862982	-4.263554
		53.751959	-0.335941
		54.980766	-1.615849
		51.624837	-3.94495
		50.152266	-5.065556
		50.726024	-3.543949
		51.488224	-3.186893
		51.460852	-2.588139
		51.512161	-0.116215
		51.289406	1.075802
		52.486125	-1.890507
		53.478239	-2.258549
		53.803895	-1.549931
		54.892406	-2.923222
		53.409532	-3.000126
		
c	0 2 10 9 8 5 11 12 14 13 1 4 3 6 7 15	2723.84324522199	0.727615675477801	0	2	10	9	8	5	11	12	14	13	1	4	3	6	7	15		
		52.486125	-1.890507
		51.512161	-0.116215
		55.862982	-4.263554
		55.958426	-3.186893
		54.892406	-2.923222
		53.409532	-3.000126
		51.488224	-3.186893
		51.624837	-3.94495
		50.152266	-5.065556
		50.726024	-3.543949
		51.460852	-2.588139
		53.478239	-2.258549
		53.803895	-1.549931
		53.751959	-0.335941
		54.980766	-1.615849
		51.289406	1.075802
		
c	8 5 11 12 14 13 1 0 2 15 6 4 3 7 10 9	2090.67553386355	0.790932446613645	8	5	11	12	14	13	1	0	2	15	6	4	3	7	10	9		
		54.892406	-2.923222
		53.409532	-3.000126
		51.488224	-3.186893
		51.624837	-3.94495
		50.152266	-5.065556
		50.726024	-3.543949
		51.460852	-2.588139
		52.486125	-1.890507
		51.512161	-0.116215
		51.289406	1.075802
		53.751959	-0.335941
		53.478239	-2.258549
		53.803895	-1.549931
		54.980766	-1.615849
		55.862982	-4.263554
		55.958426	-3.186893
		
g39		1896.77204691273	0.810322795308727	0	0	4	3	6	7	10	9	8	5	11	12	14	13	1	2	15		
		52.486125	-1.890507
		53.478239	-2.258549
		53.803895	-1.549931
		53.751959	-0.335941
		54.980766	-1.615849
		55.862982	-4.263554
		55.958426	-3.186893
		54.892406	-2.923222
		53.409532	-3.000126
		51.488224	-3.186893
		51.624837	-3.94495
		50.152266	-5.065556
		50.726024	-3.543949
		51.460852	-2.588139
		51.512161	-0.116215
		51.289406	1.075802
		
g39		1910.37302383395	0.808962697616605	1	4	3	6	7	10	9	8	5	12	11	14	13	1	0	2	15		
		53.478239	-2.258549
		53.803895	-1.549931
		53.751959	-0.335941
		54.980766	-1.615849
		55.862982	-4.263554
		55.958426	-3.186893
		54.892406	-2.923222
		53.409532	-3.000126
		51.624837	-3.94495
		51.488224	-3.186893
		50.152266	-5.065556
		50.726024	-3.543949
		51.460852	-2.588139
		52.486125	-1.890507
		51.512161	-0.116215
		51.289406	1.075802
		
g39		1925.93821542808	0.807406178457192	2	11	12	14	13	1	2	15	0	4	3	6	7	10	9	8	5		
		51.488224	-3.186893
		51.624837	-3.94495
		50.152266	-5.065556
		50.726024	-3.543949
		51.460852	-2.588139
		51.512161	-0.116215
		51.289406	1.075802
		52.486125	-1.890507
		53.478239	-2.258549
		53.803895	-1.549931
		53.751959	-0.335941
		54.980766	-1.615849
		55.862982	-4.263554
		55.958426	-3.186893
		54.892406	-2.923222
		53.409532	-3.000126
		
g39		1927.99718755887	0.807200281244113	3	3	6	7	10	9	8	5	4	12	11	14	13	1	0	2	15		
		53.803895	-1.549931
		53.751959	-0.335941
		54.980766	-1.615849
		55.862982	-4.263554
		55.958426	-3.186893
		54.892406	-2.923222
		53.409532	-3.000126
		53.478239	-2.258549
		51.624837	-3.94495
		51.488224	-3.186893
		50.152266	-5.065556
		50.726024	-3.543949
		51.460852	-2.588139
		52.486125	-1.890507
		51.512161	-0.116215
		51.289406	1.075802
		
g39		1938.21213631338	0.806178786368662	4	12	14	13	11	1	2	15	0	4	6	3	7	10	9	8	5		
		51.624837	-3.94495
		50.152266	-5.065556
		50.726024	-3.543949
		51.488224	-3.186893
		51.460852	-2.588139
		51.512161	-0.116215
		51.289406	1.075802
		52.486125	-1.890507
		53.478239	-2.258549
		53.751959	-0.335941
		53.803895	-1.549931
		54.980766	-1.615849
		55.862982	-4.263554
		55.958426	-3.186893
		54.892406	-2.923222
		53.409532	-3.000126
		
g39		1939.19393282181	0.806080606717819	5	0	4	6	3	7	10	9	8	5	11	12	14	13	1	2	15		
		52.486125	-1.890507
		53.478239	-2.258549
		53.751959	-0.335941
		53.803895	-1.549931
		54.980766	-1.615849
		55.862982	-4.263554
		55.958426	-3.186893
		54.892406	-2.923222
		53.409532	-3.000126
		51.488224	-3.186893
		51.624837	-3.94495
		50.152266	-5.065556
		50.726024	-3.543949
		51.460852	-2.588139
		51.512161	-0.116215
		51.289406	1.075802
		
