c	9 8 12 14 13 2 11 1 10 7 6 3 4 5 0 15	2719.03204944976	0.728096795055024	9	8	12	14	13	2	11	1	10	7	6	3	4	5	0	15		
		55.958426	-3.186893
		54.892406	-2.923222
		51.624837	-3.94495
		50.152266	-5.065556
		50.726024	-3.543949
		51.512161	-0.116215
		51.488224	-3.186893
		51.460852	-2.588139
		55.862982	-4.263554
		54.980766	-1.615849
		53.751959	-0.335941
		53.803895	-1.549931
		53.478239	-2.258549
		53.409532	-3.000126
		52.486125	-1.890507
		51.289406	1.075802
		
c	1 11 12 0 14 13 2 10 9 8 7 3 6 4 5 15	2568.21403951595	0.743178596048405	1	11	12	0	14	13	2	10	9	8	7	3	6	4	5	15		
		51.460852	-2.588139
		51.488224	-3.186893
		51.624837	-3.94495
		52.486125	-1.890507
		50.152266	-5.065556
		50.726024	-3.543949
		51.512161	-0.116215
		55.862982	-4.263554
		55.958426	-3.186893
		54.892406	-2.923222
		54.980766	-1.615849
		53.803895	-1.549931
		53.751959	-0.335941
		53.478239	-2.258549
		53.409532	-3.000126
		51.289406	1.075802
		
c	10 9 12 11 1 14 13 8 4 5 0 7 6 3 2 15	2681.94522428682	0.731805477571318	10	9	12	11	1	14	13	8	4	5	0	7	6	3	2	15		
		55.862982	-4.263554
		55.958426	-3.186893
		51.624837	-3.94495
		51.488224	-3.186893
		51.460852	-2.588139
		50.152266	-5.065556
		50.726024	-3.543949
		54.892406	-2.923222
		53.478239	-2.258549
		53.409532	-3.000126
		52.486125	-1.890507
		54.980766	-1.615849
		53.751959	-0.335941
		53.803895	-1.549931
		51.512161	-0.116215
		51.289406	1.075802
		
c	9 0 1 11 12 10 8 7 3 6 4 5 14 13 2 15	2554.20050509735	0.744579949490265	9	0	1	11	12	10	8	7	3	6	4	5	14	13	2	15		
		55.958426	-3.186893
		52.486125	-1.890507
		51.460852	-2.588139
		51.488224	-3.186893
		51.624837	-3.94495
		55.862982	-4.263554
		54.892406	-2.923222
		54.980766	-1.615849
		53.803895	-1.549931
		53.751959	-0.335941
		53.478239	-2.258549
		53.409532	-3.000126
		50.152266	-5.065556
		50.726024	-3.543949
		51.512161	-0.116215
		51.289406	1.075802
		
c	10 9 8 7 6 3 4 5 0 11 12 14 13 1 2 15	1613.67648029291	0.838632351970709	10	9	8	7	6	3	4	5	0	11	12	14	13	1	2	15		
		55.862982	-4.263554
		55.958426	-3.186893
		54.892406	-2.923222
		54.980766	-1.615849
		53.751959	-0.335941
		53.803895	-1.549931
		53.478239	-2.258549
		53.409532	-3.000126
		52.486125	-1.890507
		51.488224	-3.186893
		51.624837	-3.94495
		50.152266	-5.065556
		50.726024	-3.543949
		51.460852	-2.588139
		51.512161	-0.116215
		51.289406	1.075802
		
c	12 14 8 4 13 1 10 9 7 3 6 5 0 11 2 15	2990.46535885285	0.700953464114715	12	14	8	4	13	1	10	9	7	3	6	5	0	11	2	15		
		51.624837	-3.94495
		50.152266	-5.065556
		54.892406	-2.923222
		53.478239	-2.258549
		50.726024	-3.543949
		51.460852	-2.588139
		55.862982	-4.263554
		55.958426	-3.186893
		54.980766	-1.615849
		53.803895	-1.549931
		53.751959	-0.335941
		53.409532	-3.000126
		52.486125	-1.890507
		51.488224	-3.186893
		51.512161	-0.116215
		51.289406	1.075802
		
c	8 0 12 14 13 1 10 9 7 6 3 4 5 11 2 15	2436.64065403328	0.756335934596672	8	0	12	14	13	1	10	9	7	6	3	4	5	11	2	15		
		54.892406	-2.923222
		52.486125	-1.890507
		51.624837	-3.94495
		50.152266	-5.065556
		50.726024	-3.543949
		51.460852	-2.588139
		55.862982	-4.263554
		55.958426	-3.186893
		54.980766	-1.615849
		53.751959	-0.335941
		53.803895	-1.549931
		53.478239	-2.258549
		53.409532	-3.000126
		51.488224	-3.186893
		51.512161	-0.116215
		51.289406	1.075802
		
c	13 12 6 7 9 10 8 4 11 3 5 0 14 1 2 15	2685.23443050729	0.731476556949271	13	12	6	7	9	10	8	4	11	3	5	0	14	1	2	15		
		50.726024	-3.543949
		51.624837	-3.94495
		53.751959	-0.335941
		54.980766	-1.615849
		55.958426	-3.186893
		55.862982	-4.263554
		54.892406	-2.923222
		53.478239	-2.258549
		51.488224	-3.186893
		53.803895	-1.549931
		53.409532	-3.000126
		52.486125	-1.890507
		50.152266	-5.065556
		51.460852	-2.588139
		51.512161	-0.116215
		51.289406	1.075802
		
c	10 9 8 6 7 4 5 0 11 12 1 14 13 3 2 15	2277.7638281893	0.77222361718107	10	9	8	6	7	4	5	0	11	12	1	14	13	3	2	15		
		55.862982	-4.263554
		55.958426	-3.186893
		54.892406	-2.923222
		53.751959	-0.335941
		54.980766	-1.615849
		53.478239	-2.258549
		53.409532	-3.000126
		52.486125	-1.890507
		51.488224	-3.186893
		51.624837	-3.94495
		51.460852	-2.588139
		50.152266	-5.065556
		50.726024	-3.543949
		53.803895	-1.549931
		51.512161	-0.116215
		51.289406	1.075802
		
c	9 8 7 3 6 0 2 10 4 5 11 12 14 13 1 15	2588.04876386518	0.741195123613482	9	8	7	3	6	0	2	10	4	5	11	12	14	13	1	15		
		55.958426	-3.186893
		54.892406	-2.923222
		54.980766	-1.615849
		53.803895	-1.549931
		53.751959	-0.335941
		52.486125	-1.890507
		51.512161	-0.116215
		55.862982	-4.263554
		53.478239	-2.258549
		53.409532	-3.000126
		51.488224	-3.186893
		51.624837	-3.94495
		50.152266	-5.065556
		50.726024	-3.543949
		51.460852	-2.588139
		51.289406	1.075802
		
c	9 8 7 14 13 2 0 1 11 12 10 3 6 4 5 15	2934.0973758384	0.70659026241616	9	8	7	14	13	2	0	1	11	12	10	3	6	4	5	15		
		55.958426	-3.186893
		54.892406	-2.923222
		54.980766	-1.615849
		50.152266	-5.065556
		50.726024	-3.543949
		51.512161	-0.116215
		52.486125	-1.890507
		51.460852	-2.588139
		51.488224	-3.186893
		51.624837	-3.94495
		55.862982	-4.263554
		53.803895	-1.549931
		53.751959	-0.335941
		53.478239	-2.258549
		53.409532	-3.000126
		51.289406	1.075802
		
c	6 4 5 14 13 2 1 11 12 3 0 10 9 8 7 15	2781.38894504224	0.721861105495776	6	4	5	14	13	2	1	11	12	3	0	10	9	8	7	15		
		53.751959	-0.335941
		53.478239	-2.258549
		53.409532	-3.000126
		50.152266	-5.065556
		50.726024	-3.543949
		51.512161	-0.116215
		51.460852	-2.588139
		51.488224	-3.186893
		51.624837	-3.94495
		53.803895	-1.549931
		52.486125	-1.890507
		55.862982	-4.263554
		55.958426	-3.186893
		54.892406	-2.923222
		54.980766	-1.615849
		51.289406	1.075802
		
c	1 11 12 10 9 8 5 7 4 0 6 3 14 13 2 15	2595.25174703814	0.740474825296186	1	11	12	10	9	8	5	7	4	0	6	3	14	13	2	15		
		51.460852	-2.588139
		51.488224	-3.186893
		51.624837	-3.94495
		55.862982	-4.263554
		55.958426	-3.186893
		54.892406	-2.923222
		53.409532	-3.000126
		54.980766	-1.615849
		53.478239	-2.258549
		52.486125	-1.890507
		53.751959	-0.335941
		53.803895	-1.549931
		50.152266	-5.065556
		50.726024	-3.543949
		51.512161	-0.116215
		51.289406	1.075802
		
c	4 5 0 11 12 14 13 1 10 9 8 7 6 3 2 15	2157.62055332499	0.784237944667501	4	5	0	11	12	14	13	1	10	9	8	7	6	3	2	15		
		53.478239	-2.258549
		53.409532	-3.000126
		52.486125	-1.890507
		51.488224	-3.186893
		51.624837	-3.94495
		50.152266	-5.065556
		50.726024	-3.543949
		51.460852	-2.588139
		55.862982	-4.263554
		55.958426	-3.186893
		54.892406	-2.923222
		54.980766	-1.615849
		53.751959	-0.335941
		53.803895	-1.549931
		51.512161	-0.116215
		51.289406	1.075802
		
c	4 5 1 11 13 14 12 10 9 8 7 3 6 0 2 15	2083.20153330723	0.791679846669277	4	5	1	11	13	14	12	10	9	8	7	3	6	0	2	15		
		53.478239	-2.258549
		53.409532	-3.000126
		51.460852	-2.588139
		51.488224	-3.186893
		50.726024	-3.543949
		50.152266	-5.065556
		51.624837	-3.94495
		55.862982	-4.263554
		55.958426	-3.186893
		54.892406	-2.923222
		54.980766	-1.615849
		53.803895	-1.549931
		53.751959	-0.335941
		52.486125	-1.890507
		51.512161	-0.116215
		51.289406	1.075802
		
c	14 13 1 11 12 2 6 10 9 8 7 3 4 5 0 15	2066.74418178751	0.793325581821249	14	13	1	11	12	2	6	10	9	8	7	3	4	5	0	15		
		50.152266	-5.065556
		50.726024	-3.543949
		51.460852	-2.588139
		51.488224	-3.186893
		51.624837	-3.94495
		51.512161	-0.116215
		53.751959	-0.335941
		55.862982	-4.263554
		55.958426	-3.186893
		54.892406	-2.923222
		54.980766	-1.615849
		53.803895	-1.549931
		53.478239	-2.258549
		53.409532	-3.000126
		52.486125	-1.890507
		51.289406	1.075802
		
c	13 1 7 6 4 8 3 5 0 9 10 11 12 14 2 15	2993.92481359974	0.700607518640026	13	1	7	6	4	8	3	5	0	9	10	11	12	14	2	15		
		50.726024	-3.543949
		51.460852	-2.588139
		54.980766	-1.615849
		53.751959	-0.335941
		53.478239	-2.258549
		54.892406	-2.923222
		53.803895	-1.549931
		53.409532	-3.000126
		52.486125	-1.890507
		55.958426	-3.186893
		55.862982	-4.263554
		51.488224	-3.186893
		51.624837	-3.94495
		50.152266	-5.065556
		51.512161	-0.116215
		51.289406	1.075802
		
c	11 12 14 2 6 10 9 8 7 3 4 5 0 1 13 15	2405.24141527316	0.759475858472684	11	12	14	2	6	10	9	8	7	3	4	5	0	1	13	15		
		51.488224	-3.186893
		51.624837	-3.94495
		50.152266	-5.065556
		51.512161	-0.116215
		53.751959	-0.335941
		55.862982	-4.263554
		55.958426	-3.186893
		54.892406	-2.923222
		54.980766	-1.615849
		53.803895	-1.549931
		53.478239	-2.258549
		53.409532	-3.000126
		52.486125	-1.890507
		51.460852	-2.588139
		50.726024	-3.543949
		51.289406	1.075802
		
c	8 3 5 10 9 13 1 7 6 4 0 14 11 12 2 15	3040.88717353033	0.695911282646967	8	3	5	10	9	13	1	7	6	4	0	14	11	12	2	15		
		54.892406	-2.923222
		53.803895	-1.549931
		53.409532	-3.000126
		55.862982	-4.263554
		55.958426	-3.186893
		50.726024	-3.543949
		51.460852	-2.588139
		54.980766	-1.615849
		53.751959	-0.335941
		53.478239	-2.258549
		52.486125	-1.890507
		50.152266	-5.065556
		51.488224	-3.186893
		51.624837	-3.94495
		51.512161	-0.116215
		51.289406	1.075802
		
c	4 5 0 11 12 14 13 8 3 1 6 10 9 7 2 15	2905.55070742691	0.709444929257309	4	5	0	11	12	14	13	8	3	1	6	10	9	7	2	15		
		53.478239	-2.258549
		53.409532	-3.000126
		52.486125	-1.890507
		51.488224	-3.186893
		51.624837	-3.94495
		50.152266	-5.065556
		50.726024	-3.543949
		54.892406	-2.923222
		53.803895	-1.549931
		51.460852	-2.588139
		53.751959	-0.335941
		55.862982	-4.263554
		55.958426	-3.186893
		54.980766	-1.615849
		51.512161	-0.116215
		51.289406	1.075802
		
c	1 11 12 6 3 4 5 0 10 9 8 7 14 13 2 15	2479.97397122884	0.752002602877116	1	11	12	6	3	4	5	0	10	9	8	7	14	13	2	15		
		51.460852	-2.588139
		51.488224	-3.186893
		51.624837	-3.94495
		53.751959	-0.335941
		53.803895	-1.549931
		53.478239	-2.258549
		53.409532	-3.000126
		52.486125	-1.890507
		55.862982	-4.263554
		55.958426	-3.186893
		54.892406	-2.923222
		54.980766	-1.615849
		50.152266	-5.065556
		50.726024	-3.543949
		51.512161	-0.116215
		51.289406	1.075802
		
c	12 14 13 4 5 10 9 8 7 3 0 1 11 6 2 15	2328.32466101085	0.767167533898915	12	14	13	4	5	10	9	8	7	3	0	1	11	6	2	15		
		51.624837	-3.94495
		50.152266	-5.065556
		50.726024	-3.543949
		53.478239	-2.258549
		53.409532	-3.000126
		55.862982	-4.263554
		55.958426	-3.186893
		54.892406	-2.923222
		54.980766	-1.615849
		53.803895	-1.549931
		52.486125	-1.890507
		51.460852	-2.588139
		51.488224	-3.186893
		53.751959	-0.335941
		51.512161	-0.116215
		51.289406	1.075802
		
c	3 4 0 5 1 11 12 10 9 8 7 6 14 13 2 15	2497.83502805855	0.750216497194145	3	4	0	5	1	11	12	10	9	8	7	6	14	13	2	15		
		53.803895	-1.549931
		53.478239	-2.258549
		52.486125	-1.890507
		53.409532	-3.000126
		51.460852	-2.588139
		51.488224	-3.186893
		51.624837	-3.94495
		55.862982	-4.263554
		55.958426	-3.186893
		54.892406	-2.923222
		54.980766	-1.615849
		53.751959	-0.335941
		50.152266	-5.065556
		50.726024	-3.543949
		51.512161	-0.116215
		51.289406	1.075802
		
c	8 3 4 5 0 1 11 12 14 13 10 9 7 6 2 15	2196.22270096361	0.780377729903639	8	3	4	5	0	1	11	12	14	13	10	9	7	6	2	15		
		54.892406	-2.923222
		53.803895	-1.549931
		53.478239	-2.258549
		53.409532	-3.000126
		52.486125	-1.890507
		51.460852	-2.588139
		51.488224	-3.186893
		51.624837	-3.94495
		50.152266	-5.065556
		50.726024	-3.543949
		55.862982	-4.263554
		55.958426	-3.186893
		54.980766	-1.615849
		53.751959	-0.335941
		51.512161	-0.116215
		51.289406	1.075802
		
c	1 11 12 14 13 4 5 10 9 8 7 3 6 0 2 15	1962.24497248392	0.803775502751608	1	11	12	14	13	4	5	10	9	8	7	3	6	0	2	15		
		51.460852	-2.588139
		51.488224	-3.186893
		51.624837	-3.94495
		50.152266	-5.065556
		50.726024	-3.543949
		53.478239	-2.258549
		53.409532	-3.000126
		55.862982	-4.263554
		55.958426	-3.186893
		54.892406	-2.923222
		54.980766	-1.615849
		53.803895	-1.549931
		53.751959	-0.335941
		52.486125	-1.890507
		51.512161	-0.116215
		51.289406	1.075802
		
c	10 9 8 3 7 6 4 0 1 11 5 12 14 13 2 15	2107.62324968893	0.789237675031107	10	9	8	3	7	6	4	0	1	11	5	12	14	13	2	15		
		55.862982	-4.263554
		55.958426	-3.186893
		54.892406	-2.923222
		53.803895	-1.549931
		54.980766	-1.615849
		53.751959	-0.335941
		53.478239	-2.258549
		52.486125	-1.890507
		51.460852	-2.588139
		51.488224	-3.186893
		53.409532	-3.000126
		51.624837	-3.94495
		50.152266	-5.065556
		50.726024	-3.543949
		51.512161	-0.116215
		51.289406	1.075802
		
c	5 0 1 11 14 13 12 6 7 9 10 8 4 3 2 15	2151.88644705099	0.784811355294901	5	0	1	11	14	13	12	6	7	9	10	8	4	3	2	15		
		53.409532	-3.000126
		52.486125	-1.890507
		51.460852	-2.588139
		51.488224	-3.186893
		50.152266	-5.065556
		50.726024	-3.543949
		51.624837	-3.94495
		53.751959	-0.335941
		54.980766	-1.615849
		55.958426	-3.186893
		55.862982	-4.263554
		54.892406	-2.923222
		53.478239	-2.258549
		53.803895	-1.549931
		51.512161	-0.116215
		51.289406	1.075802
		
c	6 4 8 3 5 0 9 10 1 11 7 12 14 13 2 15	3136.11829504532	0.686388170495468	6	4	8	3	5	0	9	10	1	11	7	12	14	13	2	15		
		53.751959	-0.335941
		53.478239	-2.258549
		54.892406	-2.923222
		53.803895	-1.549931
		53.409532	-3.000126
		52.486125	-1.890507
		55.958426	-3.186893
		55.862982	-4.263554
		51.460852	-2.588139
		51.488224	-3.186893
		54.980766	-1.615849
		51.624837	-3.94495
		50.152266	-5.065556
		50.726024	-3.543949
		51.512161	-0.116215
		51.289406	1.075802
		
c	4 5 0 11 12 14 13 1 2 9 10 8 7 6 3 15	2350.8168031608	0.76491831968392	4	5	0	11	12	14	13	1	2	9	10	8	7	6	3	15		
		53.478239	-2.258549
		53.409532	-3.000126
		52.486125	-1.890507
		51.488224	-3.186893
		51.624837	-3.94495
		50.152266	-5.065556
		50.726024	-3.543949
		51.460852	-2.588139
		51.512161	-0.116215
		55.958426	-3.186893
		55.862982	-4.263554
		54.892406	-2.923222
		54.980766	-1.615849
		53.751959	-0.335941
		53.803895	-1.549931
		51.289406	1.075802
		
c	6 7 9 10 8 4 5 0 1 11 3 12 14 13 2 15	2235.7915950131	0.77642084049869	6	7	9	10	8	4	5	0	1	11	3	12	14	13	2	15		
		53.751959	-0.335941
		54.980766	-1.615849
		55.958426	-3.186893
		55.862982	-4.263554
		54.892406	-2.923222
		53.478239	-2.258549
		53.409532	-3.000126
		52.486125	-1.890507
		51.460852	-2.588139
		51.488224	-3.186893
		53.803895	-1.549931
		51.624837	-3.94495
		50.152266	-5.065556
		50.726024	-3.543949
		51.512161	-0.116215
		51.289406	1.075802
		
c	7 6 4 0 1 9 10 8 5 3 11 12 14 13 2 15	2486.4331556479	0.75135668443521	7	6	4	0	1	9	10	8	5	3	11	12	14	13	2	15		
		54.980766	-1.615849
		53.751959	-0.335941
		53.478239	-2.258549
		52.486125	-1.890507
		51.460852	-2.588139
		55.958426	-3.186893
		55.862982	-4.263554
		54.892406	-2.923222
		53.409532	-3.000126
		53.803895	-1.549931
		51.488224	-3.186893
		51.624837	-3.94495
		50.152266	-5.065556
		50.726024	-3.543949
		51.512161	-0.116215
		51.289406	1.075802
		
c	9 8 7 3 10 6 4 5 1 11 0 12 14 13 2 15	2366.32419025291	0.763367580974709	9	8	7	3	10	6	4	5	1	11	0	12	14	13	2	15		
		55.958426	-3.186893
		54.892406	-2.923222
		54.980766	-1.615849
		53.803895	-1.549931
		55.862982	-4.263554
		53.751959	-0.335941
		53.478239	-2.258549
		53.409532	-3.000126
		51.460852	-2.588139
		51.488224	-3.186893
		52.486125	-1.890507
		51.624837	-3.94495
		50.152266	-5.065556
		50.726024	-3.543949
		51.512161	-0.116215
		51.289406	1.075802
		
c	3 0 1 11 12 13 2 5 10 9 8 7 6 4 14 15	2727.98130531918	0.727201869468082	3	0	1	11	12	13	2	5	10	9	8	7	6	4	14	15		
		53.803895	-1.549931
		52.486125	-1.890507
		51.460852	-2.588139
		51.488224	-3.186893
		51.624837	-3.94495
		50.726024	-3.543949
		51.512161	-0.116215
		53.409532	-3.000126
		55.862982	-4.263554
		55.958426	-3.186893
		54.892406	-2.923222
		54.980766	-1.615849
		53.751959	-0.335941
		53.478239	-2.258549
		50.152266	-5.065556
		51.289406	1.075802
		
c	8 5 1 7 4 0 6 3 11 12 14 13 9 10 2 15	3253.65586499112	0.674634413500887	8	5	1	7	4	0	6	3	11	12	14	13	9	10	2	15		
		54.892406	-2.923222
		53.409532	-3.000126
		51.460852	-2.588139
		54.980766	-1.615849
		53.478239	-2.258549
		52.486125	-1.890507
		53.751959	-0.335941
		53.803895	-1.549931
		51.488224	-3.186893
		51.624837	-3.94495
		50.152266	-5.065556
		50.726024	-3.543949
		55.958426	-3.186893
		55.862982	-4.263554
		51.512161	-0.116215
		51.289406	1.075802
		
c	13 2 5 10 9 8 3 7 6 4 0 1 11 12 14 15	2550.59846989099	0.744940153010901	13	2	5	10	9	8	3	7	6	4	0	1	11	12	14	15		
		50.726024	-3.543949
		51.512161	-0.116215
		53.409532	-3.000126
		55.862982	-4.263554
		55.958426	-3.186893
		54.892406	-2.923222
		53.803895	-1.549931
		54.980766	-1.615849
		53.751959	-0.335941
		53.478239	-2.258549
		52.486125	-1.890507
		51.460852	-2.588139
		51.488224	-3.186893
		51.624837	-3.94495
		50.152266	-5.065556
		51.289406	1.075802
		
c	7 9 10 8 4 5 0 1 11 12 14 13 6 3 2 15	2058.22025738306	0.794177974261694	7	9	10	8	4	5	0	1	11	12	14	13	6	3	2	15		
		54.980766	-1.615849
		55.958426	-3.186893
		55.862982	-4.263554
		54.892406	-2.923222
		53.478239	-2.258549
		53.409532	-3.000126
		52.486125	-1.890507
		51.460852	-2.588139
		51.488224	-3.186893
		51.624837	-3.94495
		50.152266	-5.065556
		50.726024	-3.543949
		53.751959	-0.335941
		53.803895	-1.549931
		51.512161	-0.116215
		51.289406	1.075802
		
c	3 4 5 0 1 11 10 9 8 7 6 12 14 13 2 15	2310.94953627978	0.768905046372022	3	4	5	0	1	11	10	9	8	7	6	12	14	13	2	15		
		53.803895	-1.549931
		53.478239	-2.258549
		53.409532	-3.000126
		52.486125	-1.890507
		51.460852	-2.588139
		51.488224	-3.186893
		55.862982	-4.263554
		55.958426	-3.186893
		54.892406	-2.923222
		54.980766	-1.615849
		53.751959	-0.335941
		51.624837	-3.94495
		50.152266	-5.065556
		50.726024	-3.543949
		51.512161	-0.116215
		51.289406	1.075802
		
c	9 8 12 11 1 14 13 10 4 5 0 7 6 3 2 15	2858.68524034166	0.714131475965833	9	8	12	11	1	14	13	10	4	5	0	7	6	3	2	15		
		55.958426	-3.186893
		54.892406	-2.923222
		51.624837	-3.94495
		51.488224	-3.186893
		51.460852	-2.588139
		50.152266	-5.065556
		50.726024	-3.543949
		55.862982	-4.263554
		53.478239	-2.258549
		53.409532	-3.000126
		52.486125	-1.890507
		54.980766	-1.615849
		53.751959	-0.335941
		53.803895	-1.549931
		51.512161	-0.116215
		51.289406	1.075802
		
c	0 10 9 7 8 6 3 4 5 11 12 14 13 1 2 15	2042.60359497185	0.795739640502815	0	10	9	7	8	6	3	4	5	11	12	14	13	1	2	15		
		52.486125	-1.890507
		55.862982	-4.263554
		55.958426	-3.186893
		54.980766	-1.615849
		54.892406	-2.923222
		53.751959	-0.335941
		53.803895	-1.549931
		53.478239	-2.258549
		53.409532	-3.000126
		51.488224	-3.186893
		51.624837	-3.94495
		50.152266	-5.065556
		50.726024	-3.543949
		51.460852	-2.588139
		51.512161	-0.116215
		51.289406	1.075802
		
c	3 4 5 0 1 11 9 10 8 7 6 12 14 13 2 15	2333.9116039381	0.76660883960619	3	4	5	0	1	11	9	10	8	7	6	12	14	13	2	15		
		53.803895	-1.549931
		53.478239	-2.258549
		53.409532	-3.000126
		52.486125	-1.890507
		51.460852	-2.588139
		51.488224	-3.186893
		55.958426	-3.186893
		55.862982	-4.263554
		54.892406	-2.923222
		54.980766	-1.615849
		53.751959	-0.335941
		51.624837	-3.94495
		50.152266	-5.065556
		50.726024	-3.543949
		51.512161	-0.116215
		51.289406	1.075802
		
c	8 6 4 5 0 1 14 10 9 7 3 11 12 13 2 15	2630.3290138462	0.73696709861538	8	6	4	5	0	1	14	10	9	7	3	11	12	13	2	15		
		54.892406	-2.923222
		53.751959	-0.335941
		53.478239	-2.258549
		53.409532	-3.000126
		52.486125	-1.890507
		51.460852	-2.588139
		50.152266	-5.065556
		55.862982	-4.263554
		55.958426	-3.186893
		54.980766	-1.615849
		53.803895	-1.549931
		51.488224	-3.186893
		51.624837	-3.94495
		50.726024	-3.543949
		51.512161	-0.116215
		51.289406	1.075802
		
c	1 12 14 13 0 9 10 8 7 3 6 4 5 11 2 15	2217.29637821356	0.778270362178644	1	12	14	13	0	9	10	8	7	3	6	4	5	11	2	15		
		51.460852	-2.588139
		51.624837	-3.94495
		50.152266	-5.065556
		50.726024	-3.543949
		52.486125	-1.890507
		55.958426	-3.186893
		55.862982	-4.263554
		54.892406	-2.923222
		54.980766	-1.615849
		53.803895	-1.549931
		53.751959	-0.335941
		53.478239	-2.258549
		53.409532	-3.000126
		51.488224	-3.186893
		51.512161	-0.116215
		51.289406	1.075802
		
c	3 6 4 5 0 12 14 13 1 11 7 9 10 8 2 15	2271.13786962985	0.772886213037015	3	6	4	5	0	12	14	13	1	11	7	9	10	8	2	15		
		53.803895	-1.549931
		53.751959	-0.335941
		53.478239	-2.258549
		53.409532	-3.000126
		52.486125	-1.890507
		51.624837	-3.94495
		50.152266	-5.065556
		50.726024	-3.543949
		51.460852	-2.588139
		51.488224	-3.186893
		54.980766	-1.615849
		55.958426	-3.186893
		55.862982	-4.263554
		54.892406	-2.923222
		51.512161	-0.116215
		51.289406	1.075802
		
c	11 12 10 9 8 7 3 6 4 5 0 1 14 13 2 15	2132.51176151027	0.786748823848973	11	12	10	9	8	7	3	6	4	5	0	1	14	13	2	15		
		51.488224	-3.186893
		51.624837	-3.94495
		55.862982	-4.263554
		55.958426	-3.186893
		54.892406	-2.923222
		54.980766	-1.615849
		53.803895	-1.549931
		53.751959	-0.335941
		53.478239	-2.258549
		53.409532	-3.000126
		52.486125	-1.890507
		51.460852	-2.588139
		50.152266	-5.065556
		50.726024	-3.543949
		51.512161	-0.116215
		51.289406	1.075802
		
c	6 10 9 8 7 3 4 5 0 11 12 14 13 1 2 15	1848.88482644419	0.815111517355581	6	10	9	8	7	3	4	5	0	11	12	14	13	1	2	15		
		53.751959	-0.335941
		55.862982	-4.263554
		55.958426	-3.186893
		54.892406	-2.923222
		54.980766	-1.615849
		53.803895	-1.549931
		53.478239	-2.258549
		53.409532	-3.000126
		52.486125	-1.890507
		51.488224	-3.186893
		51.624837	-3.94495
		50.152266	-5.065556
		50.726024	-3.543949
		51.460852	-2.588139
		51.512161	-0.116215
		51.289406	1.075802
		
c	9 7 4 11 12 10 8 3 6 5 0 1 14 13 2 15	2566.37245779603	0.743362754220397	9	7	4	11	12	10	8	3	6	5	0	1	14	13	2	15		
		55.958426	-3.186893
		54.980766	-1.615849
		53.478239	-2.258549
		51.488224	-3.186893
		51.624837	-3.94495
		55.862982	-4.263554
		54.892406	-2.923222
		53.803895	-1.549931
		53.751959	-0.335941
		53.409532	-3.000126
		52.486125	-1.890507
		51.460852	-2.588139
		50.152266	-5.065556
		50.726024	-3.543949
		51.512161	-0.116215
		51.289406	1.075802
		
c	4 5 0 11 12 14 13 1 2 6 10 9 8 7 3 15	2284.11240903803	0.771588759096197	4	5	0	11	12	14	13	1	2	6	10	9	8	7	3	15		
		53.478239	-2.258549
		53.409532	-3.000126
		52.486125	-1.890507
		51.488224	-3.186893
		51.624837	-3.94495
		50.152266	-5.065556
		50.726024	-3.543949
		51.460852	-2.588139
		51.512161	-0.116215
		53.751959	-0.335941
		55.862982	-4.263554
		55.958426	-3.186893
		54.892406	-2.923222
		54.980766	-1.615849
		53.803895	-1.549931
		51.289406	1.075802
		
c	9 10 8 5 1 7 4 0 6 3 11 12 14 13 2 15	2507.9007014254	0.74920992985746	9	10	8	5	1	7	4	0	6	3	11	12	14	13	2	15		
		55.958426	-3.186893
		55.862982	-4.263554
		54.892406	-2.923222
		53.409532	-3.000126
		51.460852	-2.588139
		54.980766	-1.615849
		53.478239	-2.258549
		52.486125	-1.890507
		53.751959	-0.335941
		53.803895	-1.549931
		51.488224	-3.186893
		51.624837	-3.94495
		50.152266	-5.065556
		50.726024	-3.543949
		51.512161	-0.116215
		51.289406	1.075802
		
c	6 4 5 0 1 14 10 9 7 8 3 11 12 13 2 15	2523.42101911888	0.747657898088112	6	4	5	0	1	14	10	9	7	8	3	11	12	13	2	15		
		53.751959	-0.335941
		53.478239	-2.258549
		53.409532	-3.000126
		52.486125	-1.890507
		51.460852	-2.588139
		50.152266	-5.065556
		55.862982	-4.263554
		55.958426	-3.186893
		54.980766	-1.615849
		54.892406	-2.923222
		53.803895	-1.549931
		51.488224	-3.186893
		51.624837	-3.94495
		50.726024	-3.543949
		51.512161	-0.116215
		51.289406	1.075802
		
c	0 12 14 13 1 10 9 8 7 6 3 4 5 11 2 15	2217.32150987586	0.778267849012414	0	12	14	13	1	10	9	8	7	6	3	4	5	11	2	15		
		52.486125	-1.890507
		51.624837	-3.94495
		50.152266	-5.065556
		50.726024	-3.543949
		51.460852	-2.588139
		55.862982	-4.263554
		55.958426	-3.186893
		54.892406	-2.923222
		54.980766	-1.615849
		53.751959	-0.335941
		53.803895	-1.549931
		53.478239	-2.258549
		53.409532	-3.000126
		51.488224	-3.186893
		51.512161	-0.116215
		51.289406	1.075802
		
c	10 9 7 6 3 4 5 0 11 12 14 13 1 8 2 15	2187.62450940818	0.781237549059182	10	9	7	6	3	4	5	0	11	12	14	13	1	8	2	15		
		55.862982	-4.263554
		55.958426	-3.186893
		54.980766	-1.615849
		53.751959	-0.335941
		53.803895	-1.549931
		53.478239	-2.258549
		53.409532	-3.000126
		52.486125	-1.890507
		51.488224	-3.186893
		51.624837	-3.94495
		50.152266	-5.065556
		50.726024	-3.543949
		51.460852	-2.588139
		54.892406	-2.923222
		51.512161	-0.116215
		51.289406	1.075802
		
c	14 13 1 10 9 8 7 3 6 4 5 0 11 12 2 15	2069.86851044364	0.793013148955636	14	13	1	10	9	8	7	3	6	4	5	0	11	12	2	15		
		50.152266	-5.065556
		50.726024	-3.543949
		51.460852	-2.588139
		55.862982	-4.263554
		55.958426	-3.186893
		54.892406	-2.923222
		54.980766	-1.615849
		53.803895	-1.549931
		53.751959	-0.335941
		53.478239	-2.258549
		53.409532	-3.000126
		52.486125	-1.890507
		51.488224	-3.186893
		51.624837	-3.94495
		51.512161	-0.116215
		51.289406	1.075802
		
c	12 14 13 1 4 5 0 11 10 9 8 7 3 6 2 15	2266.37550820554	0.773362449179446	12	14	13	1	4	5	0	11	10	9	8	7	3	6	2	15		
		51.624837	-3.94495
		50.152266	-5.065556
		50.726024	-3.543949
		51.460852	-2.588139
		53.478239	-2.258549
		53.409532	-3.000126
		52.486125	-1.890507
		51.488224	-3.186893
		55.862982	-4.263554
		55.958426	-3.186893
		54.892406	-2.923222
		54.980766	-1.615849
		53.803895	-1.549931
		53.751959	-0.335941
		51.512161	-0.116215
		51.289406	1.075802
		
c	4 5 0 11 12 14 13 1 10 9 8 7 3 6 2 15	2105.6810716905	0.789431892830951	4	5	0	11	12	14	13	1	10	9	8	7	3	6	2	15		
		53.478239	-2.258549
		53.409532	-3.000126
		52.486125	-1.890507
		51.488224	-3.186893
		51.624837	-3.94495
		50.152266	-5.065556
		50.726024	-3.543949
		51.460852	-2.588139
		55.862982	-4.263554
		55.958426	-3.186893
		54.892406	-2.923222
		54.980766	-1.615849
		53.803895	-1.549931
		53.751959	-0.335941
		51.512161	-0.116215
		51.289406	1.075802
		
c	5 0 11 12 14 13 1 10 9 8 7 3 6 4 2 15	2199.2216241942	0.78007783758058	5	0	11	12	14	13	1	10	9	8	7	3	6	4	2	15		
		53.409532	-3.000126
		52.486125	-1.890507
		51.488224	-3.186893
		51.624837	-3.94495
		50.152266	-5.065556
		50.726024	-3.543949
		51.460852	-2.588139
		55.862982	-4.263554
		55.958426	-3.186893
		54.892406	-2.923222
		54.980766	-1.615849
		53.803895	-1.549931
		53.751959	-0.335941
		53.478239	-2.258549
		51.512161	-0.116215
		51.289406	1.075802
		
c	6 9 10 8 0 11 12 1 3 7 4 5 14 13 2 15	2557.0241914977	0.74429758085023	6	9	10	8	0	11	12	1	3	7	4	5	14	13	2	15		
		53.751959	-0.335941
		55.958426	-3.186893
		55.862982	-4.263554
		54.892406	-2.923222
		52.486125	-1.890507
		51.488224	-3.186893
		51.624837	-3.94495
		51.460852	-2.588139
		53.803895	-1.549931
		54.980766	-1.615849
		53.478239	-2.258549
		53.409532	-3.000126
		50.152266	-5.065556
		50.726024	-3.543949
		51.512161	-0.116215
		51.289406	1.075802
		
c	10 4 5 0 1 9 8 7 3 6 11 12 14 13 2 15	2530.4792584872	0.74695207415128	10	4	5	0	1	9	8	7	3	6	11	12	14	13	2	15		
		55.862982	-4.263554
		53.478239	-2.258549
		53.409532	-3.000126
		52.486125	-1.890507
		51.460852	-2.588139
		55.958426	-3.186893
		54.892406	-2.923222
		54.980766	-1.615849
		53.803895	-1.549931
		53.751959	-0.335941
		51.488224	-3.186893
		51.624837	-3.94495
		50.152266	-5.065556
		50.726024	-3.543949
		51.512161	-0.116215
		51.289406	1.075802
		
c	5 0 14 13 1 11 12 6 7 9 10 8 4 3 2 15	2226.44050998686	0.777355949001314	5	0	14	13	1	11	12	6	7	9	10	8	4	3	2	15		
		53.409532	-3.000126
		52.486125	-1.890507
		50.152266	-5.065556
		50.726024	-3.543949
		51.460852	-2.588139
		51.488224	-3.186893
		51.624837	-3.94495
		53.751959	-0.335941
		54.980766	-1.615849
		55.958426	-3.186893
		55.862982	-4.263554
		54.892406	-2.923222
		53.478239	-2.258549
		53.803895	-1.549931
		51.512161	-0.116215
		51.289406	1.075802
		
c	8 0 9 7 3 10 6 4 5 1 11 12 14 13 2 15	2723.28345151688	0.727671654848312	8	0	9	7	3	10	6	4	5	1	11	12	14	13	2	15		
		54.892406	-2.923222
		52.486125	-1.890507
		55.958426	-3.186893
		54.980766	-1.615849
		53.803895	-1.549931
		55.862982	-4.263554
		53.751959	-0.335941
		53.478239	-2.258549
		53.409532	-3.000126
		51.460852	-2.588139
		51.488224	-3.186893
		51.624837	-3.94495
		50.152266	-5.065556
		50.726024	-3.543949
		51.512161	-0.116215
		51.289406	1.075802
		
c	5 3 8 7 6 4 11 12 14 13 1 10 9 0 2 15	2540.66069141315	0.745933930858685	5	3	8	7	6	4	11	12	14	13	1	10	9	0	2	15		
		53.409532	-3.000126
		53.803895	-1.549931
		54.892406	-2.923222
		54.980766	-1.615849
		53.751959	-0.335941
		53.478239	-2.258549
		51.488224	-3.186893
		51.624837	-3.94495
		50.152266	-5.065556
		50.726024	-3.543949
		51.460852	-2.588139
		55.862982	-4.263554
		55.958426	-3.186893
		52.486125	-1.890507
		51.512161	-0.116215
		51.289406	1.075802
		
c	11 12 14 13 1 9 10 8 7 3 6 4 5 0 2 15	2024.61000556949	0.797538999443051	11	12	14	13	1	9	10	8	7	3	6	4	5	0	2	15		
		51.488224	-3.186893
		51.624837	-3.94495
		50.152266	-5.065556
		50.726024	-3.543949
		51.460852	-2.588139
		55.958426	-3.186893
		55.862982	-4.263554
		54.892406	-2.923222
		54.980766	-1.615849
		53.803895	-1.549931
		53.751959	-0.335941
		53.478239	-2.258549
		53.409532	-3.000126
		52.486125	-1.890507
		51.512161	-0.116215
		51.289406	1.075802
		
c	6 3 5 11 12 14 13 9 10 1 8 7 4 0 2 15	2913.24131784014	0.708675868215986	6	3	5	11	12	14	13	9	10	1	8	7	4	0	2	15		
		53.751959	-0.335941
		53.803895	-1.549931
		53.409532	-3.000126
		51.488224	-3.186893
		51.624837	-3.94495
		50.152266	-5.065556
		50.726024	-3.543949
		55.958426	-3.186893
		55.862982	-4.263554
		51.460852	-2.588139
		54.892406	-2.923222
		54.980766	-1.615849
		53.478239	-2.258549
		52.486125	-1.890507
		51.512161	-0.116215
		51.289406	1.075802
		
c	2 6 4 5 0 1 14 10 9 7 8 3 11 12 13 15	2761.08870501514	0.723891129498486	2	6	4	5	0	1	14	10	9	7	8	3	11	12	13	15		
		51.512161	-0.116215
		53.751959	-0.335941
		53.478239	-2.258549
		53.409532	-3.000126
		52.486125	-1.890507
		51.460852	-2.588139
		50.152266	-5.065556
		55.862982	-4.263554
		55.958426	-3.186893
		54.980766	-1.615849
		54.892406	-2.923222
		53.803895	-1.549931
		51.488224	-3.186893
		51.624837	-3.94495
		50.726024	-3.543949
		51.289406	1.075802
		
c	3 6 4 5 11 12 9 10 8 0 1 7 14 13 2 15	3065.99332648961	0.693400667351039	3	6	4	5	11	12	9	10	8	0	1	7	14	13	2	15		
		53.803895	-1.549931
		53.751959	-0.335941
		53.478239	-2.258549
		53.409532	-3.000126
		51.488224	-3.186893
		51.624837	-3.94495
		55.958426	-3.186893
		55.862982	-4.263554
		54.892406	-2.923222
		52.486125	-1.890507
		51.460852	-2.588139
		54.980766	-1.615849
		50.152266	-5.065556
		50.726024	-3.543949
		51.512161	-0.116215
		51.289406	1.075802
		
c	2 0 9 10 1 11 12 14 8 7 6 3 4 5 13 15	3014.50318073469	0.698549681926531	2	0	9	10	1	11	12	14	8	7	6	3	4	5	13	15		
		51.512161	-0.116215
		52.486125	-1.890507
		55.958426	-3.186893
		55.862982	-4.263554
		51.460852	-2.588139
		51.488224	-3.186893
		51.624837	-3.94495
		50.152266	-5.065556
		54.892406	-2.923222
		54.980766	-1.615849
		53.751959	-0.335941
		53.803895	-1.549931
		53.478239	-2.258549
		53.409532	-3.000126
		50.726024	-3.543949
		51.289406	1.075802
		
c	11 12 1 3 7 4 0 10 9 8 6 5 14 13 2 15	2675.19191040777	0.732480808959223	11	12	1	3	7	4	0	10	9	8	6	5	14	13	2	15		
		51.488224	-3.186893
		51.624837	-3.94495
		51.460852	-2.588139
		53.803895	-1.549931
		54.980766	-1.615849
		53.478239	-2.258549
		52.486125	-1.890507
		55.862982	-4.263554
		55.958426	-3.186893
		54.892406	-2.923222
		53.751959	-0.335941
		53.409532	-3.000126
		50.152266	-5.065556
		50.726024	-3.543949
		51.512161	-0.116215
		51.289406	1.075802
		
c	4 7 9 10 8 5 1 12 11 14 13 0 6 3 2 15	2222.13265836079	0.777786734163921	4	7	9	10	8	5	1	12	11	14	13	0	6	3	2	15		
		53.478239	-2.258549
		54.980766	-1.615849
		55.958426	-3.186893
		55.862982	-4.263554
		54.892406	-2.923222
		53.409532	-3.000126
		51.460852	-2.588139
		51.624837	-3.94495
		51.488224	-3.186893
		50.152266	-5.065556
		50.726024	-3.543949
		52.486125	-1.890507
		53.751959	-0.335941
		53.803895	-1.549931
		51.512161	-0.116215
		51.289406	1.075802
		
c	12 11 1 14 13 10 9 8 4 5 0 7 6 3 2 15	2425.2556272827	0.75747443727173	12	11	1	14	13	10	9	8	4	5	0	7	6	3	2	15		
		51.624837	-3.94495
		51.488224	-3.186893
		51.460852	-2.588139
		50.152266	-5.065556
		50.726024	-3.543949
		55.862982	-4.263554
		55.958426	-3.186893
		54.892406	-2.923222
		53.478239	-2.258549
		53.409532	-3.000126
		52.486125	-1.890507
		54.980766	-1.615849
		53.751959	-0.335941
		53.803895	-1.549931
		51.512161	-0.116215
		51.289406	1.075802
		
c	4 5 0 1 11 12 14 3 6 7 9 10 8 13 2 15	2447.89243643647	0.755210756356353	4	5	0	1	11	12	14	3	6	7	9	10	8	13	2	15		
		53.478239	-2.258549
		53.409532	-3.000126
		52.486125	-1.890507
		51.460852	-2.588139
		51.488224	-3.186893
		51.624837	-3.94495
		50.152266	-5.065556
		53.803895	-1.549931
		53.751959	-0.335941
		54.980766	-1.615849
		55.958426	-3.186893
		55.862982	-4.263554
		54.892406	-2.923222
		50.726024	-3.543949
		51.512161	-0.116215
		51.289406	1.075802
		
c	11 12 6 3 4 5 0 10 9 8 7 1 14 13 2 15	2476.79183388861	0.752320816611139	11	12	6	3	4	5	0	10	9	8	7	1	14	13	2	15		
		51.488224	-3.186893
		51.624837	-3.94495
		53.751959	-0.335941
		53.803895	-1.549931
		53.478239	-2.258549
		53.409532	-3.000126
		52.486125	-1.890507
		55.862982	-4.263554
		55.958426	-3.186893
		54.892406	-2.923222
		54.980766	-1.615849
		51.460852	-2.588139
		50.152266	-5.065556
		50.726024	-3.543949
		51.512161	-0.116215
		51.289406	1.075802
		
c	10 8 4 5 12 0 14 3 6 7 9 1 11 13 2 15	2900.37645244957	0.709962354755043	10	8	4	5	12	0	14	3	6	7	9	1	11	13	2	15		
		55.862982	-4.263554
		54.892406	-2.923222
		53.478239	-2.258549
		53.409532	-3.000126
		51.624837	-3.94495
		52.486125	-1.890507
		50.152266	-5.065556
		53.803895	-1.549931
		53.751959	-0.335941
		54.980766	-1.615849
		55.958426	-3.186893
		51.460852	-2.588139
		51.488224	-3.186893
		50.726024	-3.543949
		51.512161	-0.116215
		51.289406	1.075802
		
c	9 7 8 3 6 4 5 0 1 14 11 12 10 13 2 15	2757.88417939281	0.724211582060719	9	7	8	3	6	4	5	0	1	14	11	12	10	13	2	15		
		55.958426	-3.186893
		54.980766	-1.615849
		54.892406	-2.923222
		53.803895	-1.549931
		53.751959	-0.335941
		53.478239	-2.258549
		53.409532	-3.000126
		52.486125	-1.890507
		51.460852	-2.588139
		50.152266	-5.065556
		51.488224	-3.186893
		51.624837	-3.94495
		55.862982	-4.263554
		50.726024	-3.543949
		51.512161	-0.116215
		51.289406	1.075802
		
c	9 7 8 0 10 3 6 4 5 11 12 14 13 1 2 15	2399.14605391432	0.760085394608568	9	7	8	0	10	3	6	4	5	11	12	14	13	1	2	15		
		55.958426	-3.186893
		54.980766	-1.615849
		54.892406	-2.923222
		52.486125	-1.890507
		55.862982	-4.263554
		53.803895	-1.549931
		53.751959	-0.335941
		53.478239	-2.258549
		53.409532	-3.000126
		51.488224	-3.186893
		51.624837	-3.94495
		50.152266	-5.065556
		50.726024	-3.543949
		51.460852	-2.588139
		51.512161	-0.116215
		51.289406	1.075802
		
c	8 7 3 6 4 5 0 11 12 14 13 1 10 9 2 15	2400.83620415817	0.759916379584183	8	7	3	6	4	5	0	11	12	14	13	1	10	9	2	15		
		54.892406	-2.923222
		54.980766	-1.615849
		53.803895	-1.549931
		53.751959	-0.335941
		53.478239	-2.258549
		53.409532	-3.000126
		52.486125	-1.890507
		51.488224	-3.186893
		51.624837	-3.94495
		50.152266	-5.065556
		50.726024	-3.543949
		51.460852	-2.588139
		55.862982	-4.263554
		55.958426	-3.186893
		51.512161	-0.116215
		51.289406	1.075802
		
c	5 0 1 11 12 14 13 2 10 9 7 8 6 3 4 15	2444.09173310599	0.755590826689401	5	0	1	11	12	14	13	2	10	9	7	8	6	3	4	15		
		53.409532	-3.000126
		52.486125	-1.890507
		51.460852	-2.588139
		51.488224	-3.186893
		51.624837	-3.94495
		50.152266	-5.065556
		50.726024	-3.543949
		51.512161	-0.116215
		55.862982	-4.263554
		55.958426	-3.186893
		54.980766	-1.615849
		54.892406	-2.923222
		53.751959	-0.335941
		53.803895	-1.549931
		53.478239	-2.258549
		51.289406	1.075802
		
c	1 13 2 5 10 9 8 3 7 6 4 0 11 12 14 15	2633.00833964197	0.736699166035803	1	13	2	5	10	9	8	3	7	6	4	0	11	12	14	15		
		51.460852	-2.588139
		50.726024	-3.543949
		51.512161	-0.116215
		53.409532	-3.000126
		55.862982	-4.263554
		55.958426	-3.186893
		54.892406	-2.923222
		53.803895	-1.549931
		54.980766	-1.615849
		53.751959	-0.335941
		53.478239	-2.258549
		52.486125	-1.890507
		51.488224	-3.186893
		51.624837	-3.94495
		50.152266	-5.065556
		51.289406	1.075802
		
c	6 2 13 9 10 8 7 3 4 5 0 1 11 12 14 15	2593.8541990586	0.74061458009414	6	2	13	9	10	8	7	3	4	5	0	1	11	12	14	15		
		53.751959	-0.335941
		51.512161	-0.116215
		50.726024	-3.543949
		55.958426	-3.186893
		55.862982	-4.263554
		54.892406	-2.923222
		54.980766	-1.615849
		53.803895	-1.549931
		53.478239	-2.258549
		53.409532	-3.000126
		52.486125	-1.890507
		51.460852	-2.588139
		51.488224	-3.186893
		51.624837	-3.94495
		50.152266	-5.065556
		51.289406	1.075802
		
c	6 9 8 7 3 4 5 0 10 11 12 14 13 1 2 15	2498.0264981895	0.75019735018105	6	9	8	7	3	4	5	0	10	11	12	14	13	1	2	15		
		53.751959	-0.335941
		55.958426	-3.186893
		54.892406	-2.923222
		54.980766	-1.615849
		53.803895	-1.549931
		53.478239	-2.258549
		53.409532	-3.000126
		52.486125	-1.890507
		55.862982	-4.263554
		51.488224	-3.186893
		51.624837	-3.94495
		50.152266	-5.065556
		50.726024	-3.543949
		51.460852	-2.588139
		51.512161	-0.116215
		51.289406	1.075802
		
c	7 9 10 8 4 5 6 3 0 1 11 12 14 13 2 15	1840.75111545514	0.815924888454486	7	9	10	8	4	5	6	3	0	1	11	12	14	13	2	15		
		54.980766	-1.615849
		55.958426	-3.186893
		55.862982	-4.263554
		54.892406	-2.923222
		53.478239	-2.258549
		53.409532	-3.000126
		53.751959	-0.335941
		53.803895	-1.549931
		52.486125	-1.890507
		51.460852	-2.588139
		51.488224	-3.186893
		51.624837	-3.94495
		50.152266	-5.065556
		50.726024	-3.543949
		51.512161	-0.116215
		51.289406	1.075802
		
c	0 5 1 11 14 13 12 6 7 9 10 8 4 3 2 15	2246.7473130519	0.77532526869481	0	5	1	11	14	13	12	6	7	9	10	8	4	3	2	15		
		52.486125	-1.890507
		53.409532	-3.000126
		51.460852	-2.588139
		51.488224	-3.186893
		50.152266	-5.065556
		50.726024	-3.543949
		51.624837	-3.94495
		53.751959	-0.335941
		54.980766	-1.615849
		55.958426	-3.186893
		55.862982	-4.263554
		54.892406	-2.923222
		53.478239	-2.258549
		53.803895	-1.549931
		51.512161	-0.116215
		51.289406	1.075802
		
c	0 10 9 8 7 3 6 4 5 11 12 14 13 1 2 15	2007.20352489847	0.799279647510153	0	10	9	8	7	3	6	4	5	11	12	14	13	1	2	15		
		52.486125	-1.890507
		55.862982	-4.263554
		55.958426	-3.186893
		54.892406	-2.923222
		54.980766	-1.615849
		53.803895	-1.549931
		53.751959	-0.335941
		53.478239	-2.258549
		53.409532	-3.000126
		51.488224	-3.186893
		51.624837	-3.94495
		50.152266	-5.065556
		50.726024	-3.543949
		51.460852	-2.588139
		51.512161	-0.116215
		51.289406	1.075802
		
c	11 12 14 13 1 10 9 8 7 3 6 4 5 0 2 15	2007.23093499378	0.799276906500622	11	12	14	13	1	10	9	8	7	3	6	4	5	0	2	15		
		51.488224	-3.186893
		51.624837	-3.94495
		50.152266	-5.065556
		50.726024	-3.543949
		51.460852	-2.588139
		55.862982	-4.263554
		55.958426	-3.186893
		54.892406	-2.923222
		54.980766	-1.615849
		53.803895	-1.549931
		53.751959	-0.335941
		53.478239	-2.258549
		53.409532	-3.000126
		52.486125	-1.890507
		51.512161	-0.116215
		51.289406	1.075802
		
c	8 3 4 5 0 1 11 12 14 13 6 10 9 7 2 15	2357.21527673555	0.764278472326445	8	3	4	5	0	1	11	12	14	13	6	10	9	7	2	15		
		54.892406	-2.923222
		53.803895	-1.549931
		53.478239	-2.258549
		53.409532	-3.000126
		52.486125	-1.890507
		51.460852	-2.588139
		51.488224	-3.186893
		51.624837	-3.94495
		50.152266	-5.065556
		50.726024	-3.543949
		53.751959	-0.335941
		55.862982	-4.263554
		55.958426	-3.186893
		54.980766	-1.615849
		51.512161	-0.116215
		51.289406	1.075802
		
c	0 14 13 1 11 12 2 6 10 9 8 7 3 4 5 15	2400.89203109666	0.759910796890334	0	14	13	1	11	12	2	6	10	9	8	7	3	4	5	15		
		52.486125	-1.890507
		50.152266	-5.065556
		50.726024	-3.543949
		51.460852	-2.588139
		51.488224	-3.186893
		51.624837	-3.94495
		51.512161	-0.116215
		53.751959	-0.335941
		55.862982	-4.263554
		55.958426	-3.186893
		54.892406	-2.923222
		54.980766	-1.615849
		53.803895	-1.549931
		53.478239	-2.258549
		53.409532	-3.000126
		51.289406	1.075802
		
c	11 9 10 8 5 1 7 4 0 6 3 12 14 13 2 15	2961.30157388065	0.703869842611935	11	9	10	8	5	1	7	4	0	6	3	12	14	13	2	15		
		51.488224	-3.186893
		55.958426	-3.186893
		55.862982	-4.263554
		54.892406	-2.923222
		53.409532	-3.000126
		51.460852	-2.588139
		54.980766	-1.615849
		53.478239	-2.258549
		52.486125	-1.890507
		53.751959	-0.335941
		53.803895	-1.549931
		51.624837	-3.94495
		50.152266	-5.065556
		50.726024	-3.543949
		51.512161	-0.116215
		51.289406	1.075802
		
c	9 5 10 8 3 7 6 4 0 1 11 12 14 13 2 15	2257.56230566909	0.774243769433091	9	5	10	8	3	7	6	4	0	1	11	12	14	13	2	15		
		55.958426	-3.186893
		53.409532	-3.000126
		55.862982	-4.263554
		54.892406	-2.923222
		53.803895	-1.549931
		54.980766	-1.615849
		53.751959	-0.335941
		53.478239	-2.258549
		52.486125	-1.890507
		51.460852	-2.588139
		51.488224	-3.186893
		51.624837	-3.94495
		50.152266	-5.065556
		50.726024	-3.543949
		51.512161	-0.116215
		51.289406	1.075802
		
c	6 10 9 7 8 3 4 5 0 1 14 11 12 13 2 15	2077.46557075615	0.792253442924385	6	10	9	7	8	3	4	5	0	1	14	11	12	13	2	15		
		53.751959	-0.335941
		55.862982	-4.263554
		55.958426	-3.186893
		54.980766	-1.615849
		54.892406	-2.923222
		53.803895	-1.549931
		53.478239	-2.258549
		53.409532	-3.000126
		52.486125	-1.890507
		51.460852	-2.588139
		50.152266	-5.065556
		51.488224	-3.186893
		51.624837	-3.94495
		50.726024	-3.543949
		51.512161	-0.116215
		51.289406	1.075802
		
c	2 7 4 5 11 0 1 12 14 13 10 9 8 3 6 15	2783.47001223808	0.721652998776192	2	7	4	5	11	0	1	12	14	13	10	9	8	3	6	15		
		51.512161	-0.116215
		54.980766	-1.615849
		53.478239	-2.258549
		53.409532	-3.000126
		51.488224	-3.186893
		52.486125	-1.890507
		51.460852	-2.588139
		51.624837	-3.94495
		50.152266	-5.065556
		50.726024	-3.543949
		55.862982	-4.263554
		55.958426	-3.186893
		54.892406	-2.923222
		53.803895	-1.549931
		53.751959	-0.335941
		51.289406	1.075802
		
c	9 7 3 0 10 1 11 12 14 8 6 4 5 13 2 15	3190.42354339695	0.680957645660305	9	7	3	0	10	1	11	12	14	8	6	4	5	13	2	15		
		55.958426	-3.186893
		54.980766	-1.615849
		53.803895	-1.549931
		52.486125	-1.890507
		55.862982	-4.263554
		51.460852	-2.588139
		51.488224	-3.186893
		51.624837	-3.94495
		50.152266	-5.065556
		54.892406	-2.923222
		53.751959	-0.335941
		53.478239	-2.258549
		53.409532	-3.000126
		50.726024	-3.543949
		51.512161	-0.116215
		51.289406	1.075802
		
c	8 7 3 12 1 13 10 9 6 5 11 14 0 4 2 15	3048.91204661079	0.695108795338921	8	7	3	12	1	13	10	9	6	5	11	14	0	4	2	15		
		54.892406	-2.923222
		54.980766	-1.615849
		53.803895	-1.549931
		51.624837	-3.94495
		51.460852	-2.588139
		50.726024	-3.543949
		55.862982	-4.263554
		55.958426	-3.186893
		53.751959	-0.335941
		53.409532	-3.000126
		51.488224	-3.186893
		50.152266	-5.065556
		52.486125	-1.890507
		53.478239	-2.258549
		51.512161	-0.116215
		51.289406	1.075802
		
c	3 6 4 5 0 9 11 1 12 14 13 10 7 8 2 15	3080.16880317092	0.691983119682908	3	6	4	5	0	9	11	1	12	14	13	10	7	8	2	15		
		53.803895	-1.549931
		53.751959	-0.335941
		53.478239	-2.258549
		53.409532	-3.000126
		52.486125	-1.890507
		55.958426	-3.186893
		51.488224	-3.186893
		51.460852	-2.588139
		51.624837	-3.94495
		50.152266	-5.065556
		50.726024	-3.543949
		55.862982	-4.263554
		54.980766	-1.615849
		54.892406	-2.923222
		51.512161	-0.116215
		51.289406	1.075802
		
c	3 6 7 9 10 8 4 5 0 1 11 12 14 13 2 15	1799.11680105574	0.820088319894426	3	6	7	9	10	8	4	5	0	1	11	12	14	13	2	15		
		53.803895	-1.549931
		53.751959	-0.335941
		54.980766	-1.615849
		55.958426	-3.186893
		55.862982	-4.263554
		54.892406	-2.923222
		53.478239	-2.258549
		53.409532	-3.000126
		52.486125	-1.890507
		51.460852	-2.588139
		51.488224	-3.186893
		51.624837	-3.94495
		50.152266	-5.065556
		50.726024	-3.543949
		51.512161	-0.116215
		51.289406	1.075802
		
c	7 3 6 4 5 0 1 14 10 9 8 13 11 12 2 15	2652.42704197276	0.734757295802724	7	3	6	4	5	0	1	14	10	9	8	13	11	12	2	15		
		54.980766	-1.615849
		53.803895	-1.549931
		53.751959	-0.335941
		53.478239	-2.258549
		53.409532	-3.000126
		52.486125	-1.890507
		51.460852	-2.588139
		50.152266	-5.065556
		55.862982	-4.263554
		55.958426	-3.186893
		54.892406	-2.923222
		50.726024	-3.543949
		51.488224	-3.186893
		51.624837	-3.94495
		51.512161	-0.116215
		51.289406	1.075802
		
c	7 3 6 4 5 0 11 1 12 14 13 2 10 9 8 15	2582.84678137736	0.741715321862264	7	3	6	4	5	0	11	1	12	14	13	2	10	9	8	15		
		54.980766	-1.615849
		53.803895	-1.549931
		53.751959	-0.335941
		53.478239	-2.258549
		53.409532	-3.000126
		52.486125	-1.890507
		51.488224	-3.186893
		51.460852	-2.588139
		51.624837	-3.94495
		50.152266	-5.065556
		50.726024	-3.543949
		51.512161	-0.116215
		55.862982	-4.263554
		55.958426	-3.186893
		54.892406	-2.923222
		51.289406	1.075802
		
g144		1614.70757855554	0.838529242144446	0	10	9	8	7	6	3	4	5	0	1	11	12	14	13	2	15		
		55.862982	-4.263554
		55.958426	-3.186893
		54.892406	-2.923222
		54.980766	-1.615849
		53.751959	-0.335941
		53.803895	-1.549931
		53.478239	-2.258549
		53.409532	-3.000126
		52.486125	-1.890507
		51.460852	-2.588139
		51.488224	-3.186893
		51.624837	-3.94495
		50.152266	-5.065556
		50.726024	-3.543949
		51.512161	-0.116215
		51.289406	1.075802
		
g144		1632.18241801618	0.836781758198382	1	9	10	8	7	6	3	4	5	0	1	11	12	14	13	2	15		
		55.958426	-3.186893
		55.862982	-4.263554
		54.892406	-2.923222
		54.980766	-1.615849
		53.751959	-0.335941
		53.803895	-1.549931
		53.478239	-2.258549
		53.409532	-3.000126
		52.486125	-1.890507
		51.460852	-2.588139
		51.488224	-3.186893
		51.624837	-3.94495
		50.152266	-5.065556
		50.726024	-3.543949
		51.512161	-0.116215
		51.289406	1.075802
		
g144		1656.09836620198	0.834390163379802	2	10	9	8	7	3	6	4	5	0	11	12	14	13	1	2	15		
		55.862982	-4.263554
		55.958426	-3.186893
		54.892406	-2.923222
		54.980766	-1.615849
		53.803895	-1.549931
		53.751959	-0.335941
		53.478239	-2.258549
		53.409532	-3.000126
		52.486125	-1.890507
		51.488224	-3.186893
		51.624837	-3.94495
		50.152266	-5.065556
		50.726024	-3.543949
		51.460852	-2.588139
		51.512161	-0.116215
		51.289406	1.075802
		
g144		1657.12946446462	0.834287053553538	3	10	9	8	7	3	6	4	5	0	1	11	12	14	13	2	15		
		55.862982	-4.263554
		55.958426	-3.186893
		54.892406	-2.923222
		54.980766	-1.615849
		53.803895	-1.549931
		53.751959	-0.335941
		53.478239	-2.258549
		53.409532	-3.000126
		52.486125	-1.890507
		51.460852	-2.588139
		51.488224	-3.186893
		51.624837	-3.94495
		50.152266	-5.065556
		50.726024	-3.543949
		51.512161	-0.116215
		51.289406	1.075802
		
g144		1673.57320566262	0.832642679433738	4	9	10	8	7	3	6	4	5	0	11	12	14	13	1	2	15		
		55.958426	-3.186893
		55.862982	-4.263554
		54.892406	-2.923222
		54.980766	-1.615849
		53.803895	-1.549931
		53.751959	-0.335941
		53.478239	-2.258549
		53.409532	-3.000126
		52.486125	-1.890507
		51.488224	-3.186893
		51.624837	-3.94495
		50.152266	-5.065556
		50.726024	-3.543949
		51.460852	-2.588139
		51.512161	-0.116215
		51.289406	1.075802
		
g144		1691.49843627536	0.830850156372464	5	10	9	7	8	6	3	4	5	0	11	12	14	13	1	2	15		
		55.862982	-4.263554
		55.958426	-3.186893
		54.980766	-1.615849
		54.892406	-2.923222
		53.751959	-0.335941
		53.803895	-1.549931
		53.478239	-2.258549
		53.409532	-3.000126
		52.486125	-1.890507
		51.488224	-3.186893
		51.624837	-3.94495
		50.152266	-5.065556
		50.726024	-3.543949
		51.460852	-2.588139
		51.512161	-0.116215
		51.289406	1.075802
		
