c	10 8 3 6 0 1 11 12 14 13 2 15 5 7 9 4	2399.10411993822	0.760089588006178	10	8	3	6	0	1	11	12	14	13	2	15	5	7	9	4		
		55.862982	-4.263554
		54.892406	-2.923222
		53.803895	-1.549931
		53.751959	-0.335941
		52.486125	-1.890507
		51.460852	-2.588139
		51.488224	-3.186893
		51.624837	-3.94495
		50.152266	-5.065556
		50.726024	-3.543949
		51.512161	-0.116215
		51.289406	1.075802
		53.409532	-3.000126
		54.980766	-1.615849
		55.958426	-3.186893
		53.478239	-2.258549
		
c	0 11 12 14 13 10 9 8 7 6 3 4 5 1 2 15	2173.07534825306	0.782692465174694	0	11	12	14	13	10	9	8	7	6	3	4	5	1	2	15		
		52.486125	-1.890507
		51.488224	-3.186893
		51.624837	-3.94495
		50.152266	-5.065556
		50.726024	-3.543949
		55.862982	-4.263554
		55.958426	-3.186893
		54.892406	-2.923222
		54.980766	-1.615849
		53.751959	-0.335941
		53.803895	-1.549931
		53.478239	-2.258549
		53.409532	-3.000126
		51.460852	-2.588139
		51.512161	-0.116215
		51.289406	1.075802
		
c	10 1 9 8 3 4 5 0 11 2 12 14 13 6 7 15	3444.12095758598	0.655587904241402	10	1	9	8	3	4	5	0	11	2	12	14	13	6	7	15		
		55.862982	-4.263554
		51.460852	-2.588139
		55.958426	-3.186893
		54.892406	-2.923222
		53.803895	-1.549931
		53.478239	-2.258549
		53.409532	-3.000126
		52.486125	-1.890507
		51.488224	-3.186893
		51.512161	-0.116215
		51.624837	-3.94495
		50.152266	-5.065556
		50.726024	-3.543949
		53.751959	-0.335941
		54.980766	-1.615849
		51.289406	1.075802
		
c	4 5 3 6 7 9 10 8 0 1 11 12 14 13 2 15	1890.57574276564	0.810942425723436	4	5	3	6	7	9	10	8	0	1	11	12	14	13	2	15		
		53.478239	-2.258549
		53.409532	-3.000126
		53.803895	-1.549931
		53.751959	-0.335941
		54.980766	-1.615849
		55.958426	-3.186893
		55.862982	-4.263554
		54.892406	-2.923222
		52.486125	-1.890507
		51.460852	-2.588139
		51.488224	-3.186893
		51.624837	-3.94495
		50.152266	-5.065556
		50.726024	-3.543949
		51.512161	-0.116215
		51.289406	1.075802
		
c	11 12 14 13 10 7 9 8 3 4 5 0 1 6 2 15	2536.98881299626	0.746301118700374	11	12	14	13	10	7	9	8	3	4	5	0	1	6	2	15		
		51.488224	-3.186893
		51.624837	-3.94495
		50.152266	-5.065556
		50.726024	-3.543949
		55.862982	-4.263554
		54.980766	-1.615849
		55.958426	-3.186893
		54.892406	-2.923222
		53.803895	-1.549931
		53.478239	-2.258549
		53.409532	-3.000126
		52.486125	-1.890507
		51.460852	-2.588139
		53.751959	-0.335941
		51.512161	-0.116215
		51.289406	1.075802
		
c	8 5 4 0 1 11 12 14 13 7 9 10 3 6 2 15	2262.93297795692	0.773706702204308	8	5	4	0	1	11	12	14	13	7	9	10	3	6	2	15		
		54.892406	-2.923222
		53.409532	-3.000126
		53.478239	-2.258549
		52.486125	-1.890507
		51.460852	-2.588139
		51.488224	-3.186893
		51.624837	-3.94495
		50.152266	-5.065556
		50.726024	-3.543949
		54.980766	-1.615849
		55.958426	-3.186893
		55.862982	-4.263554
		53.803895	-1.549931
		53.751959	-0.335941
		51.512161	-0.116215
		51.289406	1.075802
		
c	14 13 2 4 5 0 6 7 9 10 8 3 1 11 12 15	2371.47075464957	0.762852924535043	14	13	2	4	5	0	6	7	9	10	8	3	1	11	12	15		
		50.152266	-5.065556
		50.726024	-3.543949
		51.512161	-0.116215
		53.478239	-2.258549
		53.409532	-3.000126
		52.486125	-1.890507
		53.751959	-0.335941
		54.980766	-1.615849
		55.958426	-3.186893
		55.862982	-4.263554
		54.892406	-2.923222
		53.803895	-1.549931
		51.460852	-2.588139
		51.488224	-3.186893
		51.624837	-3.94495
		51.289406	1.075802
		
c	10 3 6 5 0 1 11 12 14 7 9 8 4 13 2 15	2749.82891247242	0.725017108752758	10	3	6	5	0	1	11	12	14	7	9	8	4	13	2	15		
		55.862982	-4.263554
		53.803895	-1.549931
		53.751959	-0.335941
		53.409532	-3.000126
		52.486125	-1.890507
		51.460852	-2.588139
		51.488224	-3.186893
		51.624837	-3.94495
		50.152266	-5.065556
		54.980766	-1.615849
		55.958426	-3.186893
		54.892406	-2.923222
		53.478239	-2.258549
		50.726024	-3.543949
		51.512161	-0.116215
		51.289406	1.075802
		
c	0 6 7 9 14 1 13 10 8 3 4 5 11 12 2 15	3060.92703860091	0.693907296139909	0	6	7	9	14	1	13	10	8	3	4	5	11	12	2	15		
		52.486125	-1.890507
		53.751959	-0.335941
		54.980766	-1.615849
		55.958426	-3.186893
		50.152266	-5.065556
		51.460852	-2.588139
		50.726024	-3.543949
		55.862982	-4.263554
		54.892406	-2.923222
		53.803895	-1.549931
		53.478239	-2.258549
		53.409532	-3.000126
		51.488224	-3.186893
		51.624837	-3.94495
		51.512161	-0.116215
		51.289406	1.075802
		
c	1 13 6 7 5 0 9 10 8 3 4 11 12 14 2 15	2730.81910333264	0.726918089666736	1	13	6	7	5	0	9	10	8	3	4	11	12	14	2	15		
		51.460852	-2.588139
		50.726024	-3.543949
		53.751959	-0.335941
		54.980766	-1.615849
		53.409532	-3.000126
		52.486125	-1.890507
		55.958426	-3.186893
		55.862982	-4.263554
		54.892406	-2.923222
		53.803895	-1.549931
		53.478239	-2.258549
		51.488224	-3.186893
		51.624837	-3.94495
		50.152266	-5.065556
		51.512161	-0.116215
		51.289406	1.075802
		
c	8 3 4 5 0 11 1 12 14 13 2 7 9 10 6 15	2474.00991918599	0.752599008081401	8	3	4	5	0	11	1	12	14	13	2	7	9	10	6	15		
		54.892406	-2.923222
		53.803895	-1.549931
		53.478239	-2.258549
		53.409532	-3.000126
		52.486125	-1.890507
		51.488224	-3.186893
		51.460852	-2.588139
		51.624837	-3.94495
		50.152266	-5.065556
		50.726024	-3.543949
		51.512161	-0.116215
		54.980766	-1.615849
		55.958426	-3.186893
		55.862982	-4.263554
		53.751959	-0.335941
		51.289406	1.075802
		
c	5 6 13 4 0 1 11 12 14 10 9 8 7 3 2 15	2812.56153130915	0.718743846869085	5	6	13	4	0	1	11	12	14	10	9	8	7	3	2	15		
		53.409532	-3.000126
		53.751959	-0.335941
		50.726024	-3.543949
		53.478239	-2.258549
		52.486125	-1.890507
		51.460852	-2.588139
		51.488224	-3.186893
		51.624837	-3.94495
		50.152266	-5.065556
		55.862982	-4.263554
		55.958426	-3.186893
		54.892406	-2.923222
		54.980766	-1.615849
		53.803895	-1.549931
		51.512161	-0.116215
		51.289406	1.075802
		
c	8 4 9 10 5 6 7 3 0 11 12 14 13 1 2 15	2283.38421708654	0.771661578291346	8	4	9	10	5	6	7	3	0	11	12	14	13	1	2	15		
		54.892406	-2.923222
		53.478239	-2.258549
		55.958426	-3.186893
		55.862982	-4.263554
		53.409532	-3.000126
		53.751959	-0.335941
		54.980766	-1.615849
		53.803895	-1.549931
		52.486125	-1.890507
		51.488224	-3.186893
		51.624837	-3.94495
		50.152266	-5.065556
		50.726024	-3.543949
		51.460852	-2.588139
		51.512161	-0.116215
		51.289406	1.075802
		
c	6 7 9 10 8 3 0 4 5 1 13 2 15 11 12 14	2170.96798726627	0.782903201273373	6	7	9	10	8	3	0	4	5	1	13	2	15	11	12	14		
		53.751959	-0.335941
		54.980766	-1.615849
		55.958426	-3.186893
		55.862982	-4.263554
		54.892406	-2.923222
		53.803895	-1.549931
		52.486125	-1.890507
		53.478239	-2.258549
		53.409532	-3.000126
		51.460852	-2.588139
		50.726024	-3.543949
		51.512161	-0.116215
		51.289406	1.075802
		51.488224	-3.186893
		51.624837	-3.94495
		50.152266	-5.065556
		
c	12 14 3 11 1 13 6 7 9 10 8 4 5 0 2 15	2582.44278561721	0.741755721438279	12	14	3	11	1	13	6	7	9	10	8	4	5	0	2	15		
		51.624837	-3.94495
		50.152266	-5.065556
		53.803895	-1.549931
		51.488224	-3.186893
		51.460852	-2.588139
		50.726024	-3.543949
		53.751959	-0.335941
		54.980766	-1.615849
		55.958426	-3.186893
		55.862982	-4.263554
		54.892406	-2.923222
		53.478239	-2.258549
		53.409532	-3.000126
		52.486125	-1.890507
		51.512161	-0.116215
		51.289406	1.075802
		
c	8 3 4 5 6 7 9 10 0 1 11 12 14 13 2 15	2087.34906730571	0.791265093269429	8	3	4	5	6	7	9	10	0	1	11	12	14	13	2	15		
		54.892406	-2.923222
		53.803895	-1.549931
		53.478239	-2.258549
		53.409532	-3.000126
		53.751959	-0.335941
		54.980766	-1.615849
		55.958426	-3.186893
		55.862982	-4.263554
		52.486125	-1.890507
		51.460852	-2.588139
		51.488224	-3.186893
		51.624837	-3.94495
		50.152266	-5.065556
		50.726024	-3.543949
		51.512161	-0.116215
		51.289406	1.075802
		
c	14 13 10 9 8 6 7 3 4 5 1 11 12 0 2 15	2229.57939476471	0.777042060523529	14	13	10	9	8	6	7	3	4	5	1	11	12	0	2	15		
		50.152266	-5.065556
		50.726024	-3.543949
		55.862982	-4.263554
		55.958426	-3.186893
		54.892406	-2.923222
		53.751959	-0.335941
		54.980766	-1.615849
		53.803895	-1.549931
		53.478239	-2.258549
		53.409532	-3.000126
		51.460852	-2.588139
		51.488224	-3.186893
		51.624837	-3.94495
		52.486125	-1.890507
		51.512161	-0.116215
		51.289406	1.075802
		
c	10 9 8 6 12 14 13 2 0 4 3 7 5 11 1 15	2471.61448167571	0.752838551832429	10	9	8	6	12	14	13	2	0	4	3	7	5	11	1	15		
		55.862982	-4.263554
		55.958426	-3.186893
		54.892406	-2.923222
		53.751959	-0.335941
		51.624837	-3.94495
		50.152266	-5.065556
		50.726024	-3.543949
		51.512161	-0.116215
		52.486125	-1.890507
		53.478239	-2.258549
		53.803895	-1.549931
		54.980766	-1.615849
		53.409532	-3.000126
		51.488224	-3.186893
		51.460852	-2.588139
		51.289406	1.075802
		
c	1 11 12 14 13 6 7 9 10 8 3 4 5 0 2 15	1950.88567692238	0.804911432307762	1	11	12	14	13	6	7	9	10	8	3	4	5	0	2	15		
		51.460852	-2.588139
		51.488224	-3.186893
		51.624837	-3.94495
		50.152266	-5.065556
		50.726024	-3.543949
		53.751959	-0.335941
		54.980766	-1.615849
		55.958426	-3.186893
		55.862982	-4.263554
		54.892406	-2.923222
		53.803895	-1.549931
		53.478239	-2.258549
		53.409532	-3.000126
		52.486125	-1.890507
		51.512161	-0.116215
		51.289406	1.075802
		
c	0 10 9 8 4 3 6 7 5 1 11 12 14 13 2 15	2214.59478441119	0.778540521558881	0	10	9	8	4	3	6	7	5	1	11	12	14	13	2	15		
		52.486125	-1.890507
		55.862982	-4.263554
		55.958426	-3.186893
		54.892406	-2.923222
		53.478239	-2.258549
		53.803895	-1.549931
		53.751959	-0.335941
		54.980766	-1.615849
		53.409532	-3.000126
		51.460852	-2.588139
		51.488224	-3.186893
		51.624837	-3.94495
		50.152266	-5.065556
		50.726024	-3.543949
		51.512161	-0.116215
		51.289406	1.075802
		
c	5 0 11 12 14 1 13 2 15 6 10 9 8 7 3 4	2274.2507487511	0.77257492512489	5	0	11	12	14	1	13	2	15	6	10	9	8	7	3	4		
		53.409532	-3.000126
		52.486125	-1.890507
		51.488224	-3.186893
		51.624837	-3.94495
		50.152266	-5.065556
		51.460852	-2.588139
		50.726024	-3.543949
		51.512161	-0.116215
		51.289406	1.075802
		53.751959	-0.335941
		55.862982	-4.263554
		55.958426	-3.186893
		54.892406	-2.923222
		54.980766	-1.615849
		53.803895	-1.549931
		53.478239	-2.258549
		
c	13 10 9 8 7 3 6 5 4 0 1 11 12 14 2 15	2265.16592489236	0.773483407510764	13	10	9	8	7	3	6	5	4	0	1	11	12	14	2	15		
		50.726024	-3.543949
		55.862982	-4.263554
		55.958426	-3.186893
		54.892406	-2.923222
		54.980766	-1.615849
		53.803895	-1.549931
		53.751959	-0.335941
		53.409532	-3.000126
		53.478239	-2.258549
		52.486125	-1.890507
		51.460852	-2.588139
		51.488224	-3.186893
		51.624837	-3.94495
		50.152266	-5.065556
		51.512161	-0.116215
		51.289406	1.075802
		
c	10 9 8 7 6 3 4 5 1 12 0 11 14 13 2 15	1911.4093790521	0.80885906209479	10	9	8	7	6	3	4	5	1	12	0	11	14	13	2	15		
		55.862982	-4.263554
		55.958426	-3.186893
		54.892406	-2.923222
		54.980766	-1.615849
		53.751959	-0.335941
		53.803895	-1.549931
		53.478239	-2.258549
		53.409532	-3.000126
		51.460852	-2.588139
		51.624837	-3.94495
		52.486125	-1.890507
		51.488224	-3.186893
		50.152266	-5.065556
		50.726024	-3.543949
		51.512161	-0.116215
		51.289406	1.075802
		
c	4 11 12 14 13 2 6 3 0 1 15 5 7 9 10 8	2614.7151835853	0.73852848164147	4	11	12	14	13	2	6	3	0	1	15	5	7	9	10	8		
		53.478239	-2.258549
		51.488224	-3.186893
		51.624837	-3.94495
		50.152266	-5.065556
		50.726024	-3.543949
		51.512161	-0.116215
		53.751959	-0.335941
		53.803895	-1.549931
		52.486125	-1.890507
		51.460852	-2.588139
		51.289406	1.075802
		53.409532	-3.000126
		54.980766	-1.615849
		55.958426	-3.186893
		55.862982	-4.263554
		54.892406	-2.923222
		
c	3 4 5 1 11 12 0 2 10 9 8 7 6 14 13 15	2712.23411552309	0.728776588447691	3	4	5	1	11	12	0	2	10	9	8	7	6	14	13	15		
		53.803895	-1.549931
		53.478239	-2.258549
		53.409532	-3.000126
		51.460852	-2.588139
		51.488224	-3.186893
		51.624837	-3.94495
		52.486125	-1.890507
		51.512161	-0.116215
		55.862982	-4.263554
		55.958426	-3.186893
		54.892406	-2.923222
		54.980766	-1.615849
		53.751959	-0.335941
		50.152266	-5.065556
		50.726024	-3.543949
		51.289406	1.075802
		
c	15 5 7 9 10 8 0 6 3 1 4 11 12 14 13 2	2784.45066810002	0.721554933189998	15	5	7	9	10	8	0	6	3	1	4	11	12	14	13	2		
		51.289406	1.075802
		53.409532	-3.000126
		54.980766	-1.615849
		55.958426	-3.186893
		55.862982	-4.263554
		54.892406	-2.923222
		52.486125	-1.890507
		53.751959	-0.335941
		53.803895	-1.549931
		51.460852	-2.588139
		53.478239	-2.258549
		51.488224	-3.186893
		51.624837	-3.94495
		50.152266	-5.065556
		50.726024	-3.543949
		51.512161	-0.116215
		
c	5 0 11 12 14 13 1 2 10 9 8 6 7 3 4 15	2542.40385835251	0.745759614164749	5	0	11	12	14	13	1	2	10	9	8	6	7	3	4	15		
		53.409532	-3.000126
		52.486125	-1.890507
		51.488224	-3.186893
		51.624837	-3.94495
		50.152266	-5.065556
		50.726024	-3.543949
		51.460852	-2.588139
		51.512161	-0.116215
		55.862982	-4.263554
		55.958426	-3.186893
		54.892406	-2.923222
		53.751959	-0.335941
		54.980766	-1.615849
		53.803895	-1.549931
		53.478239	-2.258549
		51.289406	1.075802
		
c	12 9 8 7 6 3 10 5 4 0 1 11 14 13 2 15	2492.93146135878	0.750706853864122	12	9	8	7	6	3	10	5	4	0	1	11	14	13	2	15		
		51.624837	-3.94495
		55.958426	-3.186893
		54.892406	-2.923222
		54.980766	-1.615849
		53.751959	-0.335941
		53.803895	-1.549931
		55.862982	-4.263554
		53.409532	-3.000126
		53.478239	-2.258549
		52.486125	-1.890507
		51.460852	-2.588139
		51.488224	-3.186893
		50.152266	-5.065556
		50.726024	-3.543949
		51.512161	-0.116215
		51.289406	1.075802
		
c	8 9 10 5 4 7 6 3 0 1 11 12 14 13 2 15	1949.90201799915	0.805009798200085	8	9	10	5	4	7	6	3	0	1	11	12	14	13	2	15		
		54.892406	-2.923222
		55.958426	-3.186893
		55.862982	-4.263554
		53.409532	-3.000126
		53.478239	-2.258549
		54.980766	-1.615849
		53.751959	-0.335941
		53.803895	-1.549931
		52.486125	-1.890507
		51.460852	-2.588139
		51.488224	-3.186893
		51.624837	-3.94495
		50.152266	-5.065556
		50.726024	-3.543949
		51.512161	-0.116215
		51.289406	1.075802
		
c	12 14 1 13 6 7 9 10 8 3 4 5 0 11 2 15	2253.81009648058	0.774618990351942	12	14	1	13	6	7	9	10	8	3	4	5	0	11	2	15		
		51.624837	-3.94495
		50.152266	-5.065556
		51.460852	-2.588139
		50.726024	-3.543949
		53.751959	-0.335941
		54.980766	-1.615849
		55.958426	-3.186893
		55.862982	-4.263554
		54.892406	-2.923222
		53.803895	-1.549931
		53.478239	-2.258549
		53.409532	-3.000126
		52.486125	-1.890507
		51.488224	-3.186893
		51.512161	-0.116215
		51.289406	1.075802
		
c	8 10 9 7 3 6 4 5 0 11 12 14 13 1 2 15	1736.52644831107	0.826347355168893	8	10	9	7	3	6	4	5	0	11	12	14	13	1	2	15		
		54.892406	-2.923222
		55.862982	-4.263554
		55.958426	-3.186893
		54.980766	-1.615849
		53.803895	-1.549931
		53.751959	-0.335941
		53.478239	-2.258549
		53.409532	-3.000126
		52.486125	-1.890507
		51.488224	-3.186893
		51.624837	-3.94495
		50.152266	-5.065556
		50.726024	-3.543949
		51.460852	-2.588139
		51.512161	-0.116215
		51.289406	1.075802
		
c	0 11 12 14 3 1 13 4 5 10 9 8 7 6 2 15	2645.59746298837	0.735440253701163	0	11	12	14	3	1	13	4	5	10	9	8	7	6	2	15		
		52.486125	-1.890507
		51.488224	-3.186893
		51.624837	-3.94495
		50.152266	-5.065556
		53.803895	-1.549931
		51.460852	-2.588139
		50.726024	-3.543949
		53.478239	-2.258549
		53.409532	-3.000126
		55.862982	-4.263554
		55.958426	-3.186893
		54.892406	-2.923222
		54.980766	-1.615849
		53.751959	-0.335941
		51.512161	-0.116215
		51.289406	1.075802
		
c	14 1 13 6 7 9 10 8 3 4 5 0 11 12 2 15	2179.08832372562	0.782091167627438	14	1	13	6	7	9	10	8	3	4	5	0	11	12	2	15		
		50.152266	-5.065556
		51.460852	-2.588139
		50.726024	-3.543949
		53.751959	-0.335941
		54.980766	-1.615849
		55.958426	-3.186893
		55.862982	-4.263554
		54.892406	-2.923222
		53.803895	-1.549931
		53.478239	-2.258549
		53.409532	-3.000126
		52.486125	-1.890507
		51.488224	-3.186893
		51.624837	-3.94495
		51.512161	-0.116215
		51.289406	1.075802
		
c	11 12 14 13 3 6 4 0 1 2 7 9 10 8 5 15	2626.82883788742	0.737317116211258	11	12	14	13	3	6	4	0	1	2	7	9	10	8	5	15		
		51.488224	-3.186893
		51.624837	-3.94495
		50.152266	-5.065556
		50.726024	-3.543949
		53.803895	-1.549931
		53.751959	-0.335941
		53.478239	-2.258549
		52.486125	-1.890507
		51.460852	-2.588139
		51.512161	-0.116215
		54.980766	-1.615849
		55.958426	-3.186893
		55.862982	-4.263554
		54.892406	-2.923222
		53.409532	-3.000126
		51.289406	1.075802
		
c	4 3 6 7 5 1 11 0 10 9 8 12 14 13 2 15	2508.67074115104	0.749132925884896	4	3	6	7	5	1	11	0	10	9	8	12	14	13	2	15		
		53.478239	-2.258549
		53.803895	-1.549931
		53.751959	-0.335941
		54.980766	-1.615849
		53.409532	-3.000126
		51.460852	-2.588139
		51.488224	-3.186893
		52.486125	-1.890507
		55.862982	-4.263554
		55.958426	-3.186893
		54.892406	-2.923222
		51.624837	-3.94495
		50.152266	-5.065556
		50.726024	-3.543949
		51.512161	-0.116215
		51.289406	1.075802
		
c	8 3 4 5 0 11 1 10 9 7 6 12 14 13 2 15	2433.09334143101	0.756690665856899	8	3	4	5	0	11	1	10	9	7	6	12	14	13	2	15		
		54.892406	-2.923222
		53.803895	-1.549931
		53.478239	-2.258549
		53.409532	-3.000126
		52.486125	-1.890507
		51.488224	-3.186893
		51.460852	-2.588139
		55.862982	-4.263554
		55.958426	-3.186893
		54.980766	-1.615849
		53.751959	-0.335941
		51.624837	-3.94495
		50.152266	-5.065556
		50.726024	-3.543949
		51.512161	-0.116215
		51.289406	1.075802
		
c	1 11 10 9 8 3 6 7 4 5 0 12 14 13 2 15	2277.36015747844	0.772263984252156	1	11	10	9	8	3	6	7	4	5	0	12	14	13	2	15		
		51.460852	-2.588139
		51.488224	-3.186893
		55.862982	-4.263554
		55.958426	-3.186893
		54.892406	-2.923222
		53.803895	-1.549931
		53.751959	-0.335941
		54.980766	-1.615849
		53.478239	-2.258549
		53.409532	-3.000126
		52.486125	-1.890507
		51.624837	-3.94495
		50.152266	-5.065556
		50.726024	-3.543949
		51.512161	-0.116215
		51.289406	1.075802
		
c	11 0 10 9 8 6 3 4 7 5 1 12 14 13 2 15	2415.73900494039	0.758426099505961	11	0	10	9	8	6	3	4	7	5	1	12	14	13	2	15		
		51.488224	-3.186893
		52.486125	-1.890507
		55.862982	-4.263554
		55.958426	-3.186893
		54.892406	-2.923222
		53.751959	-0.335941
		53.803895	-1.549931
		53.478239	-2.258549
		54.980766	-1.615849
		53.409532	-3.000126
		51.460852	-2.588139
		51.624837	-3.94495
		50.152266	-5.065556
		50.726024	-3.543949
		51.512161	-0.116215
		51.289406	1.075802
		
c	10 6 7 9 8 3 4 5 0 11 1 12 14 13 2 15	2083.56064867714	0.791643935132286	10	6	7	9	8	3	4	5	0	11	1	12	14	13	2	15		
		55.862982	-4.263554
		53.751959	-0.335941
		54.980766	-1.615849
		55.958426	-3.186893
		54.892406	-2.923222
		53.803895	-1.549931
		53.478239	-2.258549
		53.409532	-3.000126
		52.486125	-1.890507
		51.488224	-3.186893
		51.460852	-2.588139
		51.624837	-3.94495
		50.152266	-5.065556
		50.726024	-3.543949
		51.512161	-0.116215
		51.289406	1.075802
		
c	8 4 3 6 7 5 1 11 0 10 9 12 14 13 2 15	2666.86128721108	0.733313871278892	8	4	3	6	7	5	1	11	0	10	9	12	14	13	2	15		
		54.892406	-2.923222
		53.478239	-2.258549
		53.803895	-1.549931
		53.751959	-0.335941
		54.980766	-1.615849
		53.409532	-3.000126
		51.460852	-2.588139
		51.488224	-3.186893
		52.486125	-1.890507
		55.862982	-4.263554
		55.958426	-3.186893
		51.624837	-3.94495
		50.152266	-5.065556
		50.726024	-3.543949
		51.512161	-0.116215
		51.289406	1.075802
		
c	9 10 8 5 1 6 3 0 11 12 14 13 2 15 7 4	2578.13765545524	0.742186234454476	9	10	8	5	1	6	3	0	11	12	14	13	2	15	7	4		
		55.958426	-3.186893
		55.862982	-4.263554
		54.892406	-2.923222
		53.409532	-3.000126
		51.460852	-2.588139
		53.751959	-0.335941
		53.803895	-1.549931
		52.486125	-1.890507
		51.488224	-3.186893
		51.624837	-3.94495
		50.152266	-5.065556
		50.726024	-3.543949
		51.512161	-0.116215
		51.289406	1.075802
		54.980766	-1.615849
		53.478239	-2.258549
		
c	5 0 14 2 4 6 7 9 10 8 3 1 11 12 13 15	2700.11999630643	0.729988000369357	5	0	14	2	4	6	7	9	10	8	3	1	11	12	13	15		
		53.409532	-3.000126
		52.486125	-1.890507
		50.152266	-5.065556
		51.512161	-0.116215
		53.478239	-2.258549
		53.751959	-0.335941
		54.980766	-1.615849
		55.958426	-3.186893
		55.862982	-4.263554
		54.892406	-2.923222
		53.803895	-1.549931
		51.460852	-2.588139
		51.488224	-3.186893
		51.624837	-3.94495
		50.726024	-3.543949
		51.289406	1.075802
		
c	15 5 7 9 10 8 4 6 3 0 1 11 12 14 13 2	2215.26967703146	0.778473032296854	15	5	7	9	10	8	4	6	3	0	1	11	12	14	13	2		
		51.289406	1.075802
		53.409532	-3.000126
		54.980766	-1.615849
		55.958426	-3.186893
		55.862982	-4.263554
		54.892406	-2.923222
		53.478239	-2.258549
		53.751959	-0.335941
		53.803895	-1.549931
		52.486125	-1.890507
		51.460852	-2.588139
		51.488224	-3.186893
		51.624837	-3.94495
		50.152266	-5.065556
		50.726024	-3.543949
		51.512161	-0.116215
		
c	11 12 14 13 1 2 6 4 3 7 9 10 8 5 0 15	2095.17174281369	0.790482825718631	11	12	14	13	1	2	6	4	3	7	9	10	8	5	0	15		
		51.488224	-3.186893
		51.624837	-3.94495
		50.152266	-5.065556
		50.726024	-3.543949
		51.460852	-2.588139
		51.512161	-0.116215
		53.751959	-0.335941
		53.478239	-2.258549
		53.803895	-1.549931
		54.980766	-1.615849
		55.958426	-3.186893
		55.862982	-4.263554
		54.892406	-2.923222
		53.409532	-3.000126
		52.486125	-1.890507
		51.289406	1.075802
		
c	2 3 4 6 7 9 10 8 5 0 1 11 12 14 13 15	2121.5533373902	0.78784466626098	2	3	4	6	7	9	10	8	5	0	1	11	12	14	13	15		
		51.512161	-0.116215
		53.803895	-1.549931
		53.478239	-2.258549
		53.751959	-0.335941
		54.980766	-1.615849
		55.958426	-3.186893
		55.862982	-4.263554
		54.892406	-2.923222
		53.409532	-3.000126
		52.486125	-1.890507
		51.460852	-2.588139
		51.488224	-3.186893
		51.624837	-3.94495
		50.152266	-5.065556
		50.726024	-3.543949
		51.289406	1.075802
		
c	0 1 11 12 14 10 9 8 7 3 6 4 5 13 2 15	2343.09042677619	0.765690957322381	0	1	11	12	14	10	9	8	7	3	6	4	5	13	2	15		
		52.486125	-1.890507
		51.460852	-2.588139
		51.488224	-3.186893
		51.624837	-3.94495
		50.152266	-5.065556
		55.862982	-4.263554
		55.958426	-3.186893
		54.892406	-2.923222
		54.980766	-1.615849
		53.803895	-1.549931
		53.751959	-0.335941
		53.478239	-2.258549
		53.409532	-3.000126
		50.726024	-3.543949
		51.512161	-0.116215
		51.289406	1.075802
		
c	8 5 4 0 1 11 12 14 13 2 6 10 7 9 3 15	2635.94501613529	0.736405498386471	8	5	4	0	1	11	12	14	13	2	6	10	7	9	3	15		
		54.892406	-2.923222
		53.409532	-3.000126
		53.478239	-2.258549
		52.486125	-1.890507
		51.460852	-2.588139
		51.488224	-3.186893
		51.624837	-3.94495
		50.152266	-5.065556
		50.726024	-3.543949
		51.512161	-0.116215
		53.751959	-0.335941
		55.862982	-4.263554
		54.980766	-1.615849
		55.958426	-3.186893
		53.803895	-1.549931
		51.289406	1.075802
		
c	11 12 14 7 3 4 5 13 1 2 15 9 10 8 6 0	2905.25196810537	0.709474803189463	11	12	14	7	3	4	5	13	1	2	15	9	10	8	6	0		
		51.488224	-3.186893
		51.624837	-3.94495
		50.152266	-5.065556
		54.980766	-1.615849
		53.803895	-1.549931
		53.478239	-2.258549
		53.409532	-3.000126
		50.726024	-3.543949
		51.460852	-2.588139
		51.512161	-0.116215
		51.289406	1.075802
		55.958426	-3.186893
		55.862982	-4.263554
		54.892406	-2.923222
		53.751959	-0.335941
		52.486125	-1.890507
		
c	10 9 8 2 15 0 3 6 4 5 7 11 12 14 13 1	2410.84506314084	0.758915493685916	10	9	8	2	15	0	3	6	4	5	7	11	12	14	13	1		
		55.862982	-4.263554
		55.958426	-3.186893
		54.892406	-2.923222
		51.512161	-0.116215
		51.289406	1.075802
		52.486125	-1.890507
		53.803895	-1.549931
		53.751959	-0.335941
		53.478239	-2.258549
		53.409532	-3.000126
		54.980766	-1.615849
		51.488224	-3.186893
		51.624837	-3.94495
		50.152266	-5.065556
		50.726024	-3.543949
		51.460852	-2.588139
		
c	4 5 6 0 1 3 10 7 9 8 11 12 14 13 2 15	2627.122708083	0.7372877291917	4	5	6	0	1	3	10	7	9	8	11	12	14	13	2	15		
		53.478239	-2.258549
		53.409532	-3.000126
		53.751959	-0.335941
		52.486125	-1.890507
		51.460852	-2.588139
		53.803895	-1.549931
		55.862982	-4.263554
		54.980766	-1.615849
		55.958426	-3.186893
		54.892406	-2.923222
		51.488224	-3.186893
		51.624837	-3.94495
		50.152266	-5.065556
		50.726024	-3.543949
		51.512161	-0.116215
		51.289406	1.075802
		
c	11 12 14 13 1 6 7 9 10 8 3 4 5 0 2 15	1910.41333137321	0.808958666862679	11	12	14	13	1	6	7	9	10	8	3	4	5	0	2	15		
		51.488224	-3.186893
		51.624837	-3.94495
		50.152266	-5.065556
		50.726024	-3.543949
		51.460852	-2.588139
		53.751959	-0.335941
		54.980766	-1.615849
		55.958426	-3.186893
		55.862982	-4.263554
		54.892406	-2.923222
		53.803895	-1.549931
		53.478239	-2.258549
		53.409532	-3.000126
		52.486125	-1.890507
		51.512161	-0.116215
		51.289406	1.075802
		
c	0 1 8 3 4 5 9 10 11 12 14 13 2 15 6 7	2760.30104040265	0.723969895959735	0	1	8	3	4	5	9	10	11	12	14	13	2	15	6	7		
		52.486125	-1.890507
		51.460852	-2.588139
		54.892406	-2.923222
		53.803895	-1.549931
		53.478239	-2.258549
		53.409532	-3.000126
		55.958426	-3.186893
		55.862982	-4.263554
		51.488224	-3.186893
		51.624837	-3.94495
		50.152266	-5.065556
		50.726024	-3.543949
		51.512161	-0.116215
		51.289406	1.075802
		53.751959	-0.335941
		54.980766	-1.615849
		
c	3 4 5 0 6 7 9 10 8 1 11 12 14 13 2 15	2048.6154474045	0.79513845525955	3	4	5	0	6	7	9	10	8	1	11	12	14	13	2	15		
		53.803895	-1.549931
		53.478239	-2.258549
		53.409532	-3.000126
		52.486125	-1.890507
		53.751959	-0.335941
		54.980766	-1.615849
		55.958426	-3.186893
		55.862982	-4.263554
		54.892406	-2.923222
		51.460852	-2.588139
		51.488224	-3.186893
		51.624837	-3.94495
		50.152266	-5.065556
		50.726024	-3.543949
		51.512161	-0.116215
		51.289406	1.075802
		
c	6 3 10 9 8 4 7 5 1 0 11 12 14 13 2 15	2273.46356723547	0.772653643276453	6	3	10	9	8	4	7	5	1	0	11	12	14	13	2	15		
		53.751959	-0.335941
		53.803895	-1.549931
		55.862982	-4.263554
		55.958426	-3.186893
		54.892406	-2.923222
		53.478239	-2.258549
		54.980766	-1.615849
		53.409532	-3.000126
		51.460852	-2.588139
		52.486125	-1.890507
		51.488224	-3.186893
		51.624837	-3.94495
		50.152266	-5.065556
		50.726024	-3.543949
		51.512161	-0.116215
		51.289406	1.075802
		
c	11 12 14 13 2 0 4 3 6 7 9 10 8 5 1 15	2181.35627944435	0.781864372055565	11	12	14	13	2	0	4	3	6	7	9	10	8	5	1	15		
		51.488224	-3.186893
		51.624837	-3.94495
		50.152266	-5.065556
		50.726024	-3.543949
		51.512161	-0.116215
		52.486125	-1.890507
		53.478239	-2.258549
		53.803895	-1.549931
		53.751959	-0.335941
		54.980766	-1.615849
		55.958426	-3.186893
		55.862982	-4.263554
		54.892406	-2.923222
		53.409532	-3.000126
		51.460852	-2.588139
		51.289406	1.075802
		
c	7 5 9 10 8 4 6 3 0 1 11 12 14 13 2 15	2074.70313943153	0.792529686056847	7	5	9	10	8	4	6	3	0	1	11	12	14	13	2	15		
		54.980766	-1.615849
		53.409532	-3.000126
		55.958426	-3.186893
		55.862982	-4.263554
		54.892406	-2.923222
		53.478239	-2.258549
		53.751959	-0.335941
		53.803895	-1.549931
		52.486125	-1.890507
		51.460852	-2.588139
		51.488224	-3.186893
		51.624837	-3.94495
		50.152266	-5.065556
		50.726024	-3.543949
		51.512161	-0.116215
		51.289406	1.075802
		
c	10 9 8 6 7 3 4 5 13 1 11 12 14 0 2 15	2071.08290309109	0.792891709690892	10	9	8	6	7	3	4	5	13	1	11	12	14	0	2	15		
		55.862982	-4.263554
		55.958426	-3.186893
		54.892406	-2.923222
		53.751959	-0.335941
		54.980766	-1.615849
		53.803895	-1.549931
		53.478239	-2.258549
		53.409532	-3.000126
		50.726024	-3.543949
		51.460852	-2.588139
		51.488224	-3.186893
		51.624837	-3.94495
		50.152266	-5.065556
		52.486125	-1.890507
		51.512161	-0.116215
		51.289406	1.075802
		
c	12 14 13 2 0 4 3 6 7 9 10 8 5 11 1 15	2163.91139615446	0.783608860384554	12	14	13	2	0	4	3	6	7	9	10	8	5	11	1	15		
		51.624837	-3.94495
		50.152266	-5.065556
		50.726024	-3.543949
		51.512161	-0.116215
		52.486125	-1.890507
		53.478239	-2.258549
		53.803895	-1.549931
		53.751959	-0.335941
		54.980766	-1.615849
		55.958426	-3.186893
		55.862982	-4.263554
		54.892406	-2.923222
		53.409532	-3.000126
		51.488224	-3.186893
		51.460852	-2.588139
		51.289406	1.075802
		
c	6 4 5 10 9 8 7 3 0 1 11 12 14 13 2 15	1883.32703311186	0.811667296688814	6	4	5	10	9	8	7	3	0	1	11	12	14	13	2	15		
		53.751959	-0.335941
		53.478239	-2.258549
		53.409532	-3.000126
		55.862982	-4.263554
		55.958426	-3.186893
		54.892406	-2.923222
		54.980766	-1.615849
		53.803895	-1.549931
		52.486125	-1.890507
		51.460852	-2.588139
		51.488224	-3.186893
		51.624837	-3.94495
		50.152266	-5.065556
		50.726024	-3.543949
		51.512161	-0.116215
		51.289406	1.075802
		
c	4 5 0 6 7 9 10 8 3 1 11 12 14 13 2 15	2027.30435512987	0.797269564487013	4	5	0	6	7	9	10	8	3	1	11	12	14	13	2	15		
		53.478239	-2.258549
		53.409532	-3.000126
		52.486125	-1.890507
		53.751959	-0.335941
		54.980766	-1.615849
		55.958426	-3.186893
		55.862982	-4.263554
		54.892406	-2.923222
		53.803895	-1.549931
		51.460852	-2.588139
		51.488224	-3.186893
		51.624837	-3.94495
		50.152266	-5.065556
		50.726024	-3.543949
		51.512161	-0.116215
		51.289406	1.075802
		
c	11 12 14 1 13 10 9 8 7 3 6 4 5 0 2 15	2180.3161213202	0.781968387867981	11	12	14	1	13	10	9	8	7	3	6	4	5	0	2	15		
		51.488224	-3.186893
		51.624837	-3.94495
		50.152266	-5.065556
		51.460852	-2.588139
		50.726024	-3.543949
		55.862982	-4.263554
		55.958426	-3.186893
		54.892406	-2.923222
		54.980766	-1.615849
		53.803895	-1.549931
		53.751959	-0.335941
		53.478239	-2.258549
		53.409532	-3.000126
		52.486125	-1.890507
		51.512161	-0.116215
		51.289406	1.075802
		
c	0 3 6 8 5 10 9 7 4 11 12 14 13 1 2 15	2229.88534262654	0.777011465737346	0	3	6	8	5	10	9	7	4	11	12	14	13	1	2	15		
		52.486125	-1.890507
		53.803895	-1.549931
		53.751959	-0.335941
		54.892406	-2.923222
		53.409532	-3.000126
		55.862982	-4.263554
		55.958426	-3.186893
		54.980766	-1.615849
		53.478239	-2.258549
		51.488224	-3.186893
		51.624837	-3.94495
		50.152266	-5.065556
		50.726024	-3.543949
		51.460852	-2.588139
		51.512161	-0.116215
		51.289406	1.075802
		
c	3 10 9 8 7 5 6 4 0 1 11 12 14 13 2 15	2046.67525767896	0.795332474232104	3	10	9	8	7	5	6	4	0	1	11	12	14	13	2	15		
		53.803895	-1.549931
		55.862982	-4.263554
		55.958426	-3.186893
		54.892406	-2.923222
		54.980766	-1.615849
		53.409532	-3.000126
		53.751959	-0.335941
		53.478239	-2.258549
		52.486125	-1.890507
		51.460852	-2.588139
		51.488224	-3.186893
		51.624837	-3.94495
		50.152266	-5.065556
		50.726024	-3.543949
		51.512161	-0.116215
		51.289406	1.075802
		
c	4 3 6 7 9 10 8 5 0 1 11 12 14 13 2 15	1810.39557088752	0.818960442911248	4	3	6	7	9	10	8	5	0	1	11	12	14	13	2	15		
		53.478239	-2.258549
		53.803895	-1.549931
		53.751959	-0.335941
		54.980766	-1.615849
		55.958426	-3.186893
		55.862982	-4.263554
		54.892406	-2.923222
		53.409532	-3.000126
		52.486125	-1.890507
		51.460852	-2.588139
		51.488224	-3.186893
		51.624837	-3.94495
		50.152266	-5.065556
		50.726024	-3.543949
		51.512161	-0.116215
		51.289406	1.075802
		
c	8 3 6 7 4 5 0 11 12 14 13 1 9 10 2 15	2558.95674143538	0.744104325856462	8	3	6	7	4	5	0	11	12	14	13	1	9	10	2	15		
		54.892406	-2.923222
		53.803895	-1.549931
		53.751959	-0.335941
		54.980766	-1.615849
		53.478239	-2.258549
		53.409532	-3.000126
		52.486125	-1.890507
		51.488224	-3.186893
		51.624837	-3.94495
		50.152266	-5.065556
		50.726024	-3.543949
		51.460852	-2.588139
		55.958426	-3.186893
		55.862982	-4.263554
		51.512161	-0.116215
		51.289406	1.075802
		
c	15 9 10 8 5 4 7 6 3 0 1 11 12 14 13 2	2351.4949159112	0.76485050840888	15	9	10	8	5	4	7	6	3	0	1	11	12	14	13	2		
		51.289406	1.075802
		55.958426	-3.186893
		55.862982	-4.263554
		54.892406	-2.923222
		53.409532	-3.000126
		53.478239	-2.258549
		54.980766	-1.615849
		53.751959	-0.335941
		53.803895	-1.549931
		52.486125	-1.890507
		51.460852	-2.588139
		51.488224	-3.186893
		51.624837	-3.94495
		50.152266	-5.065556
		50.726024	-3.543949
		51.512161	-0.116215
		
c	3 7 9 10 8 5 4 0 1 11 12 14 13 2 6 15	2131.56772984256	0.786843227015744	3	7	9	10	8	5	4	0	1	11	12	14	13	2	6	15		
		53.803895	-1.549931
		54.980766	-1.615849
		55.958426	-3.186893
		55.862982	-4.263554
		54.892406	-2.923222
		53.409532	-3.000126
		53.478239	-2.258549
		52.486125	-1.890507
		51.460852	-2.588139
		51.488224	-3.186893
		51.624837	-3.94495
		50.152266	-5.065556
		50.726024	-3.543949
		51.512161	-0.116215
		53.751959	-0.335941
		51.289406	1.075802
		
c	7 9 10 8 3 5 6 4 0 1 11 12 14 13 2 15	1898.63462616519	0.810136537383481	7	9	10	8	3	5	6	4	0	1	11	12	14	13	2	15		
		54.980766	-1.615849
		55.958426	-3.186893
		55.862982	-4.263554
		54.892406	-2.923222
		53.803895	-1.549931
		53.409532	-3.000126
		53.751959	-0.335941
		53.478239	-2.258549
		52.486125	-1.890507
		51.460852	-2.588139
		51.488224	-3.186893
		51.624837	-3.94495
		50.152266	-5.065556
		50.726024	-3.543949
		51.512161	-0.116215
		51.289406	1.075802
		
c	9 10 8 5 12 14 13 6 7 3 4 0 11 1 2 15	2190.6129659654	0.78093870340346	9	10	8	5	12	14	13	6	7	3	4	0	11	1	2	15		
		55.958426	-3.186893
		55.862982	-4.263554
		54.892406	-2.923222
		53.409532	-3.000126
		51.624837	-3.94495
		50.152266	-5.065556
		50.726024	-3.543949
		53.751959	-0.335941
		54.980766	-1.615849
		53.803895	-1.549931
		53.478239	-2.258549
		52.486125	-1.890507
		51.488224	-3.186893
		51.460852	-2.588139
		51.512161	-0.116215
		51.289406	1.075802
		
c	10 9 8 3 6 7 4 5 0 11 12 14 13 1 2 15	1792.93053585355	0.820706946414645	10	9	8	3	6	7	4	5	0	11	12	14	13	1	2	15		
		55.862982	-4.263554
		55.958426	-3.186893
		54.892406	-2.923222
		53.803895	-1.549931
		53.751959	-0.335941
		54.980766	-1.615849
		53.478239	-2.258549
		53.409532	-3.000126
		52.486125	-1.890507
		51.488224	-3.186893
		51.624837	-3.94495
		50.152266	-5.065556
		50.726024	-3.543949
		51.460852	-2.588139
		51.512161	-0.116215
		51.289406	1.075802
		
c	0 11 9 8 7 6 3 10 5 4 1 14 13 12 2 15	2737.02234030691	0.726297765969309	0	11	9	8	7	6	3	10	5	4	1	14	13	12	2	15		
		52.486125	-1.890507
		51.488224	-3.186893
		55.958426	-3.186893
		54.892406	-2.923222
		54.980766	-1.615849
		53.751959	-0.335941
		53.803895	-1.549931
		55.862982	-4.263554
		53.409532	-3.000126
		53.478239	-2.258549
		51.460852	-2.588139
		50.152266	-5.065556
		50.726024	-3.543949
		51.624837	-3.94495
		51.512161	-0.116215
		51.289406	1.075802
		
c	10 9 8 7 3 4 5 0 1 11 12 14 13 2 6 15	1959.0074640215	0.80409925359785	10	9	8	7	3	4	5	0	1	11	12	14	13	2	6	15		
		55.862982	-4.263554
		55.958426	-3.186893
		54.892406	-2.923222
		54.980766	-1.615849
		53.803895	-1.549931
		53.478239	-2.258549
		53.409532	-3.000126
		52.486125	-1.890507
		51.460852	-2.588139
		51.488224	-3.186893
		51.624837	-3.94495
		50.152266	-5.065556
		50.726024	-3.543949
		51.512161	-0.116215
		53.751959	-0.335941
		51.289406	1.075802
		
c	5 4 0 1 11 12 6 7 9 10 8 3 14 13 2 15	2322.07615429824	0.767792384570176	5	4	0	1	11	12	6	7	9	10	8	3	14	13	2	15		
		53.409532	-3.000126
		53.478239	-2.258549
		52.486125	-1.890507
		51.460852	-2.588139
		51.488224	-3.186893
		51.624837	-3.94495
		53.751959	-0.335941
		54.980766	-1.615849
		55.958426	-3.186893
		55.862982	-4.263554
		54.892406	-2.923222
		53.803895	-1.549931
		50.152266	-5.065556
		50.726024	-3.543949
		51.512161	-0.116215
		51.289406	1.075802
		
c	11 0 3 6 8 5 10 9 7 4 12 14 13 1 2 15	2322.89979118479	0.767710020881521	11	0	3	6	8	5	10	9	7	4	12	14	13	1	2	15		
		51.488224	-3.186893
		52.486125	-1.890507
		53.803895	-1.549931
		53.751959	-0.335941
		54.892406	-2.923222
		53.409532	-3.000126
		55.862982	-4.263554
		55.958426	-3.186893
		54.980766	-1.615849
		53.478239	-2.258549
		51.624837	-3.94495
		50.152266	-5.065556
		50.726024	-3.543949
		51.460852	-2.588139
		51.512161	-0.116215
		51.289406	1.075802
		
c	3 4 5 0 1 11 7 9 10 8 12 14 2 15 6 13	2862.65854465599	0.713734145534401	3	4	5	0	1	11	7	9	10	8	12	14	2	15	6	13		
		53.803895	-1.549931
		53.478239	-2.258549
		53.409532	-3.000126
		52.486125	-1.890507
		51.460852	-2.588139
		51.488224	-3.186893
		54.980766	-1.615849
		55.958426	-3.186893
		55.862982	-4.263554
		54.892406	-2.923222
		51.624837	-3.94495
		50.152266	-5.065556
		51.512161	-0.116215
		51.289406	1.075802
		53.751959	-0.335941
		50.726024	-3.543949
		
c	12 0 10 9 8 4 3 6 7 5 1 11 14 13 2 15	2347.09703481841	0.76529029651816	12	0	10	9	8	4	3	6	7	5	1	11	14	13	2	15		
		51.624837	-3.94495
		52.486125	-1.890507
		55.862982	-4.263554
		55.958426	-3.186893
		54.892406	-2.923222
		53.478239	-2.258549
		53.803895	-1.549931
		53.751959	-0.335941
		54.980766	-1.615849
		53.409532	-3.000126
		51.460852	-2.588139
		51.488224	-3.186893
		50.152266	-5.065556
		50.726024	-3.543949
		51.512161	-0.116215
		51.289406	1.075802
		
c	11 12 1 2 0 6 7 9 10 8 3 4 5 14 13 15	2273.40676943087	0.772659323056913	11	12	1	2	0	6	7	9	10	8	3	4	5	14	13	15		
		51.488224	-3.186893
		51.624837	-3.94495
		51.460852	-2.588139
		51.512161	-0.116215
		52.486125	-1.890507
		53.751959	-0.335941
		54.980766	-1.615849
		55.958426	-3.186893
		55.862982	-4.263554
		54.892406	-2.923222
		53.803895	-1.549931
		53.478239	-2.258549
		53.409532	-3.000126
		50.152266	-5.065556
		50.726024	-3.543949
		51.289406	1.075802
		
c	3 0 1 11 12 14 13 4 5 10 9 8 7 6 2 15	2094.97246908948	0.790502753091052	3	0	1	11	12	14	13	4	5	10	9	8	7	6	2	15		
		53.803895	-1.549931
		52.486125	-1.890507
		51.460852	-2.588139
		51.488224	-3.186893
		51.624837	-3.94495
		50.152266	-5.065556
		50.726024	-3.543949
		53.478239	-2.258549
		53.409532	-3.000126
		55.862982	-4.263554
		55.958426	-3.186893
		54.892406	-2.923222
		54.980766	-1.615849
		53.751959	-0.335941
		51.512161	-0.116215
		51.289406	1.075802
		
c	10 9 8 4 3 6 7 5 1 0 11 12 14 2 13 15	2529.36479667349	0.747063520332651	10	9	8	4	3	6	7	5	1	0	11	12	14	2	13	15		
		55.862982	-4.263554
		55.958426	-3.186893
		54.892406	-2.923222
		53.478239	-2.258549
		53.803895	-1.549931
		53.751959	-0.335941
		54.980766	-1.615849
		53.409532	-3.000126
		51.460852	-2.588139
		52.486125	-1.890507
		51.488224	-3.186893
		51.624837	-3.94495
		50.152266	-5.065556
		51.512161	-0.116215
		50.726024	-3.543949
		51.289406	1.075802
		
c	7 9 10 1 12 8 5 6 3 4 0 11 14 13 2 15	2585.97967934037	0.741402032065963	7	9	10	1	12	8	5	6	3	4	0	11	14	13	2	15		
		54.980766	-1.615849
		55.958426	-3.186893
		55.862982	-4.263554
		51.460852	-2.588139
		51.624837	-3.94495
		54.892406	-2.923222
		53.409532	-3.000126
		53.751959	-0.335941
		53.803895	-1.549931
		53.478239	-2.258549
		52.486125	-1.890507
		51.488224	-3.186893
		50.152266	-5.065556
		50.726024	-3.543949
		51.512161	-0.116215
		51.289406	1.075802
		
c	2 15 7 9 10 8 3 6 4 5 0 11 12 14 13 1	2032.51551888201	0.796748448111799	2	15	7	9	10	8	3	6	4	5	0	11	12	14	13	1		
		51.512161	-0.116215
		51.289406	1.075802
		54.980766	-1.615849
		55.958426	-3.186893
		55.862982	-4.263554
		54.892406	-2.923222
		53.803895	-1.549931
		53.751959	-0.335941
		53.478239	-2.258549
		53.409532	-3.000126
		52.486125	-1.890507
		51.488224	-3.186893
		51.624837	-3.94495
		50.152266	-5.065556
		50.726024	-3.543949
		51.460852	-2.588139
		
c	4 5 0 1 11 12 14 13 10 9 8 7 3 6 2 15	2094.7169278057	0.79052830721943	4	5	0	1	11	12	14	13	10	9	8	7	3	6	2	15		
		53.478239	-2.258549
		53.409532	-3.000126
		52.486125	-1.890507
		51.460852	-2.588139
		51.488224	-3.186893
		51.624837	-3.94495
		50.152266	-5.065556
		50.726024	-3.543949
		55.862982	-4.263554
		55.958426	-3.186893
		54.892406	-2.923222
		54.980766	-1.615849
		53.803895	-1.549931
		53.751959	-0.335941
		51.512161	-0.116215
		51.289406	1.075802
		
c	9 10 8 5 1 13 11 12 14 6 7 3 4 0 2 15	2245.33929133108	0.775466070866892	9	10	8	5	1	13	11	12	14	6	7	3	4	0	2	15		
		55.958426	-3.186893
		55.862982	-4.263554
		54.892406	-2.923222
		53.409532	-3.000126
		51.460852	-2.588139
		50.726024	-3.543949
		51.488224	-3.186893
		51.624837	-3.94495
		50.152266	-5.065556
		53.751959	-0.335941
		54.980766	-1.615849
		53.803895	-1.549931
		53.478239	-2.258549
		52.486125	-1.890507
		51.512161	-0.116215
		51.289406	1.075802
		
c	4 5 0 11 12 14 6 7 9 10 8 3 1 13 2 15	2448.06916079018	0.755193083920982	4	5	0	11	12	14	6	7	9	10	8	3	1	13	2	15		
		53.478239	-2.258549
		53.409532	-3.000126
		52.486125	-1.890507
		51.488224	-3.186893
		51.624837	-3.94495
		50.152266	-5.065556
		53.751959	-0.335941
		54.980766	-1.615849
		55.958426	-3.186893
		55.862982	-4.263554
		54.892406	-2.923222
		53.803895	-1.549931
		51.460852	-2.588139
		50.726024	-3.543949
		51.512161	-0.116215
		51.289406	1.075802
		
c	14 13 6 7 4 3 9 10 8 5 0 1 11 12 2 15	2246.67755628757	0.775332244371243	14	13	6	7	4	3	9	10	8	5	0	1	11	12	2	15		
		50.152266	-5.065556
		50.726024	-3.543949
		53.751959	-0.335941
		54.980766	-1.615849
		53.478239	-2.258549
		53.803895	-1.549931
		55.958426	-3.186893
		55.862982	-4.263554
		54.892406	-2.923222
		53.409532	-3.000126
		52.486125	-1.890507
		51.460852	-2.588139
		51.488224	-3.186893
		51.624837	-3.94495
		51.512161	-0.116215
		51.289406	1.075802
		
c	3 11 12 14 1 13 6 7 9 10 8 4 5 0 2 15	2350.35589095213	0.764964410904787	3	11	12	14	1	13	6	7	9	10	8	4	5	0	2	15		
		53.803895	-1.549931
		51.488224	-3.186893
		51.624837	-3.94495
		50.152266	-5.065556
		51.460852	-2.588139
		50.726024	-3.543949
		53.751959	-0.335941
		54.980766	-1.615849
		55.958426	-3.186893
		55.862982	-4.263554
		54.892406	-2.923222
		53.478239	-2.258549
		53.409532	-3.000126
		52.486125	-1.890507
		51.512161	-0.116215
		51.289406	1.075802
		
c	1 11 14 0 2 4 5 6 7 9 10 8 3 12 13 15	2621.75837612381	0.737824162387619	1	11	14	0	2	4	5	6	7	9	10	8	3	12	13	15		
		51.460852	-2.588139
		51.488224	-3.186893
		50.152266	-5.065556
		52.486125	-1.890507
		51.512161	-0.116215
		53.478239	-2.258549
		53.409532	-3.000126
		53.751959	-0.335941
		54.980766	-1.615849
		55.958426	-3.186893
		55.862982	-4.263554
		54.892406	-2.923222
		53.803895	-1.549931
		51.624837	-3.94495
		50.726024	-3.543949
		51.289406	1.075802
		
c	11 10 9 8 7 3 6 4 5 0 12 14 13 1 2 15	2121.01263070642	0.787898736929358	11	10	9	8	7	3	6	4	5	0	12	14	13	1	2	15		
		51.488224	-3.186893
		55.862982	-4.263554
		55.958426	-3.186893
		54.892406	-2.923222
		54.980766	-1.615849
		53.803895	-1.549931
		53.751959	-0.335941
		53.478239	-2.258549
		53.409532	-3.000126
		52.486125	-1.890507
		51.624837	-3.94495
		50.152266	-5.065556
		50.726024	-3.543949
		51.460852	-2.588139
		51.512161	-0.116215
		51.289406	1.075802
		
c	0 11 10 9 8 7 6 3 4 5 1 12 14 13 2 15	2215.91888207369	0.778408111792631	0	11	10	9	8	7	6	3	4	5	1	12	14	13	2	15		
		52.486125	-1.890507
		51.488224	-3.186893
		55.862982	-4.263554
		55.958426	-3.186893
		54.892406	-2.923222
		54.980766	-1.615849
		53.751959	-0.335941
		53.803895	-1.549931
		53.478239	-2.258549
		53.409532	-3.000126
		51.460852	-2.588139
		51.624837	-3.94495
		50.152266	-5.065556
		50.726024	-3.543949
		51.512161	-0.116215
		51.289406	1.075802
		
c	10 8 5 4 0 1 11 12 9 6 7 3 14 13 2 15	2703.70556794081	0.729629443205919	10	8	5	4	0	1	11	12	9	6	7	3	14	13	2	15		
		55.862982	-4.263554
		54.892406	-2.923222
		53.409532	-3.000126
		53.478239	-2.258549
		52.486125	-1.890507
		51.460852	-2.588139
		51.488224	-3.186893
		51.624837	-3.94495
		55.958426	-3.186893
		53.751959	-0.335941
		54.980766	-1.615849
		53.803895	-1.549931
		50.152266	-5.065556
		50.726024	-3.543949
		51.512161	-0.116215
		51.289406	1.075802
		
c	6 11 12 2 10 5 7 9 15 8 4 3 0 1 14 13	3737.43824076126	0.626256175923875	6	11	12	2	10	5	7	9	15	8	4	3	0	1	14	13		
		53.751959	-0.335941
		51.488224	-3.186893
		51.624837	-3.94495
		51.512161	-0.116215
		55.862982	-4.263554
		53.409532	-3.000126
		54.980766	-1.615849
		55.958426	-3.186893
		51.289406	1.075802
		54.892406	-2.923222
		53.478239	-2.258549
		53.803895	-1.549931
		52.486125	-1.890507
		51.460852	-2.588139
		50.152266	-5.065556
		50.726024	-3.543949
		
c	10 8 5 6 7 3 4 0 9 1 11 12 14 13 2 15	2585.79965925356	0.741420034074644	10	8	5	6	7	3	4	0	9	1	11	12	14	13	2	15		
		55.862982	-4.263554
		54.892406	-2.923222
		53.409532	-3.000126
		53.751959	-0.335941
		54.980766	-1.615849
		53.803895	-1.549931
		53.478239	-2.258549
		52.486125	-1.890507
		55.958426	-3.186893
		51.460852	-2.588139
		51.488224	-3.186893
		51.624837	-3.94495
		50.152266	-5.065556
		50.726024	-3.543949
		51.512161	-0.116215
		51.289406	1.075802
		
c	9 8 7 3 4 5 0 1 11 12 14 13 2 6 15 10	2509.46799034877	0.749053200965123	9	8	7	3	4	5	0	1	11	12	14	13	2	6	15	10		
		55.958426	-3.186893
		54.892406	-2.923222
		54.980766	-1.615849
		53.803895	-1.549931
		53.478239	-2.258549
		53.409532	-3.000126
		52.486125	-1.890507
		51.460852	-2.588139
		51.488224	-3.186893
		51.624837	-3.94495
		50.152266	-5.065556
		50.726024	-3.543949
		51.512161	-0.116215
		53.751959	-0.335941
		51.289406	1.075802
		55.862982	-4.263554
		
c	14 0 4 3 6 7 9 10 8 5 1 11 12 13 2 15	2029.02371443796	0.797097628556204	14	0	4	3	6	7	9	10	8	5	1	11	12	13	2	15		
		50.152266	-5.065556
		52.486125	-1.890507
		53.478239	-2.258549
		53.803895	-1.549931
		53.751959	-0.335941
		54.980766	-1.615849
		55.958426	-3.186893
		55.862982	-4.263554
		54.892406	-2.923222
		53.409532	-3.000126
		51.460852	-2.588139
		51.488224	-3.186893
		51.624837	-3.94495
		50.726024	-3.543949
		51.512161	-0.116215
		51.289406	1.075802
		
g111		1614.70757855554	0.838529242144446	0	10	9	8	7	6	3	4	5	0	1	11	12	14	13	2	15		
		55.862982	-4.263554
		55.958426	-3.186893
		54.892406	-2.923222
		54.980766	-1.615849
		53.751959	-0.335941
		53.803895	-1.549931
		53.478239	-2.258549
		53.409532	-3.000126
		52.486125	-1.890507
		51.460852	-2.588139
		51.488224	-3.186893
		51.624837	-3.94495
		50.152266	-5.065556
		50.726024	-3.543949
		51.512161	-0.116215
		51.289406	1.075802
		
g111		1656.09836620198	0.834390163379802	1	10	9	8	7	3	6	4	5	0	11	12	14	13	1	2	15		
		55.862982	-4.263554
		55.958426	-3.186893
		54.892406	-2.923222
		54.980766	-1.615849
		53.803895	-1.549931
		53.751959	-0.335941
		53.478239	-2.258549
		53.409532	-3.000126
		52.486125	-1.890507
		51.488224	-3.186893
		51.624837	-3.94495
		50.152266	-5.065556
		50.726024	-3.543949
		51.460852	-2.588139
		51.512161	-0.116215
		51.289406	1.075802
		
g111		1758.37881581719	0.824162118418281	2	6	3	7	9	10	8	5	4	0	1	11	12	14	13	2	15		
		53.751959	-0.335941
		53.803895	-1.549931
		54.980766	-1.615849
		55.958426	-3.186893
		55.862982	-4.263554
		54.892406	-2.923222
		53.409532	-3.000126
		53.478239	-2.258549
		52.486125	-1.890507
		51.460852	-2.588139
		51.488224	-3.186893
		51.624837	-3.94495
		50.152266	-5.065556
		50.726024	-3.543949
		51.512161	-0.116215
		51.289406	1.075802
		
g111		1764.36174716627	0.823563825283373	3	6	7	9	10	8	3	4	5	0	11	12	14	13	1	2	15		
		53.751959	-0.335941
		54.980766	-1.615849
		55.958426	-3.186893
		55.862982	-4.263554
		54.892406	-2.923222
		53.803895	-1.549931
		53.478239	-2.258549
		53.409532	-3.000126
		52.486125	-1.890507
		51.488224	-3.186893
		51.624837	-3.94495
		50.152266	-5.065556
		50.726024	-3.543949
		51.460852	-2.588139
		51.512161	-0.116215
		51.289406	1.075802
		
g111		1765.3928454289	0.82346071545711	4	6	7	9	10	8	3	4	5	0	1	11	12	14	13	2	15		
		53.751959	-0.335941
		54.980766	-1.615849
		55.958426	-3.186893
		55.862982	-4.263554
		54.892406	-2.923222
		53.803895	-1.549931
		53.478239	-2.258549
		53.409532	-3.000126
		52.486125	-1.890507
		51.460852	-2.588139
		51.488224	-3.186893
		51.624837	-3.94495
		50.152266	-5.065556
		50.726024	-3.543949
		51.512161	-0.116215
		51.289406	1.075802
		
g111		1767.93964020092	0.823206035979908	5	10	9	8	7	5	6	3	4	0	1	11	12	14	13	2	15		
		55.862982	-4.263554
		55.958426	-3.186893
		54.892406	-2.923222
		54.980766	-1.615849
		53.409532	-3.000126
		53.751959	-0.335941
		53.803895	-1.549931
		53.478239	-2.258549
		52.486125	-1.890507
		51.460852	-2.588139
		51.488224	-3.186893
		51.624837	-3.94495
		50.152266	-5.065556
		50.726024	-3.543949
		51.512161	-0.116215
		51.289406	1.075802
		
