c	11 12 14 13 2 9 10 8 3 4 5 0 6 7 1 15	2727.31763343089	0.727268236656911	11	12	14	13	2	9	10	8	3	4	5	0	6	7	1	15		
		51.488224	-3.186893
		51.624837	-3.94495
		50.152266	-5.065556
		50.726024	-3.543949
		51.512161	-0.116215
		55.958426	-3.186893
		55.862982	-4.263554
		54.892406	-2.923222
		53.803895	-1.549931
		53.478239	-2.258549
		53.409532	-3.000126
		52.486125	-1.890507
		53.751959	-0.335941
		54.980766	-1.615849
		51.460852	-2.588139
		51.289406	1.075802
		
c	3 4 0 1 11 12 14 13 5 2 15 6 7 9 10 8	2175.23884513002	0.782476115486998	3	4	0	1	11	12	14	13	5	2	15	6	7	9	10	8		
		53.803895	-1.549931
		53.478239	-2.258549
		52.486125	-1.890507
		51.460852	-2.588139
		51.488224	-3.186893
		51.624837	-3.94495
		50.152266	-5.065556
		50.726024	-3.543949
		53.409532	-3.000126
		51.512161	-0.116215
		51.289406	1.075802
		53.751959	-0.335941
		54.980766	-1.615849
		55.958426	-3.186893
		55.862982	-4.263554
		54.892406	-2.923222
		
c	6 14 5 9 10 8 7 3 4 0 1 11 12 13 2 15	2444.32520029614	0.755567479970386	6	14	5	9	10	8	7	3	4	0	1	11	12	13	2	15		
		53.751959	-0.335941
		50.152266	-5.065556
		53.409532	-3.000126
		55.958426	-3.186893
		55.862982	-4.263554
		54.892406	-2.923222
		54.980766	-1.615849
		53.803895	-1.549931
		53.478239	-2.258549
		52.486125	-1.890507
		51.460852	-2.588139
		51.488224	-3.186893
		51.624837	-3.94495
		50.726024	-3.543949
		51.512161	-0.116215
		51.289406	1.075802
		
c	7 9 5 6 10 8 3 4 0 1 11 12 14 13 2 15	2281.89623345133	0.771810376654867	7	9	5	6	10	8	3	4	0	1	11	12	14	13	2	15		
		54.980766	-1.615849
		55.958426	-3.186893
		53.409532	-3.000126
		53.751959	-0.335941
		55.862982	-4.263554
		54.892406	-2.923222
		53.803895	-1.549931
		53.478239	-2.258549
		52.486125	-1.890507
		51.460852	-2.588139
		51.488224	-3.186893
		51.624837	-3.94495
		50.152266	-5.065556
		50.726024	-3.543949
		51.512161	-0.116215
		51.289406	1.075802
		
c	5 4 0 1 3 11 12 14 13 2 15 6 7 9 10 8	2340.67751459433	0.765932248540567	5	4	0	1	3	11	12	14	13	2	15	6	7	9	10	8		
		53.409532	-3.000126
		53.478239	-2.258549
		52.486125	-1.890507
		51.460852	-2.588139
		53.803895	-1.549931
		51.488224	-3.186893
		51.624837	-3.94495
		50.152266	-5.065556
		50.726024	-3.543949
		51.512161	-0.116215
		51.289406	1.075802
		53.751959	-0.335941
		54.980766	-1.615849
		55.958426	-3.186893
		55.862982	-4.263554
		54.892406	-2.923222
		
c	6 9 8 14 13 2 15 1 12 10 7 5 3 4 0 11	3070.29835049038	0.692970164950962	6	9	8	14	13	2	15	1	12	10	7	5	3	4	0	11		
		53.751959	-0.335941
		55.958426	-3.186893
		54.892406	-2.923222
		50.152266	-5.065556
		50.726024	-3.543949
		51.512161	-0.116215
		51.289406	1.075802
		51.460852	-2.588139
		51.624837	-3.94495
		55.862982	-4.263554
		54.980766	-1.615849
		53.409532	-3.000126
		53.803895	-1.549931
		53.478239	-2.258549
		52.486125	-1.890507
		51.488224	-3.186893
		
c	0 11 12 14 10 8 5 4 1 13 2 15 6 7 9 3	2897.6198022458	0.71023801977542	0	11	12	14	10	8	5	4	1	13	2	15	6	7	9	3		
		52.486125	-1.890507
		51.488224	-3.186893
		51.624837	-3.94495
		50.152266	-5.065556
		55.862982	-4.263554
		54.892406	-2.923222
		53.409532	-3.000126
		53.478239	-2.258549
		51.460852	-2.588139
		50.726024	-3.543949
		51.512161	-0.116215
		51.289406	1.075802
		53.751959	-0.335941
		54.980766	-1.615849
		55.958426	-3.186893
		53.803895	-1.549931
		
c	9 5 6 10 8 3 4 0 1 7 11 12 14 13 2 15	2892.13116490902	0.710786883509098	9	5	6	10	8	3	4	0	1	7	11	12	14	13	2	15		
		55.958426	-3.186893
		53.409532	-3.000126
		53.751959	-0.335941
		55.862982	-4.263554
		54.892406	-2.923222
		53.803895	-1.549931
		53.478239	-2.258549
		52.486125	-1.890507
		51.460852	-2.588139
		54.980766	-1.615849
		51.488224	-3.186893
		51.624837	-3.94495
		50.152266	-5.065556
		50.726024	-3.543949
		51.512161	-0.116215
		51.289406	1.075802
		
c	1 15 6 7 9 10 8 11 12 14 13 4 3 0 2 5	2773.29653161065	0.722670346838935	1	15	6	7	9	10	8	11	12	14	13	4	3	0	2	5		
		51.460852	-2.588139
		51.289406	1.075802
		53.751959	-0.335941
		54.980766	-1.615849
		55.958426	-3.186893
		55.862982	-4.263554
		54.892406	-2.923222
		51.488224	-3.186893
		51.624837	-3.94495
		50.152266	-5.065556
		50.726024	-3.543949
		53.478239	-2.258549
		53.803895	-1.549931
		52.486125	-1.890507
		51.512161	-0.116215
		53.409532	-3.000126
		
c	4 0 11 14 3 10 9 8 5 7 1 12 13 2 6 15	3152.54184631744	0.684745815368256	4	0	11	14	3	10	9	8	5	7	1	12	13	2	6	15		
		53.478239	-2.258549
		52.486125	-1.890507
		51.488224	-3.186893
		50.152266	-5.065556
		53.803895	-1.549931
		55.862982	-4.263554
		55.958426	-3.186893
		54.892406	-2.923222
		53.409532	-3.000126
		54.980766	-1.615849
		51.460852	-2.588139
		51.624837	-3.94495
		50.726024	-3.543949
		51.512161	-0.116215
		53.751959	-0.335941
		51.289406	1.075802
		
c	12 14 13 4 5 11 3 0 1 10 9 8 7 6 2 15	2710.08827965311	0.728991172034689	12	14	13	4	5	11	3	0	1	10	9	8	7	6	2	15		
		51.624837	-3.94495
		50.152266	-5.065556
		50.726024	-3.543949
		53.478239	-2.258549
		53.409532	-3.000126
		51.488224	-3.186893
		53.803895	-1.549931
		52.486125	-1.890507
		51.460852	-2.588139
		55.862982	-4.263554
		55.958426	-3.186893
		54.892406	-2.923222
		54.980766	-1.615849
		53.751959	-0.335941
		51.512161	-0.116215
		51.289406	1.075802
		
c	12 14 13 3 9 7 10 8 4 5 0 1 11 6 2 15	2571.73819041565	0.742826180958435	12	14	13	3	9	7	10	8	4	5	0	1	11	6	2	15		
		51.624837	-3.94495
		50.152266	-5.065556
		50.726024	-3.543949
		53.803895	-1.549931
		55.958426	-3.186893
		54.980766	-1.615849
		55.862982	-4.263554
		54.892406	-2.923222
		53.478239	-2.258549
		53.409532	-3.000126
		52.486125	-1.890507
		51.460852	-2.588139
		51.488224	-3.186893
		53.751959	-0.335941
		51.512161	-0.116215
		51.289406	1.075802
		
c	9 5 10 8 3 4 0 1 11 12 14 13 2 15 6 7	2345.30941325427	0.765469058674573	9	5	10	8	3	4	0	1	11	12	14	13	2	15	6	7		
		55.958426	-3.186893
		53.409532	-3.000126
		55.862982	-4.263554
		54.892406	-2.923222
		53.803895	-1.549931
		53.478239	-2.258549
		52.486125	-1.890507
		51.460852	-2.588139
		51.488224	-3.186893
		51.624837	-3.94495
		50.152266	-5.065556
		50.726024	-3.543949
		51.512161	-0.116215
		51.289406	1.075802
		53.751959	-0.335941
		54.980766	-1.615849
		
c	7 10 1 3 5 6 9 8 4 0 11 12 14 13 2 15	2796.51033499401	0.720348966500599	7	10	1	3	5	6	9	8	4	0	11	12	14	13	2	15		
		54.980766	-1.615849
		55.862982	-4.263554
		51.460852	-2.588139
		53.803895	-1.549931
		53.409532	-3.000126
		53.751959	-0.335941
		55.958426	-3.186893
		54.892406	-2.923222
		53.478239	-2.258549
		52.486125	-1.890507
		51.488224	-3.186893
		51.624837	-3.94495
		50.152266	-5.065556
		50.726024	-3.543949
		51.512161	-0.116215
		51.289406	1.075802
		
c	4 0 1 9 8 3 6 7 10 5 11 12 14 13 2 15	2642.860755781	0.7357139244219	4	0	1	9	8	3	6	7	10	5	11	12	14	13	2	15		
		53.478239	-2.258549
		52.486125	-1.890507
		51.460852	-2.588139
		55.958426	-3.186893
		54.892406	-2.923222
		53.803895	-1.549931
		53.751959	-0.335941
		54.980766	-1.615849
		55.862982	-4.263554
		53.409532	-3.000126
		51.488224	-3.186893
		51.624837	-3.94495
		50.152266	-5.065556
		50.726024	-3.543949
		51.512161	-0.116215
		51.289406	1.075802
		
c	0 1 11 12 14 13 7 9 10 8 3 5 4 2 15 6	2313.02638140307	0.768697361859693	0	1	11	12	14	13	7	9	10	8	3	5	4	2	15	6		
		52.486125	-1.890507
		51.460852	-2.588139
		51.488224	-3.186893
		51.624837	-3.94495
		50.152266	-5.065556
		50.726024	-3.543949
		54.980766	-1.615849
		55.958426	-3.186893
		55.862982	-4.263554
		54.892406	-2.923222
		53.803895	-1.549931
		53.409532	-3.000126
		53.478239	-2.258549
		51.512161	-0.116215
		51.289406	1.075802
		53.751959	-0.335941
		
c	12 14 13 2 15 1 6 7 9 10 8 3 5 4 0 11	2271.81150673887	0.772818849326113	12	14	13	2	15	1	6	7	9	10	8	3	5	4	0	11		
		51.624837	-3.94495
		50.152266	-5.065556
		50.726024	-3.543949
		51.512161	-0.116215
		51.289406	1.075802
		51.460852	-2.588139
		53.751959	-0.335941
		54.980766	-1.615849
		55.958426	-3.186893
		55.862982	-4.263554
		54.892406	-2.923222
		53.803895	-1.549931
		53.409532	-3.000126
		53.478239	-2.258549
		52.486125	-1.890507
		51.488224	-3.186893
		
c	7 0 1 11 12 5 6 9 10 8 4 14 3 13 2 15	3158.2063309775	0.68417936690225	7	0	1	11	12	5	6	9	10	8	4	14	3	13	2	15		
		54.980766	-1.615849
		52.486125	-1.890507
		51.460852	-2.588139
		51.488224	-3.186893
		51.624837	-3.94495
		53.409532	-3.000126
		53.751959	-0.335941
		55.958426	-3.186893
		55.862982	-4.263554
		54.892406	-2.923222
		53.478239	-2.258549
		50.152266	-5.065556
		53.803895	-1.549931
		50.726024	-3.543949
		51.512161	-0.116215
		51.289406	1.075802
		
c	7 1 11 12 14 9 10 8 3 5 4 0 13 2 6 15	2976.1888227893	0.70238111772107	7	1	11	12	14	9	10	8	3	5	4	0	13	2	6	15		
		54.980766	-1.615849
		51.460852	-2.588139
		51.488224	-3.186893
		51.624837	-3.94495
		50.152266	-5.065556
		55.958426	-3.186893
		55.862982	-4.263554
		54.892406	-2.923222
		53.803895	-1.549931
		53.409532	-3.000126
		53.478239	-2.258549
		52.486125	-1.890507
		50.726024	-3.543949
		51.512161	-0.116215
		53.751959	-0.335941
		51.289406	1.075802
		
c	10 4 5 12 2 6 7 9 8 3 0 1 11 14 13 15	2610.76775163829	0.738923224836171	10	4	5	12	2	6	7	9	8	3	0	1	11	14	13	15		
		55.862982	-4.263554
		53.478239	-2.258549
		53.409532	-3.000126
		51.624837	-3.94495
		51.512161	-0.116215
		53.751959	-0.335941
		54.980766	-1.615849
		55.958426	-3.186893
		54.892406	-2.923222
		53.803895	-1.549931
		52.486125	-1.890507
		51.460852	-2.588139
		51.488224	-3.186893
		50.152266	-5.065556
		50.726024	-3.543949
		51.289406	1.075802
		
c	10 8 11 12 14 13 3 5 2 0 4 15 1 6 7 9	3104.96963866231	0.689503036133769	10	8	11	12	14	13	3	5	2	0	4	15	1	6	7	9		
		55.862982	-4.263554
		54.892406	-2.923222
		51.488224	-3.186893
		51.624837	-3.94495
		50.152266	-5.065556
		50.726024	-3.543949
		53.803895	-1.549931
		53.409532	-3.000126
		51.512161	-0.116215
		52.486125	-1.890507
		53.478239	-2.258549
		51.289406	1.075802
		51.460852	-2.588139
		53.751959	-0.335941
		54.980766	-1.615849
		55.958426	-3.186893
		
c	3 1 11 12 14 13 6 7 9 10 8 0 5 4 2 15	2386.99292403041	0.761300707596959	3	1	11	12	14	13	6	7	9	10	8	0	5	4	2	15		
		53.803895	-1.549931
		51.460852	-2.588139
		51.488224	-3.186893
		51.624837	-3.94495
		50.152266	-5.065556
		50.726024	-3.543949
		53.751959	-0.335941
		54.980766	-1.615849
		55.958426	-3.186893
		55.862982	-4.263554
		54.892406	-2.923222
		52.486125	-1.890507
		53.409532	-3.000126
		53.478239	-2.258549
		51.512161	-0.116215
		51.289406	1.075802
		
c	5 0 2 6 7 3 9 10 8 4 11 12 14 13 1 15	2411.32476270229	0.758867523729771	5	0	2	6	7	3	9	10	8	4	11	12	14	13	1	15		
		53.409532	-3.000126
		52.486125	-1.890507
		51.512161	-0.116215
		53.751959	-0.335941
		54.980766	-1.615849
		53.803895	-1.549931
		55.958426	-3.186893
		55.862982	-4.263554
		54.892406	-2.923222
		53.478239	-2.258549
		51.488224	-3.186893
		51.624837	-3.94495
		50.152266	-5.065556
		50.726024	-3.543949
		51.460852	-2.588139
		51.289406	1.075802
		
c	3 5 6 7 10 9 8 4 0 1 11 12 14 13 2 15	1970.11250616168	0.802988749383832	3	5	6	7	10	9	8	4	0	1	11	12	14	13	2	15		
		53.803895	-1.549931
		53.409532	-3.000126
		53.751959	-0.335941
		54.980766	-1.615849
		55.862982	-4.263554
		55.958426	-3.186893
		54.892406	-2.923222
		53.478239	-2.258549
		52.486125	-1.890507
		51.460852	-2.588139
		51.488224	-3.186893
		51.624837	-3.94495
		50.152266	-5.065556
		50.726024	-3.543949
		51.512161	-0.116215
		51.289406	1.075802
		
c	3 5 4 0 1 11 2 14 13 12 6 7 9 10 8 15	2586.17652305514	0.741382347694486	3	5	4	0	1	11	2	14	13	12	6	7	9	10	8	15		
		53.803895	-1.549931
		53.409532	-3.000126
		53.478239	-2.258549
		52.486125	-1.890507
		51.460852	-2.588139
		51.488224	-3.186893
		51.512161	-0.116215
		50.152266	-5.065556
		50.726024	-3.543949
		51.624837	-3.94495
		53.751959	-0.335941
		54.980766	-1.615849
		55.958426	-3.186893
		55.862982	-4.263554
		54.892406	-2.923222
		51.289406	1.075802
		
c	9 10 8 11 2 14 13 12 6 7 3 5 4 0 1 15	2681.11447417087	0.731888552582913	9	10	8	11	2	14	13	12	6	7	3	5	4	0	1	15		
		55.958426	-3.186893
		55.862982	-4.263554
		54.892406	-2.923222
		51.488224	-3.186893
		51.512161	-0.116215
		50.152266	-5.065556
		50.726024	-3.543949
		51.624837	-3.94495
		53.751959	-0.335941
		54.980766	-1.615849
		53.803895	-1.549931
		53.409532	-3.000126
		53.478239	-2.258549
		52.486125	-1.890507
		51.460852	-2.588139
		51.289406	1.075802
		
c	10 8 3 1 11 12 14 13 6 7 9 0 5 4 2 15	2588.40187837724	0.741159812162276	10	8	3	1	11	12	14	13	6	7	9	0	5	4	2	15		
		55.862982	-4.263554
		54.892406	-2.923222
		53.803895	-1.549931
		51.460852	-2.588139
		51.488224	-3.186893
		51.624837	-3.94495
		50.152266	-5.065556
		50.726024	-3.543949
		53.751959	-0.335941
		54.980766	-1.615849
		55.958426	-3.186893
		52.486125	-1.890507
		53.409532	-3.000126
		53.478239	-2.258549
		51.512161	-0.116215
		51.289406	1.075802
		
c	1 11 6 7 9 10 8 3 4 5 0 12 14 13 2 15	2074.02083584313	0.792597916415687	1	11	6	7	9	10	8	3	4	5	0	12	14	13	2	15		
		51.460852	-2.588139
		51.488224	-3.186893
		53.751959	-0.335941
		54.980766	-1.615849
		55.958426	-3.186893
		55.862982	-4.263554
		54.892406	-2.923222
		53.803895	-1.549931
		53.478239	-2.258549
		53.409532	-3.000126
		52.486125	-1.890507
		51.624837	-3.94495
		50.152266	-5.065556
		50.726024	-3.543949
		51.512161	-0.116215
		51.289406	1.075802
		
c	5 8 10 4 6 0 11 12 2 7 9 3 1 14 13 15	3121.67585026008	0.687832414973992	5	8	10	4	6	0	11	12	2	7	9	3	1	14	13	15		
		53.409532	-3.000126
		54.892406	-2.923222
		55.862982	-4.263554
		53.478239	-2.258549
		53.751959	-0.335941
		52.486125	-1.890507
		51.488224	-3.186893
		51.624837	-3.94495
		51.512161	-0.116215
		54.980766	-1.615849
		55.958426	-3.186893
		53.803895	-1.549931
		51.460852	-2.588139
		50.152266	-5.065556
		50.726024	-3.543949
		51.289406	1.075802
		
c	8 0 5 4 9 10 3 2 6 7 1 11 12 14 13 15	2900.75558602268	0.709924441397732	8	0	5	4	9	10	3	2	6	7	1	11	12	14	13	15		
		54.892406	-2.923222
		52.486125	-1.890507
		53.409532	-3.000126
		53.478239	-2.258549
		55.958426	-3.186893
		55.862982	-4.263554
		53.803895	-1.549931
		51.512161	-0.116215
		53.751959	-0.335941
		54.980766	-1.615849
		51.460852	-2.588139
		51.488224	-3.186893
		51.624837	-3.94495
		50.152266	-5.065556
		50.726024	-3.543949
		51.289406	1.075802
		
c	10 3 6 7 9 8 5 4 0 1 11 12 14 13 2 15	1989.25891063495	0.801074108936505	10	3	6	7	9	8	5	4	0	1	11	12	14	13	2	15		
		55.862982	-4.263554
		53.803895	-1.549931
		53.751959	-0.335941
		54.980766	-1.615849
		55.958426	-3.186893
		54.892406	-2.923222
		53.409532	-3.000126
		53.478239	-2.258549
		52.486125	-1.890507
		51.460852	-2.588139
		51.488224	-3.186893
		51.624837	-3.94495
		50.152266	-5.065556
		50.726024	-3.543949
		51.512161	-0.116215
		51.289406	1.075802
		
c	1 11 12 14 3 13 6 7 9 10 2 0 5 4 8 15	3432.60078638189	0.656739921361811	1	11	12	14	3	13	6	7	9	10	2	0	5	4	8	15		
		51.460852	-2.588139
		51.488224	-3.186893
		51.624837	-3.94495
		50.152266	-5.065556
		53.803895	-1.549931
		50.726024	-3.543949
		53.751959	-0.335941
		54.980766	-1.615849
		55.958426	-3.186893
		55.862982	-4.263554
		51.512161	-0.116215
		52.486125	-1.890507
		53.409532	-3.000126
		53.478239	-2.258549
		54.892406	-2.923222
		51.289406	1.075802
		
c	3 7 10 9 8 4 5 0 1 11 6 12 14 13 2 15	2320.91870249921	0.767908129750079	3	7	10	9	8	4	5	0	1	11	6	12	14	13	2	15		
		53.803895	-1.549931
		54.980766	-1.615849
		55.862982	-4.263554
		55.958426	-3.186893
		54.892406	-2.923222
		53.478239	-2.258549
		53.409532	-3.000126
		52.486125	-1.890507
		51.460852	-2.588139
		51.488224	-3.186893
		53.751959	-0.335941
		51.624837	-3.94495
		50.152266	-5.065556
		50.726024	-3.543949
		51.512161	-0.116215
		51.289406	1.075802
		
c	9 10 8 7 0 1 3 6 4 5 11 12 14 13 2 15	2137.10466542415	0.786289533457585	9	10	8	7	0	1	3	6	4	5	11	12	14	13	2	15		
		55.958426	-3.186893
		55.862982	-4.263554
		54.892406	-2.923222
		54.980766	-1.615849
		52.486125	-1.890507
		51.460852	-2.588139
		53.803895	-1.549931
		53.751959	-0.335941
		53.478239	-2.258549
		53.409532	-3.000126
		51.488224	-3.186893
		51.624837	-3.94495
		50.152266	-5.065556
		50.726024	-3.543949
		51.512161	-0.116215
		51.289406	1.075802
		
c	7 9 10 8 3 5 4 0 11 12 14 13 2 15 1 6	2166.55564409787	0.783344435590213	7	9	10	8	3	5	4	0	11	12	14	13	2	15	1	6		
		54.980766	-1.615849
		55.958426	-3.186893
		55.862982	-4.263554
		54.892406	-2.923222
		53.803895	-1.549931
		53.409532	-3.000126
		53.478239	-2.258549
		52.486125	-1.890507
		51.488224	-3.186893
		51.624837	-3.94495
		50.152266	-5.065556
		50.726024	-3.543949
		51.512161	-0.116215
		51.289406	1.075802
		51.460852	-2.588139
		53.751959	-0.335941
		
c	11 12 14 13 2 15 6 7 10 9 8 3 4 5 0 1	2043.02139871953	0.795697860128047	11	12	14	13	2	15	6	7	10	9	8	3	4	5	0	1		
		51.488224	-3.186893
		51.624837	-3.94495
		50.152266	-5.065556
		50.726024	-3.543949
		51.512161	-0.116215
		51.289406	1.075802
		53.751959	-0.335941
		54.980766	-1.615849
		55.862982	-4.263554
		55.958426	-3.186893
		54.892406	-2.923222
		53.803895	-1.549931
		53.478239	-2.258549
		53.409532	-3.000126
		52.486125	-1.890507
		51.460852	-2.588139
		
c	9 8 0 3 6 7 10 4 5 11 12 14 13 1 2 15	2260.60204031711	0.773939795968289	9	8	0	3	6	7	10	4	5	11	12	14	13	1	2	15		
		55.958426	-3.186893
		54.892406	-2.923222
		52.486125	-1.890507
		53.803895	-1.549931
		53.751959	-0.335941
		54.980766	-1.615849
		55.862982	-4.263554
		53.478239	-2.258549
		53.409532	-3.000126
		51.488224	-3.186893
		51.624837	-3.94495
		50.152266	-5.065556
		50.726024	-3.543949
		51.460852	-2.588139
		51.512161	-0.116215
		51.289406	1.075802
		
c	6 4 11 12 14 13 3 7 9 10 8 5 0 2 15 1	2368.84680684621	0.763115319315379	6	4	11	12	14	13	3	7	9	10	8	5	0	2	15	1		
		53.751959	-0.335941
		53.478239	-2.258549
		51.488224	-3.186893
		51.624837	-3.94495
		50.152266	-5.065556
		50.726024	-3.543949
		53.803895	-1.549931
		54.980766	-1.615849
		55.958426	-3.186893
		55.862982	-4.263554
		54.892406	-2.923222
		53.409532	-3.000126
		52.486125	-1.890507
		51.512161	-0.116215
		51.289406	1.075802
		51.460852	-2.588139
		
c	9 8 3 4 5 0 1 7 10 11 12 14 13 2 6 15	2866.72034901996	0.713327965098004	9	8	3	4	5	0	1	7	10	11	12	14	13	2	6	15		
		55.958426	-3.186893
		54.892406	-2.923222
		53.803895	-1.549931
		53.478239	-2.258549
		53.409532	-3.000126
		52.486125	-1.890507
		51.460852	-2.588139
		54.980766	-1.615849
		55.862982	-4.263554
		51.488224	-3.186893
		51.624837	-3.94495
		50.152266	-5.065556
		50.726024	-3.543949
		51.512161	-0.116215
		53.751959	-0.335941
		51.289406	1.075802
		
c	1 11 12 13 3 0 14 2 15 6 7 9 10 8 4 5	2536.92587669374	0.746307412330626	1	11	12	13	3	0	14	2	15	6	7	9	10	8	4	5		
		51.460852	-2.588139
		51.488224	-3.186893
		51.624837	-3.94495
		50.726024	-3.543949
		53.803895	-1.549931
		52.486125	-1.890507
		50.152266	-5.065556
		51.512161	-0.116215
		51.289406	1.075802
		53.751959	-0.335941
		54.980766	-1.615849
		55.958426	-3.186893
		55.862982	-4.263554
		54.892406	-2.923222
		53.478239	-2.258549
		53.409532	-3.000126
		
c	4 5 0 6 7 1 11 12 14 13 3 9 10 8 2 15	2651.54200896854	0.734845799103146	4	5	0	6	7	1	11	12	14	13	3	9	10	8	2	15		
		53.478239	-2.258549
		53.409532	-3.000126
		52.486125	-1.890507
		53.751959	-0.335941
		54.980766	-1.615849
		51.460852	-2.588139
		51.488224	-3.186893
		51.624837	-3.94495
		50.152266	-5.065556
		50.726024	-3.543949
		53.803895	-1.549931
		55.958426	-3.186893
		55.862982	-4.263554
		54.892406	-2.923222
		51.512161	-0.116215
		51.289406	1.075802
		
c	8 3 4 7 6 9 0 10 5 11 12 14 13 1 2 15	2871.37744252957	0.712862255747043	8	3	4	7	6	9	0	10	5	11	12	14	13	1	2	15		
		54.892406	-2.923222
		53.803895	-1.549931
		53.478239	-2.258549
		54.980766	-1.615849
		53.751959	-0.335941
		55.958426	-3.186893
		52.486125	-1.890507
		55.862982	-4.263554
		53.409532	-3.000126
		51.488224	-3.186893
		51.624837	-3.94495
		50.152266	-5.065556
		50.726024	-3.543949
		51.460852	-2.588139
		51.512161	-0.116215
		51.289406	1.075802
		
c	11 12 3 6 7 9 10 8 5 4 0 1 14 13 2 15	2081.98422097682	0.791801577902318	11	12	3	6	7	9	10	8	5	4	0	1	14	13	2	15		
		51.488224	-3.186893
		51.624837	-3.94495
		53.803895	-1.549931
		53.751959	-0.335941
		54.980766	-1.615849
		55.958426	-3.186893
		55.862982	-4.263554
		54.892406	-2.923222
		53.409532	-3.000126
		53.478239	-2.258549
		52.486125	-1.890507
		51.460852	-2.588139
		50.152266	-5.065556
		50.726024	-3.543949
		51.512161	-0.116215
		51.289406	1.075802
		
c	13 2 15 1 5 14 3 4 0 11 12 6 7 9 10 8	2895.41876828132	0.710458123171868	13	2	15	1	5	14	3	4	0	11	12	6	7	9	10	8		
		50.726024	-3.543949
		51.512161	-0.116215
		51.289406	1.075802
		51.460852	-2.588139
		53.409532	-3.000126
		50.152266	-5.065556
		53.803895	-1.549931
		53.478239	-2.258549
		52.486125	-1.890507
		51.488224	-3.186893
		51.624837	-3.94495
		53.751959	-0.335941
		54.980766	-1.615849
		55.958426	-3.186893
		55.862982	-4.263554
		54.892406	-2.923222
		
c	1 11 13 2 7 10 9 4 8 0 3 6 5 12 14 15	3014.54105711747	0.698545894288253	1	11	13	2	7	10	9	4	8	0	3	6	5	12	14	15		
		51.460852	-2.588139
		51.488224	-3.186893
		50.726024	-3.543949
		51.512161	-0.116215
		54.980766	-1.615849
		55.862982	-4.263554
		55.958426	-3.186893
		53.478239	-2.258549
		54.892406	-2.923222
		52.486125	-1.890507
		53.803895	-1.549931
		53.751959	-0.335941
		53.409532	-3.000126
		51.624837	-3.94495
		50.152266	-5.065556
		51.289406	1.075802
		
c	1 11 9 10 8 7 0 13 2 3 6 5 4 12 14 15	3036.67296844851	0.696332703155149	1	11	9	10	8	7	0	13	2	3	6	5	4	12	14	15		
		51.460852	-2.588139
		51.488224	-3.186893
		55.958426	-3.186893
		55.862982	-4.263554
		54.892406	-2.923222
		54.980766	-1.615849
		52.486125	-1.890507
		50.726024	-3.543949
		51.512161	-0.116215
		53.803895	-1.549931
		53.751959	-0.335941
		53.409532	-3.000126
		53.478239	-2.258549
		51.624837	-3.94495
		50.152266	-5.065556
		51.289406	1.075802
		
c	0 11 12 14 2 6 7 9 10 8 3 5 4 1 13 15	2484.00980181127	0.751599019818873	0	11	12	14	2	6	7	9	10	8	3	5	4	1	13	15		
		52.486125	-1.890507
		51.488224	-3.186893
		51.624837	-3.94495
		50.152266	-5.065556
		51.512161	-0.116215
		53.751959	-0.335941
		54.980766	-1.615849
		55.958426	-3.186893
		55.862982	-4.263554
		54.892406	-2.923222
		53.803895	-1.549931
		53.409532	-3.000126
		53.478239	-2.258549
		51.460852	-2.588139
		50.726024	-3.543949
		51.289406	1.075802
		
c	4 5 11 7 9 10 8 14 3 0 1 12 13 2 6 15	3301.96370024487	0.669803629975513	4	5	11	7	9	10	8	14	3	0	1	12	13	2	6	15		
		53.478239	-2.258549
		53.409532	-3.000126
		51.488224	-3.186893
		54.980766	-1.615849
		55.958426	-3.186893
		55.862982	-4.263554
		54.892406	-2.923222
		50.152266	-5.065556
		53.803895	-1.549931
		52.486125	-1.890507
		51.460852	-2.588139
		51.624837	-3.94495
		50.726024	-3.543949
		51.512161	-0.116215
		53.751959	-0.335941
		51.289406	1.075802
		
c	9 10 8 3 4 0 11 12 14 13 2 15 1 6 7 5	2280.03502603716	0.771996497396284	9	10	8	3	4	0	11	12	14	13	2	15	1	6	7	5		
		55.958426	-3.186893
		55.862982	-4.263554
		54.892406	-2.923222
		53.803895	-1.549931
		53.478239	-2.258549
		52.486125	-1.890507
		51.488224	-3.186893
		51.624837	-3.94495
		50.152266	-5.065556
		50.726024	-3.543949
		51.512161	-0.116215
		51.289406	1.075802
		51.460852	-2.588139
		53.751959	-0.335941
		54.980766	-1.615849
		53.409532	-3.000126
		
c	10 8 4 5 0 1 13 2 15 6 7 9 3 11 12 14	2421.491901358	0.7578508098642	10	8	4	5	0	1	13	2	15	6	7	9	3	11	12	14		
		55.862982	-4.263554
		54.892406	-2.923222
		53.478239	-2.258549
		53.409532	-3.000126
		52.486125	-1.890507
		51.460852	-2.588139
		50.726024	-3.543949
		51.512161	-0.116215
		51.289406	1.075802
		53.751959	-0.335941
		54.980766	-1.615849
		55.958426	-3.186893
		53.803895	-1.549931
		51.488224	-3.186893
		51.624837	-3.94495
		50.152266	-5.065556
		
c	14 9 10 8 7 5 6 3 4 0 1 11 12 13 2 15	2239.98611836402	0.776001388163598	14	9	10	8	7	5	6	3	4	0	1	11	12	13	2	15		
		50.152266	-5.065556
		55.958426	-3.186893
		55.862982	-4.263554
		54.892406	-2.923222
		54.980766	-1.615849
		53.409532	-3.000126
		53.751959	-0.335941
		53.803895	-1.549931
		53.478239	-2.258549
		52.486125	-1.890507
		51.460852	-2.588139
		51.488224	-3.186893
		51.624837	-3.94495
		50.726024	-3.543949
		51.512161	-0.116215
		51.289406	1.075802
		
c	9 10 8 3 5 4 0 1 7 6 11 12 14 13 2 15	2322.69060667114	0.767730939332886	9	10	8	3	5	4	0	1	7	6	11	12	14	13	2	15		
		55.958426	-3.186893
		55.862982	-4.263554
		54.892406	-2.923222
		53.803895	-1.549931
		53.409532	-3.000126
		53.478239	-2.258549
		52.486125	-1.890507
		51.460852	-2.588139
		54.980766	-1.615849
		53.751959	-0.335941
		51.488224	-3.186893
		51.624837	-3.94495
		50.152266	-5.065556
		50.726024	-3.543949
		51.512161	-0.116215
		51.289406	1.075802
		
c	4 0 11 12 3 5 1 6 7 9 10 8 14 13 2 15	2745.92253625059	0.725407746374941	4	0	11	12	3	5	1	6	7	9	10	8	14	13	2	15		
		53.478239	-2.258549
		52.486125	-1.890507
		51.488224	-3.186893
		51.624837	-3.94495
		53.803895	-1.549931
		53.409532	-3.000126
		51.460852	-2.588139
		53.751959	-0.335941
		54.980766	-1.615849
		55.958426	-3.186893
		55.862982	-4.263554
		54.892406	-2.923222
		50.152266	-5.065556
		50.726024	-3.543949
		51.512161	-0.116215
		51.289406	1.075802
		
c	9 10 8 4 0 1 11 6 7 3 5 12 14 13 2 15	2215.57171802627	0.778442828197373	9	10	8	4	0	1	11	6	7	3	5	12	14	13	2	15		
		55.958426	-3.186893
		55.862982	-4.263554
		54.892406	-2.923222
		53.478239	-2.258549
		52.486125	-1.890507
		51.460852	-2.588139
		51.488224	-3.186893
		53.751959	-0.335941
		54.980766	-1.615849
		53.803895	-1.549931
		53.409532	-3.000126
		51.624837	-3.94495
		50.152266	-5.065556
		50.726024	-3.543949
		51.512161	-0.116215
		51.289406	1.075802
		
c	12 14 13 11 2 15 1 6 7 9 10 8 3 5 4 0	2175.92345085144	0.782407654914856	12	14	13	11	2	15	1	6	7	9	10	8	3	5	4	0		
		51.624837	-3.94495
		50.152266	-5.065556
		50.726024	-3.543949
		51.488224	-3.186893
		51.512161	-0.116215
		51.289406	1.075802
		51.460852	-2.588139
		53.751959	-0.335941
		54.980766	-1.615849
		55.958426	-3.186893
		55.862982	-4.263554
		54.892406	-2.923222
		53.803895	-1.549931
		53.409532	-3.000126
		53.478239	-2.258549
		52.486125	-1.890507
		
c	5 6 7 10 9 8 3 4 0 1 11 12 14 13 2 15	1911.11988496211	0.808888011503789	5	6	7	10	9	8	3	4	0	1	11	12	14	13	2	15		
		53.409532	-3.000126
		53.751959	-0.335941
		54.980766	-1.615849
		55.862982	-4.263554
		55.958426	-3.186893
		54.892406	-2.923222
		53.803895	-1.549931
		53.478239	-2.258549
		52.486125	-1.890507
		51.460852	-2.588139
		51.488224	-3.186893
		51.624837	-3.94495
		50.152266	-5.065556
		50.726024	-3.543949
		51.512161	-0.116215
		51.289406	1.075802
		
c	12 14 13 2 15 0 6 5 7 9 10 8 3 4 1 11	2270.86751925785	0.772913248074215	12	14	13	2	15	0	6	5	7	9	10	8	3	4	1	11		
		51.624837	-3.94495
		50.152266	-5.065556
		50.726024	-3.543949
		51.512161	-0.116215
		51.289406	1.075802
		52.486125	-1.890507
		53.751959	-0.335941
		53.409532	-3.000126
		54.980766	-1.615849
		55.958426	-3.186893
		55.862982	-4.263554
		54.892406	-2.923222
		53.803895	-1.549931
		53.478239	-2.258549
		51.460852	-2.588139
		51.488224	-3.186893
		
c	10 9 5 6 8 7 3 4 0 1 11 12 14 13 2 15	1996.62895696387	0.800337104303613	10	9	5	6	8	7	3	4	0	1	11	12	14	13	2	15		
		55.862982	-4.263554
		55.958426	-3.186893
		53.409532	-3.000126
		53.751959	-0.335941
		54.892406	-2.923222
		54.980766	-1.615849
		53.803895	-1.549931
		53.478239	-2.258549
		52.486125	-1.890507
		51.460852	-2.588139
		51.488224	-3.186893
		51.624837	-3.94495
		50.152266	-5.065556
		50.726024	-3.543949
		51.512161	-0.116215
		51.289406	1.075802
		
c	0 6 5 7 9 10 8 3 4 1 11 12 14 13 2 15	2082.25205240734	0.791774794759266	0	6	5	7	9	10	8	3	4	1	11	12	14	13	2	15		
		52.486125	-1.890507
		53.751959	-0.335941
		53.409532	-3.000126
		54.980766	-1.615849
		55.958426	-3.186893
		55.862982	-4.263554
		54.892406	-2.923222
		53.803895	-1.549931
		53.478239	-2.258549
		51.460852	-2.588139
		51.488224	-3.186893
		51.624837	-3.94495
		50.152266	-5.065556
		50.726024	-3.543949
		51.512161	-0.116215
		51.289406	1.075802
		
c	4 0 1 11 6 7 9 10 8 3 5 12 14 13 2 15	2218.82977112448	0.778117022887552	4	0	1	11	6	7	9	10	8	3	5	12	14	13	2	15		
		53.478239	-2.258549
		52.486125	-1.890507
		51.460852	-2.588139
		51.488224	-3.186893
		53.751959	-0.335941
		54.980766	-1.615849
		55.958426	-3.186893
		55.862982	-4.263554
		54.892406	-2.923222
		53.803895	-1.549931
		53.409532	-3.000126
		51.624837	-3.94495
		50.152266	-5.065556
		50.726024	-3.543949
		51.512161	-0.116215
		51.289406	1.075802
		
c	8 7 10 4 6 9 5 3 0 1 11 12 14 13 2 15	2413.59911201495	0.758640088798505	8	7	10	4	6	9	5	3	0	1	11	12	14	13	2	15		
		54.892406	-2.923222
		54.980766	-1.615849
		55.862982	-4.263554
		53.478239	-2.258549
		53.751959	-0.335941
		55.958426	-3.186893
		53.409532	-3.000126
		53.803895	-1.549931
		52.486125	-1.890507
		51.460852	-2.588139
		51.488224	-3.186893
		51.624837	-3.94495
		50.152266	-5.065556
		50.726024	-3.543949
		51.512161	-0.116215
		51.289406	1.075802
		
c	8 10 7 9 3 5 4 0 1 11 12 14 13 2 6 15	2328.15741720818	0.767184258279182	8	10	7	9	3	5	4	0	1	11	12	14	13	2	6	15		
		54.892406	-2.923222
		55.862982	-4.263554
		54.980766	-1.615849
		55.958426	-3.186893
		53.803895	-1.549931
		53.409532	-3.000126
		53.478239	-2.258549
		52.486125	-1.890507
		51.460852	-2.588139
		51.488224	-3.186893
		51.624837	-3.94495
		50.152266	-5.065556
		50.726024	-3.543949
		51.512161	-0.116215
		53.751959	-0.335941
		51.289406	1.075802
		
c	7 9 10 8 5 4 0 1 11 2 3 14 13 12 6 15	2660.28355352196	0.733971644647804	7	9	10	8	5	4	0	1	11	2	3	14	13	12	6	15		
		54.980766	-1.615849
		55.958426	-3.186893
		55.862982	-4.263554
		54.892406	-2.923222
		53.409532	-3.000126
		53.478239	-2.258549
		52.486125	-1.890507
		51.460852	-2.588139
		51.488224	-3.186893
		51.512161	-0.116215
		53.803895	-1.549931
		50.152266	-5.065556
		50.726024	-3.543949
		51.624837	-3.94495
		53.751959	-0.335941
		51.289406	1.075802
		
c	9 3 5 4 0 1 11 12 14 13 10 8 6 7 2 15	2621.20447661194	0.737879552338806	9	3	5	4	0	1	11	12	14	13	10	8	6	7	2	15		
		55.958426	-3.186893
		53.803895	-1.549931
		53.409532	-3.000126
		53.478239	-2.258549
		52.486125	-1.890507
		51.460852	-2.588139
		51.488224	-3.186893
		51.624837	-3.94495
		50.152266	-5.065556
		50.726024	-3.543949
		55.862982	-4.263554
		54.892406	-2.923222
		53.751959	-0.335941
		54.980766	-1.615849
		51.512161	-0.116215
		51.289406	1.075802
		
c	13 2 15 1 6 7 9 10 8 12 14 5 3 4 0 11	2764.40281577655	0.723559718422345	13	2	15	1	6	7	9	10	8	12	14	5	3	4	0	11		
		50.726024	-3.543949
		51.512161	-0.116215
		51.289406	1.075802
		51.460852	-2.588139
		53.751959	-0.335941
		54.980766	-1.615849
		55.958426	-3.186893
		55.862982	-4.263554
		54.892406	-2.923222
		51.624837	-3.94495
		50.152266	-5.065556
		53.409532	-3.000126
		53.803895	-1.549931
		53.478239	-2.258549
		52.486125	-1.890507
		51.488224	-3.186893
		
c	8 7 6 9 0 3 10 4 5 11 12 14 13 1 2 15	2663.50938914848	0.733649061085152	8	7	6	9	0	3	10	4	5	11	12	14	13	1	2	15		
		54.892406	-2.923222
		54.980766	-1.615849
		53.751959	-0.335941
		55.958426	-3.186893
		52.486125	-1.890507
		53.803895	-1.549931
		55.862982	-4.263554
		53.478239	-2.258549
		53.409532	-3.000126
		51.488224	-3.186893
		51.624837	-3.94495
		50.152266	-5.065556
		50.726024	-3.543949
		51.460852	-2.588139
		51.512161	-0.116215
		51.289406	1.075802
		
c	14 13 4 15 1 6 7 9 5 10 8 3 0 11 12 2	3099.96598326717	0.690003401673283	14	13	4	15	1	6	7	9	5	10	8	3	0	11	12	2		
		50.152266	-5.065556
		50.726024	-3.543949
		53.478239	-2.258549
		51.289406	1.075802
		51.460852	-2.588139
		53.751959	-0.335941
		54.980766	-1.615849
		55.958426	-3.186893
		53.409532	-3.000126
		55.862982	-4.263554
		54.892406	-2.923222
		53.803895	-1.549931
		52.486125	-1.890507
		51.488224	-3.186893
		51.624837	-3.94495
		51.512161	-0.116215
		
c	6 7 9 10 8 3 5 4 0 1 11 12 14 13 2 15	1797.80495121807	0.820219504878193	6	7	9	10	8	3	5	4	0	1	11	12	14	13	2	15		
		53.751959	-0.335941
		54.980766	-1.615849
		55.958426	-3.186893
		55.862982	-4.263554
		54.892406	-2.923222
		53.803895	-1.549931
		53.409532	-3.000126
		53.478239	-2.258549
		52.486125	-1.890507
		51.460852	-2.588139
		51.488224	-3.186893
		51.624837	-3.94495
		50.152266	-5.065556
		50.726024	-3.543949
		51.512161	-0.116215
		51.289406	1.075802
		
c	11 12 14 13 2 15 1 6 7 9 10 8 3 5 4 0	2184.2781241856	0.78157218758144	11	12	14	13	2	15	1	6	7	9	10	8	3	5	4	0		
		51.488224	-3.186893
		51.624837	-3.94495
		50.152266	-5.065556
		50.726024	-3.543949
		51.512161	-0.116215
		51.289406	1.075802
		51.460852	-2.588139
		53.751959	-0.335941
		54.980766	-1.615849
		55.958426	-3.186893
		55.862982	-4.263554
		54.892406	-2.923222
		53.803895	-1.549931
		53.409532	-3.000126
		53.478239	-2.258549
		52.486125	-1.890507
		
c	10 8 3 5 7 9 4 0 1 11 12 14 13 2 6 15	2452.20428376359	0.754779571623641	10	8	3	5	7	9	4	0	1	11	12	14	13	2	6	15		
		55.862982	-4.263554
		54.892406	-2.923222
		53.803895	-1.549931
		53.409532	-3.000126
		54.980766	-1.615849
		55.958426	-3.186893
		53.478239	-2.258549
		52.486125	-1.890507
		51.460852	-2.588139
		51.488224	-3.186893
		51.624837	-3.94495
		50.152266	-5.065556
		50.726024	-3.543949
		51.512161	-0.116215
		53.751959	-0.335941
		51.289406	1.075802
		
c	9 10 3 7 8 4 5 0 1 11 6 12 14 13 2 15	2378.97342229594	0.762102657770406	9	10	3	7	8	4	5	0	1	11	6	12	14	13	2	15		
		55.958426	-3.186893
		55.862982	-4.263554
		53.803895	-1.549931
		54.980766	-1.615849
		54.892406	-2.923222
		53.478239	-2.258549
		53.409532	-3.000126
		52.486125	-1.890507
		51.460852	-2.588139
		51.488224	-3.186893
		53.751959	-0.335941
		51.624837	-3.94495
		50.152266	-5.065556
		50.726024	-3.543949
		51.512161	-0.116215
		51.289406	1.075802
		
c	5 3 7 9 10 8 4 0 1 11 12 14 13 2 6 15	2185.22867210106	0.781477132789894	5	3	7	9	10	8	4	0	1	11	12	14	13	2	6	15		
		53.409532	-3.000126
		53.803895	-1.549931
		54.980766	-1.615849
		55.958426	-3.186893
		55.862982	-4.263554
		54.892406	-2.923222
		53.478239	-2.258549
		52.486125	-1.890507
		51.460852	-2.588139
		51.488224	-3.186893
		51.624837	-3.94495
		50.152266	-5.065556
		50.726024	-3.543949
		51.512161	-0.116215
		53.751959	-0.335941
		51.289406	1.075802
		
c	9 8 7 5 3 4 0 11 12 14 6 10 13 1 2 15	2851.15701572777	0.714884298427223	9	8	7	5	3	4	0	11	12	14	6	10	13	1	2	15		
		55.958426	-3.186893
		54.892406	-2.923222
		54.980766	-1.615849
		53.409532	-3.000126
		53.803895	-1.549931
		53.478239	-2.258549
		52.486125	-1.890507
		51.488224	-3.186893
		51.624837	-3.94495
		50.152266	-5.065556
		53.751959	-0.335941
		55.862982	-4.263554
		50.726024	-3.543949
		51.460852	-2.588139
		51.512161	-0.116215
		51.289406	1.075802
		
c	3 1 6 7 9 10 8 4 14 13 0 5 11 12 2 15	2756.92549832249	0.724307450167751	3	1	6	7	9	10	8	4	14	13	0	5	11	12	2	15		
		53.803895	-1.549931
		51.460852	-2.588139
		53.751959	-0.335941
		54.980766	-1.615849
		55.958426	-3.186893
		55.862982	-4.263554
		54.892406	-2.923222
		53.478239	-2.258549
		50.152266	-5.065556
		50.726024	-3.543949
		52.486125	-1.890507
		53.409532	-3.000126
		51.488224	-3.186893
		51.624837	-3.94495
		51.512161	-0.116215
		51.289406	1.075802
		
c	12 14 13 2 6 7 9 5 10 8 3 4 0 1 11 15	2607.53957571802	0.739246042428198	12	14	13	2	6	7	9	5	10	8	3	4	0	1	11	15		
		51.624837	-3.94495
		50.152266	-5.065556
		50.726024	-3.543949
		51.512161	-0.116215
		53.751959	-0.335941
		54.980766	-1.615849
		55.958426	-3.186893
		53.409532	-3.000126
		55.862982	-4.263554
		54.892406	-2.923222
		53.803895	-1.549931
		53.478239	-2.258549
		52.486125	-1.890507
		51.460852	-2.588139
		51.488224	-3.186893
		51.289406	1.075802
		
c	3 5 4 0 1 6 11 12 14 13 2 15 7 9 10 8	2507.57776108923	0.749242223891077	3	5	4	0	1	6	11	12	14	13	2	15	7	9	10	8		
		53.803895	-1.549931
		53.409532	-3.000126
		53.478239	-2.258549
		52.486125	-1.890507
		51.460852	-2.588139
		53.751959	-0.335941
		51.488224	-3.186893
		51.624837	-3.94495
		50.152266	-5.065556
		50.726024	-3.543949
		51.512161	-0.116215
		51.289406	1.075802
		54.980766	-1.615849
		55.958426	-3.186893
		55.862982	-4.263554
		54.892406	-2.923222
		
c	4 0 14 9 3 6 7 1 11 12 10 8 5 13 2 15	3520.89742412789	0.647910257587211	4	0	14	9	3	6	7	1	11	12	10	8	5	13	2	15		
		53.478239	-2.258549
		52.486125	-1.890507
		50.152266	-5.065556
		55.958426	-3.186893
		53.803895	-1.549931
		53.751959	-0.335941
		54.980766	-1.615849
		51.460852	-2.588139
		51.488224	-3.186893
		51.624837	-3.94495
		55.862982	-4.263554
		54.892406	-2.923222
		53.409532	-3.000126
		50.726024	-3.543949
		51.512161	-0.116215
		51.289406	1.075802
		
c	7 9 10 8 4 5 0 1 11 14 13 2 15 6 3 12	2182.84575823614	0.781715424176386	7	9	10	8	4	5	0	1	11	14	13	2	15	6	3	12		
		54.980766	-1.615849
		55.958426	-3.186893
		55.862982	-4.263554
		54.892406	-2.923222
		53.478239	-2.258549
		53.409532	-3.000126
		52.486125	-1.890507
		51.460852	-2.588139
		51.488224	-3.186893
		50.152266	-5.065556
		50.726024	-3.543949
		51.512161	-0.116215
		51.289406	1.075802
		53.751959	-0.335941
		53.803895	-1.549931
		51.624837	-3.94495
		
c	7 10 4 5 11 12 14 13 1 2 15 6 9 8 3 0	2490.68198335112	0.750931801664888	7	10	4	5	11	12	14	13	1	2	15	6	9	8	3	0		
		54.980766	-1.615849
		55.862982	-4.263554
		53.478239	-2.258549
		53.409532	-3.000126
		51.488224	-3.186893
		51.624837	-3.94495
		50.152266	-5.065556
		50.726024	-3.543949
		51.460852	-2.588139
		51.512161	-0.116215
		51.289406	1.075802
		53.751959	-0.335941
		55.958426	-3.186893
		54.892406	-2.923222
		53.803895	-1.549931
		52.486125	-1.890507
		
c	10 8 7 9 3 5 4 0 1 11 12 14 13 2 6 15	2218.50982987241	0.778149017012759	10	8	7	9	3	5	4	0	1	11	12	14	13	2	6	15		
		55.862982	-4.263554
		54.892406	-2.923222
		54.980766	-1.615849
		55.958426	-3.186893
		53.803895	-1.549931
		53.409532	-3.000126
		53.478239	-2.258549
		52.486125	-1.890507
		51.460852	-2.588139
		51.488224	-3.186893
		51.624837	-3.94495
		50.152266	-5.065556
		50.726024	-3.543949
		51.512161	-0.116215
		53.751959	-0.335941
		51.289406	1.075802
		
c	12 1 3 5 6 7 9 10 8 4 0 14 11 13 2 15	2407.25371922487	0.759274628077513	12	1	3	5	6	7	9	10	8	4	0	14	11	13	2	15		
		51.624837	-3.94495
		51.460852	-2.588139
		53.803895	-1.549931
		53.409532	-3.000126
		53.751959	-0.335941
		54.980766	-1.615849
		55.958426	-3.186893
		55.862982	-4.263554
		54.892406	-2.923222
		53.478239	-2.258549
		52.486125	-1.890507
		50.152266	-5.065556
		51.488224	-3.186893
		50.726024	-3.543949
		51.512161	-0.116215
		51.289406	1.075802
		
c	2 6 7 9 10 8 3 5 4 0 1 11 12 14 13 15	2035.47263711433	0.796452736288567	2	6	7	9	10	8	3	5	4	0	1	11	12	14	13	15		
		51.512161	-0.116215
		53.751959	-0.335941
		54.980766	-1.615849
		55.958426	-3.186893
		55.862982	-4.263554
		54.892406	-2.923222
		53.803895	-1.549931
		53.409532	-3.000126
		53.478239	-2.258549
		52.486125	-1.890507
		51.460852	-2.588139
		51.488224	-3.186893
		51.624837	-3.94495
		50.152266	-5.065556
		50.726024	-3.543949
		51.289406	1.075802
		
c	9 10 4 8 3 7 5 0 2 6 11 12 14 13 1 15	2581.26686076971	0.741873313923029	9	10	4	8	3	7	5	0	2	6	11	12	14	13	1	15		
		55.958426	-3.186893
		55.862982	-4.263554
		53.478239	-2.258549
		54.892406	-2.923222
		53.803895	-1.549931
		54.980766	-1.615849
		53.409532	-3.000126
		52.486125	-1.890507
		51.512161	-0.116215
		53.751959	-0.335941
		51.488224	-3.186893
		51.624837	-3.94495
		50.152266	-5.065556
		50.726024	-3.543949
		51.460852	-2.588139
		51.289406	1.075802
		
c	5 14 3 4 0 1 11 12 13 2 6 7 9 10 8 15	2854.09342706889	0.714590657293111	5	14	3	4	0	1	11	12	13	2	6	7	9	10	8	15		
		53.409532	-3.000126
		50.152266	-5.065556
		53.803895	-1.549931
		53.478239	-2.258549
		52.486125	-1.890507
		51.460852	-2.588139
		51.488224	-3.186893
		51.624837	-3.94495
		50.726024	-3.543949
		51.512161	-0.116215
		53.751959	-0.335941
		54.980766	-1.615849
		55.958426	-3.186893
		55.862982	-4.263554
		54.892406	-2.923222
		51.289406	1.075802
		
c	10 9 8 3 5 4 7 0 1 11 12 14 13 2 6 15	2263.78887779013	0.773621112220987	10	9	8	3	5	4	7	0	1	11	12	14	13	2	6	15		
		55.862982	-4.263554
		55.958426	-3.186893
		54.892406	-2.923222
		53.803895	-1.549931
		53.409532	-3.000126
		53.478239	-2.258549
		54.980766	-1.615849
		52.486125	-1.890507
		51.460852	-2.588139
		51.488224	-3.186893
		51.624837	-3.94495
		50.152266	-5.065556
		50.726024	-3.543949
		51.512161	-0.116215
		53.751959	-0.335941
		51.289406	1.075802
		
c	7 9 10 8 3 5 4 0 1 6 11 12 14 13 2 15	2209.87678458821	0.779012321541179	7	9	10	8	3	5	4	0	1	6	11	12	14	13	2	15		
		54.980766	-1.615849
		55.958426	-3.186893
		55.862982	-4.263554
		54.892406	-2.923222
		53.803895	-1.549931
		53.409532	-3.000126
		53.478239	-2.258549
		52.486125	-1.890507
		51.460852	-2.588139
		53.751959	-0.335941
		51.488224	-3.186893
		51.624837	-3.94495
		50.152266	-5.065556
		50.726024	-3.543949
		51.512161	-0.116215
		51.289406	1.075802
		
c	10 6 3 7 9 8 5 4 0 1 11 12 14 13 2 15	2017.04255377667	0.798295744622333	10	6	3	7	9	8	5	4	0	1	11	12	14	13	2	15		
		55.862982	-4.263554
		53.751959	-0.335941
		53.803895	-1.549931
		54.980766	-1.615849
		55.958426	-3.186893
		54.892406	-2.923222
		53.409532	-3.000126
		53.478239	-2.258549
		52.486125	-1.890507
		51.460852	-2.588139
		51.488224	-3.186893
		51.624837	-3.94495
		50.152266	-5.065556
		50.726024	-3.543949
		51.512161	-0.116215
		51.289406	1.075802
		
c	0 11 1 13 2 3 15 6 7 9 10 8 4 5 12 14	2552.43709605952	0.744756290394048	0	11	1	13	2	3	15	6	7	9	10	8	4	5	12	14		
		52.486125	-1.890507
		51.488224	-3.186893
		51.460852	-2.588139
		50.726024	-3.543949
		51.512161	-0.116215
		53.803895	-1.549931
		51.289406	1.075802
		53.751959	-0.335941
		54.980766	-1.615849
		55.958426	-3.186893
		55.862982	-4.263554
		54.892406	-2.923222
		53.478239	-2.258549
		53.409532	-3.000126
		51.624837	-3.94495
		50.152266	-5.065556
		
c	9 7 10 8 3 4 5 0 1 11 6 12 14 13 2 15	2332.82151083033	0.766717848916967	9	7	10	8	3	4	5	0	1	11	6	12	14	13	2	15		
		55.958426	-3.186893
		54.980766	-1.615849
		55.862982	-4.263554
		54.892406	-2.923222
		53.803895	-1.549931
		53.478239	-2.258549
		53.409532	-3.000126
		52.486125	-1.890507
		51.460852	-2.588139
		51.488224	-3.186893
		53.751959	-0.335941
		51.624837	-3.94495
		50.152266	-5.065556
		50.726024	-3.543949
		51.512161	-0.116215
		51.289406	1.075802
		
c	8 3 4 9 10 5 0 1 11 14 13 2 15 6 7 12	2654.69755952033	0.734530244047967	8	3	4	9	10	5	0	1	11	14	13	2	15	6	7	12		
		54.892406	-2.923222
		53.803895	-1.549931
		53.478239	-2.258549
		55.958426	-3.186893
		55.862982	-4.263554
		53.409532	-3.000126
		52.486125	-1.890507
		51.460852	-2.588139
		51.488224	-3.186893
		50.152266	-5.065556
		50.726024	-3.543949
		51.512161	-0.116215
		51.289406	1.075802
		53.751959	-0.335941
		54.980766	-1.615849
		51.624837	-3.94495
		
c	15 1 6 7 9 10 3 5 4 0 8 11 12 14 13 2	2752.9507985436	0.72470492014564	15	1	6	7	9	10	3	5	4	0	8	11	12	14	13	2		
		51.289406	1.075802
		51.460852	-2.588139
		53.751959	-0.335941
		54.980766	-1.615849
		55.958426	-3.186893
		55.862982	-4.263554
		53.803895	-1.549931
		53.409532	-3.000126
		53.478239	-2.258549
		52.486125	-1.890507
		54.892406	-2.923222
		51.488224	-3.186893
		51.624837	-3.94495
		50.152266	-5.065556
		50.726024	-3.543949
		51.512161	-0.116215
		
c	5 0 1 6 7 10 9 8 3 4 11 12 14 13 2 15	2230.02540312172	0.776997459687828	5	0	1	6	7	10	9	8	3	4	11	12	14	13	2	15		
		53.409532	-3.000126
		52.486125	-1.890507
		51.460852	-2.588139
		53.751959	-0.335941
		54.980766	-1.615849
		55.862982	-4.263554
		55.958426	-3.186893
		54.892406	-2.923222
		53.803895	-1.549931
		53.478239	-2.258549
		51.488224	-3.186893
		51.624837	-3.94495
		50.152266	-5.065556
		50.726024	-3.543949
		51.512161	-0.116215
		51.289406	1.075802
		
c	9 10 8 3 5 4 0 1 11 12 14 6 7 13 2 15	2530.79927812218	0.746920072187782	9	10	8	3	5	4	0	1	11	12	14	6	7	13	2	15		
		55.958426	-3.186893
		55.862982	-4.263554
		54.892406	-2.923222
		53.803895	-1.549931
		53.409532	-3.000126
		53.478239	-2.258549
		52.486125	-1.890507
		51.460852	-2.588139
		51.488224	-3.186893
		51.624837	-3.94495
		50.152266	-5.065556
		53.751959	-0.335941
		54.980766	-1.615849
		50.726024	-3.543949
		51.512161	-0.116215
		51.289406	1.075802
		
c	14 5 0 2 6 7 3 9 10 8 4 11 12 13 1 15	2597.27293999509	0.740272706000491	14	5	0	2	6	7	3	9	10	8	4	11	12	13	1	15		
		50.152266	-5.065556
		53.409532	-3.000126
		52.486125	-1.890507
		51.512161	-0.116215
		53.751959	-0.335941
		54.980766	-1.615849
		53.803895	-1.549931
		55.958426	-3.186893
		55.862982	-4.263554
		54.892406	-2.923222
		53.478239	-2.258549
		51.488224	-3.186893
		51.624837	-3.94495
		50.726024	-3.543949
		51.460852	-2.588139
		51.289406	1.075802
		
g85		1758.37881581719	0.824162118418281	0	6	3	7	9	10	8	5	4	0	1	11	12	14	13	2	15		
		53.751959	-0.335941
		53.803895	-1.549931
		54.980766	-1.615849
		55.958426	-3.186893
		55.862982	-4.263554
		54.892406	-2.923222
		53.409532	-3.000126
		53.478239	-2.258549
		52.486125	-1.890507
		51.460852	-2.588139
		51.488224	-3.186893
		51.624837	-3.94495
		50.152266	-5.065556
		50.726024	-3.543949
		51.512161	-0.116215
		51.289406	1.075802
		
g85		1764.36174716627	0.823563825283373	1	6	7	9	10	8	3	4	5	0	11	12	14	13	1	2	15		
		53.751959	-0.335941
		54.980766	-1.615849
		55.958426	-3.186893
		55.862982	-4.263554
		54.892406	-2.923222
		53.803895	-1.549931
		53.478239	-2.258549
		53.409532	-3.000126
		52.486125	-1.890507
		51.488224	-3.186893
		51.624837	-3.94495
		50.152266	-5.065556
		50.726024	-3.543949
		51.460852	-2.588139
		51.512161	-0.116215
		51.289406	1.075802
		
g85		1767.93964020092	0.823206035979908	2	10	9	8	7	5	6	3	4	0	1	11	12	14	13	2	15		
		55.862982	-4.263554
		55.958426	-3.186893
		54.892406	-2.923222
		54.980766	-1.615849
		53.409532	-3.000126
		53.751959	-0.335941
		53.803895	-1.549931
		53.478239	-2.258549
		52.486125	-1.890507
		51.460852	-2.588139
		51.488224	-3.186893
		51.624837	-3.94495
		50.152266	-5.065556
		50.726024	-3.543949
		51.512161	-0.116215
		51.289406	1.075802
		
g85		1785.41447966156	0.821458552033844	3	9	10	8	7	5	6	3	4	0	1	11	12	14	13	2	15		
		55.958426	-3.186893
		55.862982	-4.263554
		54.892406	-2.923222
		54.980766	-1.615849
		53.409532	-3.000126
		53.751959	-0.335941
		53.803895	-1.549931
		53.478239	-2.258549
		52.486125	-1.890507
		51.460852	-2.588139
		51.488224	-3.186893
		51.624837	-3.94495
		50.152266	-5.065556
		50.726024	-3.543949
		51.512161	-0.116215
		51.289406	1.075802
		
g85		1787.2678443766	0.82127321556234	4	3	6	7	9	10	8	5	4	0	1	11	12	14	13	2	15		
		53.803895	-1.549931
		53.751959	-0.335941
		54.980766	-1.615849
		55.958426	-3.186893
		55.862982	-4.263554
		54.892406	-2.923222
		53.409532	-3.000126
		53.478239	-2.258549
		52.486125	-1.890507
		51.460852	-2.588139
		51.488224	-3.186893
		51.624837	-3.94495
		50.152266	-5.065556
		50.726024	-3.543949
		51.512161	-0.116215
		51.289406	1.075802
		
g85		1794.61235065558	0.820538764934442	5	6	7	10	9	8	3	4	5	0	1	11	12	14	13	2	15		
		53.751959	-0.335941
		54.980766	-1.615849
		55.862982	-4.263554
		55.958426	-3.186893
		54.892406	-2.923222
		53.803895	-1.549931
		53.478239	-2.258549
		53.409532	-3.000126
		52.486125	-1.890507
		51.460852	-2.588139
		51.488224	-3.186893
		51.624837	-3.94495
		50.152266	-5.065556
		50.726024	-3.543949
		51.512161	-0.116215
		51.289406	1.075802
		
