c	10 7 6 0 8 5 3 4 1 11 12 14 13 2 15 9	2693.34657175961	0.730665342824039	10	7	6	0	8	5	3	4	1	11	12	14	13	2	15	9		
		55.862982	-4.263554
		54.980766	-1.615849
		53.751959	-0.335941
		52.486125	-1.890507
		54.892406	-2.923222
		53.409532	-3.000126
		53.803895	-1.549931
		53.478239	-2.258549
		51.460852	-2.588139
		51.488224	-3.186893
		51.624837	-3.94495
		50.152266	-5.065556
		50.726024	-3.543949
		51.512161	-0.116215
		51.289406	1.075802
		55.958426	-3.186893
		
c	1 6 7 9 10 8 3 0 5 4 11 12 14 13 2 15	2216.07102494481	0.778392897505519	1	6	7	9	10	8	3	0	5	4	11	12	14	13	2	15		
		51.460852	-2.588139
		53.751959	-0.335941
		54.980766	-1.615849
		55.958426	-3.186893
		55.862982	-4.263554
		54.892406	-2.923222
		53.803895	-1.549931
		52.486125	-1.890507
		53.409532	-3.000126
		53.478239	-2.258549
		51.488224	-3.186893
		51.624837	-3.94495
		50.152266	-5.065556
		50.726024	-3.543949
		51.512161	-0.116215
		51.289406	1.075802
		
c	7 2 6 3 9 10 8 5 4 0 1 11 12 14 13 15	2377.87551887611	0.762212448112389	7	2	6	3	9	10	8	5	4	0	1	11	12	14	13	15		
		54.980766	-1.615849
		51.512161	-0.116215
		53.751959	-0.335941
		53.803895	-1.549931
		55.958426	-3.186893
		55.862982	-4.263554
		54.892406	-2.923222
		53.409532	-3.000126
		53.478239	-2.258549
		52.486125	-1.890507
		51.460852	-2.588139
		51.488224	-3.186893
		51.624837	-3.94495
		50.152266	-5.065556
		50.726024	-3.543949
		51.289406	1.075802
		
c	11 2 6 3 7 9 10 8 5 4 0 1 12 14 13 15	2208.03964831928	0.779196035168072	11	2	6	3	7	9	10	8	5	4	0	1	12	14	13	15		
		51.488224	-3.186893
		51.512161	-0.116215
		53.751959	-0.335941
		53.803895	-1.549931
		54.980766	-1.615849
		55.958426	-3.186893
		55.862982	-4.263554
		54.892406	-2.923222
		53.409532	-3.000126
		53.478239	-2.258549
		52.486125	-1.890507
		51.460852	-2.588139
		51.624837	-3.94495
		50.152266	-5.065556
		50.726024	-3.543949
		51.289406	1.075802
		
c	13 2 3 4 0 11 12 15 6 7 5 10 9 8 14 1	3137.91090838108	0.686208909161892	13	2	3	4	0	11	12	15	6	7	5	10	9	8	14	1		
		50.726024	-3.543949
		51.512161	-0.116215
		53.803895	-1.549931
		53.478239	-2.258549
		52.486125	-1.890507
		51.488224	-3.186893
		51.624837	-3.94495
		51.289406	1.075802
		53.751959	-0.335941
		54.980766	-1.615849
		53.409532	-3.000126
		55.862982	-4.263554
		55.958426	-3.186893
		54.892406	-2.923222
		50.152266	-5.065556
		51.460852	-2.588139
		
c	3 4 5 0 11 2 15 1 12 6 7 9 10 8 14 13	2550.10795424271	0.744989204575729	3	4	5	0	11	2	15	1	12	6	7	9	10	8	14	13		
		53.803895	-1.549931
		53.478239	-2.258549
		53.409532	-3.000126
		52.486125	-1.890507
		51.488224	-3.186893
		51.512161	-0.116215
		51.289406	1.075802
		51.460852	-2.588139
		51.624837	-3.94495
		53.751959	-0.335941
		54.980766	-1.615849
		55.958426	-3.186893
		55.862982	-4.263554
		54.892406	-2.923222
		50.152266	-5.065556
		50.726024	-3.543949
		
c	8 7 10 9 3 4 5 6 0 1 11 12 14 13 2 15	1938.41140203297	0.806158859796703	8	7	10	9	3	4	5	6	0	1	11	12	14	13	2	15		
		54.892406	-2.923222
		54.980766	-1.615849
		55.862982	-4.263554
		55.958426	-3.186893
		53.803895	-1.549931
		53.478239	-2.258549
		53.409532	-3.000126
		53.751959	-0.335941
		52.486125	-1.890507
		51.460852	-2.588139
		51.488224	-3.186893
		51.624837	-3.94495
		50.152266	-5.065556
		50.726024	-3.543949
		51.512161	-0.116215
		51.289406	1.075802
		
c	0 1 11 8 3 4 5 2 15 6 7 9 10 12 14 13	2620.36473644622	0.737963526355378	0	1	11	8	3	4	5	2	15	6	7	9	10	12	14	13		
		52.486125	-1.890507
		51.460852	-2.588139
		51.488224	-3.186893
		54.892406	-2.923222
		53.803895	-1.549931
		53.478239	-2.258549
		53.409532	-3.000126
		51.512161	-0.116215
		51.289406	1.075802
		53.751959	-0.335941
		54.980766	-1.615849
		55.958426	-3.186893
		55.862982	-4.263554
		51.624837	-3.94495
		50.152266	-5.065556
		50.726024	-3.543949
		
c	15 6 7 3 4 9 10 8 0 1 11 12 14 13 5 2	2517.98464404872	0.748201535595128	15	6	7	3	4	9	10	8	0	1	11	12	14	13	5	2		
		51.289406	1.075802
		53.751959	-0.335941
		54.980766	-1.615849
		53.803895	-1.549931
		53.478239	-2.258549
		55.958426	-3.186893
		55.862982	-4.263554
		54.892406	-2.923222
		52.486125	-1.890507
		51.460852	-2.588139
		51.488224	-3.186893
		51.624837	-3.94495
		50.152266	-5.065556
		50.726024	-3.543949
		53.409532	-3.000126
		51.512161	-0.116215
		
c	1 4 5 0 11 6 3 7 9 10 8 12 14 13 2 15	2441.34596922297	0.755865403077703	1	4	5	0	11	6	3	7	9	10	8	12	14	13	2	15		
		51.460852	-2.588139
		53.478239	-2.258549
		53.409532	-3.000126
		52.486125	-1.890507
		51.488224	-3.186893
		53.751959	-0.335941
		53.803895	-1.549931
		54.980766	-1.615849
		55.958426	-3.186893
		55.862982	-4.263554
		54.892406	-2.923222
		51.624837	-3.94495
		50.152266	-5.065556
		50.726024	-3.543949
		51.512161	-0.116215
		51.289406	1.075802
		
c	14 8 7 5 6 3 4 10 9 0 1 11 12 13 2 15	2568.70482742603	0.743129517257397	14	8	7	5	6	3	4	10	9	0	1	11	12	13	2	15		
		50.152266	-5.065556
		54.892406	-2.923222
		54.980766	-1.615849
		53.409532	-3.000126
		53.751959	-0.335941
		53.803895	-1.549931
		53.478239	-2.258549
		55.862982	-4.263554
		55.958426	-3.186893
		52.486125	-1.890507
		51.460852	-2.588139
		51.488224	-3.186893
		51.624837	-3.94495
		50.726024	-3.543949
		51.512161	-0.116215
		51.289406	1.075802
		
c	11 12 14 1 2 15 6 7 9 10 8 3 4 5 0 13	2134.96078627227	0.786503921372773	11	12	14	1	2	15	6	7	9	10	8	3	4	5	0	13		
		51.488224	-3.186893
		51.624837	-3.94495
		50.152266	-5.065556
		51.460852	-2.588139
		51.512161	-0.116215
		51.289406	1.075802
		53.751959	-0.335941
		54.980766	-1.615849
		55.958426	-3.186893
		55.862982	-4.263554
		54.892406	-2.923222
		53.803895	-1.549931
		53.478239	-2.258549
		53.409532	-3.000126
		52.486125	-1.890507
		50.726024	-3.543949
		
c	13 11 12 14 1 2 15 6 7 9 10 8 3 4 5 0	1996.72890811339	0.800327109188661	13	11	12	14	1	2	15	6	7	9	10	8	3	4	5	0		
		50.726024	-3.543949
		51.488224	-3.186893
		51.624837	-3.94495
		50.152266	-5.065556
		51.460852	-2.588139
		51.512161	-0.116215
		51.289406	1.075802
		53.751959	-0.335941
		54.980766	-1.615849
		55.958426	-3.186893
		55.862982	-4.263554
		54.892406	-2.923222
		53.803895	-1.549931
		53.478239	-2.258549
		53.409532	-3.000126
		52.486125	-1.890507
		
c	15 6 4 5 1 11 12 14 13 2 0 7 9 10 8 3	2289.35629329522	0.771064370670479	15	6	4	5	1	11	12	14	13	2	0	7	9	10	8	3		
		51.289406	1.075802
		53.751959	-0.335941
		53.478239	-2.258549
		53.409532	-3.000126
		51.460852	-2.588139
		51.488224	-3.186893
		51.624837	-3.94495
		50.152266	-5.065556
		50.726024	-3.543949
		51.512161	-0.116215
		52.486125	-1.890507
		54.980766	-1.615849
		55.958426	-3.186893
		55.862982	-4.263554
		54.892406	-2.923222
		53.803895	-1.549931
		
c	12 14 11 13 2 15 6 7 9 10 8 3 5 4 0 1	2153.45888462624	0.784654111537376	12	14	11	13	2	15	6	7	9	10	8	3	5	4	0	1		
		51.624837	-3.94495
		50.152266	-5.065556
		51.488224	-3.186893
		50.726024	-3.543949
		51.512161	-0.116215
		51.289406	1.075802
		53.751959	-0.335941
		54.980766	-1.615849
		55.958426	-3.186893
		55.862982	-4.263554
		54.892406	-2.923222
		53.803895	-1.549931
		53.409532	-3.000126
		53.478239	-2.258549
		52.486125	-1.890507
		51.460852	-2.588139
		
c	5 1 11 12 14 13 2 15 0 6 4 3 7 9 10 8	2053.10570122079	0.794689429877921	5	1	11	12	14	13	2	15	0	6	4	3	7	9	10	8		
		53.409532	-3.000126
		51.460852	-2.588139
		51.488224	-3.186893
		51.624837	-3.94495
		50.152266	-5.065556
		50.726024	-3.543949
		51.512161	-0.116215
		51.289406	1.075802
		52.486125	-1.890507
		53.751959	-0.335941
		53.478239	-2.258549
		53.803895	-1.549931
		54.980766	-1.615849
		55.958426	-3.186893
		55.862982	-4.263554
		54.892406	-2.923222
		
c	8 5 6 7 10 9 3 0 11 12 14 13 1 2 15 4	2374.97042062331	0.762502957937669	8	5	6	7	10	9	3	0	11	12	14	13	1	2	15	4		
		54.892406	-2.923222
		53.409532	-3.000126
		53.751959	-0.335941
		54.980766	-1.615849
		55.862982	-4.263554
		55.958426	-3.186893
		53.803895	-1.549931
		52.486125	-1.890507
		51.488224	-3.186893
		51.624837	-3.94495
		50.152266	-5.065556
		50.726024	-3.543949
		51.460852	-2.588139
		51.512161	-0.116215
		51.289406	1.075802
		53.478239	-2.258549
		
c	1 9 10 8 7 5 6 3 4 0 11 12 14 13 2 15	2263.97042974968	0.773602957025032	1	9	10	8	7	5	6	3	4	0	11	12	14	13	2	15		
		51.460852	-2.588139
		55.958426	-3.186893
		55.862982	-4.263554
		54.892406	-2.923222
		54.980766	-1.615849
		53.409532	-3.000126
		53.751959	-0.335941
		53.803895	-1.549931
		53.478239	-2.258549
		52.486125	-1.890507
		51.488224	-3.186893
		51.624837	-3.94495
		50.152266	-5.065556
		50.726024	-3.543949
		51.512161	-0.116215
		51.289406	1.075802
		
c	10 8 4 0 5 3 1 11 12 14 13 7 6 9 2 15	2894.32367672824	0.710567632327176	10	8	4	0	5	3	1	11	12	14	13	7	6	9	2	15		
		55.862982	-4.263554
		54.892406	-2.923222
		53.478239	-2.258549
		52.486125	-1.890507
		53.409532	-3.000126
		53.803895	-1.549931
		51.460852	-2.588139
		51.488224	-3.186893
		51.624837	-3.94495
		50.152266	-5.065556
		50.726024	-3.543949
		54.980766	-1.615849
		53.751959	-0.335941
		55.958426	-3.186893
		51.512161	-0.116215
		51.289406	1.075802
		
c	7 9 10 8 5 3 4 0 1 11 12 14 13 2 15 6	1952.10538323379	0.804789461676621	7	9	10	8	5	3	4	0	1	11	12	14	13	2	15	6		
		54.980766	-1.615849
		55.958426	-3.186893
		55.862982	-4.263554
		54.892406	-2.923222
		53.409532	-3.000126
		53.803895	-1.549931
		53.478239	-2.258549
		52.486125	-1.890507
		51.460852	-2.588139
		51.488224	-3.186893
		51.624837	-3.94495
		50.152266	-5.065556
		50.726024	-3.543949
		51.512161	-0.116215
		51.289406	1.075802
		53.751959	-0.335941
		
c	10 6 7 9 8 3 4 5 0 11 12 1 13 14 2 15	2144.69610320095	0.785530389679905	10	6	7	9	8	3	4	5	0	11	12	1	13	14	2	15		
		55.862982	-4.263554
		53.751959	-0.335941
		54.980766	-1.615849
		55.958426	-3.186893
		54.892406	-2.923222
		53.803895	-1.549931
		53.478239	-2.258549
		53.409532	-3.000126
		52.486125	-1.890507
		51.488224	-3.186893
		51.624837	-3.94495
		51.460852	-2.588139
		50.726024	-3.543949
		50.152266	-5.065556
		51.512161	-0.116215
		51.289406	1.075802
		
c	3 4 5 0 6 7 10 9 8 1 11 12 14 13 2 15	2077.83495263118	0.792216504736882	3	4	5	0	6	7	10	9	8	1	11	12	14	13	2	15		
		53.803895	-1.549931
		53.478239	-2.258549
		53.409532	-3.000126
		52.486125	-1.890507
		53.751959	-0.335941
		54.980766	-1.615849
		55.862982	-4.263554
		55.958426	-3.186893
		54.892406	-2.923222
		51.460852	-2.588139
		51.488224	-3.186893
		51.624837	-3.94495
		50.152266	-5.065556
		50.726024	-3.543949
		51.512161	-0.116215
		51.289406	1.075802
		
c	1 9 10 8 5 4 0 7 11 12 14 13 2 15 6 3	2786.9860405334	0.72130139594666	1	9	10	8	5	4	0	7	11	12	14	13	2	15	6	3		
		51.460852	-2.588139
		55.958426	-3.186893
		55.862982	-4.263554
		54.892406	-2.923222
		53.409532	-3.000126
		53.478239	-2.258549
		52.486125	-1.890507
		54.980766	-1.615849
		51.488224	-3.186893
		51.624837	-3.94495
		50.152266	-5.065556
		50.726024	-3.543949
		51.512161	-0.116215
		51.289406	1.075802
		53.751959	-0.335941
		53.803895	-1.549931
		
c	7 5 3 9 10 6 0 8 4 1 11 12 14 13 2 15	2558.6653653299	0.74413346346701	7	5	3	9	10	6	0	8	4	1	11	12	14	13	2	15		
		54.980766	-1.615849
		53.409532	-3.000126
		53.803895	-1.549931
		55.958426	-3.186893
		55.862982	-4.263554
		53.751959	-0.335941
		52.486125	-1.890507
		54.892406	-2.923222
		53.478239	-2.258549
		51.460852	-2.588139
		51.488224	-3.186893
		51.624837	-3.94495
		50.152266	-5.065556
		50.726024	-3.543949
		51.512161	-0.116215
		51.289406	1.075802
		
c	13 9 8 5 3 4 6 7 10 0 1 11 12 14 2 15	2787.89680592921	0.721210319407079	13	9	8	5	3	4	6	7	10	0	1	11	12	14	2	15		
		50.726024	-3.543949
		55.958426	-3.186893
		54.892406	-2.923222
		53.409532	-3.000126
		53.803895	-1.549931
		53.478239	-2.258549
		53.751959	-0.335941
		54.980766	-1.615849
		55.862982	-4.263554
		52.486125	-1.890507
		51.460852	-2.588139
		51.488224	-3.186893
		51.624837	-3.94495
		50.152266	-5.065556
		51.512161	-0.116215
		51.289406	1.075802
		
c	11 12 14 13 2 15 6 8 3 5 4 0 1 7 9 10	2356.22135884744	0.764377864115256	11	12	14	13	2	15	6	8	3	5	4	0	1	7	9	10		
		51.488224	-3.186893
		51.624837	-3.94495
		50.152266	-5.065556
		50.726024	-3.543949
		51.512161	-0.116215
		51.289406	1.075802
		53.751959	-0.335941
		54.892406	-2.923222
		53.803895	-1.549931
		53.409532	-3.000126
		53.478239	-2.258549
		52.486125	-1.890507
		51.460852	-2.588139
		54.980766	-1.615849
		55.958426	-3.186893
		55.862982	-4.263554
		
c	8 5 4 0 11 12 14 13 3 6 7 9 10 1 2 15	2413.43216629925	0.758656783370075	8	5	4	0	11	12	14	13	3	6	7	9	10	1	2	15		
		54.892406	-2.923222
		53.409532	-3.000126
		53.478239	-2.258549
		52.486125	-1.890507
		51.488224	-3.186893
		51.624837	-3.94495
		50.152266	-5.065556
		50.726024	-3.543949
		53.803895	-1.549931
		53.751959	-0.335941
		54.980766	-1.615849
		55.958426	-3.186893
		55.862982	-4.263554
		51.460852	-2.588139
		51.512161	-0.116215
		51.289406	1.075802
		
c	14 7 9 10 8 3 5 4 0 1 11 12 13 2 15 6	2310.06952427613	0.768993047572387	14	7	9	10	8	3	5	4	0	1	11	12	13	2	15	6		
		50.152266	-5.065556
		54.980766	-1.615849
		55.958426	-3.186893
		55.862982	-4.263554
		54.892406	-2.923222
		53.803895	-1.549931
		53.409532	-3.000126
		53.478239	-2.258549
		52.486125	-1.890507
		51.460852	-2.588139
		51.488224	-3.186893
		51.624837	-3.94495
		50.726024	-3.543949
		51.512161	-0.116215
		51.289406	1.075802
		53.751959	-0.335941
		
c	14 13 3 7 9 10 8 5 4 0 1 11 12 2 15 6	2165.10038629486	0.783489961370514	14	13	3	7	9	10	8	5	4	0	1	11	12	2	15	6		
		50.152266	-5.065556
		50.726024	-3.543949
		53.803895	-1.549931
		54.980766	-1.615849
		55.958426	-3.186893
		55.862982	-4.263554
		54.892406	-2.923222
		53.409532	-3.000126
		53.478239	-2.258549
		52.486125	-1.890507
		51.460852	-2.588139
		51.488224	-3.186893
		51.624837	-3.94495
		51.512161	-0.116215
		51.289406	1.075802
		53.751959	-0.335941
		
c	5 6 3 4 0 9 11 7 10 8 1 12 14 13 2 15	3183.02436836751	0.681697563163249	5	6	3	4	0	9	11	7	10	8	1	12	14	13	2	15		
		53.409532	-3.000126
		53.751959	-0.335941
		53.803895	-1.549931
		53.478239	-2.258549
		52.486125	-1.890507
		55.958426	-3.186893
		51.488224	-3.186893
		54.980766	-1.615849
		55.862982	-4.263554
		54.892406	-2.923222
		51.460852	-2.588139
		51.624837	-3.94495
		50.152266	-5.065556
		50.726024	-3.543949
		51.512161	-0.116215
		51.289406	1.075802
		
c	9 10 7 8 5 3 4 0 1 11 12 14 13 2 15 6	1945.7162767749	0.805428372322511	9	10	7	8	5	3	4	0	1	11	12	14	13	2	15	6		
		55.958426	-3.186893
		55.862982	-4.263554
		54.980766	-1.615849
		54.892406	-2.923222
		53.409532	-3.000126
		53.803895	-1.549931
		53.478239	-2.258549
		52.486125	-1.890507
		51.460852	-2.588139
		51.488224	-3.186893
		51.624837	-3.94495
		50.152266	-5.065556
		50.726024	-3.543949
		51.512161	-0.116215
		51.289406	1.075802
		53.751959	-0.335941
		
c	1 6 13 9 3 10 8 4 0 11 5 12 14 7 2 15	4058.24257777291	0.594175742222709	1	6	13	9	3	10	8	4	0	11	5	12	14	7	2	15		
		51.460852	-2.588139
		53.751959	-0.335941
		50.726024	-3.543949
		55.958426	-3.186893
		53.803895	-1.549931
		55.862982	-4.263554
		54.892406	-2.923222
		53.478239	-2.258549
		52.486125	-1.890507
		51.488224	-3.186893
		53.409532	-3.000126
		51.624837	-3.94495
		50.152266	-5.065556
		54.980766	-1.615849
		51.512161	-0.116215
		51.289406	1.075802
		
c	8 3 5 4 0 1 11 12 14 13 2 15 6 7 9 10	1950.62204298609	0.804937795701391	8	3	5	4	0	1	11	12	14	13	2	15	6	7	9	10		
		54.892406	-2.923222
		53.803895	-1.549931
		53.409532	-3.000126
		53.478239	-2.258549
		52.486125	-1.890507
		51.460852	-2.588139
		51.488224	-3.186893
		51.624837	-3.94495
		50.152266	-5.065556
		50.726024	-3.543949
		51.512161	-0.116215
		51.289406	1.075802
		53.751959	-0.335941
		54.980766	-1.615849
		55.958426	-3.186893
		55.862982	-4.263554
		
c	0 1 11 12 14 13 3 5 10 9 8 4 2 15 6 7	2433.8122516975	0.75661877483025	0	1	11	12	14	13	3	5	10	9	8	4	2	15	6	7		
		52.486125	-1.890507
		51.460852	-2.588139
		51.488224	-3.186893
		51.624837	-3.94495
		50.152266	-5.065556
		50.726024	-3.543949
		53.803895	-1.549931
		53.409532	-3.000126
		55.862982	-4.263554
		55.958426	-3.186893
		54.892406	-2.923222
		53.478239	-2.258549
		51.512161	-0.116215
		51.289406	1.075802
		53.751959	-0.335941
		54.980766	-1.615849
		
c	6 7 9 10 8 3 4 5 0 11 12 14 13 2 15 1	1997.29711734802	0.800270288265198	6	7	9	10	8	3	4	5	0	11	12	14	13	2	15	1		
		53.751959	-0.335941
		54.980766	-1.615849
		55.958426	-3.186893
		55.862982	-4.263554
		54.892406	-2.923222
		53.803895	-1.549931
		53.478239	-2.258549
		53.409532	-3.000126
		52.486125	-1.890507
		51.488224	-3.186893
		51.624837	-3.94495
		50.152266	-5.065556
		50.726024	-3.543949
		51.512161	-0.116215
		51.289406	1.075802
		51.460852	-2.588139
		
c	2 15 6 7 9 10 8 5 4 0 1 11 12 14 13 3	2110.72203936302	0.788927796063698	2	15	6	7	9	10	8	5	4	0	1	11	12	14	13	3		
		51.512161	-0.116215
		51.289406	1.075802
		53.751959	-0.335941
		54.980766	-1.615849
		55.958426	-3.186893
		55.862982	-4.263554
		54.892406	-2.923222
		53.409532	-3.000126
		53.478239	-2.258549
		52.486125	-1.890507
		51.460852	-2.588139
		51.488224	-3.186893
		51.624837	-3.94495
		50.152266	-5.065556
		50.726024	-3.543949
		53.803895	-1.549931
		
c	12 14 13 2 15 6 8 3 5 4 0 7 9 10 11 1	2592.4756922508	0.74075243077492	12	14	13	2	15	6	8	3	5	4	0	7	9	10	11	1		
		51.624837	-3.94495
		50.152266	-5.065556
		50.726024	-3.543949
		51.512161	-0.116215
		51.289406	1.075802
		53.751959	-0.335941
		54.892406	-2.923222
		53.803895	-1.549931
		53.409532	-3.000126
		53.478239	-2.258549
		52.486125	-1.890507
		54.980766	-1.615849
		55.958426	-3.186893
		55.862982	-4.263554
		51.488224	-3.186893
		51.460852	-2.588139
		
c	1 11 12 6 7 9 10 8 5 3 4 0 14 13 2 15	2196.47025002121	0.780352974997879	1	11	12	6	7	9	10	8	5	3	4	0	14	13	2	15		
		51.460852	-2.588139
		51.488224	-3.186893
		51.624837	-3.94495
		53.751959	-0.335941
		54.980766	-1.615849
		55.958426	-3.186893
		55.862982	-4.263554
		54.892406	-2.923222
		53.409532	-3.000126
		53.803895	-1.549931
		53.478239	-2.258549
		52.486125	-1.890507
		50.152266	-5.065556
		50.726024	-3.543949
		51.512161	-0.116215
		51.289406	1.075802
		
c	6 7 9 8 3 4 5 0 11 10 1 12 14 13 2 15	2691.23195848094	0.730876804151906	6	7	9	8	3	4	5	0	11	10	1	12	14	13	2	15		
		53.751959	-0.335941
		54.980766	-1.615849
		55.958426	-3.186893
		54.892406	-2.923222
		53.803895	-1.549931
		53.478239	-2.258549
		53.409532	-3.000126
		52.486125	-1.890507
		51.488224	-3.186893
		55.862982	-4.263554
		51.460852	-2.588139
		51.624837	-3.94495
		50.152266	-5.065556
		50.726024	-3.543949
		51.512161	-0.116215
		51.289406	1.075802
		
c	7 9 10 8 0 1 11 5 6 3 4 12 14 13 2 15	2209.81161222009	0.779018838777991	7	9	10	8	0	1	11	5	6	3	4	12	14	13	2	15		
		54.980766	-1.615849
		55.958426	-3.186893
		55.862982	-4.263554
		54.892406	-2.923222
		52.486125	-1.890507
		51.460852	-2.588139
		51.488224	-3.186893
		53.409532	-3.000126
		53.751959	-0.335941
		53.803895	-1.549931
		53.478239	-2.258549
		51.624837	-3.94495
		50.152266	-5.065556
		50.726024	-3.543949
		51.512161	-0.116215
		51.289406	1.075802
		
c	9 10 8 4 0 1 6 7 3 5 11 12 14 13 2 15	2213.9433096832	0.77860566903168	9	10	8	4	0	1	6	7	3	5	11	12	14	13	2	15		
		55.958426	-3.186893
		55.862982	-4.263554
		54.892406	-2.923222
		53.478239	-2.258549
		52.486125	-1.890507
		51.460852	-2.588139
		53.751959	-0.335941
		54.980766	-1.615849
		53.803895	-1.549931
		53.409532	-3.000126
		51.488224	-3.186893
		51.624837	-3.94495
		50.152266	-5.065556
		50.726024	-3.543949
		51.512161	-0.116215
		51.289406	1.075802
		
c	10 8 5 4 0 1 11 12 14 13 2 15 6 7 9 3	2190.78687029553	0.780921312970447	10	8	5	4	0	1	11	12	14	13	2	15	6	7	9	3		
		55.862982	-4.263554
		54.892406	-2.923222
		53.409532	-3.000126
		53.478239	-2.258549
		52.486125	-1.890507
		51.460852	-2.588139
		51.488224	-3.186893
		51.624837	-3.94495
		50.152266	-5.065556
		50.726024	-3.543949
		51.512161	-0.116215
		51.289406	1.075802
		53.751959	-0.335941
		54.980766	-1.615849
		55.958426	-3.186893
		53.803895	-1.549931
		
c	2 15 1 6 7 9 10 8 3 4 5 0 11 12 14 13	2039.27793349996	0.796072206650004	2	15	1	6	7	9	10	8	3	4	5	0	11	12	14	13		
		51.512161	-0.116215
		51.289406	1.075802
		51.460852	-2.588139
		53.751959	-0.335941
		54.980766	-1.615849
		55.958426	-3.186893
		55.862982	-4.263554
		54.892406	-2.923222
		53.803895	-1.549931
		53.478239	-2.258549
		53.409532	-3.000126
		52.486125	-1.890507
		51.488224	-3.186893
		51.624837	-3.94495
		50.152266	-5.065556
		50.726024	-3.543949
		
c	12 14 13 2 7 10 9 8 3 4 5 6 0 1 11 15	2416.86045378999	0.758313954621001	12	14	13	2	7	10	9	8	3	4	5	6	0	1	11	15		
		51.624837	-3.94495
		50.152266	-5.065556
		50.726024	-3.543949
		51.512161	-0.116215
		54.980766	-1.615849
		55.862982	-4.263554
		55.958426	-3.186893
		54.892406	-2.923222
		53.803895	-1.549931
		53.478239	-2.258549
		53.409532	-3.000126
		53.751959	-0.335941
		52.486125	-1.890507
		51.460852	-2.588139
		51.488224	-3.186893
		51.289406	1.075802
		
c	14 13 2 15 0 6 7 9 10 8 3 5 4 1 11 12	2022.98542811622	0.797701457188378	14	13	2	15	0	6	7	9	10	8	3	5	4	1	11	12		
		50.152266	-5.065556
		50.726024	-3.543949
		51.512161	-0.116215
		51.289406	1.075802
		52.486125	-1.890507
		53.751959	-0.335941
		54.980766	-1.615849
		55.958426	-3.186893
		55.862982	-4.263554
		54.892406	-2.923222
		53.803895	-1.549931
		53.409532	-3.000126
		53.478239	-2.258549
		51.460852	-2.588139
		51.488224	-3.186893
		51.624837	-3.94495
		
c	7 9 10 8 3 4 5 0 11 12 14 13 2 15 6 1	2169.13257331135	0.783086742668865	7	9	10	8	3	4	5	0	11	12	14	13	2	15	6	1		
		54.980766	-1.615849
		55.958426	-3.186893
		55.862982	-4.263554
		54.892406	-2.923222
		53.803895	-1.549931
		53.478239	-2.258549
		53.409532	-3.000126
		52.486125	-1.890507
		51.488224	-3.186893
		51.624837	-3.94495
		50.152266	-5.065556
		50.726024	-3.543949
		51.512161	-0.116215
		51.289406	1.075802
		53.751959	-0.335941
		51.460852	-2.588139
		
c	11 12 14 13 3 6 7 9 10 8 5 4 0 1 2 15	2030.37240362213	0.796962759637788	11	12	14	13	3	6	7	9	10	8	5	4	0	1	2	15		
		51.488224	-3.186893
		51.624837	-3.94495
		50.152266	-5.065556
		50.726024	-3.543949
		53.803895	-1.549931
		53.751959	-0.335941
		54.980766	-1.615849
		55.958426	-3.186893
		55.862982	-4.263554
		54.892406	-2.923222
		53.409532	-3.000126
		53.478239	-2.258549
		52.486125	-1.890507
		51.460852	-2.588139
		51.512161	-0.116215
		51.289406	1.075802
		
c	9 10 8 5 4 0 1 11 12 6 7 3 14 13 2 15	2320.69699124162	0.767930300875838	9	10	8	5	4	0	1	11	12	6	7	3	14	13	2	15		
		55.958426	-3.186893
		55.862982	-4.263554
		54.892406	-2.923222
		53.409532	-3.000126
		53.478239	-2.258549
		52.486125	-1.890507
		51.460852	-2.588139
		51.488224	-3.186893
		51.624837	-3.94495
		53.751959	-0.335941
		54.980766	-1.615849
		53.803895	-1.549931
		50.152266	-5.065556
		50.726024	-3.543949
		51.512161	-0.116215
		51.289406	1.075802
		
c	11 12 6 7 9 10 8 3 4 5 0 14 13 1 2 15	2120.41134859013	0.787958865140987	11	12	6	7	9	10	8	3	4	5	0	14	13	1	2	15		
		51.488224	-3.186893
		51.624837	-3.94495
		53.751959	-0.335941
		54.980766	-1.615849
		55.958426	-3.186893
		55.862982	-4.263554
		54.892406	-2.923222
		53.803895	-1.549931
		53.478239	-2.258549
		53.409532	-3.000126
		52.486125	-1.890507
		50.152266	-5.065556
		50.726024	-3.543949
		51.460852	-2.588139
		51.512161	-0.116215
		51.289406	1.075802
		
c	5 4 6 8 7 0 1 11 12 14 13 3 9 10 2 15	2618.23338543177	0.738176661456823	5	4	6	8	7	0	1	11	12	14	13	3	9	10	2	15		
		53.409532	-3.000126
		53.478239	-2.258549
		53.751959	-0.335941
		54.892406	-2.923222
		54.980766	-1.615849
		52.486125	-1.890507
		51.460852	-2.588139
		51.488224	-3.186893
		51.624837	-3.94495
		50.152266	-5.065556
		50.726024	-3.543949
		53.803895	-1.549931
		55.958426	-3.186893
		55.862982	-4.263554
		51.512161	-0.116215
		51.289406	1.075802
		
c	9 10 0 1 11 12 14 13 3 5 8 4 2 15 6 7	2600.37387508921	0.739962612491079	9	10	0	1	11	12	14	13	3	5	8	4	2	15	6	7		
		55.958426	-3.186893
		55.862982	-4.263554
		52.486125	-1.890507
		51.460852	-2.588139
		51.488224	-3.186893
		51.624837	-3.94495
		50.152266	-5.065556
		50.726024	-3.543949
		53.803895	-1.549931
		53.409532	-3.000126
		54.892406	-2.923222
		53.478239	-2.258549
		51.512161	-0.116215
		51.289406	1.075802
		53.751959	-0.335941
		54.980766	-1.615849
		
c	7 10 9 8 3 4 12 14 13 5 0 1 11 2 15 6	2314.58836599284	0.768541163400716	7	10	9	8	3	4	12	14	13	5	0	1	11	2	15	6		
		54.980766	-1.615849
		55.862982	-4.263554
		55.958426	-3.186893
		54.892406	-2.923222
		53.803895	-1.549931
		53.478239	-2.258549
		51.624837	-3.94495
		50.152266	-5.065556
		50.726024	-3.543949
		53.409532	-3.000126
		52.486125	-1.890507
		51.460852	-2.588139
		51.488224	-3.186893
		51.512161	-0.116215
		51.289406	1.075802
		53.751959	-0.335941
		
c	2 15 6 7 9 10 8 3 4 5 0 1 11 12 14 13	1800.69623411442	0.819930376588558	2	15	6	7	9	10	8	3	4	5	0	1	11	12	14	13		
		51.512161	-0.116215
		51.289406	1.075802
		53.751959	-0.335941
		54.980766	-1.615849
		55.958426	-3.186893
		55.862982	-4.263554
		54.892406	-2.923222
		53.803895	-1.549931
		53.478239	-2.258549
		53.409532	-3.000126
		52.486125	-1.890507
		51.460852	-2.588139
		51.488224	-3.186893
		51.624837	-3.94495
		50.152266	-5.065556
		50.726024	-3.543949
		
c	3 4 2 6 7 9 10 8 5 0 11 12 14 13 1 15	2238.64370375546	0.776135629624454	3	4	2	6	7	9	10	8	5	0	11	12	14	13	1	15		
		53.803895	-1.549931
		53.478239	-2.258549
		51.512161	-0.116215
		53.751959	-0.335941
		54.980766	-1.615849
		55.958426	-3.186893
		55.862982	-4.263554
		54.892406	-2.923222
		53.409532	-3.000126
		52.486125	-1.890507
		51.488224	-3.186893
		51.624837	-3.94495
		50.152266	-5.065556
		50.726024	-3.543949
		51.460852	-2.588139
		51.289406	1.075802
		
c	6 0 1 11 8 3 5 4 12 14 13 2 15 7 9 10	2570.43693794703	0.742956306205297	6	0	1	11	8	3	5	4	12	14	13	2	15	7	9	10		
		53.751959	-0.335941
		52.486125	-1.890507
		51.460852	-2.588139
		51.488224	-3.186893
		54.892406	-2.923222
		53.803895	-1.549931
		53.409532	-3.000126
		53.478239	-2.258549
		51.624837	-3.94495
		50.152266	-5.065556
		50.726024	-3.543949
		51.512161	-0.116215
		51.289406	1.075802
		54.980766	-1.615849
		55.958426	-3.186893
		55.862982	-4.263554
		
c	12 14 7 10 9 8 3 4 5 6 0 1 11 13 2 15	2356.53493689064	0.764346506310936	12	14	7	10	9	8	3	4	5	6	0	1	11	13	2	15		
		51.624837	-3.94495
		50.152266	-5.065556
		54.980766	-1.615849
		55.862982	-4.263554
		55.958426	-3.186893
		54.892406	-2.923222
		53.803895	-1.549931
		53.478239	-2.258549
		53.409532	-3.000126
		53.751959	-0.335941
		52.486125	-1.890507
		51.460852	-2.588139
		51.488224	-3.186893
		50.726024	-3.543949
		51.512161	-0.116215
		51.289406	1.075802
		
c	0 6 7 9 10 8 5 3 4 1 11 12 14 13 2 15	1985.56353507259	0.801443646492741	0	6	7	9	10	8	5	3	4	1	11	12	14	13	2	15		
		52.486125	-1.890507
		53.751959	-0.335941
		54.980766	-1.615849
		55.958426	-3.186893
		55.862982	-4.263554
		54.892406	-2.923222
		53.409532	-3.000126
		53.803895	-1.549931
		53.478239	-2.258549
		51.460852	-2.588139
		51.488224	-3.186893
		51.624837	-3.94495
		50.152266	-5.065556
		50.726024	-3.543949
		51.512161	-0.116215
		51.289406	1.075802
		
c	7 9 10 8 3 5 4 0 6 14 13 2 15 1 11 12	2277.40305125052	0.772259694874948	7	9	10	8	3	5	4	0	6	14	13	2	15	1	11	12		
		54.980766	-1.615849
		55.958426	-3.186893
		55.862982	-4.263554
		54.892406	-2.923222
		53.803895	-1.549931
		53.409532	-3.000126
		53.478239	-2.258549
		52.486125	-1.890507
		53.751959	-0.335941
		50.152266	-5.065556
		50.726024	-3.543949
		51.512161	-0.116215
		51.289406	1.075802
		51.460852	-2.588139
		51.488224	-3.186893
		51.624837	-3.94495
		
c	1 11 12 14 4 5 13 2 15 0 6 7 9 10 8 3	2466.4706617728	0.75335293382272	1	11	12	14	4	5	13	2	15	0	6	7	9	10	8	3		
		51.460852	-2.588139
		51.488224	-3.186893
		51.624837	-3.94495
		50.152266	-5.065556
		53.478239	-2.258549
		53.409532	-3.000126
		50.726024	-3.543949
		51.512161	-0.116215
		51.289406	1.075802
		52.486125	-1.890507
		53.751959	-0.335941
		54.980766	-1.615849
		55.958426	-3.186893
		55.862982	-4.263554
		54.892406	-2.923222
		53.803895	-1.549931
		
c	4 0 11 12 2 15 6 7 10 9 8 5 3 1 14 13	2384.17528851555	0.761582471148445	4	0	11	12	2	15	6	7	10	9	8	5	3	1	14	13		
		53.478239	-2.258549
		52.486125	-1.890507
		51.488224	-3.186893
		51.624837	-3.94495
		51.512161	-0.116215
		51.289406	1.075802
		53.751959	-0.335941
		54.980766	-1.615849
		55.862982	-4.263554
		55.958426	-3.186893
		54.892406	-2.923222
		53.409532	-3.000126
		53.803895	-1.549931
		51.460852	-2.588139
		50.152266	-5.065556
		50.726024	-3.543949
		
c	12 14 3 6 7 9 10 8 5 4 0 1 11 13 2 15	2167.75603729998	0.783224396270002	12	14	3	6	7	9	10	8	5	4	0	1	11	13	2	15		
		51.624837	-3.94495
		50.152266	-5.065556
		53.803895	-1.549931
		53.751959	-0.335941
		54.980766	-1.615849
		55.958426	-3.186893
		55.862982	-4.263554
		54.892406	-2.923222
		53.409532	-3.000126
		53.478239	-2.258549
		52.486125	-1.890507
		51.460852	-2.588139
		51.488224	-3.186893
		50.726024	-3.543949
		51.512161	-0.116215
		51.289406	1.075802
		
c	11 8 7 6 3 4 0 1 10 9 5 12 14 13 2 15	2708.28060584955	0.729171939415045	11	8	7	6	3	4	0	1	10	9	5	12	14	13	2	15		
		51.488224	-3.186893
		54.892406	-2.923222
		54.980766	-1.615849
		53.751959	-0.335941
		53.803895	-1.549931
		53.478239	-2.258549
		52.486125	-1.890507
		51.460852	-2.588139
		55.862982	-4.263554
		55.958426	-3.186893
		53.409532	-3.000126
		51.624837	-3.94495
		50.152266	-5.065556
		50.726024	-3.543949
		51.512161	-0.116215
		51.289406	1.075802
		
c	9 8 7 5 6 3 4 0 11 12 2 15 10 14 13 1	2866.64515793982	0.713335484206018	9	8	7	5	6	3	4	0	11	12	2	15	10	14	13	1		
		55.958426	-3.186893
		54.892406	-2.923222
		54.980766	-1.615849
		53.409532	-3.000126
		53.751959	-0.335941
		53.803895	-1.549931
		53.478239	-2.258549
		52.486125	-1.890507
		51.488224	-3.186893
		51.624837	-3.94495
		51.512161	-0.116215
		51.289406	1.075802
		55.862982	-4.263554
		50.152266	-5.065556
		50.726024	-3.543949
		51.460852	-2.588139
		
c	2 15 6 13 11 12 14 8 7 5 3 4 10 9 0 1	2975.01222527533	0.702498777472466	2	15	6	13	11	12	14	8	7	5	3	4	10	9	0	1		
		51.512161	-0.116215
		51.289406	1.075802
		53.751959	-0.335941
		50.726024	-3.543949
		51.488224	-3.186893
		51.624837	-3.94495
		50.152266	-5.065556
		54.892406	-2.923222
		54.980766	-1.615849
		53.409532	-3.000126
		53.803895	-1.549931
		53.478239	-2.258549
		55.862982	-4.263554
		55.958426	-3.186893
		52.486125	-1.890507
		51.460852	-2.588139
		
c	5 8 4 6 7 10 9 3 0 11 12 14 13 1 2 15	2156.26127971169	0.784373872028831	5	8	4	6	7	10	9	3	0	11	12	14	13	1	2	15		
		53.409532	-3.000126
		54.892406	-2.923222
		53.478239	-2.258549
		53.751959	-0.335941
		54.980766	-1.615849
		55.862982	-4.263554
		55.958426	-3.186893
		53.803895	-1.549931
		52.486125	-1.890507
		51.488224	-3.186893
		51.624837	-3.94495
		50.152266	-5.065556
		50.726024	-3.543949
		51.460852	-2.588139
		51.512161	-0.116215
		51.289406	1.075802
		
c	9 7 10 8 3 4 5 6 0 1 11 12 14 13 2 15	1959.39677138903	0.804060322861097	9	7	10	8	3	4	5	6	0	1	11	12	14	13	2	15		
		55.958426	-3.186893
		54.980766	-1.615849
		55.862982	-4.263554
		54.892406	-2.923222
		53.803895	-1.549931
		53.478239	-2.258549
		53.409532	-3.000126
		53.751959	-0.335941
		52.486125	-1.890507
		51.460852	-2.588139
		51.488224	-3.186893
		51.624837	-3.94495
		50.152266	-5.065556
		50.726024	-3.543949
		51.512161	-0.116215
		51.289406	1.075802
		
c	9 6 7 10 8 3 4 5 0 11 12 14 13 1 2 15	2048.83935672454	0.795116064327546	9	6	7	10	8	3	4	5	0	11	12	14	13	1	2	15		
		55.958426	-3.186893
		53.751959	-0.335941
		54.980766	-1.615849
		55.862982	-4.263554
		54.892406	-2.923222
		53.803895	-1.549931
		53.478239	-2.258549
		53.409532	-3.000126
		52.486125	-1.890507
		51.488224	-3.186893
		51.624837	-3.94495
		50.152266	-5.065556
		50.726024	-3.543949
		51.460852	-2.588139
		51.512161	-0.116215
		51.289406	1.075802
		
c	12 14 13 2 15 0 6 4 3 1 11 7 9 10 8 5	2486.03735408264	0.751396264591736	12	14	13	2	15	0	6	4	3	1	11	7	9	10	8	5		
		51.624837	-3.94495
		50.152266	-5.065556
		50.726024	-3.543949
		51.512161	-0.116215
		51.289406	1.075802
		52.486125	-1.890507
		53.751959	-0.335941
		53.478239	-2.258549
		53.803895	-1.549931
		51.460852	-2.588139
		51.488224	-3.186893
		54.980766	-1.615849
		55.958426	-3.186893
		55.862982	-4.263554
		54.892406	-2.923222
		53.409532	-3.000126
		
c	8 7 5 11 12 14 13 2 15 6 9 10 3 4 0 1	2443.8676125646	0.75561323874354	8	7	5	11	12	14	13	2	15	6	9	10	3	4	0	1		
		54.892406	-2.923222
		54.980766	-1.615849
		53.409532	-3.000126
		51.488224	-3.186893
		51.624837	-3.94495
		50.152266	-5.065556
		50.726024	-3.543949
		51.512161	-0.116215
		51.289406	1.075802
		53.751959	-0.335941
		55.958426	-3.186893
		55.862982	-4.263554
		53.803895	-1.549931
		53.478239	-2.258549
		52.486125	-1.890507
		51.460852	-2.588139
		
c	0 11 12 6 7 9 10 8 3 5 1 14 13 2 15 4	2547.15742701024	0.745284257298976	0	11	12	6	7	9	10	8	3	5	1	14	13	2	15	4		
		52.486125	-1.890507
		51.488224	-3.186893
		51.624837	-3.94495
		53.751959	-0.335941
		54.980766	-1.615849
		55.958426	-3.186893
		55.862982	-4.263554
		54.892406	-2.923222
		53.803895	-1.549931
		53.409532	-3.000126
		51.460852	-2.588139
		50.152266	-5.065556
		50.726024	-3.543949
		51.512161	-0.116215
		51.289406	1.075802
		53.478239	-2.258549
		
c	14 13 2 15 6 7 9 10 8 4 0 5 3 1 11 12	2142.24925921374	0.785775074078626	14	13	2	15	6	7	9	10	8	4	0	5	3	1	11	12		
		50.152266	-5.065556
		50.726024	-3.543949
		51.512161	-0.116215
		51.289406	1.075802
		53.751959	-0.335941
		54.980766	-1.615849
		55.958426	-3.186893
		55.862982	-4.263554
		54.892406	-2.923222
		53.478239	-2.258549
		52.486125	-1.890507
		53.409532	-3.000126
		53.803895	-1.549931
		51.460852	-2.588139
		51.488224	-3.186893
		51.624837	-3.94495
		
c	7 9 10 8 6 3 4 0 1 11 5 12 14 13 2 15	2050.11803672427	0.794988196327573	7	9	10	8	6	3	4	0	1	11	5	12	14	13	2	15		
		54.980766	-1.615849
		55.958426	-3.186893
		55.862982	-4.263554
		54.892406	-2.923222
		53.751959	-0.335941
		53.803895	-1.549931
		53.478239	-2.258549
		52.486125	-1.890507
		51.460852	-2.588139
		51.488224	-3.186893
		53.409532	-3.000126
		51.624837	-3.94495
		50.152266	-5.065556
		50.726024	-3.543949
		51.512161	-0.116215
		51.289406	1.075802
		
c	8 4 0 5 3 1 11 12 14 13 2 15 6 7 9 10	2186.70363013192	0.781329636986808	8	4	0	5	3	1	11	12	14	13	2	15	6	7	9	10		
		54.892406	-2.923222
		53.478239	-2.258549
		52.486125	-1.890507
		53.409532	-3.000126
		53.803895	-1.549931
		51.460852	-2.588139
		51.488224	-3.186893
		51.624837	-3.94495
		50.152266	-5.065556
		50.726024	-3.543949
		51.512161	-0.116215
		51.289406	1.075802
		53.751959	-0.335941
		54.980766	-1.615849
		55.958426	-3.186893
		55.862982	-4.263554
		
c	8 6 3 4 7 9 10 0 1 11 5 12 14 13 2 15	2378.07725907259	0.762192274092741	8	6	3	4	7	9	10	0	1	11	5	12	14	13	2	15		
		54.892406	-2.923222
		53.751959	-0.335941
		53.803895	-1.549931
		53.478239	-2.258549
		54.980766	-1.615849
		55.958426	-3.186893
		55.862982	-4.263554
		52.486125	-1.890507
		51.460852	-2.588139
		51.488224	-3.186893
		53.409532	-3.000126
		51.624837	-3.94495
		50.152266	-5.065556
		50.726024	-3.543949
		51.512161	-0.116215
		51.289406	1.075802
		
c	9 8 5 3 4 6 7 10 0 1 11 12 14 13 2 15	2206.55381484229	0.779344618515771	9	8	5	3	4	6	7	10	0	1	11	12	14	13	2	15		
		55.958426	-3.186893
		54.892406	-2.923222
		53.409532	-3.000126
		53.803895	-1.549931
		53.478239	-2.258549
		53.751959	-0.335941
		54.980766	-1.615849
		55.862982	-4.263554
		52.486125	-1.890507
		51.460852	-2.588139
		51.488224	-3.186893
		51.624837	-3.94495
		50.152266	-5.065556
		50.726024	-3.543949
		51.512161	-0.116215
		51.289406	1.075802
		
c	5 4 0 1 11 12 14 13 2 15 6 7 9 10 8 3	1982.55061275106	0.801744938724895	5	4	0	1	11	12	14	13	2	15	6	7	9	10	8	3		
		53.409532	-3.000126
		53.478239	-2.258549
		52.486125	-1.890507
		51.460852	-2.588139
		51.488224	-3.186893
		51.624837	-3.94495
		50.152266	-5.065556
		50.726024	-3.543949
		51.512161	-0.116215
		51.289406	1.075802
		53.751959	-0.335941
		54.980766	-1.615849
		55.958426	-3.186893
		55.862982	-4.263554
		54.892406	-2.923222
		53.803895	-1.549931
		
c	12 14 13 2 15 6 7 9 10 8 3 4 5 0 11 1	2019.30196042199	0.798069803957801	12	14	13	2	15	6	7	9	10	8	3	4	5	0	11	1		
		51.624837	-3.94495
		50.152266	-5.065556
		50.726024	-3.543949
		51.512161	-0.116215
		51.289406	1.075802
		53.751959	-0.335941
		54.980766	-1.615849
		55.958426	-3.186893
		55.862982	-4.263554
		54.892406	-2.923222
		53.803895	-1.549931
		53.478239	-2.258549
		53.409532	-3.000126
		52.486125	-1.890507
		51.488224	-3.186893
		51.460852	-2.588139
		
c	11 12 14 13 2 15 6 7 9 10 8 3 5 4 0 1	2046.21399928202	0.795378600071798	11	12	14	13	2	15	6	7	9	10	8	3	5	4	0	1		
		51.488224	-3.186893
		51.624837	-3.94495
		50.152266	-5.065556
		50.726024	-3.543949
		51.512161	-0.116215
		51.289406	1.075802
		53.751959	-0.335941
		54.980766	-1.615849
		55.958426	-3.186893
		55.862982	-4.263554
		54.892406	-2.923222
		53.803895	-1.549931
		53.409532	-3.000126
		53.478239	-2.258549
		52.486125	-1.890507
		51.460852	-2.588139
		
c	0 1 11 12 14 13 2 3 6 7 9 10 8 5 4 15	2192.72697089415	0.780727302910585	0	1	11	12	14	13	2	3	6	7	9	10	8	5	4	15		
		52.486125	-1.890507
		51.460852	-2.588139
		51.488224	-3.186893
		51.624837	-3.94495
		50.152266	-5.065556
		50.726024	-3.543949
		51.512161	-0.116215
		53.803895	-1.549931
		53.751959	-0.335941
		54.980766	-1.615849
		55.958426	-3.186893
		55.862982	-4.263554
		54.892406	-2.923222
		53.409532	-3.000126
		53.478239	-2.258549
		51.289406	1.075802
		
c	1 4 10 9 8 7 5 6 3 0 11 12 14 13 2 15	2241.23444579201	0.775876555420799	1	4	10	9	8	7	5	6	3	0	11	12	14	13	2	15		
		51.460852	-2.588139
		53.478239	-2.258549
		55.862982	-4.263554
		55.958426	-3.186893
		54.892406	-2.923222
		54.980766	-1.615849
		53.409532	-3.000126
		53.751959	-0.335941
		53.803895	-1.549931
		52.486125	-1.890507
		51.488224	-3.186893
		51.624837	-3.94495
		50.152266	-5.065556
		50.726024	-3.543949
		51.512161	-0.116215
		51.289406	1.075802
		
c	1 2 15 6 7 9 10 8 5 3 4 0 11 12 14 13	2005.38872864769	0.799461127135231	1	2	15	6	7	9	10	8	5	3	4	0	11	12	14	13		
		51.460852	-2.588139
		51.512161	-0.116215
		51.289406	1.075802
		53.751959	-0.335941
		54.980766	-1.615849
		55.958426	-3.186893
		55.862982	-4.263554
		54.892406	-2.923222
		53.409532	-3.000126
		53.803895	-1.549931
		53.478239	-2.258549
		52.486125	-1.890507
		51.488224	-3.186893
		51.624837	-3.94495
		50.152266	-5.065556
		50.726024	-3.543949
		
c	3 9 10 7 6 0 8 5 4 1 11 12 14 13 2 15	2317.94389254911	0.768205610745089	3	9	10	7	6	0	8	5	4	1	11	12	14	13	2	15		
		53.803895	-1.549931
		55.958426	-3.186893
		55.862982	-4.263554
		54.980766	-1.615849
		53.751959	-0.335941
		52.486125	-1.890507
		54.892406	-2.923222
		53.409532	-3.000126
		53.478239	-2.258549
		51.460852	-2.588139
		51.488224	-3.186893
		51.624837	-3.94495
		50.152266	-5.065556
		50.726024	-3.543949
		51.512161	-0.116215
		51.289406	1.075802
		
c	3 4 10 8 6 7 9 5 0 1 11 12 14 13 2 15	2286.31913480264	0.771368086519736	3	4	10	8	6	7	9	5	0	1	11	12	14	13	2	15		
		53.803895	-1.549931
		53.478239	-2.258549
		55.862982	-4.263554
		54.892406	-2.923222
		53.751959	-0.335941
		54.980766	-1.615849
		55.958426	-3.186893
		53.409532	-3.000126
		52.486125	-1.890507
		51.460852	-2.588139
		51.488224	-3.186893
		51.624837	-3.94495
		50.152266	-5.065556
		50.726024	-3.543949
		51.512161	-0.116215
		51.289406	1.075802
		
c	5 0 11 12 14 13 2 15 6 7 9 10 8 3 4 1	2208.01274132126	0.779198725867874	5	0	11	12	14	13	2	15	6	7	9	10	8	3	4	1		
		53.409532	-3.000126
		52.486125	-1.890507
		51.488224	-3.186893
		51.624837	-3.94495
		50.152266	-5.065556
		50.726024	-3.543949
		51.512161	-0.116215
		51.289406	1.075802
		53.751959	-0.335941
		54.980766	-1.615849
		55.958426	-3.186893
		55.862982	-4.263554
		54.892406	-2.923222
		53.803895	-1.549931
		53.478239	-2.258549
		51.460852	-2.588139
		
c	12 5 0 11 14 13 2 15 6 7 9 10 8 3 4 1	2379.0020598274	0.76209979401726	12	5	0	11	14	13	2	15	6	7	9	10	8	3	4	1		
		51.624837	-3.94495
		53.409532	-3.000126
		52.486125	-1.890507
		51.488224	-3.186893
		50.152266	-5.065556
		50.726024	-3.543949
		51.512161	-0.116215
		51.289406	1.075802
		53.751959	-0.335941
		54.980766	-1.615849
		55.958426	-3.186893
		55.862982	-4.263554
		54.892406	-2.923222
		53.803895	-1.549931
		53.478239	-2.258549
		51.460852	-2.588139
		
c	1 11 5 12 4 0 14 13 2 6 3 7 9 10 8 15	2826.96810077357	0.717303189922643	1	11	5	12	4	0	14	13	2	6	3	7	9	10	8	15		
		51.460852	-2.588139
		51.488224	-3.186893
		53.409532	-3.000126
		51.624837	-3.94495
		53.478239	-2.258549
		52.486125	-1.890507
		50.152266	-5.065556
		50.726024	-3.543949
		51.512161	-0.116215
		53.751959	-0.335941
		53.803895	-1.549931
		54.980766	-1.615849
		55.958426	-3.186893
		55.862982	-4.263554
		54.892406	-2.923222
		51.289406	1.075802
		
c	8 3 4 0 11 1 6 7 9 10 5 12 14 13 2 15	2318.52004019191	0.768147995980809	8	3	4	0	11	1	6	7	9	10	5	12	14	13	2	15		
		54.892406	-2.923222
		53.803895	-1.549931
		53.478239	-2.258549
		52.486125	-1.890507
		51.488224	-3.186893
		51.460852	-2.588139
		53.751959	-0.335941
		54.980766	-1.615849
		55.958426	-3.186893
		55.862982	-4.263554
		53.409532	-3.000126
		51.624837	-3.94495
		50.152266	-5.065556
		50.726024	-3.543949
		51.512161	-0.116215
		51.289406	1.075802
		
c	3 4 10 9 8 7 5 6 0 1 11 12 14 13 2 15	2044.59579411961	0.795540420588039	3	4	10	9	8	7	5	6	0	1	11	12	14	13	2	15		
		53.803895	-1.549931
		53.478239	-2.258549
		55.862982	-4.263554
		55.958426	-3.186893
		54.892406	-2.923222
		54.980766	-1.615849
		53.409532	-3.000126
		53.751959	-0.335941
		52.486125	-1.890507
		51.460852	-2.588139
		51.488224	-3.186893
		51.624837	-3.94495
		50.152266	-5.065556
		50.726024	-3.543949
		51.512161	-0.116215
		51.289406	1.075802
		
c	1 11 12 14 13 2 8 3 5 4 0 15 6 7 9 10	2403.582818966	0.7596417181034	1	11	12	14	13	2	8	3	5	4	0	15	6	7	9	10		
		51.460852	-2.588139
		51.488224	-3.186893
		51.624837	-3.94495
		50.152266	-5.065556
		50.726024	-3.543949
		51.512161	-0.116215
		54.892406	-2.923222
		53.803895	-1.549931
		53.409532	-3.000126
		53.478239	-2.258549
		52.486125	-1.890507
		51.289406	1.075802
		53.751959	-0.335941
		54.980766	-1.615849
		55.958426	-3.186893
		55.862982	-4.263554
		
c	10 2 6 7 9 8 3 4 5 0 11 12 14 13 1 15	2481.1996206246	0.75188003793754	10	2	6	7	9	8	3	4	5	0	11	12	14	13	1	15		
		55.862982	-4.263554
		51.512161	-0.116215
		53.751959	-0.335941
		54.980766	-1.615849
		55.958426	-3.186893
		54.892406	-2.923222
		53.803895	-1.549931
		53.478239	-2.258549
		53.409532	-3.000126
		52.486125	-1.890507
		51.488224	-3.186893
		51.624837	-3.94495
		50.152266	-5.065556
		50.726024	-3.543949
		51.460852	-2.588139
		51.289406	1.075802
		
c	12 6 7 9 10 8 3 4 5 0 11 14 13 1 2 15	2066.06883726956	0.793393116273044	12	6	7	9	10	8	3	4	5	0	11	14	13	1	2	15		
		51.624837	-3.94495
		53.751959	-0.335941
		54.980766	-1.615849
		55.958426	-3.186893
		55.862982	-4.263554
		54.892406	-2.923222
		53.803895	-1.549931
		53.478239	-2.258549
		53.409532	-3.000126
		52.486125	-1.890507
		51.488224	-3.186893
		50.152266	-5.065556
		50.726024	-3.543949
		51.460852	-2.588139
		51.512161	-0.116215
		51.289406	1.075802
		
c	5 0 2 6 3 7 9 10 8 4 1 11 12 14 13 15	2222.73610626239	0.777726389373761	5	0	2	6	3	7	9	10	8	4	1	11	12	14	13	15		
		53.409532	-3.000126
		52.486125	-1.890507
		51.512161	-0.116215
		53.751959	-0.335941
		53.803895	-1.549931
		54.980766	-1.615849
		55.958426	-3.186893
		55.862982	-4.263554
		54.892406	-2.923222
		53.478239	-2.258549
		51.460852	-2.588139
		51.488224	-3.186893
		51.624837	-3.94495
		50.152266	-5.065556
		50.726024	-3.543949
		51.289406	1.075802
		
c	11 12 14 13 15 7 9 10 8 5 4 0 1 2 6 3	2442.71304929151	0.755728695070849	11	12	14	13	15	7	9	10	8	5	4	0	1	2	6	3		
		51.488224	-3.186893
		51.624837	-3.94495
		50.152266	-5.065556
		50.726024	-3.543949
		51.289406	1.075802
		54.980766	-1.615849
		55.958426	-3.186893
		55.862982	-4.263554
		54.892406	-2.923222
		53.409532	-3.000126
		53.478239	-2.258549
		52.486125	-1.890507
		51.460852	-2.588139
		51.512161	-0.116215
		53.751959	-0.335941
		53.803895	-1.549931
		
c	6 3 4 7 9 10 8 0 1 11 12 14 13 5 2 15	2140.64652877538	0.785935347122462	6	3	4	7	9	10	8	0	1	11	12	14	13	5	2	15		
		53.751959	-0.335941
		53.803895	-1.549931
		53.478239	-2.258549
		54.980766	-1.615849
		55.958426	-3.186893
		55.862982	-4.263554
		54.892406	-2.923222
		52.486125	-1.890507
		51.460852	-2.588139
		51.488224	-3.186893
		51.624837	-3.94495
		50.152266	-5.065556
		50.726024	-3.543949
		53.409532	-3.000126
		51.512161	-0.116215
		51.289406	1.075802
		
g95		1758.37881581719	0.824162118418281	0	6	3	7	9	10	8	5	4	0	1	11	12	14	13	2	15		
		53.751959	-0.335941
		53.803895	-1.549931
		54.980766	-1.615849
		55.958426	-3.186893
		55.862982	-4.263554
		54.892406	-2.923222
		53.409532	-3.000126
		53.478239	-2.258549
		52.486125	-1.890507
		51.460852	-2.588139
		51.488224	-3.186893
		51.624837	-3.94495
		50.152266	-5.065556
		50.726024	-3.543949
		51.512161	-0.116215
		51.289406	1.075802
		
g95		1764.36174716627	0.823563825283373	1	6	7	9	10	8	3	4	5	0	11	12	14	13	1	2	15		
		53.751959	-0.335941
		54.980766	-1.615849
		55.958426	-3.186893
		55.862982	-4.263554
		54.892406	-2.923222
		53.803895	-1.549931
		53.478239	-2.258549
		53.409532	-3.000126
		52.486125	-1.890507
		51.488224	-3.186893
		51.624837	-3.94495
		50.152266	-5.065556
		50.726024	-3.543949
		51.460852	-2.588139
		51.512161	-0.116215
		51.289406	1.075802
		
g95		1767.93964020092	0.823206035979908	2	10	9	8	7	5	6	3	4	0	1	11	12	14	13	2	15		
		55.862982	-4.263554
		55.958426	-3.186893
		54.892406	-2.923222
		54.980766	-1.615849
		53.409532	-3.000126
		53.751959	-0.335941
		53.803895	-1.549931
		53.478239	-2.258549
		52.486125	-1.890507
		51.460852	-2.588139
		51.488224	-3.186893
		51.624837	-3.94495
		50.152266	-5.065556
		50.726024	-3.543949
		51.512161	-0.116215
		51.289406	1.075802
		
g95		1785.41447966156	0.821458552033844	3	9	10	8	7	5	6	3	4	0	1	11	12	14	13	2	15		
		55.958426	-3.186893
		55.862982	-4.263554
		54.892406	-2.923222
		54.980766	-1.615849
		53.409532	-3.000126
		53.751959	-0.335941
		53.803895	-1.549931
		53.478239	-2.258549
		52.486125	-1.890507
		51.460852	-2.588139
		51.488224	-3.186893
		51.624837	-3.94495
		50.152266	-5.065556
		50.726024	-3.543949
		51.512161	-0.116215
		51.289406	1.075802
		
g95		1787.2678443766	0.82127321556234	4	3	6	7	9	10	8	5	4	0	1	11	12	14	13	2	15		
		53.803895	-1.549931
		53.751959	-0.335941
		54.980766	-1.615849
		55.958426	-3.186893
		55.862982	-4.263554
		54.892406	-2.923222
		53.409532	-3.000126
		53.478239	-2.258549
		52.486125	-1.890507
		51.460852	-2.588139
		51.488224	-3.186893
		51.624837	-3.94495
		50.152266	-5.065556
		50.726024	-3.543949
		51.512161	-0.116215
		51.289406	1.075802
		
g95		1793.58125239295	0.820641874760705	5	6	7	10	9	8	3	4	5	0	11	12	14	13	1	2	15		
		53.751959	-0.335941
		54.980766	-1.615849
		55.862982	-4.263554
		55.958426	-3.186893
		54.892406	-2.923222
		53.803895	-1.549931
		53.478239	-2.258549
		53.409532	-3.000126
		52.486125	-1.890507
		51.488224	-3.186893
		51.624837	-3.94495
		50.152266	-5.065556
		50.726024	-3.543949
		51.460852	-2.588139
		51.512161	-0.116215
		51.289406	1.075802
		
