c	1 3 6 7 10 9 8 5 4 11 12 0 14 13 2 15	2367.01435888112	0.763298564111888	1	3	6	7	10	9	8	5	4	11	12	0	14	13	2	15		
		51.460852	-2.588139
		53.803895	-1.549931
		53.751959	-0.335941
		54.980766	-1.615849
		55.862982	-4.263554
		55.958426	-3.186893
		54.892406	-2.923222
		53.409532	-3.000126
		53.478239	-2.258549
		51.488224	-3.186893
		51.624837	-3.94495
		52.486125	-1.890507
		50.152266	-5.065556
		50.726024	-3.543949
		51.512161	-0.116215
		51.289406	1.075802
		
c	1 11 2 7 12 9 10 8 3 6 4 5 0 14 13 15	3078.02763432714	0.692197236567286	1	11	2	7	12	9	10	8	3	6	4	5	0	14	13	15		
		51.460852	-2.588139
		51.488224	-3.186893
		51.512161	-0.116215
		54.980766	-1.615849
		51.624837	-3.94495
		55.958426	-3.186893
		55.862982	-4.263554
		54.892406	-2.923222
		53.803895	-1.549931
		53.751959	-0.335941
		53.478239	-2.258549
		53.409532	-3.000126
		52.486125	-1.890507
		50.152266	-5.065556
		50.726024	-3.543949
		51.289406	1.075802
		
c	10 8 5 1 11 12 14 13 2 3 4 0 7 6 9 15	2956.62946091763	0.704337053908237	10	8	5	1	11	12	14	13	2	3	4	0	7	6	9	15		
		55.862982	-4.263554
		54.892406	-2.923222
		53.409532	-3.000126
		51.460852	-2.588139
		51.488224	-3.186893
		51.624837	-3.94495
		50.152266	-5.065556
		50.726024	-3.543949
		51.512161	-0.116215
		53.803895	-1.549931
		53.478239	-2.258549
		52.486125	-1.890507
		54.980766	-1.615849
		53.751959	-0.335941
		55.958426	-3.186893
		51.289406	1.075802
		
c	0 11 12 14 13 7 9 10 8 6 3 1 5 4 2 15	2522.99548167404	0.747700451832596	0	11	12	14	13	7	9	10	8	6	3	1	5	4	2	15		
		52.486125	-1.890507
		51.488224	-3.186893
		51.624837	-3.94495
		50.152266	-5.065556
		50.726024	-3.543949
		54.980766	-1.615849
		55.958426	-3.186893
		55.862982	-4.263554
		54.892406	-2.923222
		53.751959	-0.335941
		53.803895	-1.549931
		51.460852	-2.588139
		53.409532	-3.000126
		53.478239	-2.258549
		51.512161	-0.116215
		51.289406	1.075802
		
c	10 9 8 7 3 6 4 5 1 11 12 14 13 2 0 15	1944.81477670692	0.805518522329308	10	9	8	7	3	6	4	5	1	11	12	14	13	2	0	15		
		55.862982	-4.263554
		55.958426	-3.186893
		54.892406	-2.923222
		54.980766	-1.615849
		53.803895	-1.549931
		53.751959	-0.335941
		53.478239	-2.258549
		53.409532	-3.000126
		51.460852	-2.588139
		51.488224	-3.186893
		51.624837	-3.94495
		50.152266	-5.065556
		50.726024	-3.543949
		51.512161	-0.116215
		52.486125	-1.890507
		51.289406	1.075802
		
c	11 1 14 13 9 10 7 8 6 3 4 5 0 12 2 15	2368.78953500914	0.763121046499086	11	1	14	13	9	10	7	8	6	3	4	5	0	12	2	15		
		51.488224	-3.186893
		51.460852	-2.588139
		50.152266	-5.065556
		50.726024	-3.543949
		55.958426	-3.186893
		55.862982	-4.263554
		54.980766	-1.615849
		54.892406	-2.923222
		53.751959	-0.335941
		53.803895	-1.549931
		53.478239	-2.258549
		53.409532	-3.000126
		52.486125	-1.890507
		51.624837	-3.94495
		51.512161	-0.116215
		51.289406	1.075802
		
c	7 9 10 8 5 4 0 1 11 12 14 13 3 6 2 15	1990.38194291528	0.800961805708472	7	9	10	8	5	4	0	1	11	12	14	13	3	6	2	15		
		54.980766	-1.615849
		55.958426	-3.186893
		55.862982	-4.263554
		54.892406	-2.923222
		53.409532	-3.000126
		53.478239	-2.258549
		52.486125	-1.890507
		51.460852	-2.588139
		51.488224	-3.186893
		51.624837	-3.94495
		50.152266	-5.065556
		50.726024	-3.543949
		53.803895	-1.549931
		53.751959	-0.335941
		51.512161	-0.116215
		51.289406	1.075802
		
c	9 10 8 5 1 7 3 6 4 0 11 12 14 13 2 15	2284.12829360236	0.771587170639764	9	10	8	5	1	7	3	6	4	0	11	12	14	13	2	15		
		55.958426	-3.186893
		55.862982	-4.263554
		54.892406	-2.923222
		53.409532	-3.000126
		51.460852	-2.588139
		54.980766	-1.615849
		53.803895	-1.549931
		53.751959	-0.335941
		53.478239	-2.258549
		52.486125	-1.890507
		51.488224	-3.186893
		51.624837	-3.94495
		50.152266	-5.065556
		50.726024	-3.543949
		51.512161	-0.116215
		51.289406	1.075802
		
c	11 12 14 13 1 2 0 4 3 6 7 9 10 8 5 15	2093.46854661278	0.790653145338722	11	12	14	13	1	2	0	4	3	6	7	9	10	8	5	15		
		51.488224	-3.186893
		51.624837	-3.94495
		50.152266	-5.065556
		50.726024	-3.543949
		51.460852	-2.588139
		51.512161	-0.116215
		52.486125	-1.890507
		53.478239	-2.258549
		53.803895	-1.549931
		53.751959	-0.335941
		54.980766	-1.615849
		55.958426	-3.186893
		55.862982	-4.263554
		54.892406	-2.923222
		53.409532	-3.000126
		51.289406	1.075802
		
c	7 9 10 8 6 3 4 5 0 11 12 14 13 1 2 15	1744.58188742157	0.825541811257843	7	9	10	8	6	3	4	5	0	11	12	14	13	1	2	15		
		54.980766	-1.615849
		55.958426	-3.186893
		55.862982	-4.263554
		54.892406	-2.923222
		53.751959	-0.335941
		53.803895	-1.549931
		53.478239	-2.258549
		53.409532	-3.000126
		52.486125	-1.890507
		51.488224	-3.186893
		51.624837	-3.94495
		50.152266	-5.065556
		50.726024	-3.543949
		51.460852	-2.588139
		51.512161	-0.116215
		51.289406	1.075802
		
c	7 6 3 4 5 0 1 11 8 10 9 12 14 13 2 15	2356.89375039207	0.764310624960793	7	6	3	4	5	0	1	11	8	10	9	12	14	13	2	15		
		54.980766	-1.615849
		53.751959	-0.335941
		53.803895	-1.549931
		53.478239	-2.258549
		53.409532	-3.000126
		52.486125	-1.890507
		51.460852	-2.588139
		51.488224	-3.186893
		54.892406	-2.923222
		55.862982	-4.263554
		55.958426	-3.186893
		51.624837	-3.94495
		50.152266	-5.065556
		50.726024	-3.543949
		51.512161	-0.116215
		51.289406	1.075802
		
c	2 1 12 14 13 7 8 10 9 5 0 11 3 6 4 15	2728.68458470862	0.727131541529138	2	1	12	14	13	7	8	10	9	5	0	11	3	6	4	15		
		51.512161	-0.116215
		51.460852	-2.588139
		51.624837	-3.94495
		50.152266	-5.065556
		50.726024	-3.543949
		54.980766	-1.615849
		54.892406	-2.923222
		55.862982	-4.263554
		55.958426	-3.186893
		53.409532	-3.000126
		52.486125	-1.890507
		51.488224	-3.186893
		53.803895	-1.549931
		53.751959	-0.335941
		53.478239	-2.258549
		51.289406	1.075802
		
c	0 11 12 1 14 13 6 9 7 10 8 3 5 4 2 15	2482.89886302047	0.751710113697953	0	11	12	1	14	13	6	9	7	10	8	3	5	4	2	15		
		52.486125	-1.890507
		51.488224	-3.186893
		51.624837	-3.94495
		51.460852	-2.588139
		50.152266	-5.065556
		50.726024	-3.543949
		53.751959	-0.335941
		55.958426	-3.186893
		54.980766	-1.615849
		55.862982	-4.263554
		54.892406	-2.923222
		53.803895	-1.549931
		53.409532	-3.000126
		53.478239	-2.258549
		51.512161	-0.116215
		51.289406	1.075802
		
c	4 5 10 9 7 6 3 8 0 1 11 12 14 13 2 15	2083.04916155577	0.791695083844423	4	5	10	9	7	6	3	8	0	1	11	12	14	13	2	15		
		53.478239	-2.258549
		53.409532	-3.000126
		55.862982	-4.263554
		55.958426	-3.186893
		54.980766	-1.615849
		53.751959	-0.335941
		53.803895	-1.549931
		54.892406	-2.923222
		52.486125	-1.890507
		51.460852	-2.588139
		51.488224	-3.186893
		51.624837	-3.94495
		50.152266	-5.065556
		50.726024	-3.543949
		51.512161	-0.116215
		51.289406	1.075802
		
c	10 8 3 7 9 6 4 5 0 11 12 14 13 1 2 15	2044.56689794629	0.795543310205371	10	8	3	7	9	6	4	5	0	11	12	14	13	1	2	15		
		55.862982	-4.263554
		54.892406	-2.923222
		53.803895	-1.549931
		54.980766	-1.615849
		55.958426	-3.186893
		53.751959	-0.335941
		53.478239	-2.258549
		53.409532	-3.000126
		52.486125	-1.890507
		51.488224	-3.186893
		51.624837	-3.94495
		50.152266	-5.065556
		50.726024	-3.543949
		51.460852	-2.588139
		51.512161	-0.116215
		51.289406	1.075802
		
c	8 7 6 3 4 5 0 1 11 12 9 10 14 13 2 15	2435.06777713589	0.756493222286411	8	7	6	3	4	5	0	1	11	12	9	10	14	13	2	15		
		54.892406	-2.923222
		54.980766	-1.615849
		53.751959	-0.335941
		53.803895	-1.549931
		53.478239	-2.258549
		53.409532	-3.000126
		52.486125	-1.890507
		51.460852	-2.588139
		51.488224	-3.186893
		51.624837	-3.94495
		55.958426	-3.186893
		55.862982	-4.263554
		50.152266	-5.065556
		50.726024	-3.543949
		51.512161	-0.116215
		51.289406	1.075802
		
c	14 13 8 10 9 7 3 6 4 5 0 11 12 1 2 15	2010.12817130234	0.798987182869766	14	13	8	10	9	7	3	6	4	5	0	11	12	1	2	15		
		50.152266	-5.065556
		50.726024	-3.543949
		54.892406	-2.923222
		55.862982	-4.263554
		55.958426	-3.186893
		54.980766	-1.615849
		53.803895	-1.549931
		53.751959	-0.335941
		53.478239	-2.258549
		53.409532	-3.000126
		52.486125	-1.890507
		51.488224	-3.186893
		51.624837	-3.94495
		51.460852	-2.588139
		51.512161	-0.116215
		51.289406	1.075802
		
c	14 13 9 10 8 3 6 4 5 0 11 12 1 2 7 15	2759.51085499051	0.724048914500949	14	13	9	10	8	3	6	4	5	0	11	12	1	2	7	15		
		50.152266	-5.065556
		50.726024	-3.543949
		55.958426	-3.186893
		55.862982	-4.263554
		54.892406	-2.923222
		53.803895	-1.549931
		53.751959	-0.335941
		53.478239	-2.258549
		53.409532	-3.000126
		52.486125	-1.890507
		51.488224	-3.186893
		51.624837	-3.94495
		51.460852	-2.588139
		51.512161	-0.116215
		54.980766	-1.615849
		51.289406	1.075802
		
c	10 3 6 7 9 8 5 4 0 1 11 12 14 13 2 15	1989.25891063495	0.801074108936505	10	3	6	7	9	8	5	4	0	1	11	12	14	13	2	15		
		55.862982	-4.263554
		53.803895	-1.549931
		53.751959	-0.335941
		54.980766	-1.615849
		55.958426	-3.186893
		54.892406	-2.923222
		53.409532	-3.000126
		53.478239	-2.258549
		52.486125	-1.890507
		51.460852	-2.588139
		51.488224	-3.186893
		51.624837	-3.94495
		50.152266	-5.065556
		50.726024	-3.543949
		51.512161	-0.116215
		51.289406	1.075802
		
c	9 10 8 3 6 4 5 0 11 12 1 14 13 2 7 15	2487.52027129351	0.751247972870649	9	10	8	3	6	4	5	0	11	12	1	14	13	2	7	15		
		55.958426	-3.186893
		55.862982	-4.263554
		54.892406	-2.923222
		53.803895	-1.549931
		53.751959	-0.335941
		53.478239	-2.258549
		53.409532	-3.000126
		52.486125	-1.890507
		51.488224	-3.186893
		51.624837	-3.94495
		51.460852	-2.588139
		50.152266	-5.065556
		50.726024	-3.543949
		51.512161	-0.116215
		54.980766	-1.615849
		51.289406	1.075802
		
c	10 9 7 4 0 11 12 14 13 3 6 2 1 8 5 15	2783.29405582133	0.721670594417867	10	9	7	4	0	11	12	14	13	3	6	2	1	8	5	15		
		55.862982	-4.263554
		55.958426	-3.186893
		54.980766	-1.615849
		53.478239	-2.258549
		52.486125	-1.890507
		51.488224	-3.186893
		51.624837	-3.94495
		50.152266	-5.065556
		50.726024	-3.543949
		53.803895	-1.549931
		53.751959	-0.335941
		51.512161	-0.116215
		51.460852	-2.588139
		54.892406	-2.923222
		53.409532	-3.000126
		51.289406	1.075802
		
c	13 11 2 0 4 3 9 6 8 7 10 5 12 14 1 15	2847.68240957804	0.715231759042196	13	11	2	0	4	3	9	6	8	7	10	5	12	14	1	15		
		50.726024	-3.543949
		51.488224	-3.186893
		51.512161	-0.116215
		52.486125	-1.890507
		53.478239	-2.258549
		53.803895	-1.549931
		55.958426	-3.186893
		53.751959	-0.335941
		54.892406	-2.923222
		54.980766	-1.615849
		55.862982	-4.263554
		53.409532	-3.000126
		51.624837	-3.94495
		50.152266	-5.065556
		51.460852	-2.588139
		51.289406	1.075802
		
c	12 14 13 0 1 10 9 7 8 6 3 4 5 11 2 15	2369.82480098864	0.763017519901136	12	14	13	0	1	10	9	7	8	6	3	4	5	11	2	15		
		51.624837	-3.94495
		50.152266	-5.065556
		50.726024	-3.543949
		52.486125	-1.890507
		51.460852	-2.588139
		55.862982	-4.263554
		55.958426	-3.186893
		54.980766	-1.615849
		54.892406	-2.923222
		53.751959	-0.335941
		53.803895	-1.549931
		53.478239	-2.258549
		53.409532	-3.000126
		51.488224	-3.186893
		51.512161	-0.116215
		51.289406	1.075802
		
c	14 13 2 4 0 9 7 8 6 3 10 5 1 11 12 15	2908.31831191683	0.709168168808317	14	13	2	4	0	9	7	8	6	3	10	5	1	11	12	15		
		50.152266	-5.065556
		50.726024	-3.543949
		51.512161	-0.116215
		53.478239	-2.258549
		52.486125	-1.890507
		55.958426	-3.186893
		54.980766	-1.615849
		54.892406	-2.923222
		53.751959	-0.335941
		53.803895	-1.549931
		55.862982	-4.263554
		53.409532	-3.000126
		51.460852	-2.588139
		51.488224	-3.186893
		51.624837	-3.94495
		51.289406	1.075802
		
c	13 2 0 4 3 6 7 9 10 8 5 1 11 12 14 15	2293.00075333504	0.770699924666496	13	2	0	4	3	6	7	9	10	8	5	1	11	12	14	15		
		50.726024	-3.543949
		51.512161	-0.116215
		52.486125	-1.890507
		53.478239	-2.258549
		53.803895	-1.549931
		53.751959	-0.335941
		54.980766	-1.615849
		55.958426	-3.186893
		55.862982	-4.263554
		54.892406	-2.923222
		53.409532	-3.000126
		51.460852	-2.588139
		51.488224	-3.186893
		51.624837	-3.94495
		50.152266	-5.065556
		51.289406	1.075802
		
c	11 12 14 13 2 9 3 6 7 10 8 5 1 4 0 15	2947.26648936089	0.705273351063911	11	12	14	13	2	9	3	6	7	10	8	5	1	4	0	15		
		51.488224	-3.186893
		51.624837	-3.94495
		50.152266	-5.065556
		50.726024	-3.543949
		51.512161	-0.116215
		55.958426	-3.186893
		53.803895	-1.549931
		53.751959	-0.335941
		54.980766	-1.615849
		55.862982	-4.263554
		54.892406	-2.923222
		53.409532	-3.000126
		51.460852	-2.588139
		53.478239	-2.258549
		52.486125	-1.890507
		51.289406	1.075802
		
c	6 4 8 7 10 5 12 14 13 11 2 0 3 9 1 15	3001.31924695144	0.699868075304856	6	4	8	7	10	5	12	14	13	11	2	0	3	9	1	15		
		53.751959	-0.335941
		53.478239	-2.258549
		54.892406	-2.923222
		54.980766	-1.615849
		55.862982	-4.263554
		53.409532	-3.000126
		51.624837	-3.94495
		50.152266	-5.065556
		50.726024	-3.543949
		51.488224	-3.186893
		51.512161	-0.116215
		52.486125	-1.890507
		53.803895	-1.549931
		55.958426	-3.186893
		51.460852	-2.588139
		51.289406	1.075802
		
c	0 11 1 12 14 13 7 8 9 10 3 6 4 5 2 15	2269.61250186345	0.773038749813655	0	11	1	12	14	13	7	8	9	10	3	6	4	5	2	15		
		52.486125	-1.890507
		51.488224	-3.186893
		51.460852	-2.588139
		51.624837	-3.94495
		50.152266	-5.065556
		50.726024	-3.543949
		54.980766	-1.615849
		54.892406	-2.923222
		55.958426	-3.186893
		55.862982	-4.263554
		53.803895	-1.549931
		53.751959	-0.335941
		53.478239	-2.258549
		53.409532	-3.000126
		51.512161	-0.116215
		51.289406	1.075802
		
c	8 10 9 7 3 6 5 0 11 12 14 13 2 4 1 15	2370.71733939665	0.762928266060335	8	10	9	7	3	6	5	0	11	12	14	13	2	4	1	15		
		54.892406	-2.923222
		55.862982	-4.263554
		55.958426	-3.186893
		54.980766	-1.615849
		53.803895	-1.549931
		53.751959	-0.335941
		53.409532	-3.000126
		52.486125	-1.890507
		51.488224	-3.186893
		51.624837	-3.94495
		50.152266	-5.065556
		50.726024	-3.543949
		51.512161	-0.116215
		53.478239	-2.258549
		51.460852	-2.588139
		51.289406	1.075802
		
c	10 8 3 5 4 0 1 11 2 7 9 6 12 14 13 15	2759.49920959688	0.724050079040312	10	8	3	5	4	0	1	11	2	7	9	6	12	14	13	15		
		55.862982	-4.263554
		54.892406	-2.923222
		53.803895	-1.549931
		53.409532	-3.000126
		53.478239	-2.258549
		52.486125	-1.890507
		51.460852	-2.588139
		51.488224	-3.186893
		51.512161	-0.116215
		54.980766	-1.615849
		55.958426	-3.186893
		53.751959	-0.335941
		51.624837	-3.94495
		50.152266	-5.065556
		50.726024	-3.543949
		51.289406	1.075802
		
c	2 10 9 8 7 6 3 4 5 0 1 11 12 14 13 15	2158.1973017758	0.78418026982242	2	10	9	8	7	6	3	4	5	0	1	11	12	14	13	15		
		51.512161	-0.116215
		55.862982	-4.263554
		55.958426	-3.186893
		54.892406	-2.923222
		54.980766	-1.615849
		53.751959	-0.335941
		53.803895	-1.549931
		53.478239	-2.258549
		53.409532	-3.000126
		52.486125	-1.890507
		51.460852	-2.588139
		51.488224	-3.186893
		51.624837	-3.94495
		50.152266	-5.065556
		50.726024	-3.543949
		51.289406	1.075802
		
c	6 7 9 11 12 14 13 1 2 0 4 3 10 8 5 15	2730.0229049287	0.72699770950713	6	7	9	11	12	14	13	1	2	0	4	3	10	8	5	15		
		53.751959	-0.335941
		54.980766	-1.615849
		55.958426	-3.186893
		51.488224	-3.186893
		51.624837	-3.94495
		50.152266	-5.065556
		50.726024	-3.543949
		51.460852	-2.588139
		51.512161	-0.116215
		52.486125	-1.890507
		53.478239	-2.258549
		53.803895	-1.549931
		55.862982	-4.263554
		54.892406	-2.923222
		53.409532	-3.000126
		51.289406	1.075802
		
c	7 3 6 4 5 0 11 12 14 13 1 10 9 8 2 15	2322.22676093553	0.767777323906447	7	3	6	4	5	0	11	12	14	13	1	10	9	8	2	15		
		54.980766	-1.615849
		53.803895	-1.549931
		53.751959	-0.335941
		53.478239	-2.258549
		53.409532	-3.000126
		52.486125	-1.890507
		51.488224	-3.186893
		51.624837	-3.94495
		50.152266	-5.065556
		50.726024	-3.543949
		51.460852	-2.588139
		55.862982	-4.263554
		55.958426	-3.186893
		54.892406	-2.923222
		51.512161	-0.116215
		51.289406	1.075802
		
c	1 11 12 6 3 4 5 0 8 10 9 7 14 13 2 15	2430.51294001444	0.756948705998556	1	11	12	6	3	4	5	0	8	10	9	7	14	13	2	15		
		51.460852	-2.588139
		51.488224	-3.186893
		51.624837	-3.94495
		53.751959	-0.335941
		53.803895	-1.549931
		53.478239	-2.258549
		53.409532	-3.000126
		52.486125	-1.890507
		54.892406	-2.923222
		55.862982	-4.263554
		55.958426	-3.186893
		54.980766	-1.615849
		50.152266	-5.065556
		50.726024	-3.543949
		51.512161	-0.116215
		51.289406	1.075802
		
c	6 7 9 10 8 5 1 11 12 14 13 2 3 4 0 15	2240.95856798341	0.775904143201659	6	7	9	10	8	5	1	11	12	14	13	2	3	4	0	15		
		53.751959	-0.335941
		54.980766	-1.615849
		55.958426	-3.186893
		55.862982	-4.263554
		54.892406	-2.923222
		53.409532	-3.000126
		51.460852	-2.588139
		51.488224	-3.186893
		51.624837	-3.94495
		50.152266	-5.065556
		50.726024	-3.543949
		51.512161	-0.116215
		53.803895	-1.549931
		53.478239	-2.258549
		52.486125	-1.890507
		51.289406	1.075802
		
c	11 12 14 10 3 6 7 9 8 5 4 0 1 13 2 15	2565.21248255835	0.743478751744165	11	12	14	10	3	6	7	9	8	5	4	0	1	13	2	15		
		51.488224	-3.186893
		51.624837	-3.94495
		50.152266	-5.065556
		55.862982	-4.263554
		53.803895	-1.549931
		53.751959	-0.335941
		54.980766	-1.615849
		55.958426	-3.186893
		54.892406	-2.923222
		53.409532	-3.000126
		53.478239	-2.258549
		52.486125	-1.890507
		51.460852	-2.588139
		50.726024	-3.543949
		51.512161	-0.116215
		51.289406	1.075802
		
c	7 9 10 8 5 1 11 12 14 13 2 3 6 4 0 15	2232.42414884044	0.776757585115956	7	9	10	8	5	1	11	12	14	13	2	3	6	4	0	15		
		54.980766	-1.615849
		55.958426	-3.186893
		55.862982	-4.263554
		54.892406	-2.923222
		53.409532	-3.000126
		51.460852	-2.588139
		51.488224	-3.186893
		51.624837	-3.94495
		50.152266	-5.065556
		50.726024	-3.543949
		51.512161	-0.116215
		53.803895	-1.549931
		53.751959	-0.335941
		53.478239	-2.258549
		52.486125	-1.890507
		51.289406	1.075802
		
c	11 12 14 13 2 6 4 3 7 9 10 8 5 0 1 15	2208.54076984038	0.779145923015962	11	12	14	13	2	6	4	3	7	9	10	8	5	0	1	15		
		51.488224	-3.186893
		51.624837	-3.94495
		50.152266	-5.065556
		50.726024	-3.543949
		51.512161	-0.116215
		53.751959	-0.335941
		53.478239	-2.258549
		53.803895	-1.549931
		54.980766	-1.615849
		55.958426	-3.186893
		55.862982	-4.263554
		54.892406	-2.923222
		53.409532	-3.000126
		52.486125	-1.890507
		51.460852	-2.588139
		51.289406	1.075802
		
c	3 6 4 5 0 11 12 14 13 1 2 7 9 10 8 15	2398.94443043193	0.760105556956807	3	6	4	5	0	11	12	14	13	1	2	7	9	10	8	15		
		53.803895	-1.549931
		53.751959	-0.335941
		53.478239	-2.258549
		53.409532	-3.000126
		52.486125	-1.890507
		51.488224	-3.186893
		51.624837	-3.94495
		50.152266	-5.065556
		50.726024	-3.543949
		51.460852	-2.588139
		51.512161	-0.116215
		54.980766	-1.615849
		55.958426	-3.186893
		55.862982	-4.263554
		54.892406	-2.923222
		51.289406	1.075802
		
c	4 0 1 11 12 14 13 3 6 9 10 8 5 2 7 15	2897.34592425816	0.710265407574184	4	0	1	11	12	14	13	3	6	9	10	8	5	2	7	15		
		53.478239	-2.258549
		52.486125	-1.890507
		51.460852	-2.588139
		51.488224	-3.186893
		51.624837	-3.94495
		50.152266	-5.065556
		50.726024	-3.543949
		53.803895	-1.549931
		53.751959	-0.335941
		55.958426	-3.186893
		55.862982	-4.263554
		54.892406	-2.923222
		53.409532	-3.000126
		51.512161	-0.116215
		54.980766	-1.615849
		51.289406	1.075802
		
c	6 4 5 0 11 12 14 13 2 10 9 8 7 3 1 15	2547.83853922716	0.745216146077284	6	4	5	0	11	12	14	13	2	10	9	8	7	3	1	15		
		53.751959	-0.335941
		53.478239	-2.258549
		53.409532	-3.000126
		52.486125	-1.890507
		51.488224	-3.186893
		51.624837	-3.94495
		50.152266	-5.065556
		50.726024	-3.543949
		51.512161	-0.116215
		55.862982	-4.263554
		55.958426	-3.186893
		54.892406	-2.923222
		54.980766	-1.615849
		53.803895	-1.549931
		51.460852	-2.588139
		51.289406	1.075802
		
c	13 7 8 10 9 5 3 6 4 0 11 12 14 1 2 15	2354.71444029317	0.764528555970683	13	7	8	10	9	5	3	6	4	0	11	12	14	1	2	15		
		50.726024	-3.543949
		54.980766	-1.615849
		54.892406	-2.923222
		55.862982	-4.263554
		55.958426	-3.186893
		53.409532	-3.000126
		53.803895	-1.549931
		53.751959	-0.335941
		53.478239	-2.258549
		52.486125	-1.890507
		51.488224	-3.186893
		51.624837	-3.94495
		50.152266	-5.065556
		51.460852	-2.588139
		51.512161	-0.116215
		51.289406	1.075802
		
c	9 10 3 4 11 1 14 13 12 6 7 8 5 0 2 15	2265.81123486448	0.773418876513552	9	10	3	4	11	1	14	13	12	6	7	8	5	0	2	15		
		55.958426	-3.186893
		55.862982	-4.263554
		53.803895	-1.549931
		53.478239	-2.258549
		51.488224	-3.186893
		51.460852	-2.588139
		50.152266	-5.065556
		50.726024	-3.543949
		51.624837	-3.94495
		53.751959	-0.335941
		54.980766	-1.615849
		54.892406	-2.923222
		53.409532	-3.000126
		52.486125	-1.890507
		51.512161	-0.116215
		51.289406	1.075802
		
c	0 11 12 14 4 5 3 6 7 9 10 8 1 13 2 15	2370.98160384685	0.762901839615315	0	11	12	14	4	5	3	6	7	9	10	8	1	13	2	15		
		52.486125	-1.890507
		51.488224	-3.186893
		51.624837	-3.94495
		50.152266	-5.065556
		53.478239	-2.258549
		53.409532	-3.000126
		53.803895	-1.549931
		53.751959	-0.335941
		54.980766	-1.615849
		55.958426	-3.186893
		55.862982	-4.263554
		54.892406	-2.923222
		51.460852	-2.588139
		50.726024	-3.543949
		51.512161	-0.116215
		51.289406	1.075802
		
c	3 6 7 9 8 5 4 0 1 10 11 14 13 12 2 15	2730.09141845212	0.726990858154788	3	6	7	9	8	5	4	0	1	10	11	14	13	12	2	15		
		53.803895	-1.549931
		53.751959	-0.335941
		54.980766	-1.615849
		55.958426	-3.186893
		54.892406	-2.923222
		53.409532	-3.000126
		53.478239	-2.258549
		52.486125	-1.890507
		51.460852	-2.588139
		55.862982	-4.263554
		51.488224	-3.186893
		50.152266	-5.065556
		50.726024	-3.543949
		51.624837	-3.94495
		51.512161	-0.116215
		51.289406	1.075802
		
c	8 1 11 12 10 9 7 3 6 4 5 0 14 13 2 15	2489.66070812182	0.751033929187818	8	1	11	12	10	9	7	3	6	4	5	0	14	13	2	15		
		54.892406	-2.923222
		51.460852	-2.588139
		51.488224	-3.186893
		51.624837	-3.94495
		55.862982	-4.263554
		55.958426	-3.186893
		54.980766	-1.615849
		53.803895	-1.549931
		53.751959	-0.335941
		53.478239	-2.258549
		53.409532	-3.000126
		52.486125	-1.890507
		50.152266	-5.065556
		50.726024	-3.543949
		51.512161	-0.116215
		51.289406	1.075802
		
c	9 8 7 6 3 4 5 10 1 11 12 14 13 2 0 15	2402.38950693374	0.759761049306626	9	8	7	6	3	4	5	10	1	11	12	14	13	2	0	15		
		55.958426	-3.186893
		54.892406	-2.923222
		54.980766	-1.615849
		53.751959	-0.335941
		53.803895	-1.549931
		53.478239	-2.258549
		53.409532	-3.000126
		55.862982	-4.263554
		51.460852	-2.588139
		51.488224	-3.186893
		51.624837	-3.94495
		50.152266	-5.065556
		50.726024	-3.543949
		51.512161	-0.116215
		52.486125	-1.890507
		51.289406	1.075802
		
c	3 6 7 8 5 1 11 12 14 13 0 2 10 9 4 15	2737.29434177332	0.726270565822668	3	6	7	8	5	1	11	12	14	13	0	2	10	9	4	15		
		53.803895	-1.549931
		53.751959	-0.335941
		54.980766	-1.615849
		54.892406	-2.923222
		53.409532	-3.000126
		51.460852	-2.588139
		51.488224	-3.186893
		51.624837	-3.94495
		50.152266	-5.065556
		50.726024	-3.543949
		52.486125	-1.890507
		51.512161	-0.116215
		55.862982	-4.263554
		55.958426	-3.186893
		53.478239	-2.258549
		51.289406	1.075802
		
c	12 6 7 9 10 8 5 14 13 2 3 4 0 1 11 15	2691.52114794156	0.730847885205844	12	6	7	9	10	8	5	14	13	2	3	4	0	1	11	15		
		51.624837	-3.94495
		53.751959	-0.335941
		54.980766	-1.615849
		55.958426	-3.186893
		55.862982	-4.263554
		54.892406	-2.923222
		53.409532	-3.000126
		50.152266	-5.065556
		50.726024	-3.543949
		51.512161	-0.116215
		53.803895	-1.549931
		53.478239	-2.258549
		52.486125	-1.890507
		51.460852	-2.588139
		51.488224	-3.186893
		51.289406	1.075802
		
c	1 11 12 0 3 6 7 10 9 8 5 4 14 13 2 15	2133.55306341231	0.786644693658769	1	11	12	0	3	6	7	10	9	8	5	4	14	13	2	15		
		51.460852	-2.588139
		51.488224	-3.186893
		51.624837	-3.94495
		52.486125	-1.890507
		53.803895	-1.549931
		53.751959	-0.335941
		54.980766	-1.615849
		55.862982	-4.263554
		55.958426	-3.186893
		54.892406	-2.923222
		53.409532	-3.000126
		53.478239	-2.258549
		50.152266	-5.065556
		50.726024	-3.543949
		51.512161	-0.116215
		51.289406	1.075802
		
c	8 7 6 5 10 9 3 4 0 1 11 12 14 13 2 15	2077.63834802509	0.792236165197491	8	7	6	5	10	9	3	4	0	1	11	12	14	13	2	15		
		54.892406	-2.923222
		54.980766	-1.615849
		53.751959	-0.335941
		53.409532	-3.000126
		55.862982	-4.263554
		55.958426	-3.186893
		53.803895	-1.549931
		53.478239	-2.258549
		52.486125	-1.890507
		51.460852	-2.588139
		51.488224	-3.186893
		51.624837	-3.94495
		50.152266	-5.065556
		50.726024	-3.543949
		51.512161	-0.116215
		51.289406	1.075802
		
c	5 0 12 14 13 9 8 3 4 11 1 2 6 7 10 15	3179.25210751785	0.682074789248215	5	0	12	14	13	9	8	3	4	11	1	2	6	7	10	15		
		53.409532	-3.000126
		52.486125	-1.890507
		51.624837	-3.94495
		50.152266	-5.065556
		50.726024	-3.543949
		55.958426	-3.186893
		54.892406	-2.923222
		53.803895	-1.549931
		53.478239	-2.258549
		51.488224	-3.186893
		51.460852	-2.588139
		51.512161	-0.116215
		53.751959	-0.335941
		54.980766	-1.615849
		55.862982	-4.263554
		51.289406	1.075802
		
c	13 1 2 0 4 3 6 7 9 10 8 5 11 12 14 15	2269.02470485338	0.773097529514662	13	1	2	0	4	3	6	7	9	10	8	5	11	12	14	15		
		50.726024	-3.543949
		51.460852	-2.588139
		51.512161	-0.116215
		52.486125	-1.890507
		53.478239	-2.258549
		53.803895	-1.549931
		53.751959	-0.335941
		54.980766	-1.615849
		55.958426	-3.186893
		55.862982	-4.263554
		54.892406	-2.923222
		53.409532	-3.000126
		51.488224	-3.186893
		51.624837	-3.94495
		50.152266	-5.065556
		51.289406	1.075802
		
c	14 13 0 1 11 12 10 9 8 7 3 6 4 5 2 15	2079.86205201305	0.792013794798695	14	13	0	1	11	12	10	9	8	7	3	6	4	5	2	15		
		50.152266	-5.065556
		50.726024	-3.543949
		52.486125	-1.890507
		51.460852	-2.588139
		51.488224	-3.186893
		51.624837	-3.94495
		55.862982	-4.263554
		55.958426	-3.186893
		54.892406	-2.923222
		54.980766	-1.615849
		53.803895	-1.549931
		53.751959	-0.335941
		53.478239	-2.258549
		53.409532	-3.000126
		51.512161	-0.116215
		51.289406	1.075802
		
c	0 4 3 5 11 12 14 13 1 9 8 10 7 6 2 15	2406.21697117195	0.759378302882805	0	4	3	5	11	12	14	13	1	9	8	10	7	6	2	15		
		52.486125	-1.890507
		53.478239	-2.258549
		53.803895	-1.549931
		53.409532	-3.000126
		51.488224	-3.186893
		51.624837	-3.94495
		50.152266	-5.065556
		50.726024	-3.543949
		51.460852	-2.588139
		55.958426	-3.186893
		54.892406	-2.923222
		55.862982	-4.263554
		54.980766	-1.615849
		53.751959	-0.335941
		51.512161	-0.116215
		51.289406	1.075802
		
c	6 4 8 7 3 5 0 1 11 12 14 13 9 10 2 15	2559.00915324502	0.744099084675498	6	4	8	7	3	5	0	1	11	12	14	13	9	10	2	15		
		53.751959	-0.335941
		53.478239	-2.258549
		54.892406	-2.923222
		54.980766	-1.615849
		53.803895	-1.549931
		53.409532	-3.000126
		52.486125	-1.890507
		51.460852	-2.588139
		51.488224	-3.186893
		51.624837	-3.94495
		50.152266	-5.065556
		50.726024	-3.543949
		55.958426	-3.186893
		55.862982	-4.263554
		51.512161	-0.116215
		51.289406	1.075802
		
c	5 1 11 12 14 13 0 10 9 8 7 3 6 4 2 15	2215.68811920045	0.778431188079955	5	1	11	12	14	13	0	10	9	8	7	3	6	4	2	15		
		53.409532	-3.000126
		51.460852	-2.588139
		51.488224	-3.186893
		51.624837	-3.94495
		50.152266	-5.065556
		50.726024	-3.543949
		52.486125	-1.890507
		55.862982	-4.263554
		55.958426	-3.186893
		54.892406	-2.923222
		54.980766	-1.615849
		53.803895	-1.549931
		53.751959	-0.335941
		53.478239	-2.258549
		51.512161	-0.116215
		51.289406	1.075802
		
c	4 8 10 9 7 3 6 5 0 11 12 14 13 1 2 15	1899.43205526095	0.810056794473905	4	8	10	9	7	3	6	5	0	11	12	14	13	1	2	15		
		53.478239	-2.258549
		54.892406	-2.923222
		55.862982	-4.263554
		55.958426	-3.186893
		54.980766	-1.615849
		53.803895	-1.549931
		53.751959	-0.335941
		53.409532	-3.000126
		52.486125	-1.890507
		51.488224	-3.186893
		51.624837	-3.94495
		50.152266	-5.065556
		50.726024	-3.543949
		51.460852	-2.588139
		51.512161	-0.116215
		51.289406	1.075802
		
c	11 12 14 10 9 8 7 3 6 4 5 0 1 13 2 15	2233.08303638802	0.776691696361198	11	12	14	10	9	8	7	3	6	4	5	0	1	13	2	15		
		51.488224	-3.186893
		51.624837	-3.94495
		50.152266	-5.065556
		55.862982	-4.263554
		55.958426	-3.186893
		54.892406	-2.923222
		54.980766	-1.615849
		53.803895	-1.549931
		53.751959	-0.335941
		53.478239	-2.258549
		53.409532	-3.000126
		52.486125	-1.890507
		51.460852	-2.588139
		50.726024	-3.543949
		51.512161	-0.116215
		51.289406	1.075802
		
c	6 4 5 0 10 8 3 1 11 2 7 9 12 14 13 15	3190.02826258633	0.680997173741367	6	4	5	0	10	8	3	1	11	2	7	9	12	14	13	15		
		53.751959	-0.335941
		53.478239	-2.258549
		53.409532	-3.000126
		52.486125	-1.890507
		55.862982	-4.263554
		54.892406	-2.923222
		53.803895	-1.549931
		51.460852	-2.588139
		51.488224	-3.186893
		51.512161	-0.116215
		54.980766	-1.615849
		55.958426	-3.186893
		51.624837	-3.94495
		50.152266	-5.065556
		50.726024	-3.543949
		51.289406	1.075802
		
c	0 1 11 9 3 6 4 8 7 10 5 12 14 13 2 15	2716.00323552342	0.728399676447658	0	1	11	9	3	6	4	8	7	10	5	12	14	13	2	15		
		52.486125	-1.890507
		51.460852	-2.588139
		51.488224	-3.186893
		55.958426	-3.186893
		53.803895	-1.549931
		53.751959	-0.335941
		53.478239	-2.258549
		54.892406	-2.923222
		54.980766	-1.615849
		55.862982	-4.263554
		53.409532	-3.000126
		51.624837	-3.94495
		50.152266	-5.065556
		50.726024	-3.543949
		51.512161	-0.116215
		51.289406	1.075802
		
c	6 7 10 9 3 4 8 5 0 11 12 14 13 1 2 15	2063.43493153225	0.793656506846775	6	7	10	9	3	4	8	5	0	11	12	14	13	1	2	15		
		53.751959	-0.335941
		54.980766	-1.615849
		55.862982	-4.263554
		55.958426	-3.186893
		53.803895	-1.549931
		53.478239	-2.258549
		54.892406	-2.923222
		53.409532	-3.000126
		52.486125	-1.890507
		51.488224	-3.186893
		51.624837	-3.94495
		50.152266	-5.065556
		50.726024	-3.543949
		51.460852	-2.588139
		51.512161	-0.116215
		51.289406	1.075802
		
c	9 7 3 10 8 6 4 5 0 11 12 14 13 1 2 15	2086.31501266108	0.791368498733892	9	7	3	10	8	6	4	5	0	11	12	14	13	1	2	15		
		55.958426	-3.186893
		54.980766	-1.615849
		53.803895	-1.549931
		55.862982	-4.263554
		54.892406	-2.923222
		53.751959	-0.335941
		53.478239	-2.258549
		53.409532	-3.000126
		52.486125	-1.890507
		51.488224	-3.186893
		51.624837	-3.94495
		50.152266	-5.065556
		50.726024	-3.543949
		51.460852	-2.588139
		51.512161	-0.116215
		51.289406	1.075802
		
c	9 10 8 5 1 11 12 14 13 2 6 4 3 7 0 15	2337.33453144834	0.766266546855165	9	10	8	5	1	11	12	14	13	2	6	4	3	7	0	15		
		55.958426	-3.186893
		55.862982	-4.263554
		54.892406	-2.923222
		53.409532	-3.000126
		51.460852	-2.588139
		51.488224	-3.186893
		51.624837	-3.94495
		50.152266	-5.065556
		50.726024	-3.543949
		51.512161	-0.116215
		53.751959	-0.335941
		53.478239	-2.258549
		53.803895	-1.549931
		54.980766	-1.615849
		52.486125	-1.890507
		51.289406	1.075802
		
c	5 0 1 7 9 10 8 3 6 4 11 12 14 13 2 15	2292.30699406347	0.770769300593653	5	0	1	7	9	10	8	3	6	4	11	12	14	13	2	15		
		53.409532	-3.000126
		52.486125	-1.890507
		51.460852	-2.588139
		54.980766	-1.615849
		55.958426	-3.186893
		55.862982	-4.263554
		54.892406	-2.923222
		53.803895	-1.549931
		53.751959	-0.335941
		53.478239	-2.258549
		51.488224	-3.186893
		51.624837	-3.94495
		50.152266	-5.065556
		50.726024	-3.543949
		51.512161	-0.116215
		51.289406	1.075802
		
c	14 13 1 10 9 12 2 0 4 3 6 7 8 5 11 15	2884.03827609047	0.711596172390953	14	13	1	10	9	12	2	0	4	3	6	7	8	5	11	15		
		50.152266	-5.065556
		50.726024	-3.543949
		51.460852	-2.588139
		55.862982	-4.263554
		55.958426	-3.186893
		51.624837	-3.94495
		51.512161	-0.116215
		52.486125	-1.890507
		53.478239	-2.258549
		53.803895	-1.549931
		53.751959	-0.335941
		54.980766	-1.615849
		54.892406	-2.923222
		53.409532	-3.000126
		51.488224	-3.186893
		51.289406	1.075802
		
c	0 1 11 12 14 13 6 9 7 10 8 3 5 4 2 15	2365.17202803933	0.763482797196067	0	1	11	12	14	13	6	9	7	10	8	3	5	4	2	15		
		52.486125	-1.890507
		51.460852	-2.588139
		51.488224	-3.186893
		51.624837	-3.94495
		50.152266	-5.065556
		50.726024	-3.543949
		53.751959	-0.335941
		55.958426	-3.186893
		54.980766	-1.615849
		55.862982	-4.263554
		54.892406	-2.923222
		53.803895	-1.549931
		53.409532	-3.000126
		53.478239	-2.258549
		51.512161	-0.116215
		51.289406	1.075802
		
c	7 9 10 8 5 3 6 4 0 11 12 14 13 1 2 15	1812.37087233393	0.818762912766607	7	9	10	8	5	3	6	4	0	11	12	14	13	1	2	15		
		54.980766	-1.615849
		55.958426	-3.186893
		55.862982	-4.263554
		54.892406	-2.923222
		53.409532	-3.000126
		53.803895	-1.549931
		53.751959	-0.335941
		53.478239	-2.258549
		52.486125	-1.890507
		51.488224	-3.186893
		51.624837	-3.94495
		50.152266	-5.065556
		50.726024	-3.543949
		51.460852	-2.588139
		51.512161	-0.116215
		51.289406	1.075802
		
c	4 11 1 14 13 9 10 7 8 6 3 5 0 12 2 15	2595.25606445479	0.740474393554521	4	11	1	14	13	9	10	7	8	6	3	5	0	12	2	15		
		53.478239	-2.258549
		51.488224	-3.186893
		51.460852	-2.588139
		50.152266	-5.065556
		50.726024	-3.543949
		55.958426	-3.186893
		55.862982	-4.263554
		54.980766	-1.615849
		54.892406	-2.923222
		53.751959	-0.335941
		53.803895	-1.549931
		53.409532	-3.000126
		52.486125	-1.890507
		51.624837	-3.94495
		51.512161	-0.116215
		51.289406	1.075802
		
c	13 1 10 9 7 8 6 3 4 5 2 0 11 12 14 15	2584.22050709518	0.741577949290482	13	1	10	9	7	8	6	3	4	5	2	0	11	12	14	15		
		50.726024	-3.543949
		51.460852	-2.588139
		55.862982	-4.263554
		55.958426	-3.186893
		54.980766	-1.615849
		54.892406	-2.923222
		53.751959	-0.335941
		53.803895	-1.549931
		53.478239	-2.258549
		53.409532	-3.000126
		51.512161	-0.116215
		52.486125	-1.890507
		51.488224	-3.186893
		51.624837	-3.94495
		50.152266	-5.065556
		51.289406	1.075802
		
c	6 3 4 5 11 1 10 9 8 7 12 14 13 2 0 15	2589.22107395905	0.741077892604095	6	3	4	5	11	1	10	9	8	7	12	14	13	2	0	15		
		53.751959	-0.335941
		53.803895	-1.549931
		53.478239	-2.258549
		53.409532	-3.000126
		51.488224	-3.186893
		51.460852	-2.588139
		55.862982	-4.263554
		55.958426	-3.186893
		54.892406	-2.923222
		54.980766	-1.615849
		51.624837	-3.94495
		50.152266	-5.065556
		50.726024	-3.543949
		51.512161	-0.116215
		52.486125	-1.890507
		51.289406	1.075802
		
c	5 0 11 12 14 13 1 8 7 9 10 3 6 4 2 15	2263.50965653343	0.773649034346657	5	0	11	12	14	13	1	8	7	9	10	3	6	4	2	15		
		53.409532	-3.000126
		52.486125	-1.890507
		51.488224	-3.186893
		51.624837	-3.94495
		50.152266	-5.065556
		50.726024	-3.543949
		51.460852	-2.588139
		54.892406	-2.923222
		54.980766	-1.615849
		55.958426	-3.186893
		55.862982	-4.263554
		53.803895	-1.549931
		53.751959	-0.335941
		53.478239	-2.258549
		51.512161	-0.116215
		51.289406	1.075802
		
c	4 5 0 8 3 6 7 9 10 11 12 14 13 1 2 15	2273.60246702731	0.772639753297269	4	5	0	8	3	6	7	9	10	11	12	14	13	1	2	15		
		53.478239	-2.258549
		53.409532	-3.000126
		52.486125	-1.890507
		54.892406	-2.923222
		53.803895	-1.549931
		53.751959	-0.335941
		54.980766	-1.615849
		55.958426	-3.186893
		55.862982	-4.263554
		51.488224	-3.186893
		51.624837	-3.94495
		50.152266	-5.065556
		50.726024	-3.543949
		51.460852	-2.588139
		51.512161	-0.116215
		51.289406	1.075802
		
c	1 8 7 9 10 3 6 4 5 0 11 12 14 13 2 15	2200.0692157769	0.77999307842231	1	8	7	9	10	3	6	4	5	0	11	12	14	13	2	15		
		51.460852	-2.588139
		54.892406	-2.923222
		54.980766	-1.615849
		55.958426	-3.186893
		55.862982	-4.263554
		53.803895	-1.549931
		53.751959	-0.335941
		53.478239	-2.258549
		53.409532	-3.000126
		52.486125	-1.890507
		51.488224	-3.186893
		51.624837	-3.94495
		50.152266	-5.065556
		50.726024	-3.543949
		51.512161	-0.116215
		51.289406	1.075802
		
c	6 7 9 10 5 1 11 14 8 3 4 0 12 13 2 15	2601.93899145237	0.739806100854763	6	7	9	10	5	1	11	14	8	3	4	0	12	13	2	15		
		53.751959	-0.335941
		54.980766	-1.615849
		55.958426	-3.186893
		55.862982	-4.263554
		53.409532	-3.000126
		51.460852	-2.588139
		51.488224	-3.186893
		50.152266	-5.065556
		54.892406	-2.923222
		53.803895	-1.549931
		53.478239	-2.258549
		52.486125	-1.890507
		51.624837	-3.94495
		50.726024	-3.543949
		51.512161	-0.116215
		51.289406	1.075802
		
c	4 8 7 0 1 3 6 10 9 5 11 12 14 13 2 15	2610.64880735436	0.738935119264564	4	8	7	0	1	3	6	10	9	5	11	12	14	13	2	15		
		53.478239	-2.258549
		54.892406	-2.923222
		54.980766	-1.615849
		52.486125	-1.890507
		51.460852	-2.588139
		53.803895	-1.549931
		53.751959	-0.335941
		55.862982	-4.263554
		55.958426	-3.186893
		53.409532	-3.000126
		51.488224	-3.186893
		51.624837	-3.94495
		50.152266	-5.065556
		50.726024	-3.543949
		51.512161	-0.116215
		51.289406	1.075802
		
c	8 5 1 7 3 6 4 0 11 12 14 13 2 9 10 15	3212.96286961556	0.678703713038443	8	5	1	7	3	6	4	0	11	12	14	13	2	9	10	15		
		54.892406	-2.923222
		53.409532	-3.000126
		51.460852	-2.588139
		54.980766	-1.615849
		53.803895	-1.549931
		53.751959	-0.335941
		53.478239	-2.258549
		52.486125	-1.890507
		51.488224	-3.186893
		51.624837	-3.94495
		50.152266	-5.065556
		50.726024	-3.543949
		51.512161	-0.116215
		55.958426	-3.186893
		55.862982	-4.263554
		51.289406	1.075802
		
c	9 8 5 4 11 12 14 1 10 7 6 13 2 3 0 15	3202.51525769251	0.679748474230749	9	8	5	4	11	12	14	1	10	7	6	13	2	3	0	15		
		55.958426	-3.186893
		54.892406	-2.923222
		53.409532	-3.000126
		53.478239	-2.258549
		51.488224	-3.186893
		51.624837	-3.94495
		50.152266	-5.065556
		51.460852	-2.588139
		55.862982	-4.263554
		54.980766	-1.615849
		53.751959	-0.335941
		50.726024	-3.543949
		51.512161	-0.116215
		53.803895	-1.549931
		52.486125	-1.890507
		51.289406	1.075802
		
c	12 14 13 2 0 4 3 6 7 9 10 8 5 1 11 15	2209.93914219294	0.779006085780706	12	14	13	2	0	4	3	6	7	9	10	8	5	1	11	15		
		51.624837	-3.94495
		50.152266	-5.065556
		50.726024	-3.543949
		51.512161	-0.116215
		52.486125	-1.890507
		53.478239	-2.258549
		53.803895	-1.549931
		53.751959	-0.335941
		54.980766	-1.615849
		55.958426	-3.186893
		55.862982	-4.263554
		54.892406	-2.923222
		53.409532	-3.000126
		51.460852	-2.588139
		51.488224	-3.186893
		51.289406	1.075802
		
c	6 5 12 14 13 2 3 0 1 7 10 9 8 4 11 15	2962.15953696225	0.703784046303775	6	5	12	14	13	2	3	0	1	7	10	9	8	4	11	15		
		53.751959	-0.335941
		53.409532	-3.000126
		51.624837	-3.94495
		50.152266	-5.065556
		50.726024	-3.543949
		51.512161	-0.116215
		53.803895	-1.549931
		52.486125	-1.890507
		51.460852	-2.588139
		54.980766	-1.615849
		55.862982	-4.263554
		55.958426	-3.186893
		54.892406	-2.923222
		53.478239	-2.258549
		51.488224	-3.186893
		51.289406	1.075802
		
c	7 3 6 5 0 11 12 14 13 1 2 10 9 8 4 15	2536.18122080102	0.746381877919898	7	3	6	5	0	11	12	14	13	1	2	10	9	8	4	15		
		54.980766	-1.615849
		53.803895	-1.549931
		53.751959	-0.335941
		53.409532	-3.000126
		52.486125	-1.890507
		51.488224	-3.186893
		51.624837	-3.94495
		50.152266	-5.065556
		50.726024	-3.543949
		51.460852	-2.588139
		51.512161	-0.116215
		55.862982	-4.263554
		55.958426	-3.186893
		54.892406	-2.923222
		53.478239	-2.258549
		51.289406	1.075802
		
c	14 13 1 10 9 7 3 11 12 8 6 4 5 0 2 15	2548.96644883039	0.745103355116961	14	13	1	10	9	7	3	11	12	8	6	4	5	0	2	15		
		50.152266	-5.065556
		50.726024	-3.543949
		51.460852	-2.588139
		55.862982	-4.263554
		55.958426	-3.186893
		54.980766	-1.615849
		53.803895	-1.549931
		51.488224	-3.186893
		51.624837	-3.94495
		54.892406	-2.923222
		53.751959	-0.335941
		53.478239	-2.258549
		53.409532	-3.000126
		52.486125	-1.890507
		51.512161	-0.116215
		51.289406	1.075802
		
c	14 13 0 10 9 8 7 3 6 4 2 5 11 12 1 15	2539.79544139327	0.746020455860673	14	13	0	10	9	8	7	3	6	4	2	5	11	12	1	15		
		50.152266	-5.065556
		50.726024	-3.543949
		52.486125	-1.890507
		55.862982	-4.263554
		55.958426	-3.186893
		54.892406	-2.923222
		54.980766	-1.615849
		53.803895	-1.549931
		53.751959	-0.335941
		53.478239	-2.258549
		51.512161	-0.116215
		53.409532	-3.000126
		51.488224	-3.186893
		51.624837	-3.94495
		51.460852	-2.588139
		51.289406	1.075802
		
c	7 9 10 8 3 6 4 5 0 11 12 14 13 1 2 15	1755.8273280233	0.82441726719767	7	9	10	8	3	6	4	5	0	11	12	14	13	1	2	15		
		54.980766	-1.615849
		55.958426	-3.186893
		55.862982	-4.263554
		54.892406	-2.923222
		53.803895	-1.549931
		53.751959	-0.335941
		53.478239	-2.258549
		53.409532	-3.000126
		52.486125	-1.890507
		51.488224	-3.186893
		51.624837	-3.94495
		50.152266	-5.065556
		50.726024	-3.543949
		51.460852	-2.588139
		51.512161	-0.116215
		51.289406	1.075802
		
c	0 4 3 6 7 9 10 8 5 1 11 12 14 13 2 15	1891.52859016771	0.810847140983229	0	4	3	6	7	9	10	8	5	1	11	12	14	13	2	15		
		52.486125	-1.890507
		53.478239	-2.258549
		53.803895	-1.549931
		53.751959	-0.335941
		54.980766	-1.615849
		55.958426	-3.186893
		55.862982	-4.263554
		54.892406	-2.923222
		53.409532	-3.000126
		51.460852	-2.588139
		51.488224	-3.186893
		51.624837	-3.94495
		50.152266	-5.065556
		50.726024	-3.543949
		51.512161	-0.116215
		51.289406	1.075802
		
c	11 14 13 2 8 6 7 9 10 5 1 12 3 4 0 15	2888.51073759336	0.711148926240664	11	14	13	2	8	6	7	9	10	5	1	12	3	4	0	15		
		51.488224	-3.186893
		50.152266	-5.065556
		50.726024	-3.543949
		51.512161	-0.116215
		54.892406	-2.923222
		53.751959	-0.335941
		54.980766	-1.615849
		55.958426	-3.186893
		55.862982	-4.263554
		53.409532	-3.000126
		51.460852	-2.588139
		51.624837	-3.94495
		53.803895	-1.549931
		53.478239	-2.258549
		52.486125	-1.890507
		51.289406	1.075802
		
c	9 10 8 3 6 4 5 0 11 1 12 14 13 7 2 15	2303.44775293609	0.769655224706391	9	10	8	3	6	4	5	0	11	1	12	14	13	7	2	15		
		55.958426	-3.186893
		55.862982	-4.263554
		54.892406	-2.923222
		53.803895	-1.549931
		53.751959	-0.335941
		53.478239	-2.258549
		53.409532	-3.000126
		52.486125	-1.890507
		51.488224	-3.186893
		51.460852	-2.588139
		51.624837	-3.94495
		50.152266	-5.065556
		50.726024	-3.543949
		54.980766	-1.615849
		51.512161	-0.116215
		51.289406	1.075802
		
c	2 3 4 0 5 1 12 10 9 8 7 6 11 14 13 15	2758.67864527178	0.724132135472823	2	3	4	0	5	1	12	10	9	8	7	6	11	14	13	15		
		51.512161	-0.116215
		53.803895	-1.549931
		53.478239	-2.258549
		52.486125	-1.890507
		53.409532	-3.000126
		51.460852	-2.588139
		51.624837	-3.94495
		55.862982	-4.263554
		55.958426	-3.186893
		54.892406	-2.923222
		54.980766	-1.615849
		53.751959	-0.335941
		51.488224	-3.186893
		50.152266	-5.065556
		50.726024	-3.543949
		51.289406	1.075802
		
c	6 7 9 10 8 11 4 5 0 1 12 14 13 3 2 15	2550.44584183873	0.744955415816127	6	7	9	10	8	11	4	5	0	1	12	14	13	3	2	15		
		53.751959	-0.335941
		54.980766	-1.615849
		55.958426	-3.186893
		55.862982	-4.263554
		54.892406	-2.923222
		51.488224	-3.186893
		53.478239	-2.258549
		53.409532	-3.000126
		52.486125	-1.890507
		51.460852	-2.588139
		51.624837	-3.94495
		50.152266	-5.065556
		50.726024	-3.543949
		53.803895	-1.549931
		51.512161	-0.116215
		51.289406	1.075802
		
c	1 11 14 10 9 8 7 3 6 4 5 0 12 13 2 15	2281.82467841363	0.771817532158637	1	11	14	10	9	8	7	3	6	4	5	0	12	13	2	15		
		51.460852	-2.588139
		51.488224	-3.186893
		50.152266	-5.065556
		55.862982	-4.263554
		55.958426	-3.186893
		54.892406	-2.923222
		54.980766	-1.615849
		53.803895	-1.549931
		53.751959	-0.335941
		53.478239	-2.258549
		53.409532	-3.000126
		52.486125	-1.890507
		51.624837	-3.94495
		50.726024	-3.543949
		51.512161	-0.116215
		51.289406	1.075802
		
c	4 5 7 9 10 8 0 1 11 12 14 13 3 6 2 15	2184.99103668189	0.781500896331811	4	5	7	9	10	8	0	1	11	12	14	13	3	6	2	15		
		53.478239	-2.258549
		53.409532	-3.000126
		54.980766	-1.615849
		55.958426	-3.186893
		55.862982	-4.263554
		54.892406	-2.923222
		52.486125	-1.890507
		51.460852	-2.588139
		51.488224	-3.186893
		51.624837	-3.94495
		50.152266	-5.065556
		50.726024	-3.543949
		53.803895	-1.549931
		53.751959	-0.335941
		51.512161	-0.116215
		51.289406	1.075802
		
c	6 8 4 5 0 11 12 14 13 1 9 3 10 7 2 15	2887.78539180139	0.711221460819861	6	8	4	5	0	11	12	14	13	1	9	3	10	7	2	15		
		53.751959	-0.335941
		54.892406	-2.923222
		53.478239	-2.258549
		53.409532	-3.000126
		52.486125	-1.890507
		51.488224	-3.186893
		51.624837	-3.94495
		50.152266	-5.065556
		50.726024	-3.543949
		51.460852	-2.588139
		55.958426	-3.186893
		53.803895	-1.549931
		55.862982	-4.263554
		54.980766	-1.615849
		51.512161	-0.116215
		51.289406	1.075802
		
c	7 6 9 10 3 4 11 1 14 13 12 2 0 8 5 15	2839.63054054456	0.716036945945544	7	6	9	10	3	4	11	1	14	13	12	2	0	8	5	15		
		54.980766	-1.615849
		53.751959	-0.335941
		55.958426	-3.186893
		55.862982	-4.263554
		53.803895	-1.549931
		53.478239	-2.258549
		51.488224	-3.186893
		51.460852	-2.588139
		50.152266	-5.065556
		50.726024	-3.543949
		51.624837	-3.94495
		51.512161	-0.116215
		52.486125	-1.890507
		54.892406	-2.923222
		53.409532	-3.000126
		51.289406	1.075802
		
c	6 3 4 5 0 11 12 14 13 1 2 10 9 7 8 15	2431.5028134598	0.75684971865402	6	3	4	5	0	11	12	14	13	1	2	10	9	7	8	15		
		53.751959	-0.335941
		53.803895	-1.549931
		53.478239	-2.258549
		53.409532	-3.000126
		52.486125	-1.890507
		51.488224	-3.186893
		51.624837	-3.94495
		50.152266	-5.065556
		50.726024	-3.543949
		51.460852	-2.588139
		51.512161	-0.116215
		55.862982	-4.263554
		55.958426	-3.186893
		54.980766	-1.615849
		54.892406	-2.923222
		51.289406	1.075802
		
g123		1614.70757855554	0.838529242144446	0	10	9	8	7	6	3	4	5	0	1	11	12	14	13	2	15		
		55.862982	-4.263554
		55.958426	-3.186893
		54.892406	-2.923222
		54.980766	-1.615849
		53.751959	-0.335941
		53.803895	-1.549931
		53.478239	-2.258549
		53.409532	-3.000126
		52.486125	-1.890507
		51.460852	-2.588139
		51.488224	-3.186893
		51.624837	-3.94495
		50.152266	-5.065556
		50.726024	-3.543949
		51.512161	-0.116215
		51.289406	1.075802
		
g123		1656.09836620198	0.834390163379802	1	10	9	8	7	3	6	4	5	0	11	12	14	13	1	2	15		
		55.862982	-4.263554
		55.958426	-3.186893
		54.892406	-2.923222
		54.980766	-1.615849
		53.803895	-1.549931
		53.751959	-0.335941
		53.478239	-2.258549
		53.409532	-3.000126
		52.486125	-1.890507
		51.488224	-3.186893
		51.624837	-3.94495
		50.152266	-5.065556
		50.726024	-3.543949
		51.460852	-2.588139
		51.512161	-0.116215
		51.289406	1.075802
		
g123		1657.12946446462	0.834287053553538	2	10	9	8	7	3	6	4	5	0	1	11	12	14	13	2	15		
		55.862982	-4.263554
		55.958426	-3.186893
		54.892406	-2.923222
		54.980766	-1.615849
		53.803895	-1.549931
		53.751959	-0.335941
		53.478239	-2.258549
		53.409532	-3.000126
		52.486125	-1.890507
		51.460852	-2.588139
		51.488224	-3.186893
		51.624837	-3.94495
		50.152266	-5.065556
		50.726024	-3.543949
		51.512161	-0.116215
		51.289406	1.075802
		
g123		1673.57320566262	0.832642679433738	3	9	10	8	7	3	6	4	5	0	11	12	14	13	1	2	15		
		55.958426	-3.186893
		55.862982	-4.263554
		54.892406	-2.923222
		54.980766	-1.615849
		53.803895	-1.549931
		53.751959	-0.335941
		53.478239	-2.258549
		53.409532	-3.000126
		52.486125	-1.890507
		51.488224	-3.186893
		51.624837	-3.94495
		50.152266	-5.065556
		50.726024	-3.543949
		51.460852	-2.588139
		51.512161	-0.116215
		51.289406	1.075802
		
g123		1691.49843627536	0.830850156372464	4	10	9	7	8	6	3	4	5	0	11	12	14	13	1	2	15		
		55.862982	-4.263554
		55.958426	-3.186893
		54.980766	-1.615849
		54.892406	-2.923222
		53.751959	-0.335941
		53.803895	-1.549931
		53.478239	-2.258549
		53.409532	-3.000126
		52.486125	-1.890507
		51.488224	-3.186893
		51.624837	-3.94495
		50.152266	-5.065556
		50.726024	-3.543949
		51.460852	-2.588139
		51.512161	-0.116215
		51.289406	1.075802
		
g123		1736.52644831107	0.826347355168893	5	8	10	9	7	3	6	4	5	0	11	12	14	13	1	2	15		
		54.892406	-2.923222
		55.862982	-4.263554
		55.958426	-3.186893
		54.980766	-1.615849
		53.803895	-1.549931
		53.751959	-0.335941
		53.478239	-2.258549
		53.409532	-3.000126
		52.486125	-1.890507
		51.488224	-3.186893
		51.624837	-3.94495
		50.152266	-5.065556
		50.726024	-3.543949
		51.460852	-2.588139
		51.512161	-0.116215
		51.289406	1.075802
		
