c	7 10 4 3 5 0 1 11 12 13 14 2 15 6 9 8	2409.11706255721	0.759088293744279	7	10	4	3	5	0	1	11	12	13	14	2	15	6	9	8		
		54.980766	-1.615849
		55.862982	-4.263554
		53.478239	-2.258549
		53.803895	-1.549931
		53.409532	-3.000126
		52.486125	-1.890507
		51.460852	-2.588139
		51.488224	-3.186893
		51.624837	-3.94495
		50.726024	-3.543949
		50.152266	-5.065556
		51.512161	-0.116215
		51.289406	1.075802
		53.751959	-0.335941
		55.958426	-3.186893
		54.892406	-2.923222
		
c	11 6 3 7 9 10 8 5 4 0 1 13 12 14 2 15	2187.37049972529	0.781262950027471	11	6	3	7	9	10	8	5	4	0	1	13	12	14	2	15		
		51.488224	-3.186893
		53.751959	-0.335941
		53.803895	-1.549931
		54.980766	-1.615849
		55.958426	-3.186893
		55.862982	-4.263554
		54.892406	-2.923222
		53.409532	-3.000126
		53.478239	-2.258549
		52.486125	-1.890507
		51.460852	-2.588139
		50.726024	-3.543949
		51.624837	-3.94495
		50.152266	-5.065556
		51.512161	-0.116215
		51.289406	1.075802
		
c	0 1 11 12 14 13 3 7 9 10 8 5 4 6 2 15	2058.71755442445	0.794128244557555	0	1	11	12	14	13	3	7	9	10	8	5	4	6	2	15		
		52.486125	-1.890507
		51.460852	-2.588139
		51.488224	-3.186893
		51.624837	-3.94495
		50.152266	-5.065556
		50.726024	-3.543949
		53.803895	-1.549931
		54.980766	-1.615849
		55.958426	-3.186893
		55.862982	-4.263554
		54.892406	-2.923222
		53.409532	-3.000126
		53.478239	-2.258549
		53.751959	-0.335941
		51.512161	-0.116215
		51.289406	1.075802
		
c	4 5 6 0 1 11 14 12 13 7 9 10 8 3 2 15	2405.48030236635	0.759451969763365	4	5	6	0	1	11	14	12	13	7	9	10	8	3	2	15		
		53.478239	-2.258549
		53.409532	-3.000126
		53.751959	-0.335941
		52.486125	-1.890507
		51.460852	-2.588139
		51.488224	-3.186893
		50.152266	-5.065556
		51.624837	-3.94495
		50.726024	-3.543949
		54.980766	-1.615849
		55.958426	-3.186893
		55.862982	-4.263554
		54.892406	-2.923222
		53.803895	-1.549931
		51.512161	-0.116215
		51.289406	1.075802
		
c	6 7 9 10 8 3 5 12 4 0 1 11 14 13 2 15	2154.60191266495	0.784539808733505	6	7	9	10	8	3	5	12	4	0	1	11	14	13	2	15		
		53.751959	-0.335941
		54.980766	-1.615849
		55.958426	-3.186893
		55.862982	-4.263554
		54.892406	-2.923222
		53.803895	-1.549931
		53.409532	-3.000126
		51.624837	-3.94495
		53.478239	-2.258549
		52.486125	-1.890507
		51.460852	-2.588139
		51.488224	-3.186893
		50.152266	-5.065556
		50.726024	-3.543949
		51.512161	-0.116215
		51.289406	1.075802
		
c	5 0 11 12 14 13 2 15 6 7 9 10 8 1 3 4	2484.35605548939	0.751564394451061	5	0	11	12	14	13	2	15	6	7	9	10	8	1	3	4		
		53.409532	-3.000126
		52.486125	-1.890507
		51.488224	-3.186893
		51.624837	-3.94495
		50.152266	-5.065556
		50.726024	-3.543949
		51.512161	-0.116215
		51.289406	1.075802
		53.751959	-0.335941
		54.980766	-1.615849
		55.958426	-3.186893
		55.862982	-4.263554
		54.892406	-2.923222
		51.460852	-2.588139
		53.803895	-1.549931
		53.478239	-2.258549
		
c	4 5 0 1 11 12 6 7 8 10 9 3 14 13 2 15	2384.05706971003	0.761594293028997	4	5	0	1	11	12	6	7	8	10	9	3	14	13	2	15		
		53.478239	-2.258549
		53.409532	-3.000126
		52.486125	-1.890507
		51.460852	-2.588139
		51.488224	-3.186893
		51.624837	-3.94495
		53.751959	-0.335941
		54.980766	-1.615849
		54.892406	-2.923222
		55.862982	-4.263554
		55.958426	-3.186893
		53.803895	-1.549931
		50.152266	-5.065556
		50.726024	-3.543949
		51.512161	-0.116215
		51.289406	1.075802
		
c	6 7 10 9 8 3 4 5 0 11 12 14 13 1 2 15	1793.58125239295	0.820641874760705	6	7	10	9	8	3	4	5	0	11	12	14	13	1	2	15		
		53.751959	-0.335941
		54.980766	-1.615849
		55.862982	-4.263554
		55.958426	-3.186893
		54.892406	-2.923222
		53.803895	-1.549931
		53.478239	-2.258549
		53.409532	-3.000126
		52.486125	-1.890507
		51.488224	-3.186893
		51.624837	-3.94495
		50.152266	-5.065556
		50.726024	-3.543949
		51.460852	-2.588139
		51.512161	-0.116215
		51.289406	1.075802
		
c	11 12 14 13 1 0 6 7 9 10 8 3 5 4 2 15	1931.17926396121	0.806882073603879	11	12	14	13	1	0	6	7	9	10	8	3	5	4	2	15		
		51.488224	-3.186893
		51.624837	-3.94495
		50.152266	-5.065556
		50.726024	-3.543949
		51.460852	-2.588139
		52.486125	-1.890507
		53.751959	-0.335941
		54.980766	-1.615849
		55.958426	-3.186893
		55.862982	-4.263554
		54.892406	-2.923222
		53.803895	-1.549931
		53.409532	-3.000126
		53.478239	-2.258549
		51.512161	-0.116215
		51.289406	1.075802
		
c	7 9 10 8 5 6 3 4 0 1 11 12 14 13 2 15	1816.78660485524	0.818321339514476	7	9	10	8	5	6	3	4	0	1	11	12	14	13	2	15		
		54.980766	-1.615849
		55.958426	-3.186893
		55.862982	-4.263554
		54.892406	-2.923222
		53.409532	-3.000126
		53.751959	-0.335941
		53.803895	-1.549931
		53.478239	-2.258549
		52.486125	-1.890507
		51.460852	-2.588139
		51.488224	-3.186893
		51.624837	-3.94495
		50.152266	-5.065556
		50.726024	-3.543949
		51.512161	-0.116215
		51.289406	1.075802
		
c	11 12 14 13 1 2 9 10 8 7 5 6 3 4 0 15	2333.07795342922	0.766692204657078	11	12	14	13	1	2	9	10	8	7	5	6	3	4	0	15		
		51.488224	-3.186893
		51.624837	-3.94495
		50.152266	-5.065556
		50.726024	-3.543949
		51.460852	-2.588139
		51.512161	-0.116215
		55.958426	-3.186893
		55.862982	-4.263554
		54.892406	-2.923222
		54.980766	-1.615849
		53.409532	-3.000126
		53.751959	-0.335941
		53.803895	-1.549931
		53.478239	-2.258549
		52.486125	-1.890507
		51.289406	1.075802
		
c	14 15 0 1 6 7 9 10 8 3 4 5 11 12 13 2	2511.80636081471	0.748819363918529	14	15	0	1	6	7	9	10	8	3	4	5	11	12	13	2		
		50.152266	-5.065556
		51.289406	1.075802
		52.486125	-1.890507
		51.460852	-2.588139
		53.751959	-0.335941
		54.980766	-1.615849
		55.958426	-3.186893
		55.862982	-4.263554
		54.892406	-2.923222
		53.803895	-1.549931
		53.478239	-2.258549
		53.409532	-3.000126
		51.488224	-3.186893
		51.624837	-3.94495
		50.726024	-3.543949
		51.512161	-0.116215
		
c	4 3 5 0 1 11 12 13 14 2 15 6 7 9 8 10	2058.87738849457	0.794112261150543	4	3	5	0	1	11	12	13	14	2	15	6	7	9	8	10		
		53.478239	-2.258549
		53.803895	-1.549931
		53.409532	-3.000126
		52.486125	-1.890507
		51.460852	-2.588139
		51.488224	-3.186893
		51.624837	-3.94495
		50.726024	-3.543949
		50.152266	-5.065556
		51.512161	-0.116215
		51.289406	1.075802
		53.751959	-0.335941
		54.980766	-1.615849
		55.958426	-3.186893
		54.892406	-2.923222
		55.862982	-4.263554
		
c	10 8 3 4 13 2 12 14 15 0 1 11 6 7 9 5	3132.09171572939	0.686790828427061	10	8	3	4	13	2	12	14	15	0	1	11	6	7	9	5		
		55.862982	-4.263554
		54.892406	-2.923222
		53.803895	-1.549931
		53.478239	-2.258549
		50.726024	-3.543949
		51.512161	-0.116215
		51.624837	-3.94495
		50.152266	-5.065556
		51.289406	1.075802
		52.486125	-1.890507
		51.460852	-2.588139
		51.488224	-3.186893
		53.751959	-0.335941
		54.980766	-1.615849
		55.958426	-3.186893
		53.409532	-3.000126
		
c	2 15 6 7 10 8 3 4 9 5 0 1 11 12 14 13	2295.57907989027	0.770442092010973	2	15	6	7	10	8	3	4	9	5	0	1	11	12	14	13		
		51.512161	-0.116215
		51.289406	1.075802
		53.751959	-0.335941
		54.980766	-1.615849
		55.862982	-4.263554
		54.892406	-2.923222
		53.803895	-1.549931
		53.478239	-2.258549
		55.958426	-3.186893
		53.409532	-3.000126
		52.486125	-1.890507
		51.460852	-2.588139
		51.488224	-3.186893
		51.624837	-3.94495
		50.152266	-5.065556
		50.726024	-3.543949
		
c	12 9 10 8 7 5 6 3 4 0 1 11 14 13 2 15	2232.34688159309	0.776765311840691	12	9	10	8	7	5	6	3	4	0	1	11	14	13	2	15		
		51.624837	-3.94495
		55.958426	-3.186893
		55.862982	-4.263554
		54.892406	-2.923222
		54.980766	-1.615849
		53.409532	-3.000126
		53.751959	-0.335941
		53.803895	-1.549931
		53.478239	-2.258549
		52.486125	-1.890507
		51.460852	-2.588139
		51.488224	-3.186893
		50.152266	-5.065556
		50.726024	-3.543949
		51.512161	-0.116215
		51.289406	1.075802
		
c	9 14 13 11 12 1 2 15 6 7 10 8 3 4 5 0	2445.45303753566	0.755454696246433	9	14	13	11	12	1	2	15	6	7	10	8	3	4	5	0		
		55.958426	-3.186893
		50.152266	-5.065556
		50.726024	-3.543949
		51.488224	-3.186893
		51.624837	-3.94495
		51.460852	-2.588139
		51.512161	-0.116215
		51.289406	1.075802
		53.751959	-0.335941
		54.980766	-1.615849
		55.862982	-4.263554
		54.892406	-2.923222
		53.803895	-1.549931
		53.478239	-2.258549
		53.409532	-3.000126
		52.486125	-1.890507
		
c	11 6 7 10 9 8 3 4 5 0 12 14 13 1 2 15	2083.72498394935	0.791627501605065	11	6	7	10	9	8	3	4	5	0	12	14	13	1	2	15		
		51.488224	-3.186893
		53.751959	-0.335941
		54.980766	-1.615849
		55.862982	-4.263554
		55.958426	-3.186893
		54.892406	-2.923222
		53.803895	-1.549931
		53.478239	-2.258549
		53.409532	-3.000126
		52.486125	-1.890507
		51.624837	-3.94495
		50.152266	-5.065556
		50.726024	-3.543949
		51.460852	-2.588139
		51.512161	-0.116215
		51.289406	1.075802
		
c	11 1 6 7 9 10 8 3 0 5 4 12 14 13 2 15	2208.56789902111	0.779143210097889	11	1	6	7	9	10	8	3	0	5	4	12	14	13	2	15		
		51.488224	-3.186893
		51.460852	-2.588139
		53.751959	-0.335941
		54.980766	-1.615849
		55.958426	-3.186893
		55.862982	-4.263554
		54.892406	-2.923222
		53.803895	-1.549931
		52.486125	-1.890507
		53.409532	-3.000126
		53.478239	-2.258549
		51.624837	-3.94495
		50.152266	-5.065556
		50.726024	-3.543949
		51.512161	-0.116215
		51.289406	1.075802
		
c	9 10 8 7 13 11 12 14 1 2 15 6 3 4 5 0	2194.1475207599	0.78058524792401	9	10	8	7	13	11	12	14	1	2	15	6	3	4	5	0		
		55.958426	-3.186893
		55.862982	-4.263554
		54.892406	-2.923222
		54.980766	-1.615849
		50.726024	-3.543949
		51.488224	-3.186893
		51.624837	-3.94495
		50.152266	-5.065556
		51.460852	-2.588139
		51.512161	-0.116215
		51.289406	1.075802
		53.751959	-0.335941
		53.803895	-1.549931
		53.478239	-2.258549
		53.409532	-3.000126
		52.486125	-1.890507
		
c	13 1 0 6 7 9 10 8 5 11 12 14 2 15 3 4	2386.64538621505	0.761335461378495	13	1	0	6	7	9	10	8	5	11	12	14	2	15	3	4		
		50.726024	-3.543949
		51.460852	-2.588139
		52.486125	-1.890507
		53.751959	-0.335941
		54.980766	-1.615849
		55.958426	-3.186893
		55.862982	-4.263554
		54.892406	-2.923222
		53.409532	-3.000126
		51.488224	-3.186893
		51.624837	-3.94495
		50.152266	-5.065556
		51.512161	-0.116215
		51.289406	1.075802
		53.803895	-1.549931
		53.478239	-2.258549
		
c	2 6 7 8 10 9 3 4 5 0 1 11 12 14 13 15	2051.31360001623	0.794868639998377	2	6	7	8	10	9	3	4	5	0	1	11	12	14	13	15		
		51.512161	-0.116215
		53.751959	-0.335941
		54.980766	-1.615849
		54.892406	-2.923222
		55.862982	-4.263554
		55.958426	-3.186893
		53.803895	-1.549931
		53.478239	-2.258549
		53.409532	-3.000126
		52.486125	-1.890507
		51.460852	-2.588139
		51.488224	-3.186893
		51.624837	-3.94495
		50.152266	-5.065556
		50.726024	-3.543949
		51.289406	1.075802
		
c	13 11 12 14 1 2 15 6 0 7 9 10 8 3 5 4	2209.10916352907	0.779089083647093	13	11	12	14	1	2	15	6	0	7	9	10	8	3	5	4		
		50.726024	-3.543949
		51.488224	-3.186893
		51.624837	-3.94495
		50.152266	-5.065556
		51.460852	-2.588139
		51.512161	-0.116215
		51.289406	1.075802
		53.751959	-0.335941
		52.486125	-1.890507
		54.980766	-1.615849
		55.958426	-3.186893
		55.862982	-4.263554
		54.892406	-2.923222
		53.803895	-1.549931
		53.409532	-3.000126
		53.478239	-2.258549
		
c	10 8 5 4 0 1 11 13 12 14 2 15 6 7 9 3	2327.38936869908	0.767261063130092	10	8	5	4	0	1	11	13	12	14	2	15	6	7	9	3		
		55.862982	-4.263554
		54.892406	-2.923222
		53.409532	-3.000126
		53.478239	-2.258549
		52.486125	-1.890507
		51.460852	-2.588139
		51.488224	-3.186893
		50.726024	-3.543949
		51.624837	-3.94495
		50.152266	-5.065556
		51.512161	-0.116215
		51.289406	1.075802
		53.751959	-0.335941
		54.980766	-1.615849
		55.958426	-3.186893
		53.803895	-1.549931
		
c	5 0 1 11 12 14 8 13 2 15 6 7 9 10 3 4	2892.17477678291	0.710782522321709	5	0	1	11	12	14	8	13	2	15	6	7	9	10	3	4		
		53.409532	-3.000126
		52.486125	-1.890507
		51.460852	-2.588139
		51.488224	-3.186893
		51.624837	-3.94495
		50.152266	-5.065556
		54.892406	-2.923222
		50.726024	-3.543949
		51.512161	-0.116215
		51.289406	1.075802
		53.751959	-0.335941
		54.980766	-1.615849
		55.958426	-3.186893
		55.862982	-4.263554
		53.803895	-1.549931
		53.478239	-2.258549
		
c	6 1 11 12 14 13 7 9 10 8 5 3 4 0 2 15	2233.66030484991	0.776633969515009	6	1	11	12	14	13	7	9	10	8	5	3	4	0	2	15		
		53.751959	-0.335941
		51.460852	-2.588139
		51.488224	-3.186893
		51.624837	-3.94495
		50.152266	-5.065556
		50.726024	-3.543949
		54.980766	-1.615849
		55.958426	-3.186893
		55.862982	-4.263554
		54.892406	-2.923222
		53.409532	-3.000126
		53.803895	-1.549931
		53.478239	-2.258549
		52.486125	-1.890507
		51.512161	-0.116215
		51.289406	1.075802
		
c	2 15 6 7 9 10 8 3 4 5 0 1 11 12 14 13	1800.69623411442	0.819930376588558	2	15	6	7	9	10	8	3	4	5	0	1	11	12	14	13		
		51.512161	-0.116215
		51.289406	1.075802
		53.751959	-0.335941
		54.980766	-1.615849
		55.958426	-3.186893
		55.862982	-4.263554
		54.892406	-2.923222
		53.803895	-1.549931
		53.478239	-2.258549
		53.409532	-3.000126
		52.486125	-1.890507
		51.460852	-2.588139
		51.488224	-3.186893
		51.624837	-3.94495
		50.152266	-5.065556
		50.726024	-3.543949
		
c	2 15 6 7 9 10 5 3 4 8 0 11 12 1 13 14	2162.24130519038	0.783775869480962	2	15	6	7	9	10	5	3	4	8	0	11	12	1	13	14		
		51.512161	-0.116215
		51.289406	1.075802
		53.751959	-0.335941
		54.980766	-1.615849
		55.958426	-3.186893
		55.862982	-4.263554
		53.409532	-3.000126
		53.803895	-1.549931
		53.478239	-2.258549
		54.892406	-2.923222
		52.486125	-1.890507
		51.488224	-3.186893
		51.624837	-3.94495
		51.460852	-2.588139
		50.726024	-3.543949
		50.152266	-5.065556
		
c	8 2 4 0 1 11 6 7 9 10 5 3 12 14 13 15	2968.86498545471	0.703113501454529	8	2	4	0	1	11	6	7	9	10	5	3	12	14	13	15		
		54.892406	-2.923222
		51.512161	-0.116215
		53.478239	-2.258549
		52.486125	-1.890507
		51.460852	-2.588139
		51.488224	-3.186893
		53.751959	-0.335941
		54.980766	-1.615849
		55.958426	-3.186893
		55.862982	-4.263554
		53.409532	-3.000126
		53.803895	-1.549931
		51.624837	-3.94495
		50.152266	-5.065556
		50.726024	-3.543949
		51.289406	1.075802
		
c	6 3 4 0 1 11 12 14 13 2 7 9 10 8 5 15	2312.41336417341	0.768758663582659	6	3	4	0	1	11	12	14	13	2	7	9	10	8	5	15		
		53.751959	-0.335941
		53.803895	-1.549931
		53.478239	-2.258549
		52.486125	-1.890507
		51.460852	-2.588139
		51.488224	-3.186893
		51.624837	-3.94495
		50.152266	-5.065556
		50.726024	-3.543949
		51.512161	-0.116215
		54.980766	-1.615849
		55.958426	-3.186893
		55.862982	-4.263554
		54.892406	-2.923222
		53.409532	-3.000126
		51.289406	1.075802
		
c	13 2 11 12 1 3 5 4 0 14 6 7 9 10 8 15	3003.81463291152	0.699618536708848	13	2	11	12	1	3	5	4	0	14	6	7	9	10	8	15		
		50.726024	-3.543949
		51.512161	-0.116215
		51.488224	-3.186893
		51.624837	-3.94495
		51.460852	-2.588139
		53.803895	-1.549931
		53.409532	-3.000126
		53.478239	-2.258549
		52.486125	-1.890507
		50.152266	-5.065556
		53.751959	-0.335941
		54.980766	-1.615849
		55.958426	-3.186893
		55.862982	-4.263554
		54.892406	-2.923222
		51.289406	1.075802
		
c	3 5 4 0 11 12 1 13 14 2 9 10 8 7 6 15	2442.86085845669	0.755713914154331	3	5	4	0	11	12	1	13	14	2	9	10	8	7	6	15		
		53.803895	-1.549931
		53.409532	-3.000126
		53.478239	-2.258549
		52.486125	-1.890507
		51.488224	-3.186893
		51.624837	-3.94495
		51.460852	-2.588139
		50.726024	-3.543949
		50.152266	-5.065556
		51.512161	-0.116215
		55.958426	-3.186893
		55.862982	-4.263554
		54.892406	-2.923222
		54.980766	-1.615849
		53.751959	-0.335941
		51.289406	1.075802
		
c	1 9 10 8 3 5 4 0 11 12 13 14 2 15 6 7	2465.73217140962	0.753426782859038	1	9	10	8	3	5	4	0	11	12	13	14	2	15	6	7		
		51.460852	-2.588139
		55.958426	-3.186893
		55.862982	-4.263554
		54.892406	-2.923222
		53.803895	-1.549931
		53.409532	-3.000126
		53.478239	-2.258549
		52.486125	-1.890507
		51.488224	-3.186893
		51.624837	-3.94495
		50.726024	-3.543949
		50.152266	-5.065556
		51.512161	-0.116215
		51.289406	1.075802
		53.751959	-0.335941
		54.980766	-1.615849
		
c	11 12 14 13 2 3 5 4 0 1 15 6 7 9 8 10	2388.97074520203	0.761102925479797	11	12	14	13	2	3	5	4	0	1	15	6	7	9	8	10		
		51.488224	-3.186893
		51.624837	-3.94495
		50.152266	-5.065556
		50.726024	-3.543949
		51.512161	-0.116215
		53.803895	-1.549931
		53.409532	-3.000126
		53.478239	-2.258549
		52.486125	-1.890507
		51.460852	-2.588139
		51.289406	1.075802
		53.751959	-0.335941
		54.980766	-1.615849
		55.958426	-3.186893
		54.892406	-2.923222
		55.862982	-4.263554
		
c	2 15 6 7 11 14 13 0 12 1 9 10 8 3 4 5	2720.16462630713	0.727983537369288	2	15	6	7	11	14	13	0	12	1	9	10	8	3	4	5		
		51.512161	-0.116215
		51.289406	1.075802
		53.751959	-0.335941
		54.980766	-1.615849
		51.488224	-3.186893
		50.152266	-5.065556
		50.726024	-3.543949
		52.486125	-1.890507
		51.624837	-3.94495
		51.460852	-2.588139
		55.958426	-3.186893
		55.862982	-4.263554
		54.892406	-2.923222
		53.803895	-1.549931
		53.478239	-2.258549
		53.409532	-3.000126
		
c	11 12 14 13 10 8 5 4 0 1 2 15 6 7 9 3	2638.95908826333	0.736104091173667	11	12	14	13	10	8	5	4	0	1	2	15	6	7	9	3		
		51.488224	-3.186893
		51.624837	-3.94495
		50.152266	-5.065556
		50.726024	-3.543949
		55.862982	-4.263554
		54.892406	-2.923222
		53.409532	-3.000126
		53.478239	-2.258549
		52.486125	-1.890507
		51.460852	-2.588139
		51.512161	-0.116215
		51.289406	1.075802
		53.751959	-0.335941
		54.980766	-1.615849
		55.958426	-3.186893
		53.803895	-1.549931
		
c	8 6 7 9 10 5 4 0 3 1 11 12 14 13 2 15	2194.55984455045	0.780544015544955	8	6	7	9	10	5	4	0	3	1	11	12	14	13	2	15		
		54.892406	-2.923222
		53.751959	-0.335941
		54.980766	-1.615849
		55.958426	-3.186893
		55.862982	-4.263554
		53.409532	-3.000126
		53.478239	-2.258549
		52.486125	-1.890507
		53.803895	-1.549931
		51.460852	-2.588139
		51.488224	-3.186893
		51.624837	-3.94495
		50.152266	-5.065556
		50.726024	-3.543949
		51.512161	-0.116215
		51.289406	1.075802
		
c	1 11 13 12 3 4 5 0 14 2 10 9 8 7 6 15	2756.70776217299	0.724329223782701	1	11	13	12	3	4	5	0	14	2	10	9	8	7	6	15		
		51.460852	-2.588139
		51.488224	-3.186893
		50.726024	-3.543949
		51.624837	-3.94495
		53.803895	-1.549931
		53.478239	-2.258549
		53.409532	-3.000126
		52.486125	-1.890507
		50.152266	-5.065556
		51.512161	-0.116215
		55.862982	-4.263554
		55.958426	-3.186893
		54.892406	-2.923222
		54.980766	-1.615849
		53.751959	-0.335941
		51.289406	1.075802
		
c	6 7 8 10 9 3 4 5 0 1 11 12 14 13 2 15	1813.64591411997	0.818635408588003	6	7	8	10	9	3	4	5	0	1	11	12	14	13	2	15		
		53.751959	-0.335941
		54.980766	-1.615849
		54.892406	-2.923222
		55.862982	-4.263554
		55.958426	-3.186893
		53.803895	-1.549931
		53.478239	-2.258549
		53.409532	-3.000126
		52.486125	-1.890507
		51.460852	-2.588139
		51.488224	-3.186893
		51.624837	-3.94495
		50.152266	-5.065556
		50.726024	-3.543949
		51.512161	-0.116215
		51.289406	1.075802
		
c	14 11 12 13 1 0 6 7 9 10 8 3 5 4 2 15	1926.79849435762	0.807320150564238	14	11	12	13	1	0	6	7	9	10	8	3	5	4	2	15		
		50.152266	-5.065556
		51.488224	-3.186893
		51.624837	-3.94495
		50.726024	-3.543949
		51.460852	-2.588139
		52.486125	-1.890507
		53.751959	-0.335941
		54.980766	-1.615849
		55.958426	-3.186893
		55.862982	-4.263554
		54.892406	-2.923222
		53.803895	-1.549931
		53.409532	-3.000126
		53.478239	-2.258549
		51.512161	-0.116215
		51.289406	1.075802
		
c	4 5 13 11 12 14 1 2 15 6 7 9 10 8 3 0	2259.83679783775	0.774016320216225	4	5	13	11	12	14	1	2	15	6	7	9	10	8	3	0		
		53.478239	-2.258549
		53.409532	-3.000126
		50.726024	-3.543949
		51.488224	-3.186893
		51.624837	-3.94495
		50.152266	-5.065556
		51.460852	-2.588139
		51.512161	-0.116215
		51.289406	1.075802
		53.751959	-0.335941
		54.980766	-1.615849
		55.958426	-3.186893
		55.862982	-4.263554
		54.892406	-2.923222
		53.803895	-1.549931
		52.486125	-1.890507
		
c	9 3 5 4 0 1 11 12 13 14 2 15 6 7 8 10	2114.53751956193	0.788546248043807	9	3	5	4	0	1	11	12	13	14	2	15	6	7	8	10		
		55.958426	-3.186893
		53.803895	-1.549931
		53.409532	-3.000126
		53.478239	-2.258549
		52.486125	-1.890507
		51.460852	-2.588139
		51.488224	-3.186893
		51.624837	-3.94495
		50.726024	-3.543949
		50.152266	-5.065556
		51.512161	-0.116215
		51.289406	1.075802
		53.751959	-0.335941
		54.980766	-1.615849
		54.892406	-2.923222
		55.862982	-4.263554
		
c	15 6 7 9 8 10 5 3 4 0 1 11 12 14 13 2	2197.06272952271	0.780293727047729	15	6	7	9	8	10	5	3	4	0	1	11	12	14	13	2		
		51.289406	1.075802
		53.751959	-0.335941
		54.980766	-1.615849
		55.958426	-3.186893
		54.892406	-2.923222
		55.862982	-4.263554
		53.409532	-3.000126
		53.803895	-1.549931
		53.478239	-2.258549
		52.486125	-1.890507
		51.460852	-2.588139
		51.488224	-3.186893
		51.624837	-3.94495
		50.152266	-5.065556
		50.726024	-3.543949
		51.512161	-0.116215
		
c	12 14 13 2 6 7 10 9 8 3 4 5 0 11 1 15	2176.70701756566	0.782329298243434	12	14	13	2	6	7	10	9	8	3	4	5	0	11	1	15		
		51.624837	-3.94495
		50.152266	-5.065556
		50.726024	-3.543949
		51.512161	-0.116215
		53.751959	-0.335941
		54.980766	-1.615849
		55.862982	-4.263554
		55.958426	-3.186893
		54.892406	-2.923222
		53.803895	-1.549931
		53.478239	-2.258549
		53.409532	-3.000126
		52.486125	-1.890507
		51.488224	-3.186893
		51.460852	-2.588139
		51.289406	1.075802
		
c	4 9 10 8 0 11 12 14 13 2 15 6 7 3 5 1	2512.30247703821	0.748769752296179	4	9	10	8	0	11	12	14	13	2	15	6	7	3	5	1		
		53.478239	-2.258549
		55.958426	-3.186893
		55.862982	-4.263554
		54.892406	-2.923222
		52.486125	-1.890507
		51.488224	-3.186893
		51.624837	-3.94495
		50.152266	-5.065556
		50.726024	-3.543949
		51.512161	-0.116215
		51.289406	1.075802
		53.751959	-0.335941
		54.980766	-1.615849
		53.803895	-1.549931
		53.409532	-3.000126
		51.460852	-2.588139
		
c	14 13 1 2 4 0 11 6 7 9 10 8 5 3 12 15	2659.26727629282	0.734073272370718	14	13	1	2	4	0	11	6	7	9	10	8	5	3	12	15		
		50.152266	-5.065556
		50.726024	-3.543949
		51.460852	-2.588139
		51.512161	-0.116215
		53.478239	-2.258549
		52.486125	-1.890507
		51.488224	-3.186893
		53.751959	-0.335941
		54.980766	-1.615849
		55.958426	-3.186893
		55.862982	-4.263554
		54.892406	-2.923222
		53.409532	-3.000126
		53.803895	-1.549931
		51.624837	-3.94495
		51.289406	1.075802
		
c	1 6 7 3 5 11 2 10 9 8 4 0 12 14 13 15	2944.33411162248	0.705566588837752	1	6	7	3	5	11	2	10	9	8	4	0	12	14	13	15		
		51.460852	-2.588139
		53.751959	-0.335941
		54.980766	-1.615849
		53.803895	-1.549931
		53.409532	-3.000126
		51.488224	-3.186893
		51.512161	-0.116215
		55.862982	-4.263554
		55.958426	-3.186893
		54.892406	-2.923222
		53.478239	-2.258549
		52.486125	-1.890507
		51.624837	-3.94495
		50.152266	-5.065556
		50.726024	-3.543949
		51.289406	1.075802
		
c	3 7 9 10 8 5 6 4 0 1 11 12 14 13 2 15	1939.05382437577	0.806094617562424	3	7	9	10	8	5	6	4	0	1	11	12	14	13	2	15		
		53.803895	-1.549931
		54.980766	-1.615849
		55.958426	-3.186893
		55.862982	-4.263554
		54.892406	-2.923222
		53.409532	-3.000126
		53.751959	-0.335941
		53.478239	-2.258549
		52.486125	-1.890507
		51.460852	-2.588139
		51.488224	-3.186893
		51.624837	-3.94495
		50.152266	-5.065556
		50.726024	-3.543949
		51.512161	-0.116215
		51.289406	1.075802
		
c	0 11 12 14 13 1 2 9 10 8 4 6 7 3 5 15	2572.32585879178	0.742767414120822	0	11	12	14	13	1	2	9	10	8	4	6	7	3	5	15		
		52.486125	-1.890507
		51.488224	-3.186893
		51.624837	-3.94495
		50.152266	-5.065556
		50.726024	-3.543949
		51.460852	-2.588139
		51.512161	-0.116215
		55.958426	-3.186893
		55.862982	-4.263554
		54.892406	-2.923222
		53.478239	-2.258549
		53.751959	-0.335941
		54.980766	-1.615849
		53.803895	-1.549931
		53.409532	-3.000126
		51.289406	1.075802
		
c	9 10 8 3 4 5 11 12 0 1 13 14 2 15 6 7	2172.16209535809	0.782783790464191	9	10	8	3	4	5	11	12	0	1	13	14	2	15	6	7		
		55.958426	-3.186893
		55.862982	-4.263554
		54.892406	-2.923222
		53.803895	-1.549931
		53.478239	-2.258549
		53.409532	-3.000126
		51.488224	-3.186893
		51.624837	-3.94495
		52.486125	-1.890507
		51.460852	-2.588139
		50.726024	-3.543949
		50.152266	-5.065556
		51.512161	-0.116215
		51.289406	1.075802
		53.751959	-0.335941
		54.980766	-1.615849
		
c	8 11 12 14 13 1 0 6 7 9 10 3 5 4 2 15	2310.10861828295	0.768989138171705	8	11	12	14	13	1	0	6	7	9	10	3	5	4	2	15		
		54.892406	-2.923222
		51.488224	-3.186893
		51.624837	-3.94495
		50.152266	-5.065556
		50.726024	-3.543949
		51.460852	-2.588139
		52.486125	-1.890507
		53.751959	-0.335941
		54.980766	-1.615849
		55.958426	-3.186893
		55.862982	-4.263554
		53.803895	-1.549931
		53.409532	-3.000126
		53.478239	-2.258549
		51.512161	-0.116215
		51.289406	1.075802
		
c	6 7 9 3 10 8 5 4 0 11 12 14 1 13 2 15	2372.24657641058	0.762775342358942	6	7	9	3	10	8	5	4	0	11	12	14	1	13	2	15		
		53.751959	-0.335941
		54.980766	-1.615849
		55.958426	-3.186893
		53.803895	-1.549931
		55.862982	-4.263554
		54.892406	-2.923222
		53.409532	-3.000126
		53.478239	-2.258549
		52.486125	-1.890507
		51.488224	-3.186893
		51.624837	-3.94495
		50.152266	-5.065556
		51.460852	-2.588139
		50.726024	-3.543949
		51.512161	-0.116215
		51.289406	1.075802
		
c	9 5 13 11 12 14 1 2 15 6 7 10 8 3 4 0	2496.43155450025	0.750356844549975	9	5	13	11	12	14	1	2	15	6	7	10	8	3	4	0		
		55.958426	-3.186893
		53.409532	-3.000126
		50.726024	-3.543949
		51.488224	-3.186893
		51.624837	-3.94495
		50.152266	-5.065556
		51.460852	-2.588139
		51.512161	-0.116215
		51.289406	1.075802
		53.751959	-0.335941
		54.980766	-1.615849
		55.862982	-4.263554
		54.892406	-2.923222
		53.803895	-1.549931
		53.478239	-2.258549
		52.486125	-1.890507
		
c	6 11 3 7 9 10 8 5 4 0 1 13 12 14 2 15	2387.55168677482	0.761244831322518	6	11	3	7	9	10	8	5	4	0	1	13	12	14	2	15		
		53.751959	-0.335941
		51.488224	-3.186893
		53.803895	-1.549931
		54.980766	-1.615849
		55.958426	-3.186893
		55.862982	-4.263554
		54.892406	-2.923222
		53.409532	-3.000126
		53.478239	-2.258549
		52.486125	-1.890507
		51.460852	-2.588139
		50.726024	-3.543949
		51.624837	-3.94495
		50.152266	-5.065556
		51.512161	-0.116215
		51.289406	1.075802
		
c	8 5 4 0 1 11 13 12 14 2 15 6 7 9 10 3	2284.11213755772	0.771588786244228	8	5	4	0	1	11	13	12	14	2	15	6	7	9	10	3		
		54.892406	-2.923222
		53.409532	-3.000126
		53.478239	-2.258549
		52.486125	-1.890507
		51.460852	-2.588139
		51.488224	-3.186893
		50.726024	-3.543949
		51.624837	-3.94495
		50.152266	-5.065556
		51.512161	-0.116215
		51.289406	1.075802
		53.751959	-0.335941
		54.980766	-1.615849
		55.958426	-3.186893
		55.862982	-4.263554
		53.803895	-1.549931
		
c	4 6 7 9 5 0 11 12 14 13 1 2 15 3 10 8	2470.03686796108	0.752996313203892	4	6	7	9	5	0	11	12	14	13	1	2	15	3	10	8		
		53.478239	-2.258549
		53.751959	-0.335941
		54.980766	-1.615849
		55.958426	-3.186893
		53.409532	-3.000126
		52.486125	-1.890507
		51.488224	-3.186893
		51.624837	-3.94495
		50.152266	-5.065556
		50.726024	-3.543949
		51.460852	-2.588139
		51.512161	-0.116215
		51.289406	1.075802
		53.803895	-1.549931
		55.862982	-4.263554
		54.892406	-2.923222
		
c	10 8 5 3 6 4 0 1 11 12 14 13 2 15 7 9	2193.40133457128	0.780659866542872	10	8	5	3	6	4	0	1	11	12	14	13	2	15	7	9		
		55.862982	-4.263554
		54.892406	-2.923222
		53.409532	-3.000126
		53.803895	-1.549931
		53.751959	-0.335941
		53.478239	-2.258549
		52.486125	-1.890507
		51.460852	-2.588139
		51.488224	-3.186893
		51.624837	-3.94495
		50.152266	-5.065556
		50.726024	-3.543949
		51.512161	-0.116215
		51.289406	1.075802
		54.980766	-1.615849
		55.958426	-3.186893
		
c	15 6 7 9 3 10 8 5 4 0 11 12 14 13 1 2	2390.83549769268	0.760916450230732	15	6	7	9	3	10	8	5	4	0	11	12	14	13	1	2		
		51.289406	1.075802
		53.751959	-0.335941
		54.980766	-1.615849
		55.958426	-3.186893
		53.803895	-1.549931
		55.862982	-4.263554
		54.892406	-2.923222
		53.409532	-3.000126
		53.478239	-2.258549
		52.486125	-1.890507
		51.488224	-3.186893
		51.624837	-3.94495
		50.152266	-5.065556
		50.726024	-3.543949
		51.460852	-2.588139
		51.512161	-0.116215
		
c	14 13 11 12 1 2 15 6 5 7 9 10 8 3 4 0	1962.27918044405	0.803772081955595	14	13	11	12	1	2	15	6	5	7	9	10	8	3	4	0		
		50.152266	-5.065556
		50.726024	-3.543949
		51.488224	-3.186893
		51.624837	-3.94495
		51.460852	-2.588139
		51.512161	-0.116215
		51.289406	1.075802
		53.751959	-0.335941
		53.409532	-3.000126
		54.980766	-1.615849
		55.958426	-3.186893
		55.862982	-4.263554
		54.892406	-2.923222
		53.803895	-1.549931
		53.478239	-2.258549
		52.486125	-1.890507
		
c	14 1 2 15 6 7 13 11 12 9 10 8 3 4 5 0	2642.94016481195	0.735705983518806	14	1	2	15	6	7	13	11	12	9	10	8	3	4	5	0		
		50.152266	-5.065556
		51.460852	-2.588139
		51.512161	-0.116215
		51.289406	1.075802
		53.751959	-0.335941
		54.980766	-1.615849
		50.726024	-3.543949
		51.488224	-3.186893
		51.624837	-3.94495
		55.958426	-3.186893
		55.862982	-4.263554
		54.892406	-2.923222
		53.803895	-1.549931
		53.478239	-2.258549
		53.409532	-3.000126
		52.486125	-1.890507
		
c	11 12 13 14 2 15 6 7 9 10 8 3 4 5 0 1	2060.2258633305	0.79397741366695	11	12	13	14	2	15	6	7	9	10	8	3	4	5	0	1		
		51.488224	-3.186893
		51.624837	-3.94495
		50.726024	-3.543949
		50.152266	-5.065556
		51.512161	-0.116215
		51.289406	1.075802
		53.751959	-0.335941
		54.980766	-1.615849
		55.958426	-3.186893
		55.862982	-4.263554
		54.892406	-2.923222
		53.803895	-1.549931
		53.478239	-2.258549
		53.409532	-3.000126
		52.486125	-1.890507
		51.460852	-2.588139
		
c	2 15 6 7 9 10 5 0 13 11 12 14 1 8 3 4	2532.06174160732	0.746793825839268	2	15	6	7	9	10	5	0	13	11	12	14	1	8	3	4		
		51.512161	-0.116215
		51.289406	1.075802
		53.751959	-0.335941
		54.980766	-1.615849
		55.958426	-3.186893
		55.862982	-4.263554
		53.409532	-3.000126
		52.486125	-1.890507
		50.726024	-3.543949
		51.488224	-3.186893
		51.624837	-3.94495
		50.152266	-5.065556
		51.460852	-2.588139
		54.892406	-2.923222
		53.803895	-1.549931
		53.478239	-2.258549
		
c	8 3 4 5 0 11 12 1 13 14 2 15 6 7 9 10	2038.84945700949	0.796115054299051	8	3	4	5	0	11	12	1	13	14	2	15	6	7	9	10		
		54.892406	-2.923222
		53.803895	-1.549931
		53.478239	-2.258549
		53.409532	-3.000126
		52.486125	-1.890507
		51.488224	-3.186893
		51.624837	-3.94495
		51.460852	-2.588139
		50.726024	-3.543949
		50.152266	-5.065556
		51.512161	-0.116215
		51.289406	1.075802
		53.751959	-0.335941
		54.980766	-1.615849
		55.958426	-3.186893
		55.862982	-4.263554
		
c	1 6 7 9 10 8 3 0 5 4 11 12 14 13 2 15	2216.07102494481	0.778392897505519	1	6	7	9	10	8	3	0	5	4	11	12	14	13	2	15		
		51.460852	-2.588139
		53.751959	-0.335941
		54.980766	-1.615849
		55.958426	-3.186893
		55.862982	-4.263554
		54.892406	-2.923222
		53.803895	-1.549931
		52.486125	-1.890507
		53.409532	-3.000126
		53.478239	-2.258549
		51.488224	-3.186893
		51.624837	-3.94495
		50.152266	-5.065556
		50.726024	-3.543949
		51.512161	-0.116215
		51.289406	1.075802
		
c	5 0 1 11 12 14 13 6 7 9 10 4 3 8 2 15	2439.4307957504	0.75605692042496	5	0	1	11	12	14	13	6	7	9	10	4	3	8	2	15		
		53.409532	-3.000126
		52.486125	-1.890507
		51.460852	-2.588139
		51.488224	-3.186893
		51.624837	-3.94495
		50.152266	-5.065556
		50.726024	-3.543949
		53.751959	-0.335941
		54.980766	-1.615849
		55.958426	-3.186893
		55.862982	-4.263554
		53.478239	-2.258549
		53.803895	-1.549931
		54.892406	-2.923222
		51.512161	-0.116215
		51.289406	1.075802
		
c	15 6 10 8 3 4 7 9 5 0 1 11 12 14 13 2	2491.56858367879	0.750843141632122	15	6	10	8	3	4	7	9	5	0	1	11	12	14	13	2		
		51.289406	1.075802
		53.751959	-0.335941
		55.862982	-4.263554
		54.892406	-2.923222
		53.803895	-1.549931
		53.478239	-2.258549
		54.980766	-1.615849
		55.958426	-3.186893
		53.409532	-3.000126
		52.486125	-1.890507
		51.460852	-2.588139
		51.488224	-3.186893
		51.624837	-3.94495
		50.152266	-5.065556
		50.726024	-3.543949
		51.512161	-0.116215
		
c	12 14 1 2 15 6 7 9 10 8 3 4 5 11 0 13	2309.74477033624	0.769025522966376	12	14	1	2	15	6	7	9	10	8	3	4	5	11	0	13		
		51.624837	-3.94495
		50.152266	-5.065556
		51.460852	-2.588139
		51.512161	-0.116215
		51.289406	1.075802
		53.751959	-0.335941
		54.980766	-1.615849
		55.958426	-3.186893
		55.862982	-4.263554
		54.892406	-2.923222
		53.803895	-1.549931
		53.478239	-2.258549
		53.409532	-3.000126
		51.488224	-3.186893
		52.486125	-1.890507
		50.726024	-3.543949
		
c	5 4 0 1 11 12 13 14 2 15 6 7 9 10 8 3	2028.9745825887	0.79710254174113	5	4	0	1	11	12	13	14	2	15	6	7	9	10	8	3		
		53.409532	-3.000126
		53.478239	-2.258549
		52.486125	-1.890507
		51.460852	-2.588139
		51.488224	-3.186893
		51.624837	-3.94495
		50.726024	-3.543949
		50.152266	-5.065556
		51.512161	-0.116215
		51.289406	1.075802
		53.751959	-0.335941
		54.980766	-1.615849
		55.958426	-3.186893
		55.862982	-4.263554
		54.892406	-2.923222
		53.803895	-1.549931
		
c	5 4 0 1 9 10 8 7 6 3 11 12 14 13 2 15	2299.57873651244	0.770042126348756	5	4	0	1	9	10	8	7	6	3	11	12	14	13	2	15		
		53.409532	-3.000126
		53.478239	-2.258549
		52.486125	-1.890507
		51.460852	-2.588139
		55.958426	-3.186893
		55.862982	-4.263554
		54.892406	-2.923222
		54.980766	-1.615849
		53.751959	-0.335941
		53.803895	-1.549931
		51.488224	-3.186893
		51.624837	-3.94495
		50.152266	-5.065556
		50.726024	-3.543949
		51.512161	-0.116215
		51.289406	1.075802
		
c	0 1 2 15 6 7 10 8 3 4 9 5 11 12 14 13	2512.49437276578	0.748750562723422	0	1	2	15	6	7	10	8	3	4	9	5	11	12	14	13		
		52.486125	-1.890507
		51.460852	-2.588139
		51.512161	-0.116215
		51.289406	1.075802
		53.751959	-0.335941
		54.980766	-1.615849
		55.862982	-4.263554
		54.892406	-2.923222
		53.803895	-1.549931
		53.478239	-2.258549
		55.958426	-3.186893
		53.409532	-3.000126
		51.488224	-3.186893
		51.624837	-3.94495
		50.152266	-5.065556
		50.726024	-3.543949
		
c	3 15 6 7 9 10 8 4 5 0 1 11 12 14 13 2	2253.96785954871	0.774603214045129	3	15	6	7	9	10	8	4	5	0	1	11	12	14	13	2		
		53.803895	-1.549931
		51.289406	1.075802
		53.751959	-0.335941
		54.980766	-1.615849
		55.958426	-3.186893
		55.862982	-4.263554
		54.892406	-2.923222
		53.478239	-2.258549
		53.409532	-3.000126
		52.486125	-1.890507
		51.460852	-2.588139
		51.488224	-3.186893
		51.624837	-3.94495
		50.152266	-5.065556
		50.726024	-3.543949
		51.512161	-0.116215
		
c	0 1 5 11 12 14 13 2 15 6 7 9 10 8 3 4	2269.82312239772	0.773017687760228	0	1	5	11	12	14	13	2	15	6	7	9	10	8	3	4		
		52.486125	-1.890507
		51.460852	-2.588139
		53.409532	-3.000126
		51.488224	-3.186893
		51.624837	-3.94495
		50.152266	-5.065556
		50.726024	-3.543949
		51.512161	-0.116215
		51.289406	1.075802
		53.751959	-0.335941
		54.980766	-1.615849
		55.958426	-3.186893
		55.862982	-4.263554
		54.892406	-2.923222
		53.803895	-1.549931
		53.478239	-2.258549
		
c	6 7 9 10 8 3 4 5 11 12 0 1 13 14 2 15	2029.21479509231	0.797078520490769	6	7	9	10	8	3	4	5	11	12	0	1	13	14	2	15		
		53.751959	-0.335941
		54.980766	-1.615849
		55.958426	-3.186893
		55.862982	-4.263554
		54.892406	-2.923222
		53.803895	-1.549931
		53.478239	-2.258549
		53.409532	-3.000126
		51.488224	-3.186893
		51.624837	-3.94495
		52.486125	-1.890507
		51.460852	-2.588139
		50.726024	-3.543949
		50.152266	-5.065556
		51.512161	-0.116215
		51.289406	1.075802
		
c	8 3 10 9 6 7 4 5 0 1 11 12 14 13 2 15	2187.40600341019	0.781259399658981	8	3	10	9	6	7	4	5	0	1	11	12	14	13	2	15		
		54.892406	-2.923222
		53.803895	-1.549931
		55.862982	-4.263554
		55.958426	-3.186893
		53.751959	-0.335941
		54.980766	-1.615849
		53.478239	-2.258549
		53.409532	-3.000126
		52.486125	-1.890507
		51.460852	-2.588139
		51.488224	-3.186893
		51.624837	-3.94495
		50.152266	-5.065556
		50.726024	-3.543949
		51.512161	-0.116215
		51.289406	1.075802
		
c	3 4 8 6 7 9 5 0 1 13 14 2 15 10 11 12	3133.95244832639	0.686604755167361	3	4	8	6	7	9	5	0	1	13	14	2	15	10	11	12		
		53.803895	-1.549931
		53.478239	-2.258549
		54.892406	-2.923222
		53.751959	-0.335941
		54.980766	-1.615849
		55.958426	-3.186893
		53.409532	-3.000126
		52.486125	-1.890507
		51.460852	-2.588139
		50.726024	-3.543949
		50.152266	-5.065556
		51.512161	-0.116215
		51.289406	1.075802
		55.862982	-4.263554
		51.488224	-3.186893
		51.624837	-3.94495
		
c	12 8 7 10 9 3 4 5 6 0 1 11 14 13 2 15	2270.54071548136	0.772945928451864	12	8	7	10	9	3	4	5	6	0	1	11	14	13	2	15		
		51.624837	-3.94495
		54.892406	-2.923222
		54.980766	-1.615849
		55.862982	-4.263554
		55.958426	-3.186893
		53.803895	-1.549931
		53.478239	-2.258549
		53.409532	-3.000126
		53.751959	-0.335941
		52.486125	-1.890507
		51.460852	-2.588139
		51.488224	-3.186893
		50.152266	-5.065556
		50.726024	-3.543949
		51.512161	-0.116215
		51.289406	1.075802
		
c	4 0 1 11 6 7 9 10 8 5 3 12 14 13 2 15	2316.13197503575	0.768386802496425	4	0	1	11	6	7	9	10	8	5	3	12	14	13	2	15		
		53.478239	-2.258549
		52.486125	-1.890507
		51.460852	-2.588139
		51.488224	-3.186893
		53.751959	-0.335941
		54.980766	-1.615849
		55.958426	-3.186893
		55.862982	-4.263554
		54.892406	-2.923222
		53.409532	-3.000126
		53.803895	-1.549931
		51.624837	-3.94495
		50.152266	-5.065556
		50.726024	-3.543949
		51.512161	-0.116215
		51.289406	1.075802
		
c	5 6 3 4 1 11 12 14 13 2 7 8 10 9 0 15	2528.04880289559	0.747195119710441	5	6	3	4	1	11	12	14	13	2	7	8	10	9	0	15		
		53.409532	-3.000126
		53.751959	-0.335941
		53.803895	-1.549931
		53.478239	-2.258549
		51.460852	-2.588139
		51.488224	-3.186893
		51.624837	-3.94495
		50.152266	-5.065556
		50.726024	-3.543949
		51.512161	-0.116215
		54.980766	-1.615849
		54.892406	-2.923222
		55.862982	-4.263554
		55.958426	-3.186893
		52.486125	-1.890507
		51.289406	1.075802
		
c	3 4 0 1 6 7 9 10 8 5 11 12 14 13 2 15	2185.79296900278	0.781420703099722	3	4	0	1	6	7	9	10	8	5	11	12	14	13	2	15		
		53.803895	-1.549931
		53.478239	-2.258549
		52.486125	-1.890507
		51.460852	-2.588139
		53.751959	-0.335941
		54.980766	-1.615849
		55.958426	-3.186893
		55.862982	-4.263554
		54.892406	-2.923222
		53.409532	-3.000126
		51.488224	-3.186893
		51.624837	-3.94495
		50.152266	-5.065556
		50.726024	-3.543949
		51.512161	-0.116215
		51.289406	1.075802
		
c	10 8 3 4 6 7 9 5 0 11 12 14 13 1 2 15	2060.81635404161	0.793918364595839	10	8	3	4	6	7	9	5	0	11	12	14	13	1	2	15		
		55.862982	-4.263554
		54.892406	-2.923222
		53.803895	-1.549931
		53.478239	-2.258549
		53.751959	-0.335941
		54.980766	-1.615849
		55.958426	-3.186893
		53.409532	-3.000126
		52.486125	-1.890507
		51.488224	-3.186893
		51.624837	-3.94495
		50.152266	-5.065556
		50.726024	-3.543949
		51.460852	-2.588139
		51.512161	-0.116215
		51.289406	1.075802
		
c	15 6 7 9 10 8 3 4 5 0 11 12 1 13 14 2	2089.70171499741	0.791029828500259	15	6	7	9	10	8	3	4	5	0	11	12	1	13	14	2		
		51.289406	1.075802
		53.751959	-0.335941
		54.980766	-1.615849
		55.958426	-3.186893
		55.862982	-4.263554
		54.892406	-2.923222
		53.803895	-1.549931
		53.478239	-2.258549
		53.409532	-3.000126
		52.486125	-1.890507
		51.488224	-3.186893
		51.624837	-3.94495
		51.460852	-2.588139
		50.726024	-3.543949
		50.152266	-5.065556
		51.512161	-0.116215
		
c	9 8 7 5 6 3 4 0 1 11 12 14 13 2 15 10	2318.40016652819	0.768159983347181	9	8	7	5	6	3	4	0	1	11	12	14	13	2	15	10		
		55.958426	-3.186893
		54.892406	-2.923222
		54.980766	-1.615849
		53.409532	-3.000126
		53.751959	-0.335941
		53.803895	-1.549931
		53.478239	-2.258549
		52.486125	-1.890507
		51.460852	-2.588139
		51.488224	-3.186893
		51.624837	-3.94495
		50.152266	-5.065556
		50.726024	-3.543949
		51.512161	-0.116215
		51.289406	1.075802
		55.862982	-4.263554
		
c	0 11 12 14 13 2 15 6 7 9 10 8 5 3 4 1	2201.22479783034	0.779877520216966	0	11	12	14	13	2	15	6	7	9	10	8	5	3	4	1		
		52.486125	-1.890507
		51.488224	-3.186893
		51.624837	-3.94495
		50.152266	-5.065556
		50.726024	-3.543949
		51.512161	-0.116215
		51.289406	1.075802
		53.751959	-0.335941
		54.980766	-1.615849
		55.958426	-3.186893
		55.862982	-4.263554
		54.892406	-2.923222
		53.409532	-3.000126
		53.803895	-1.549931
		53.478239	-2.258549
		51.460852	-2.588139
		
c	0 1 6 7 8 10 9 3 4 5 11 12 14 13 2 15	2155.98299116103	0.784401700883897	0	1	6	7	8	10	9	3	4	5	11	12	14	13	2	15		
		52.486125	-1.890507
		51.460852	-2.588139
		53.751959	-0.335941
		54.980766	-1.615849
		54.892406	-2.923222
		55.862982	-4.263554
		55.958426	-3.186893
		53.803895	-1.549931
		53.478239	-2.258549
		53.409532	-3.000126
		51.488224	-3.186893
		51.624837	-3.94495
		50.152266	-5.065556
		50.726024	-3.543949
		51.512161	-0.116215
		51.289406	1.075802
		
c	10 8 3 2 15 6 7 4 9 5 0 1 11 12 14 13	2487.49838069538	0.751250161930462	10	8	3	2	15	6	7	4	9	5	0	1	11	12	14	13		
		55.862982	-4.263554
		54.892406	-2.923222
		53.803895	-1.549931
		51.512161	-0.116215
		51.289406	1.075802
		53.751959	-0.335941
		54.980766	-1.615849
		53.478239	-2.258549
		55.958426	-3.186893
		53.409532	-3.000126
		52.486125	-1.890507
		51.460852	-2.588139
		51.488224	-3.186893
		51.624837	-3.94495
		50.152266	-5.065556
		50.726024	-3.543949
		
c	0 1 10 9 8 7 5 6 3 4 11 12 14 13 2 15	2345.10218945036	0.765489781054964	0	1	10	9	8	7	5	6	3	4	11	12	14	13	2	15		
		52.486125	-1.890507
		51.460852	-2.588139
		55.862982	-4.263554
		55.958426	-3.186893
		54.892406	-2.923222
		54.980766	-1.615849
		53.409532	-3.000126
		53.751959	-0.335941
		53.803895	-1.549931
		53.478239	-2.258549
		51.488224	-3.186893
		51.624837	-3.94495
		50.152266	-5.065556
		50.726024	-3.543949
		51.512161	-0.116215
		51.289406	1.075802
		
c	5 0 1 11 12 14 15 6 7 9 10 8 3 4 13 2	2562.7852579645	0.74372147420355	5	0	1	11	12	14	15	6	7	9	10	8	3	4	13	2		
		53.409532	-3.000126
		52.486125	-1.890507
		51.460852	-2.588139
		51.488224	-3.186893
		51.624837	-3.94495
		50.152266	-5.065556
		51.289406	1.075802
		53.751959	-0.335941
		54.980766	-1.615849
		55.958426	-3.186893
		55.862982	-4.263554
		54.892406	-2.923222
		53.803895	-1.549931
		53.478239	-2.258549
		50.726024	-3.543949
		51.512161	-0.116215
		
c	10 8 7 13 11 12 14 1 2 15 5 0 6 9 3 4	2812.0688582032	0.71879311417968	10	8	7	13	11	12	14	1	2	15	5	0	6	9	3	4		
		55.862982	-4.263554
		54.892406	-2.923222
		54.980766	-1.615849
		50.726024	-3.543949
		51.488224	-3.186893
		51.624837	-3.94495
		50.152266	-5.065556
		51.460852	-2.588139
		51.512161	-0.116215
		51.289406	1.075802
		53.409532	-3.000126
		52.486125	-1.890507
		53.751959	-0.335941
		55.958426	-3.186893
		53.803895	-1.549931
		53.478239	-2.258549
		
c	10 8 3 4 5 0 1 11 12 14 13 2 15 6 7 9	1987.44837524405	0.801255162475595	10	8	3	4	5	0	1	11	12	14	13	2	15	6	7	9		
		55.862982	-4.263554
		54.892406	-2.923222
		53.803895	-1.549931
		53.478239	-2.258549
		53.409532	-3.000126
		52.486125	-1.890507
		51.460852	-2.588139
		51.488224	-3.186893
		51.624837	-3.94495
		50.152266	-5.065556
		50.726024	-3.543949
		51.512161	-0.116215
		51.289406	1.075802
		53.751959	-0.335941
		54.980766	-1.615849
		55.958426	-3.186893
		
c	7 3 10 8 9 2 15 13 11 12 14 1 6 4 5 0	2779.58384355378	0.722041615644622	7	3	10	8	9	2	15	13	11	12	14	1	6	4	5	0		
		54.980766	-1.615849
		53.803895	-1.549931
		55.862982	-4.263554
		54.892406	-2.923222
		55.958426	-3.186893
		51.512161	-0.116215
		51.289406	1.075802
		50.726024	-3.543949
		51.488224	-3.186893
		51.624837	-3.94495
		50.152266	-5.065556
		51.460852	-2.588139
		53.751959	-0.335941
		53.478239	-2.258549
		53.409532	-3.000126
		52.486125	-1.890507
		
c	7 13 11 12 14 1 2 15 6 9 10 8 3 4 5 0	2486.03298349421	0.751396701650579	7	13	11	12	14	1	2	15	6	9	10	8	3	4	5	0		
		54.980766	-1.615849
		50.726024	-3.543949
		51.488224	-3.186893
		51.624837	-3.94495
		50.152266	-5.065556
		51.460852	-2.588139
		51.512161	-0.116215
		51.289406	1.075802
		53.751959	-0.335941
		55.958426	-3.186893
		55.862982	-4.263554
		54.892406	-2.923222
		53.803895	-1.549931
		53.478239	-2.258549
		53.409532	-3.000126
		52.486125	-1.890507
		
c	12 14 6 7 9 10 8 3 4 5 0 1 11 13 2 15	2188.75747137163	0.781124252862837	12	14	6	7	9	10	8	3	4	5	0	1	11	13	2	15		
		51.624837	-3.94495
		50.152266	-5.065556
		53.751959	-0.335941
		54.980766	-1.615849
		55.958426	-3.186893
		55.862982	-4.263554
		54.892406	-2.923222
		53.803895	-1.549931
		53.478239	-2.258549
		53.409532	-3.000126
		52.486125	-1.890507
		51.460852	-2.588139
		51.488224	-3.186893
		50.726024	-3.543949
		51.512161	-0.116215
		51.289406	1.075802
		
c	3 7 9 10 8 5 4 0 6 1 11 12 14 13 2 15	2026.30261455335	0.797369738544665	3	7	9	10	8	5	4	0	6	1	11	12	14	13	2	15		
		53.803895	-1.549931
		54.980766	-1.615849
		55.958426	-3.186893
		55.862982	-4.263554
		54.892406	-2.923222
		53.409532	-3.000126
		53.478239	-2.258549
		52.486125	-1.890507
		53.751959	-0.335941
		51.460852	-2.588139
		51.488224	-3.186893
		51.624837	-3.94495
		50.152266	-5.065556
		50.726024	-3.543949
		51.512161	-0.116215
		51.289406	1.075802
		
c	11 12 10 8 3 4 6 7 9 5 0 14 13 1 2 15	2549.38474949376	0.745061525050624	11	12	10	8	3	4	6	7	9	5	0	14	13	1	2	15		
		51.488224	-3.186893
		51.624837	-3.94495
		55.862982	-4.263554
		54.892406	-2.923222
		53.803895	-1.549931
		53.478239	-2.258549
		53.751959	-0.335941
		54.980766	-1.615849
		55.958426	-3.186893
		53.409532	-3.000126
		52.486125	-1.890507
		50.152266	-5.065556
		50.726024	-3.543949
		51.460852	-2.588139
		51.512161	-0.116215
		51.289406	1.075802
		
g100		1758.37881581719	0.824162118418281	0	6	3	7	9	10	8	5	4	0	1	11	12	14	13	2	15		
		53.751959	-0.335941
		53.803895	-1.549931
		54.980766	-1.615849
		55.958426	-3.186893
		55.862982	-4.263554
		54.892406	-2.923222
		53.409532	-3.000126
		53.478239	-2.258549
		52.486125	-1.890507
		51.460852	-2.588139
		51.488224	-3.186893
		51.624837	-3.94495
		50.152266	-5.065556
		50.726024	-3.543949
		51.512161	-0.116215
		51.289406	1.075802
		
g100		1764.36174716627	0.823563825283373	1	6	7	9	10	8	3	4	5	0	11	12	14	13	1	2	15		
		53.751959	-0.335941
		54.980766	-1.615849
		55.958426	-3.186893
		55.862982	-4.263554
		54.892406	-2.923222
		53.803895	-1.549931
		53.478239	-2.258549
		53.409532	-3.000126
		52.486125	-1.890507
		51.488224	-3.186893
		51.624837	-3.94495
		50.152266	-5.065556
		50.726024	-3.543949
		51.460852	-2.588139
		51.512161	-0.116215
		51.289406	1.075802
		
g100		1765.3928454289	0.82346071545711	2	6	7	9	10	8	3	4	5	0	1	11	12	14	13	2	15		
		53.751959	-0.335941
		54.980766	-1.615849
		55.958426	-3.186893
		55.862982	-4.263554
		54.892406	-2.923222
		53.803895	-1.549931
		53.478239	-2.258549
		53.409532	-3.000126
		52.486125	-1.890507
		51.460852	-2.588139
		51.488224	-3.186893
		51.624837	-3.94495
		50.152266	-5.065556
		50.726024	-3.543949
		51.512161	-0.116215
		51.289406	1.075802
		
g100		1767.93964020092	0.823206035979908	3	10	9	8	7	5	6	3	4	0	1	11	12	14	13	2	15		
		55.862982	-4.263554
		55.958426	-3.186893
		54.892406	-2.923222
		54.980766	-1.615849
		53.409532	-3.000126
		53.751959	-0.335941
		53.803895	-1.549931
		53.478239	-2.258549
		52.486125	-1.890507
		51.460852	-2.588139
		51.488224	-3.186893
		51.624837	-3.94495
		50.152266	-5.065556
		50.726024	-3.543949
		51.512161	-0.116215
		51.289406	1.075802
		
g100		1785.41447966156	0.821458552033844	4	9	10	8	7	5	6	3	4	0	1	11	12	14	13	2	15		
		55.958426	-3.186893
		55.862982	-4.263554
		54.892406	-2.923222
		54.980766	-1.615849
		53.409532	-3.000126
		53.751959	-0.335941
		53.803895	-1.549931
		53.478239	-2.258549
		52.486125	-1.890507
		51.460852	-2.588139
		51.488224	-3.186893
		51.624837	-3.94495
		50.152266	-5.065556
		50.726024	-3.543949
		51.512161	-0.116215
		51.289406	1.075802
		
g100		1787.2678443766	0.82127321556234	5	3	6	7	9	10	8	5	4	0	1	11	12	14	13	2	15		
		53.803895	-1.549931
		53.751959	-0.335941
		54.980766	-1.615849
		55.958426	-3.186893
		55.862982	-4.263554
		54.892406	-2.923222
		53.409532	-3.000126
		53.478239	-2.258549
		52.486125	-1.890507
		51.460852	-2.588139
		51.488224	-3.186893
		51.624837	-3.94495
		50.152266	-5.065556
		50.726024	-3.543949
		51.512161	-0.116215
		51.289406	1.075802
		
