c	6 0 3 5 10 9 8 7 4 1 11 12 14 13 2 15	2126.39776728652	0.787360223271348	6	0	3	5	10	9	8	7	4	1	11	12	14	13	2	15		
		53.751959	-0.335941
		52.486125	-1.890507
		53.803895	-1.549931
		53.409532	-3.000126
		55.862982	-4.263554
		55.958426	-3.186893
		54.892406	-2.923222
		54.980766	-1.615849
		53.478239	-2.258549
		51.460852	-2.588139
		51.488224	-3.186893
		51.624837	-3.94495
		50.152266	-5.065556
		50.726024	-3.543949
		51.512161	-0.116215
		51.289406	1.075802
		
c	6 4 5 0 1 10 11 12 14 13 9 8 7 3 2 15	3061.12016634305	0.693887983365695	6	4	5	0	1	10	11	12	14	13	9	8	7	3	2	15		
		53.751959	-0.335941
		53.478239	-2.258549
		53.409532	-3.000126
		52.486125	-1.890507
		51.460852	-2.588139
		55.862982	-4.263554
		51.488224	-3.186893
		51.624837	-3.94495
		50.152266	-5.065556
		50.726024	-3.543949
		55.958426	-3.186893
		54.892406	-2.923222
		54.980766	-1.615849
		53.803895	-1.549931
		51.512161	-0.116215
		51.289406	1.075802
		
c	4 11 12 14 13 10 9 8 7 6 3 5 0 1 2 15	2289.346325969	0.771065367403101	4	11	12	14	13	10	9	8	7	6	3	5	0	1	2	15		
		53.478239	-2.258549
		51.488224	-3.186893
		51.624837	-3.94495
		50.152266	-5.065556
		50.726024	-3.543949
		55.862982	-4.263554
		55.958426	-3.186893
		54.892406	-2.923222
		54.980766	-1.615849
		53.751959	-0.335941
		53.803895	-1.549931
		53.409532	-3.000126
		52.486125	-1.890507
		51.460852	-2.588139
		51.512161	-0.116215
		51.289406	1.075802
		
c	6 4 5 0 11 12 14 13 1 10 8 7 9 3 2 15	2406.26141235865	0.759373858764135	6	4	5	0	11	12	14	13	1	10	8	7	9	3	2	15		
		53.751959	-0.335941
		53.478239	-2.258549
		53.409532	-3.000126
		52.486125	-1.890507
		51.488224	-3.186893
		51.624837	-3.94495
		50.152266	-5.065556
		50.726024	-3.543949
		51.460852	-2.588139
		55.862982	-4.263554
		54.892406	-2.923222
		54.980766	-1.615849
		55.958426	-3.186893
		53.803895	-1.549931
		51.512161	-0.116215
		51.289406	1.075802
		
c	14 13 12 3 4 5 6 10 9 8 7 0 11 1 2 15	2143.8277203156	0.78561722796844	14	13	12	3	4	5	6	10	9	8	7	0	11	1	2	15		
		50.152266	-5.065556
		50.726024	-3.543949
		51.624837	-3.94495
		53.803895	-1.549931
		53.478239	-2.258549
		53.409532	-3.000126
		53.751959	-0.335941
		55.862982	-4.263554
		55.958426	-3.186893
		54.892406	-2.923222
		54.980766	-1.615849
		52.486125	-1.890507
		51.488224	-3.186893
		51.460852	-2.588139
		51.512161	-0.116215
		51.289406	1.075802
		
c	13 2 6 4 5 10 9 8 7 0 3 11 12 14 1 15	2665.15054636684	0.733484945363316	13	2	6	4	5	10	9	8	7	0	3	11	12	14	1	15		
		50.726024	-3.543949
		51.512161	-0.116215
		53.751959	-0.335941
		53.478239	-2.258549
		53.409532	-3.000126
		55.862982	-4.263554
		55.958426	-3.186893
		54.892406	-2.923222
		54.980766	-1.615849
		52.486125	-1.890507
		53.803895	-1.549931
		51.488224	-3.186893
		51.624837	-3.94495
		50.152266	-5.065556
		51.460852	-2.588139
		51.289406	1.075802
		
c	0 11 7 3 9 10 6 4 5 12 14 13 1 2 8 15	3221.86266273334	0.677813733726666	0	11	7	3	9	10	6	4	5	12	14	13	1	2	8	15		
		52.486125	-1.890507
		51.488224	-3.186893
		54.980766	-1.615849
		53.803895	-1.549931
		55.958426	-3.186893
		55.862982	-4.263554
		53.751959	-0.335941
		53.478239	-2.258549
		53.409532	-3.000126
		51.624837	-3.94495
		50.152266	-5.065556
		50.726024	-3.543949
		51.460852	-2.588139
		51.512161	-0.116215
		54.892406	-2.923222
		51.289406	1.075802
		
c	12 1 11 10 9 8 7 3 4 6 5 0 14 13 2 15	2334.41824537115	0.766558175462885	12	1	11	10	9	8	7	3	4	6	5	0	14	13	2	15		
		51.624837	-3.94495
		51.460852	-2.588139
		51.488224	-3.186893
		55.862982	-4.263554
		55.958426	-3.186893
		54.892406	-2.923222
		54.980766	-1.615849
		53.803895	-1.549931
		53.478239	-2.258549
		53.751959	-0.335941
		53.409532	-3.000126
		52.486125	-1.890507
		50.152266	-5.065556
		50.726024	-3.543949
		51.512161	-0.116215
		51.289406	1.075802
		
c	12 8 11 4 10 7 6 5 9 0 1 13 14 3 2 15	3670.91157569011	0.632908842430989	12	8	11	4	10	7	6	5	9	0	1	13	14	3	2	15		
		51.624837	-3.94495
		54.892406	-2.923222
		51.488224	-3.186893
		53.478239	-2.258549
		55.862982	-4.263554
		54.980766	-1.615849
		53.751959	-0.335941
		53.409532	-3.000126
		55.958426	-3.186893
		52.486125	-1.890507
		51.460852	-2.588139
		50.726024	-3.543949
		50.152266	-5.065556
		53.803895	-1.549931
		51.512161	-0.116215
		51.289406	1.075802
		
c	3 7 4 6 5 10 9 8 0 1 11 12 14 13 2 15	2229.47269387847	0.777052730612153	3	7	4	6	5	10	9	8	0	1	11	12	14	13	2	15		
		53.803895	-1.549931
		54.980766	-1.615849
		53.478239	-2.258549
		53.751959	-0.335941
		53.409532	-3.000126
		55.862982	-4.263554
		55.958426	-3.186893
		54.892406	-2.923222
		52.486125	-1.890507
		51.460852	-2.588139
		51.488224	-3.186893
		51.624837	-3.94495
		50.152266	-5.065556
		50.726024	-3.543949
		51.512161	-0.116215
		51.289406	1.075802
		
c	6 4 5 0 11 12 14 13 7 9 10 8 3 1 2 15	2330.57899035884	0.766942100964116	6	4	5	0	11	12	14	13	7	9	10	8	3	1	2	15		
		53.751959	-0.335941
		53.478239	-2.258549
		53.409532	-3.000126
		52.486125	-1.890507
		51.488224	-3.186893
		51.624837	-3.94495
		50.152266	-5.065556
		50.726024	-3.543949
		54.980766	-1.615849
		55.958426	-3.186893
		55.862982	-4.263554
		54.892406	-2.923222
		53.803895	-1.549931
		51.460852	-2.588139
		51.512161	-0.116215
		51.289406	1.075802
		
c	11 13 2 6 4 5 10 9 8 7 0 3 12 14 1 15	2709.83008306498	0.729016991693502	11	13	2	6	4	5	10	9	8	7	0	3	12	14	1	15		
		51.488224	-3.186893
		50.726024	-3.543949
		51.512161	-0.116215
		53.751959	-0.335941
		53.478239	-2.258549
		53.409532	-3.000126
		55.862982	-4.263554
		55.958426	-3.186893
		54.892406	-2.923222
		54.980766	-1.615849
		52.486125	-1.890507
		53.803895	-1.549931
		51.624837	-3.94495
		50.152266	-5.065556
		51.460852	-2.588139
		51.289406	1.075802
		
c	6 5 10 9 8 0 1 11 12 7 4 3 14 13 2 15	2721.46607866274	0.727853392133726	6	5	10	9	8	0	1	11	12	7	4	3	14	13	2	15		
		53.751959	-0.335941
		53.409532	-3.000126
		55.862982	-4.263554
		55.958426	-3.186893
		54.892406	-2.923222
		52.486125	-1.890507
		51.460852	-2.588139
		51.488224	-3.186893
		51.624837	-3.94495
		54.980766	-1.615849
		53.478239	-2.258549
		53.803895	-1.549931
		50.152266	-5.065556
		50.726024	-3.543949
		51.512161	-0.116215
		51.289406	1.075802
		
c	1 2 5 9 10 8 7 3 0 11 12 14 13 4 6 15	2553.1235916265	0.74468764083735	1	2	5	9	10	8	7	3	0	11	12	14	13	4	6	15		
		51.460852	-2.588139
		51.512161	-0.116215
		53.409532	-3.000126
		55.958426	-3.186893
		55.862982	-4.263554
		54.892406	-2.923222
		54.980766	-1.615849
		53.803895	-1.549931
		52.486125	-1.890507
		51.488224	-3.186893
		51.624837	-3.94495
		50.152266	-5.065556
		50.726024	-3.543949
		53.478239	-2.258549
		53.751959	-0.335941
		51.289406	1.075802
		
c	1 14 2 8 7 3 9 10 6 4 5 0 11 12 13 15	2850.50881973762	0.714949118026238	1	14	2	8	7	3	9	10	6	4	5	0	11	12	13	15		
		51.460852	-2.588139
		50.152266	-5.065556
		51.512161	-0.116215
		54.892406	-2.923222
		54.980766	-1.615849
		53.803895	-1.549931
		55.958426	-3.186893
		55.862982	-4.263554
		53.751959	-0.335941
		53.478239	-2.258549
		53.409532	-3.000126
		52.486125	-1.890507
		51.488224	-3.186893
		51.624837	-3.94495
		50.726024	-3.543949
		51.289406	1.075802
		
c	6 2 12 14 3 4 5 10 9 8 7 0 11 13 1 15	2702.06536259168	0.729793463740832	6	2	12	14	3	4	5	10	9	8	7	0	11	13	1	15		
		53.751959	-0.335941
		51.512161	-0.116215
		51.624837	-3.94495
		50.152266	-5.065556
		53.803895	-1.549931
		53.478239	-2.258549
		53.409532	-3.000126
		55.862982	-4.263554
		55.958426	-3.186893
		54.892406	-2.923222
		54.980766	-1.615849
		52.486125	-1.890507
		51.488224	-3.186893
		50.726024	-3.543949
		51.460852	-2.588139
		51.289406	1.075802
		
c	1 11 12 14 13 2 10 9 8 7 6 3 4 5 0 15	2203.27054595425	0.779672945404575	1	11	12	14	13	2	10	9	8	7	6	3	4	5	0	15		
		51.460852	-2.588139
		51.488224	-3.186893
		51.624837	-3.94495
		50.152266	-5.065556
		50.726024	-3.543949
		51.512161	-0.116215
		55.862982	-4.263554
		55.958426	-3.186893
		54.892406	-2.923222
		54.980766	-1.615849
		53.751959	-0.335941
		53.803895	-1.549931
		53.478239	-2.258549
		53.409532	-3.000126
		52.486125	-1.890507
		51.289406	1.075802
		
c	4 8 6 5 0 3 10 9 7 11 12 14 13 1 2 15	2457.38659194979	0.754261340805021	4	8	6	5	0	3	10	9	7	11	12	14	13	1	2	15		
		53.478239	-2.258549
		54.892406	-2.923222
		53.751959	-0.335941
		53.409532	-3.000126
		52.486125	-1.890507
		53.803895	-1.549931
		55.862982	-4.263554
		55.958426	-3.186893
		54.980766	-1.615849
		51.488224	-3.186893
		51.624837	-3.94495
		50.152266	-5.065556
		50.726024	-3.543949
		51.460852	-2.588139
		51.512161	-0.116215
		51.289406	1.075802
		
c	1 11 12 14 13 2 10 3 4 6 5 9 8 7 0 15	2878.48373421489	0.712151626578511	1	11	12	14	13	2	10	3	4	6	5	9	8	7	0	15		
		51.460852	-2.588139
		51.488224	-3.186893
		51.624837	-3.94495
		50.152266	-5.065556
		50.726024	-3.543949
		51.512161	-0.116215
		55.862982	-4.263554
		53.803895	-1.549931
		53.478239	-2.258549
		53.751959	-0.335941
		53.409532	-3.000126
		55.958426	-3.186893
		54.892406	-2.923222
		54.980766	-1.615849
		52.486125	-1.890507
		51.289406	1.075802
		
c	9 8 10 6 11 12 7 3 4 5 0 14 13 1 2 15	2571.61050882681	0.742838949117319	9	8	10	6	11	12	7	3	4	5	0	14	13	1	2	15		
		55.958426	-3.186893
		54.892406	-2.923222
		55.862982	-4.263554
		53.751959	-0.335941
		51.488224	-3.186893
		51.624837	-3.94495
		54.980766	-1.615849
		53.803895	-1.549931
		53.478239	-2.258549
		53.409532	-3.000126
		52.486125	-1.890507
		50.152266	-5.065556
		50.726024	-3.543949
		51.460852	-2.588139
		51.512161	-0.116215
		51.289406	1.075802
		
c	8 11 6 4 5 0 3 10 9 7 12 14 13 1 2 15	2727.12959075528	0.727287040924472	8	11	6	4	5	0	3	10	9	7	12	14	13	1	2	15		
		54.892406	-2.923222
		51.488224	-3.186893
		53.751959	-0.335941
		53.478239	-2.258549
		53.409532	-3.000126
		52.486125	-1.890507
		53.803895	-1.549931
		55.862982	-4.263554
		55.958426	-3.186893
		54.980766	-1.615849
		51.624837	-3.94495
		50.152266	-5.065556
		50.726024	-3.543949
		51.460852	-2.588139
		51.512161	-0.116215
		51.289406	1.075802
		
c	3 5 10 9 0 11 12 14 13 1 8 7 6 4 2 15	2567.22475726867	0.743277524273133	3	5	10	9	0	11	12	14	13	1	8	7	6	4	2	15		
		53.803895	-1.549931
		53.409532	-3.000126
		55.862982	-4.263554
		55.958426	-3.186893
		52.486125	-1.890507
		51.488224	-3.186893
		51.624837	-3.94495
		50.152266	-5.065556
		50.726024	-3.543949
		51.460852	-2.588139
		54.892406	-2.923222
		54.980766	-1.615849
		53.751959	-0.335941
		53.478239	-2.258549
		51.512161	-0.116215
		51.289406	1.075802
		
c	5 0 9 10 8 11 12 14 13 1 2 6 4 7 3 15	2758.36133405545	0.724163866594455	5	0	9	10	8	11	12	14	13	1	2	6	4	7	3	15		
		53.409532	-3.000126
		52.486125	-1.890507
		55.958426	-3.186893
		55.862982	-4.263554
		54.892406	-2.923222
		51.488224	-3.186893
		51.624837	-3.94495
		50.152266	-5.065556
		50.726024	-3.543949
		51.460852	-2.588139
		51.512161	-0.116215
		53.751959	-0.335941
		53.478239	-2.258549
		54.980766	-1.615849
		53.803895	-1.549931
		51.289406	1.075802
		
c	1 10 9 8 7 6 4 5 0 3 11 12 14 13 2 15	2371.03214702876	0.762896785297124	1	10	9	8	7	6	4	5	0	3	11	12	14	13	2	15		
		51.460852	-2.588139
		55.862982	-4.263554
		55.958426	-3.186893
		54.892406	-2.923222
		54.980766	-1.615849
		53.751959	-0.335941
		53.478239	-2.258549
		53.409532	-3.000126
		52.486125	-1.890507
		53.803895	-1.549931
		51.488224	-3.186893
		51.624837	-3.94495
		50.152266	-5.065556
		50.726024	-3.543949
		51.512161	-0.116215
		51.289406	1.075802
		
c	10 8 9 3 5 0 1 2 13 7 6 4 11 12 14 15	2997.06046012967	0.700293953987033	10	8	9	3	5	0	1	2	13	7	6	4	11	12	14	15		
		55.862982	-4.263554
		54.892406	-2.923222
		55.958426	-3.186893
		53.803895	-1.549931
		53.409532	-3.000126
		52.486125	-1.890507
		51.460852	-2.588139
		51.512161	-0.116215
		50.726024	-3.543949
		54.980766	-1.615849
		53.751959	-0.335941
		53.478239	-2.258549
		51.488224	-3.186893
		51.624837	-3.94495
		50.152266	-5.065556
		51.289406	1.075802
		
c	6 9 10 4 5 8 7 3 0 1 11 12 14 13 2 15	2114.05951658721	0.788594048341279	6	9	10	4	5	8	7	3	0	1	11	12	14	13	2	15		
		53.751959	-0.335941
		55.958426	-3.186893
		55.862982	-4.263554
		53.478239	-2.258549
		53.409532	-3.000126
		54.892406	-2.923222
		54.980766	-1.615849
		53.803895	-1.549931
		52.486125	-1.890507
		51.460852	-2.588139
		51.488224	-3.186893
		51.624837	-3.94495
		50.152266	-5.065556
		50.726024	-3.543949
		51.512161	-0.116215
		51.289406	1.075802
		
c	8 7 0 3 4 5 6 11 12 10 9 1 14 13 2 15	2904.87402666315	0.709512597333685	8	7	0	3	4	5	6	11	12	10	9	1	14	13	2	15		
		54.892406	-2.923222
		54.980766	-1.615849
		52.486125	-1.890507
		53.803895	-1.549931
		53.478239	-2.258549
		53.409532	-3.000126
		53.751959	-0.335941
		51.488224	-3.186893
		51.624837	-3.94495
		55.862982	-4.263554
		55.958426	-3.186893
		51.460852	-2.588139
		50.152266	-5.065556
		50.726024	-3.543949
		51.512161	-0.116215
		51.289406	1.075802
		
c	3 4 6 5 9 8 7 1 10 0 11 12 14 13 2 15	3005.84929789052	0.699415070210948	3	4	6	5	9	8	7	1	10	0	11	12	14	13	2	15		
		53.803895	-1.549931
		53.478239	-2.258549
		53.751959	-0.335941
		53.409532	-3.000126
		55.958426	-3.186893
		54.892406	-2.923222
		54.980766	-1.615849
		51.460852	-2.588139
		55.862982	-4.263554
		52.486125	-1.890507
		51.488224	-3.186893
		51.624837	-3.94495
		50.152266	-5.065556
		50.726024	-3.543949
		51.512161	-0.116215
		51.289406	1.075802
		
c	10 4 5 0 11 12 14 13 1 9 8 7 3 6 2 15	2332.47234167795	0.766752765832205	10	4	5	0	11	12	14	13	1	9	8	7	3	6	2	15		
		55.862982	-4.263554
		53.478239	-2.258549
		53.409532	-3.000126
		52.486125	-1.890507
		51.488224	-3.186893
		51.624837	-3.94495
		50.152266	-5.065556
		50.726024	-3.543949
		51.460852	-2.588139
		55.958426	-3.186893
		54.892406	-2.923222
		54.980766	-1.615849
		53.803895	-1.549931
		53.751959	-0.335941
		51.512161	-0.116215
		51.289406	1.075802
		
c	0 1 6 4 5 11 12 14 13 10 8 7 9 3 2 15	2737.63434551491	0.726236565448509	0	1	6	4	5	11	12	14	13	10	8	7	9	3	2	15		
		52.486125	-1.890507
		51.460852	-2.588139
		53.751959	-0.335941
		53.478239	-2.258549
		53.409532	-3.000126
		51.488224	-3.186893
		51.624837	-3.94495
		50.152266	-5.065556
		50.726024	-3.543949
		55.862982	-4.263554
		54.892406	-2.923222
		54.980766	-1.615849
		55.958426	-3.186893
		53.803895	-1.549931
		51.512161	-0.116215
		51.289406	1.075802
		
c	2 10 9 8 7 3 6 4 5 0 1 11 12 14 13 15	2200.61918768487	0.779938081231513	2	10	9	8	7	3	6	4	5	0	1	11	12	14	13	15		
		51.512161	-0.116215
		55.862982	-4.263554
		55.958426	-3.186893
		54.892406	-2.923222
		54.980766	-1.615849
		53.803895	-1.549931
		53.751959	-0.335941
		53.478239	-2.258549
		53.409532	-3.000126
		52.486125	-1.890507
		51.460852	-2.588139
		51.488224	-3.186893
		51.624837	-3.94495
		50.152266	-5.065556
		50.726024	-3.543949
		51.289406	1.075802
		
c	1 10 9 6 4 5 8 7 3 0 11 12 14 13 2 15	2428.30502692863	0.757169497307137	1	10	9	6	4	5	8	7	3	0	11	12	14	13	2	15		
		51.460852	-2.588139
		55.862982	-4.263554
		55.958426	-3.186893
		53.751959	-0.335941
		53.478239	-2.258549
		53.409532	-3.000126
		54.892406	-2.923222
		54.980766	-1.615849
		53.803895	-1.549931
		52.486125	-1.890507
		51.488224	-3.186893
		51.624837	-3.94495
		50.152266	-5.065556
		50.726024	-3.543949
		51.512161	-0.116215
		51.289406	1.075802
		
c	13 2 9 8 7 6 3 4 5 0 1 11 12 14 10 15	3124.80855364613	0.687519144635387	13	2	9	8	7	6	3	4	5	0	1	11	12	14	10	15		
		50.726024	-3.543949
		51.512161	-0.116215
		55.958426	-3.186893
		54.892406	-2.923222
		54.980766	-1.615849
		53.751959	-0.335941
		53.803895	-1.549931
		53.478239	-2.258549
		53.409532	-3.000126
		52.486125	-1.890507
		51.460852	-2.588139
		51.488224	-3.186893
		51.624837	-3.94495
		50.152266	-5.065556
		55.862982	-4.263554
		51.289406	1.075802
		
c	6 4 5 0 1 10 9 8 7 3 11 12 14 13 2 15	2317.47811162937	0.768252188837063	6	4	5	0	1	10	9	8	7	3	11	12	14	13	2	15		
		53.751959	-0.335941
		53.478239	-2.258549
		53.409532	-3.000126
		52.486125	-1.890507
		51.460852	-2.588139
		55.862982	-4.263554
		55.958426	-3.186893
		54.892406	-2.923222
		54.980766	-1.615849
		53.803895	-1.549931
		51.488224	-3.186893
		51.624837	-3.94495
		50.152266	-5.065556
		50.726024	-3.543949
		51.512161	-0.116215
		51.289406	1.075802
		
c	12 14 13 1 10 9 8 7 6 3 4 5 0 11 2 15	2102.16839728953	0.789783160271047	12	14	13	1	10	9	8	7	6	3	4	5	0	11	2	15		
		51.624837	-3.94495
		50.152266	-5.065556
		50.726024	-3.543949
		51.460852	-2.588139
		55.862982	-4.263554
		55.958426	-3.186893
		54.892406	-2.923222
		54.980766	-1.615849
		53.751959	-0.335941
		53.803895	-1.549931
		53.478239	-2.258549
		53.409532	-3.000126
		52.486125	-1.890507
		51.488224	-3.186893
		51.512161	-0.116215
		51.289406	1.075802
		
c	7 6 3 4 5 0 11 9 10 8 12 14 13 1 2 15	2359.18894482908	0.764081105517092	7	6	3	4	5	0	11	9	10	8	12	14	13	1	2	15		
		54.980766	-1.615849
		53.751959	-0.335941
		53.803895	-1.549931
		53.478239	-2.258549
		53.409532	-3.000126
		52.486125	-1.890507
		51.488224	-3.186893
		55.958426	-3.186893
		55.862982	-4.263554
		54.892406	-2.923222
		51.624837	-3.94495
		50.152266	-5.065556
		50.726024	-3.543949
		51.460852	-2.588139
		51.512161	-0.116215
		51.289406	1.075802
		
c	8 6 3 12 10 9 7 4 5 0 1 11 14 13 2 15	2446.83536734422	0.755316463265578	8	6	3	12	10	9	7	4	5	0	1	11	14	13	2	15		
		54.892406	-2.923222
		53.751959	-0.335941
		53.803895	-1.549931
		51.624837	-3.94495
		55.862982	-4.263554
		55.958426	-3.186893
		54.980766	-1.615849
		53.478239	-2.258549
		53.409532	-3.000126
		52.486125	-1.890507
		51.460852	-2.588139
		51.488224	-3.186893
		50.152266	-5.065556
		50.726024	-3.543949
		51.512161	-0.116215
		51.289406	1.075802
		
c	10 9 3 4 5 0 11 12 14 13 8 7 6 1 2 15	2331.75338693753	0.766824661306247	10	9	3	4	5	0	11	12	14	13	8	7	6	1	2	15		
		55.862982	-4.263554
		55.958426	-3.186893
		53.803895	-1.549931
		53.478239	-2.258549
		53.409532	-3.000126
		52.486125	-1.890507
		51.488224	-3.186893
		51.624837	-3.94495
		50.152266	-5.065556
		50.726024	-3.543949
		54.892406	-2.923222
		54.980766	-1.615849
		53.751959	-0.335941
		51.460852	-2.588139
		51.512161	-0.116215
		51.289406	1.075802
		
c	6 9 7 10 8 3 4 5 0 11 12 14 13 1 2 15	2036.06104995301	0.796393895004699	6	9	7	10	8	3	4	5	0	11	12	14	13	1	2	15		
		53.751959	-0.335941
		55.958426	-3.186893
		54.980766	-1.615849
		55.862982	-4.263554
		54.892406	-2.923222
		53.803895	-1.549931
		53.478239	-2.258549
		53.409532	-3.000126
		52.486125	-1.890507
		51.488224	-3.186893
		51.624837	-3.94495
		50.152266	-5.065556
		50.726024	-3.543949
		51.460852	-2.588139
		51.512161	-0.116215
		51.289406	1.075802
		
c	4 5 1 10 9 6 8 7 3 0 11 12 14 13 2 15	2561.69877519961	0.743830122480039	4	5	1	10	9	6	8	7	3	0	11	12	14	13	2	15		
		53.478239	-2.258549
		53.409532	-3.000126
		51.460852	-2.588139
		55.862982	-4.263554
		55.958426	-3.186893
		53.751959	-0.335941
		54.892406	-2.923222
		54.980766	-1.615849
		53.803895	-1.549931
		52.486125	-1.890507
		51.488224	-3.186893
		51.624837	-3.94495
		50.152266	-5.065556
		50.726024	-3.543949
		51.512161	-0.116215
		51.289406	1.075802
		
c	11 12 5 9 10 8 7 3 0 14 13 1 4 6 2 15	2378.09926194094	0.762190073805906	11	12	5	9	10	8	7	3	0	14	13	1	4	6	2	15		
		51.488224	-3.186893
		51.624837	-3.94495
		53.409532	-3.000126
		55.958426	-3.186893
		55.862982	-4.263554
		54.892406	-2.923222
		54.980766	-1.615849
		53.803895	-1.549931
		52.486125	-1.890507
		50.152266	-5.065556
		50.726024	-3.543949
		51.460852	-2.588139
		53.478239	-2.258549
		53.751959	-0.335941
		51.512161	-0.116215
		51.289406	1.075802
		
c	9 8 7 3 6 12 14 13 10 4 5 0 11 1 2 15	2546.47936499805	0.745352063500196	9	8	7	3	6	12	14	13	10	4	5	0	11	1	2	15		
		55.958426	-3.186893
		54.892406	-2.923222
		54.980766	-1.615849
		53.803895	-1.549931
		53.751959	-0.335941
		51.624837	-3.94495
		50.152266	-5.065556
		50.726024	-3.543949
		55.862982	-4.263554
		53.478239	-2.258549
		53.409532	-3.000126
		52.486125	-1.890507
		51.488224	-3.186893
		51.460852	-2.588139
		51.512161	-0.116215
		51.289406	1.075802
		
c	14 13 10 9 8 7 3 4 6 5 0 11 12 1 2 15	2147.10770652583	0.785289229347417	14	13	10	9	8	7	3	4	6	5	0	11	12	1	2	15		
		50.152266	-5.065556
		50.726024	-3.543949
		55.862982	-4.263554
		55.958426	-3.186893
		54.892406	-2.923222
		54.980766	-1.615849
		53.803895	-1.549931
		53.478239	-2.258549
		53.751959	-0.335941
		53.409532	-3.000126
		52.486125	-1.890507
		51.488224	-3.186893
		51.624837	-3.94495
		51.460852	-2.588139
		51.512161	-0.116215
		51.289406	1.075802
		
c	6 3 10 9 8 7 4 5 0 1 11 12 14 13 2 15	1855.39760294148	0.814460239705852	6	3	10	9	8	7	4	5	0	1	11	12	14	13	2	15		
		53.751959	-0.335941
		53.803895	-1.549931
		55.862982	-4.263554
		55.958426	-3.186893
		54.892406	-2.923222
		54.980766	-1.615849
		53.478239	-2.258549
		53.409532	-3.000126
		52.486125	-1.890507
		51.460852	-2.588139
		51.488224	-3.186893
		51.624837	-3.94495
		50.152266	-5.065556
		50.726024	-3.543949
		51.512161	-0.116215
		51.289406	1.075802
		
c	10 9 8 6 7 3 4 5 0 11 12 14 13 1 2 15	1790.8416597845	0.82091583402155	10	9	8	6	7	3	4	5	0	11	12	14	13	1	2	15		
		55.862982	-4.263554
		55.958426	-3.186893
		54.892406	-2.923222
		53.751959	-0.335941
		54.980766	-1.615849
		53.803895	-1.549931
		53.478239	-2.258549
		53.409532	-3.000126
		52.486125	-1.890507
		51.488224	-3.186893
		51.624837	-3.94495
		50.152266	-5.065556
		50.726024	-3.543949
		51.460852	-2.588139
		51.512161	-0.116215
		51.289406	1.075802
		
c	5 0 12 14 13 9 10 8 7 6 3 4 11 1 2 15	2303.18706163153	0.769681293836847	5	0	12	14	13	9	10	8	7	6	3	4	11	1	2	15		
		53.409532	-3.000126
		52.486125	-1.890507
		51.624837	-3.94495
		50.152266	-5.065556
		50.726024	-3.543949
		55.958426	-3.186893
		55.862982	-4.263554
		54.892406	-2.923222
		54.980766	-1.615849
		53.751959	-0.335941
		53.803895	-1.549931
		53.478239	-2.258549
		51.488224	-3.186893
		51.460852	-2.588139
		51.512161	-0.116215
		51.289406	1.075802
		
c	1 2 13 10 9 8 7 6 3 4 5 0 11 12 14 15	2574.79450340358	0.742520549659643	1	2	13	10	9	8	7	6	3	4	5	0	11	12	14	15		
		51.460852	-2.588139
		51.512161	-0.116215
		50.726024	-3.543949
		55.862982	-4.263554
		55.958426	-3.186893
		54.892406	-2.923222
		54.980766	-1.615849
		53.751959	-0.335941
		53.803895	-1.549931
		53.478239	-2.258549
		53.409532	-3.000126
		52.486125	-1.890507
		51.488224	-3.186893
		51.624837	-3.94495
		50.152266	-5.065556
		51.289406	1.075802
		
c	10 9 8 7 6 3 11 12 14 13 0 1 4 5 2 15	2152.24539122429	0.784775460877571	10	9	8	7	6	3	11	12	14	13	0	1	4	5	2	15		
		55.862982	-4.263554
		55.958426	-3.186893
		54.892406	-2.923222
		54.980766	-1.615849
		53.751959	-0.335941
		53.803895	-1.549931
		51.488224	-3.186893
		51.624837	-3.94495
		50.152266	-5.065556
		50.726024	-3.543949
		52.486125	-1.890507
		51.460852	-2.588139
		53.478239	-2.258549
		53.409532	-3.000126
		51.512161	-0.116215
		51.289406	1.075802
		
c	4 9 10 8 7 6 3 5 0 1 11 12 14 13 2 15	1910.76705899794	0.808923294100206	4	9	10	8	7	6	3	5	0	1	11	12	14	13	2	15		
		53.478239	-2.258549
		55.958426	-3.186893
		55.862982	-4.263554
		54.892406	-2.923222
		54.980766	-1.615849
		53.751959	-0.335941
		53.803895	-1.549931
		53.409532	-3.000126
		52.486125	-1.890507
		51.460852	-2.588139
		51.488224	-3.186893
		51.624837	-3.94495
		50.152266	-5.065556
		50.726024	-3.543949
		51.512161	-0.116215
		51.289406	1.075802
		
c	10 3 4 8 7 6 5 9 0 11 12 14 13 1 2 15	2478.87853098752	0.752112146901249	10	3	4	8	7	6	5	9	0	11	12	14	13	1	2	15		
		55.862982	-4.263554
		53.803895	-1.549931
		53.478239	-2.258549
		54.892406	-2.923222
		54.980766	-1.615849
		53.751959	-0.335941
		53.409532	-3.000126
		55.958426	-3.186893
		52.486125	-1.890507
		51.488224	-3.186893
		51.624837	-3.94495
		50.152266	-5.065556
		50.726024	-3.543949
		51.460852	-2.588139
		51.512161	-0.116215
		51.289406	1.075802
		
c	4 5 0 11 12 14 13 1 10 9 8 7 6 3 2 15	2157.62055332499	0.784237944667501	4	5	0	11	12	14	13	1	10	9	8	7	6	3	2	15		
		53.478239	-2.258549
		53.409532	-3.000126
		52.486125	-1.890507
		51.488224	-3.186893
		51.624837	-3.94495
		50.152266	-5.065556
		50.726024	-3.543949
		51.460852	-2.588139
		55.862982	-4.263554
		55.958426	-3.186893
		54.892406	-2.923222
		54.980766	-1.615849
		53.751959	-0.335941
		53.803895	-1.549931
		51.512161	-0.116215
		51.289406	1.075802
		
c	13 10 9 8 7 3 6 4 5 0 11 12 14 1 2 15	2225.42540175047	0.777457459824953	13	10	9	8	7	3	6	4	5	0	11	12	14	1	2	15		
		50.726024	-3.543949
		55.862982	-4.263554
		55.958426	-3.186893
		54.892406	-2.923222
		54.980766	-1.615849
		53.803895	-1.549931
		53.751959	-0.335941
		53.478239	-2.258549
		53.409532	-3.000126
		52.486125	-1.890507
		51.488224	-3.186893
		51.624837	-3.94495
		50.152266	-5.065556
		51.460852	-2.588139
		51.512161	-0.116215
		51.289406	1.075802
		
c	3 0 11 10 9 8 7 6 4 5 12 14 13 1 2 15	2272.02701459943	0.772797298540057	3	0	11	10	9	8	7	6	4	5	12	14	13	1	2	15		
		53.803895	-1.549931
		52.486125	-1.890507
		51.488224	-3.186893
		55.862982	-4.263554
		55.958426	-3.186893
		54.892406	-2.923222
		54.980766	-1.615849
		53.751959	-0.335941
		53.478239	-2.258549
		53.409532	-3.000126
		51.624837	-3.94495
		50.152266	-5.065556
		50.726024	-3.543949
		51.460852	-2.588139
		51.512161	-0.116215
		51.289406	1.075802
		
c	0 11 12 14 7 6 4 5 10 9 8 3 1 13 2 15	2642.21749773118	0.735778250226882	0	11	12	14	7	6	4	5	10	9	8	3	1	13	2	15		
		52.486125	-1.890507
		51.488224	-3.186893
		51.624837	-3.94495
		50.152266	-5.065556
		54.980766	-1.615849
		53.751959	-0.335941
		53.478239	-2.258549
		53.409532	-3.000126
		55.862982	-4.263554
		55.958426	-3.186893
		54.892406	-2.923222
		53.803895	-1.549931
		51.460852	-2.588139
		50.726024	-3.543949
		51.512161	-0.116215
		51.289406	1.075802
		
c	5 0 11 6 4 9 10 8 7 3 12 14 13 1 2 15	2379.34219249355	0.762065780750645	5	0	11	6	4	9	10	8	7	3	12	14	13	1	2	15		
		53.409532	-3.000126
		52.486125	-1.890507
		51.488224	-3.186893
		53.751959	-0.335941
		53.478239	-2.258549
		55.958426	-3.186893
		55.862982	-4.263554
		54.892406	-2.923222
		54.980766	-1.615849
		53.803895	-1.549931
		51.624837	-3.94495
		50.152266	-5.065556
		50.726024	-3.543949
		51.460852	-2.588139
		51.512161	-0.116215
		51.289406	1.075802
		
c	5 10 9 8 3 4 0 11 12 14 13 7 6 1 2 15	2502.68057411652	0.749731942588348	5	10	9	8	3	4	0	11	12	14	13	7	6	1	2	15		
		53.409532	-3.000126
		55.862982	-4.263554
		55.958426	-3.186893
		54.892406	-2.923222
		53.803895	-1.549931
		53.478239	-2.258549
		52.486125	-1.890507
		51.488224	-3.186893
		51.624837	-3.94495
		50.152266	-5.065556
		50.726024	-3.543949
		54.980766	-1.615849
		53.751959	-0.335941
		51.460852	-2.588139
		51.512161	-0.116215
		51.289406	1.075802
		
c	3 4 9 10 6 5 0 11 12 14 13 7 8 1 2 15	2777.80625459846	0.722219374540154	3	4	9	10	6	5	0	11	12	14	13	7	8	1	2	15		
		53.803895	-1.549931
		53.478239	-2.258549
		55.958426	-3.186893
		55.862982	-4.263554
		53.751959	-0.335941
		53.409532	-3.000126
		52.486125	-1.890507
		51.488224	-3.186893
		51.624837	-3.94495
		50.152266	-5.065556
		50.726024	-3.543949
		54.980766	-1.615849
		54.892406	-2.923222
		51.460852	-2.588139
		51.512161	-0.116215
		51.289406	1.075802
		
c	0 1 11 12 10 8 6 3 4 5 14 13 9 7 2 15	2956.00997285798	0.704399002714202	0	1	11	12	10	8	6	3	4	5	14	13	9	7	2	15		
		52.486125	-1.890507
		51.460852	-2.588139
		51.488224	-3.186893
		51.624837	-3.94495
		55.862982	-4.263554
		54.892406	-2.923222
		53.751959	-0.335941
		53.803895	-1.549931
		53.478239	-2.258549
		53.409532	-3.000126
		50.152266	-5.065556
		50.726024	-3.543949
		55.958426	-3.186893
		54.980766	-1.615849
		51.512161	-0.116215
		51.289406	1.075802
		
c	3 4 5 10 9 8 11 12 14 13 0 7 6 1 2 15	2540.05590625138	0.745994409374862	3	4	5	10	9	8	11	12	14	13	0	7	6	1	2	15		
		53.803895	-1.549931
		53.478239	-2.258549
		53.409532	-3.000126
		55.862982	-4.263554
		55.958426	-3.186893
		54.892406	-2.923222
		51.488224	-3.186893
		51.624837	-3.94495
		50.152266	-5.065556
		50.726024	-3.543949
		52.486125	-1.890507
		54.980766	-1.615849
		53.751959	-0.335941
		51.460852	-2.588139
		51.512161	-0.116215
		51.289406	1.075802
		
c	6 3 5 10 9 0 11 12 14 7 4 8 1 13 2 15	3060.48043798702	0.693951956201298	6	3	5	10	9	0	11	12	14	7	4	8	1	13	2	15		
		53.751959	-0.335941
		53.803895	-1.549931
		53.409532	-3.000126
		55.862982	-4.263554
		55.958426	-3.186893
		52.486125	-1.890507
		51.488224	-3.186893
		51.624837	-3.94495
		50.152266	-5.065556
		54.980766	-1.615849
		53.478239	-2.258549
		54.892406	-2.923222
		51.460852	-2.588139
		50.726024	-3.543949
		51.512161	-0.116215
		51.289406	1.075802
		
c	14 13 5 0 1 2 6 4 7 3 10 9 8 11 12 15	2788.92155277042	0.721107844722958	14	13	5	0	1	2	6	4	7	3	10	9	8	11	12	15		
		50.152266	-5.065556
		50.726024	-3.543949
		53.409532	-3.000126
		52.486125	-1.890507
		51.460852	-2.588139
		51.512161	-0.116215
		53.751959	-0.335941
		53.478239	-2.258549
		54.980766	-1.615849
		53.803895	-1.549931
		55.862982	-4.263554
		55.958426	-3.186893
		54.892406	-2.923222
		51.488224	-3.186893
		51.624837	-3.94495
		51.289406	1.075802
		
c	10 9 8 7 3 4 6 5 0 11 12 14 13 1 2 15	1765.46246029207	0.823453753970793	10	9	8	7	3	4	6	5	0	11	12	14	13	1	2	15		
		55.862982	-4.263554
		55.958426	-3.186893
		54.892406	-2.923222
		54.980766	-1.615849
		53.803895	-1.549931
		53.478239	-2.258549
		53.751959	-0.335941
		53.409532	-3.000126
		52.486125	-1.890507
		51.488224	-3.186893
		51.624837	-3.94495
		50.152266	-5.065556
		50.726024	-3.543949
		51.460852	-2.588139
		51.512161	-0.116215
		51.289406	1.075802
		
c	3 4 5 0 10 9 7 6 1 11 12 13 14 8 2 15	2690.7513950107	0.73092486049893	3	4	5	0	10	9	7	6	1	11	12	13	14	8	2	15		
		53.803895	-1.549931
		53.478239	-2.258549
		53.409532	-3.000126
		52.486125	-1.890507
		55.862982	-4.263554
		55.958426	-3.186893
		54.980766	-1.615849
		53.751959	-0.335941
		51.460852	-2.588139
		51.488224	-3.186893
		51.624837	-3.94495
		50.726024	-3.543949
		50.152266	-5.065556
		54.892406	-2.923222
		51.512161	-0.116215
		51.289406	1.075802
		
c	10 8 7 6 3 1 11 12 9 4 5 0 14 13 2 15	2576.83578011699	0.742316421988301	10	8	7	6	3	1	11	12	9	4	5	0	14	13	2	15		
		55.862982	-4.263554
		54.892406	-2.923222
		54.980766	-1.615849
		53.751959	-0.335941
		53.803895	-1.549931
		51.460852	-2.588139
		51.488224	-3.186893
		51.624837	-3.94495
		55.958426	-3.186893
		53.478239	-2.258549
		53.409532	-3.000126
		52.486125	-1.890507
		50.152266	-5.065556
		50.726024	-3.543949
		51.512161	-0.116215
		51.289406	1.075802
		
c	5 0 11 12 14 13 1 10 9 8 7 6 3 4 2 15	2156.79973828513	0.784320026171487	5	0	11	12	14	13	1	10	9	8	7	6	3	4	2	15		
		53.409532	-3.000126
		52.486125	-1.890507
		51.488224	-3.186893
		51.624837	-3.94495
		50.152266	-5.065556
		50.726024	-3.543949
		51.460852	-2.588139
		55.862982	-4.263554
		55.958426	-3.186893
		54.892406	-2.923222
		54.980766	-1.615849
		53.751959	-0.335941
		53.803895	-1.549931
		53.478239	-2.258549
		51.512161	-0.116215
		51.289406	1.075802
		
c	10 9 8 7 3 14 13 6 4 5 0 1 11 12 2 15	2278.73688316347	0.772126311683653	10	9	8	7	3	14	13	6	4	5	0	1	11	12	2	15		
		55.862982	-4.263554
		55.958426	-3.186893
		54.892406	-2.923222
		54.980766	-1.615849
		53.803895	-1.549931
		50.152266	-5.065556
		50.726024	-3.543949
		53.751959	-0.335941
		53.478239	-2.258549
		53.409532	-3.000126
		52.486125	-1.890507
		51.460852	-2.588139
		51.488224	-3.186893
		51.624837	-3.94495
		51.512161	-0.116215
		51.289406	1.075802
		
c	10 9 8 3 0 6 5 7 4 1 11 12 14 13 2 15	2179.12444260049	0.782087555739951	10	9	8	3	0	6	5	7	4	1	11	12	14	13	2	15		
		55.862982	-4.263554
		55.958426	-3.186893
		54.892406	-2.923222
		53.803895	-1.549931
		52.486125	-1.890507
		53.751959	-0.335941
		53.409532	-3.000126
		54.980766	-1.615849
		53.478239	-2.258549
		51.460852	-2.588139
		51.488224	-3.186893
		51.624837	-3.94495
		50.152266	-5.065556
		50.726024	-3.543949
		51.512161	-0.116215
		51.289406	1.075802
		
c	13 1 3 5 10 9 0 11 12 14 2 6 4 8 7 15	3060.56533258251	0.693943466741749	13	1	3	5	10	9	0	11	12	14	2	6	4	8	7	15		
		50.726024	-3.543949
		51.460852	-2.588139
		53.803895	-1.549931
		53.409532	-3.000126
		55.862982	-4.263554
		55.958426	-3.186893
		52.486125	-1.890507
		51.488224	-3.186893
		51.624837	-3.94495
		50.152266	-5.065556
		51.512161	-0.116215
		53.751959	-0.335941
		53.478239	-2.258549
		54.892406	-2.923222
		54.980766	-1.615849
		51.289406	1.075802
		
c	9 8 7 4 0 6 5 10 3 1 11 12 14 13 2 15	2429.66869765754	0.757033130234246	9	8	7	4	0	6	5	10	3	1	11	12	14	13	2	15		
		55.958426	-3.186893
		54.892406	-2.923222
		54.980766	-1.615849
		53.478239	-2.258549
		52.486125	-1.890507
		53.751959	-0.335941
		53.409532	-3.000126
		55.862982	-4.263554
		53.803895	-1.549931
		51.460852	-2.588139
		51.488224	-3.186893
		51.624837	-3.94495
		50.152266	-5.065556
		50.726024	-3.543949
		51.512161	-0.116215
		51.289406	1.075802
		
c	10 8 6 5 0 11 9 7 3 12 14 13 4 1 2 15	2970.58006406085	0.702941993593915	10	8	6	5	0	11	9	7	3	12	14	13	4	1	2	15		
		55.862982	-4.263554
		54.892406	-2.923222
		53.751959	-0.335941
		53.409532	-3.000126
		52.486125	-1.890507
		51.488224	-3.186893
		55.958426	-3.186893
		54.980766	-1.615849
		53.803895	-1.549931
		51.624837	-3.94495
		50.152266	-5.065556
		50.726024	-3.543949
		53.478239	-2.258549
		51.460852	-2.588139
		51.512161	-0.116215
		51.289406	1.075802
		
c	0 11 6 10 9 8 3 4 7 5 12 14 13 1 2 15	2447.11780307741	0.755288219692259	0	11	6	10	9	8	3	4	7	5	12	14	13	1	2	15		
		52.486125	-1.890507
		51.488224	-3.186893
		53.751959	-0.335941
		55.862982	-4.263554
		55.958426	-3.186893
		54.892406	-2.923222
		53.803895	-1.549931
		53.478239	-2.258549
		54.980766	-1.615849
		53.409532	-3.000126
		51.624837	-3.94495
		50.152266	-5.065556
		50.726024	-3.543949
		51.460852	-2.588139
		51.512161	-0.116215
		51.289406	1.075802
		
c	6 12 14 13 10 4 7 3 9 8 5 0 11 1 2 15	2931.32835518392	0.706867164481608	6	12	14	13	10	4	7	3	9	8	5	0	11	1	2	15		
		53.751959	-0.335941
		51.624837	-3.94495
		50.152266	-5.065556
		50.726024	-3.543949
		55.862982	-4.263554
		53.478239	-2.258549
		54.980766	-1.615849
		53.803895	-1.549931
		55.958426	-3.186893
		54.892406	-2.923222
		53.409532	-3.000126
		52.486125	-1.890507
		51.488224	-3.186893
		51.460852	-2.588139
		51.512161	-0.116215
		51.289406	1.075802
		
c	5 3 4 11 12 14 13 10 9 8 7 6 0 1 2 15	2316.55751006685	0.768344248993315	5	3	4	11	12	14	13	10	9	8	7	6	0	1	2	15		
		53.409532	-3.000126
		53.803895	-1.549931
		53.478239	-2.258549
		51.488224	-3.186893
		51.624837	-3.94495
		50.152266	-5.065556
		50.726024	-3.543949
		55.862982	-4.263554
		55.958426	-3.186893
		54.892406	-2.923222
		54.980766	-1.615849
		53.751959	-0.335941
		52.486125	-1.890507
		51.460852	-2.588139
		51.512161	-0.116215
		51.289406	1.075802
		
c	5 0 11 12 7 6 3 4 1 10 9 8 14 13 2 15	2953.87337239117	0.704612662760883	5	0	11	12	7	6	3	4	1	10	9	8	14	13	2	15		
		53.409532	-3.000126
		52.486125	-1.890507
		51.488224	-3.186893
		51.624837	-3.94495
		54.980766	-1.615849
		53.751959	-0.335941
		53.803895	-1.549931
		53.478239	-2.258549
		51.460852	-2.588139
		55.862982	-4.263554
		55.958426	-3.186893
		54.892406	-2.923222
		50.152266	-5.065556
		50.726024	-3.543949
		51.512161	-0.116215
		51.289406	1.075802
		
c	12 14 13 9 10 8 7 6 3 4 5 0 1 11 2 15	2117.78236357239	0.788221763642761	12	14	13	9	10	8	7	6	3	4	5	0	1	11	2	15		
		51.624837	-3.94495
		50.152266	-5.065556
		50.726024	-3.543949
		55.958426	-3.186893
		55.862982	-4.263554
		54.892406	-2.923222
		54.980766	-1.615849
		53.751959	-0.335941
		53.803895	-1.549931
		53.478239	-2.258549
		53.409532	-3.000126
		52.486125	-1.890507
		51.460852	-2.588139
		51.488224	-3.186893
		51.512161	-0.116215
		51.289406	1.075802
		
c	5 10 9 8 4 3 0 11 6 7 1 12 14 13 2 15	2601.62913077437	0.739837086922563	5	10	9	8	4	3	0	11	6	7	1	12	14	13	2	15		
		53.409532	-3.000126
		55.862982	-4.263554
		55.958426	-3.186893
		54.892406	-2.923222
		53.478239	-2.258549
		53.803895	-1.549931
		52.486125	-1.890507
		51.488224	-3.186893
		53.751959	-0.335941
		54.980766	-1.615849
		51.460852	-2.588139
		51.624837	-3.94495
		50.152266	-5.065556
		50.726024	-3.543949
		51.512161	-0.116215
		51.289406	1.075802
		
c	5 9 10 8 7 3 0 11 12 14 13 1 4 6 2 15	2152.76743211424	0.784723256788576	5	9	10	8	7	3	0	11	12	14	13	1	4	6	2	15		
		53.409532	-3.000126
		55.958426	-3.186893
		55.862982	-4.263554
		54.892406	-2.923222
		54.980766	-1.615849
		53.803895	-1.549931
		52.486125	-1.890507
		51.488224	-3.186893
		51.624837	-3.94495
		50.152266	-5.065556
		50.726024	-3.543949
		51.460852	-2.588139
		53.478239	-2.258549
		53.751959	-0.335941
		51.512161	-0.116215
		51.289406	1.075802
		
c	14 13 1 9 8 7 6 5 0 11 12 10 3 4 2 15	2766.2314814869	0.72337685185131	14	13	1	9	8	7	6	5	0	11	12	10	3	4	2	15		
		50.152266	-5.065556
		50.726024	-3.543949
		51.460852	-2.588139
		55.958426	-3.186893
		54.892406	-2.923222
		54.980766	-1.615849
		53.751959	-0.335941
		53.409532	-3.000126
		52.486125	-1.890507
		51.488224	-3.186893
		51.624837	-3.94495
		55.862982	-4.263554
		53.803895	-1.549931
		53.478239	-2.258549
		51.512161	-0.116215
		51.289406	1.075802
		
c	6 3 11 12 14 13 0 4 5 1 10 9 8 7 2 15	2587.49210785556	0.741250789214444	6	3	11	12	14	13	0	4	5	1	10	9	8	7	2	15		
		53.751959	-0.335941
		53.803895	-1.549931
		51.488224	-3.186893
		51.624837	-3.94495
		50.152266	-5.065556
		50.726024	-3.543949
		52.486125	-1.890507
		53.478239	-2.258549
		53.409532	-3.000126
		51.460852	-2.588139
		55.862982	-4.263554
		55.958426	-3.186893
		54.892406	-2.923222
		54.980766	-1.615849
		51.512161	-0.116215
		51.289406	1.075802
		
c	5 0 1 11 12 10 9 8 7 3 6 4 14 13 2 15	2314.58529295958	0.768541470704042	5	0	1	11	12	10	9	8	7	3	6	4	14	13	2	15		
		53.409532	-3.000126
		52.486125	-1.890507
		51.460852	-2.588139
		51.488224	-3.186893
		51.624837	-3.94495
		55.862982	-4.263554
		55.958426	-3.186893
		54.892406	-2.923222
		54.980766	-1.615849
		53.803895	-1.549931
		53.751959	-0.335941
		53.478239	-2.258549
		50.152266	-5.065556
		50.726024	-3.543949
		51.512161	-0.116215
		51.289406	1.075802
		
c	12 14 13 9 10 8 7 6 3 4 5 0 11 1 2 15	2094.95797362014	0.790504202637986	12	14	13	9	10	8	7	6	3	4	5	0	11	1	2	15		
		51.624837	-3.94495
		50.152266	-5.065556
		50.726024	-3.543949
		55.958426	-3.186893
		55.862982	-4.263554
		54.892406	-2.923222
		54.980766	-1.615849
		53.751959	-0.335941
		53.803895	-1.549931
		53.478239	-2.258549
		53.409532	-3.000126
		52.486125	-1.890507
		51.488224	-3.186893
		51.460852	-2.588139
		51.512161	-0.116215
		51.289406	1.075802
		
c	5 0 11 12 14 13 1 9 8 7 10 6 3 4 2 15	2466.7585847361	0.75332414152639	5	0	11	12	14	13	1	9	8	7	10	6	3	4	2	15		
		53.409532	-3.000126
		52.486125	-1.890507
		51.488224	-3.186893
		51.624837	-3.94495
		50.152266	-5.065556
		50.726024	-3.543949
		51.460852	-2.588139
		55.958426	-3.186893
		54.892406	-2.923222
		54.980766	-1.615849
		55.862982	-4.263554
		53.751959	-0.335941
		53.803895	-1.549931
		53.478239	-2.258549
		51.512161	-0.116215
		51.289406	1.075802
		
c	8 6 5 0 11 12 7 3 4 9 10 14 13 1 2 15	2783.2608513488	0.72167391486512	8	6	5	0	11	12	7	3	4	9	10	14	13	1	2	15		
		54.892406	-2.923222
		53.751959	-0.335941
		53.409532	-3.000126
		52.486125	-1.890507
		51.488224	-3.186893
		51.624837	-3.94495
		54.980766	-1.615849
		53.803895	-1.549931
		53.478239	-2.258549
		55.958426	-3.186893
		55.862982	-4.263554
		50.152266	-5.065556
		50.726024	-3.543949
		51.460852	-2.588139
		51.512161	-0.116215
		51.289406	1.075802
		
c	13 6 4 5 0 3 10 9 8 7 11 12 14 1 2 15	2538.12576113725	0.746187423886275	13	6	4	5	0	3	10	9	8	7	11	12	14	1	2	15		
		50.726024	-3.543949
		53.751959	-0.335941
		53.478239	-2.258549
		53.409532	-3.000126
		52.486125	-1.890507
		53.803895	-1.549931
		55.862982	-4.263554
		55.958426	-3.186893
		54.892406	-2.923222
		54.980766	-1.615849
		51.488224	-3.186893
		51.624837	-3.94495
		50.152266	-5.065556
		51.460852	-2.588139
		51.512161	-0.116215
		51.289406	1.075802
		
c	10 9 8 7 12 14 13 2 6 4 5 1 3 0 11 15	2742.00361488304	0.725799638511696	10	9	8	7	12	14	13	2	6	4	5	1	3	0	11	15		
		55.862982	-4.263554
		55.958426	-3.186893
		54.892406	-2.923222
		54.980766	-1.615849
		51.624837	-3.94495
		50.152266	-5.065556
		50.726024	-3.543949
		51.512161	-0.116215
		53.751959	-0.335941
		53.478239	-2.258549
		53.409532	-3.000126
		51.460852	-2.588139
		53.803895	-1.549931
		52.486125	-1.890507
		51.488224	-3.186893
		51.289406	1.075802
		
c	5 0 1 11 12 14 13 3 9 10 8 7 6 4 2 15	2211.01718571096	0.778898281428904	5	0	1	11	12	14	13	3	9	10	8	7	6	4	2	15		
		53.409532	-3.000126
		52.486125	-1.890507
		51.460852	-2.588139
		51.488224	-3.186893
		51.624837	-3.94495
		50.152266	-5.065556
		50.726024	-3.543949
		53.803895	-1.549931
		55.958426	-3.186893
		55.862982	-4.263554
		54.892406	-2.923222
		54.980766	-1.615849
		53.751959	-0.335941
		53.478239	-2.258549
		51.512161	-0.116215
		51.289406	1.075802
		
c	13 3 9 10 8 6 5 0 1 11 12 7 4 14 2 15	3029.91415601199	0.697008584398801	13	3	9	10	8	6	5	0	1	11	12	7	4	14	2	15		
		50.726024	-3.543949
		53.803895	-1.549931
		55.958426	-3.186893
		55.862982	-4.263554
		54.892406	-2.923222
		53.751959	-0.335941
		53.409532	-3.000126
		52.486125	-1.890507
		51.460852	-2.588139
		51.488224	-3.186893
		51.624837	-3.94495
		54.980766	-1.615849
		53.478239	-2.258549
		50.152266	-5.065556
		51.512161	-0.116215
		51.289406	1.075802
		
c	8 7 13 3 4 9 10 6 5 0 11 12 14 1 2 15	2865.34877878375	0.713465122121625	8	7	13	3	4	9	10	6	5	0	11	12	14	1	2	15		
		54.892406	-2.923222
		54.980766	-1.615849
		50.726024	-3.543949
		53.803895	-1.549931
		53.478239	-2.258549
		55.958426	-3.186893
		55.862982	-4.263554
		53.751959	-0.335941
		53.409532	-3.000126
		52.486125	-1.890507
		51.488224	-3.186893
		51.624837	-3.94495
		50.152266	-5.065556
		51.460852	-2.588139
		51.512161	-0.116215
		51.289406	1.075802
		
c	1 10 9 8 7 3 11 6 12 14 13 0 4 5 2 15	2910.56683076314	0.708943316923686	1	10	9	8	7	3	11	6	12	14	13	0	4	5	2	15		
		51.460852	-2.588139
		55.862982	-4.263554
		55.958426	-3.186893
		54.892406	-2.923222
		54.980766	-1.615849
		53.803895	-1.549931
		51.488224	-3.186893
		53.751959	-0.335941
		51.624837	-3.94495
		50.152266	-5.065556
		50.726024	-3.543949
		52.486125	-1.890507
		53.478239	-2.258549
		53.409532	-3.000126
		51.512161	-0.116215
		51.289406	1.075802
		
c	14 10 9 6 8 7 3 4 5 0 11 12 13 1 2 15	2335.30972860081	0.766469027139919	14	10	9	6	8	7	3	4	5	0	11	12	13	1	2	15		
		50.152266	-5.065556
		55.862982	-4.263554
		55.958426	-3.186893
		53.751959	-0.335941
		54.892406	-2.923222
		54.980766	-1.615849
		53.803895	-1.549931
		53.478239	-2.258549
		53.409532	-3.000126
		52.486125	-1.890507
		51.488224	-3.186893
		51.624837	-3.94495
		50.726024	-3.543949
		51.460852	-2.588139
		51.512161	-0.116215
		51.289406	1.075802
		
c	7 6 3 4 5 10 9 8 11 12 14 13 0 1 2 15	2168.99958086291	0.783100041913709	7	6	3	4	5	10	9	8	11	12	14	13	0	1	2	15		
		54.980766	-1.615849
		53.751959	-0.335941
		53.803895	-1.549931
		53.478239	-2.258549
		53.409532	-3.000126
		55.862982	-4.263554
		55.958426	-3.186893
		54.892406	-2.923222
		51.488224	-3.186893
		51.624837	-3.94495
		50.152266	-5.065556
		50.726024	-3.543949
		52.486125	-1.890507
		51.460852	-2.588139
		51.512161	-0.116215
		51.289406	1.075802
		
c	1 9 8 7 3 12 14 13 10 6 4 5 0 11 2 15	3099.40374470033	0.690059625529967	1	9	8	7	3	12	14	13	10	6	4	5	0	11	2	15		
		51.460852	-2.588139
		55.958426	-3.186893
		54.892406	-2.923222
		54.980766	-1.615849
		53.803895	-1.549931
		51.624837	-3.94495
		50.152266	-5.065556
		50.726024	-3.543949
		55.862982	-4.263554
		53.751959	-0.335941
		53.478239	-2.258549
		53.409532	-3.000126
		52.486125	-1.890507
		51.488224	-3.186893
		51.512161	-0.116215
		51.289406	1.075802
		
c	3 4 5 0 11 12 14 10 9 8 7 6 13 1 2 15	2446.79415233761	0.755320584766239	3	4	5	0	11	12	14	10	9	8	7	6	13	1	2	15		
		53.803895	-1.549931
		53.478239	-2.258549
		53.409532	-3.000126
		52.486125	-1.890507
		51.488224	-3.186893
		51.624837	-3.94495
		50.152266	-5.065556
		55.862982	-4.263554
		55.958426	-3.186893
		54.892406	-2.923222
		54.980766	-1.615849
		53.751959	-0.335941
		50.726024	-3.543949
		51.460852	-2.588139
		51.512161	-0.116215
		51.289406	1.075802
		
c	5 3 10 9 8 7 4 6 0 1 11 12 14 13 2 15	2009.45953380791	0.799054046619209	5	3	10	9	8	7	4	6	0	1	11	12	14	13	2	15		
		53.409532	-3.000126
		53.803895	-1.549931
		55.862982	-4.263554
		55.958426	-3.186893
		54.892406	-2.923222
		54.980766	-1.615849
		53.478239	-2.258549
		53.751959	-0.335941
		52.486125	-1.890507
		51.460852	-2.588139
		51.488224	-3.186893
		51.624837	-3.94495
		50.152266	-5.065556
		50.726024	-3.543949
		51.512161	-0.116215
		51.289406	1.075802
		
g157		1613.67648029291	0.838632351970709	0	10	9	8	7	6	3	4	5	0	11	12	14	13	1	2	15		
		55.862982	-4.263554
		55.958426	-3.186893
		54.892406	-2.923222
		54.980766	-1.615849
		53.751959	-0.335941
		53.803895	-1.549931
		53.478239	-2.258549
		53.409532	-3.000126
		52.486125	-1.890507
		51.488224	-3.186893
		51.624837	-3.94495
		50.152266	-5.065556
		50.726024	-3.543949
		51.460852	-2.588139
		51.512161	-0.116215
		51.289406	1.075802
		
g157		1614.70757855554	0.838529242144446	1	10	9	8	7	6	3	4	5	0	1	11	12	14	13	2	15		
		55.862982	-4.263554
		55.958426	-3.186893
		54.892406	-2.923222
		54.980766	-1.615849
		53.751959	-0.335941
		53.803895	-1.549931
		53.478239	-2.258549
		53.409532	-3.000126
		52.486125	-1.890507
		51.460852	-2.588139
		51.488224	-3.186893
		51.624837	-3.94495
		50.152266	-5.065556
		50.726024	-3.543949
		51.512161	-0.116215
		51.289406	1.075802
		
g157		1631.15131975355	0.836884868024645	2	9	10	8	7	6	3	4	5	0	11	12	14	13	1	2	15		
		55.958426	-3.186893
		55.862982	-4.263554
		54.892406	-2.923222
		54.980766	-1.615849
		53.751959	-0.335941
		53.803895	-1.549931
		53.478239	-2.258549
		53.409532	-3.000126
		52.486125	-1.890507
		51.488224	-3.186893
		51.624837	-3.94495
		50.152266	-5.065556
		50.726024	-3.543949
		51.460852	-2.588139
		51.512161	-0.116215
		51.289406	1.075802
		
g157		1632.18241801618	0.836781758198382	3	9	10	8	7	6	3	4	5	0	1	11	12	14	13	2	15		
		55.958426	-3.186893
		55.862982	-4.263554
		54.892406	-2.923222
		54.980766	-1.615849
		53.751959	-0.335941
		53.803895	-1.549931
		53.478239	-2.258549
		53.409532	-3.000126
		52.486125	-1.890507
		51.460852	-2.588139
		51.488224	-3.186893
		51.624837	-3.94495
		50.152266	-5.065556
		50.726024	-3.543949
		51.512161	-0.116215
		51.289406	1.075802
		
g157		1656.09836620198	0.834390163379802	4	10	9	8	7	3	6	4	5	0	11	12	14	13	1	2	15		
		55.862982	-4.263554
		55.958426	-3.186893
		54.892406	-2.923222
		54.980766	-1.615849
		53.803895	-1.549931
		53.751959	-0.335941
		53.478239	-2.258549
		53.409532	-3.000126
		52.486125	-1.890507
		51.488224	-3.186893
		51.624837	-3.94495
		50.152266	-5.065556
		50.726024	-3.543949
		51.460852	-2.588139
		51.512161	-0.116215
		51.289406	1.075802
		
g157		1657.12946446462	0.834287053553538	5	10	9	8	7	3	6	4	5	0	1	11	12	14	13	2	15		
		55.862982	-4.263554
		55.958426	-3.186893
		54.892406	-2.923222
		54.980766	-1.615849
		53.803895	-1.549931
		53.751959	-0.335941
		53.478239	-2.258549
		53.409532	-3.000126
		52.486125	-1.890507
		51.460852	-2.588139
		51.488224	-3.186893
		51.624837	-3.94495
		50.152266	-5.065556
		50.726024	-3.543949
		51.512161	-0.116215
		51.289406	1.075802
		
