c	1 0 11 12 14 13 2 15 4 3 6 7 10 9 8 5	2145.63889039825	0.785436110960175	1	0	11	12	14	13	2	15	4	3	6	7	10	9	8	5		
		51.460852	-2.588139
		52.486125	-1.890507
		51.488224	-3.186893
		51.624837	-3.94495
		50.152266	-5.065556
		50.726024	-3.543949
		51.512161	-0.116215
		51.289406	1.075802
		53.478239	-2.258549
		53.803895	-1.549931
		53.751959	-0.335941
		54.980766	-1.615849
		55.862982	-4.263554
		55.958426	-3.186893
		54.892406	-2.923222
		53.409532	-3.000126
		
c	13 11 12 14 1 2 15 10 9 8 0 4 6 3 5 7	2516.27057833341	0.748372942166659	13	11	12	14	1	2	15	10	9	8	0	4	6	3	5	7		
		50.726024	-3.543949
		51.488224	-3.186893
		51.624837	-3.94495
		50.152266	-5.065556
		51.460852	-2.588139
		51.512161	-0.116215
		51.289406	1.075802
		55.862982	-4.263554
		55.958426	-3.186893
		54.892406	-2.923222
		52.486125	-1.890507
		53.478239	-2.258549
		53.751959	-0.335941
		53.803895	-1.549931
		53.409532	-3.000126
		54.980766	-1.615849
		
c	4 3 10 9 8 5 11 12 14 13 1 0 2 15 6 7	2202.51066225099	0.779748933774901	4	3	10	9	8	5	11	12	14	13	1	0	2	15	6	7		
		53.478239	-2.258549
		53.803895	-1.549931
		55.862982	-4.263554
		55.958426	-3.186893
		54.892406	-2.923222
		53.409532	-3.000126
		51.488224	-3.186893
		51.624837	-3.94495
		50.152266	-5.065556
		50.726024	-3.543949
		51.460852	-2.588139
		52.486125	-1.890507
		51.512161	-0.116215
		51.289406	1.075802
		53.751959	-0.335941
		54.980766	-1.615849
		
c	0 4 3 6 10 9 8 5 12 15 7 11 14 13 1 2	2957.82007766751	0.704217992233249	0	4	3	6	10	9	8	5	12	15	7	11	14	13	1	2		
		52.486125	-1.890507
		53.478239	-2.258549
		53.803895	-1.549931
		53.751959	-0.335941
		55.862982	-4.263554
		55.958426	-3.186893
		54.892406	-2.923222
		53.409532	-3.000126
		51.624837	-3.94495
		51.289406	1.075802
		54.980766	-1.615849
		51.488224	-3.186893
		50.152266	-5.065556
		50.726024	-3.543949
		51.460852	-2.588139
		51.512161	-0.116215
		
c	10 2 0 4 3 6 7 9 8 5 11 12 14 13 1 15	2497.62350444008	0.750237649555992	10	2	0	4	3	6	7	9	8	5	11	12	14	13	1	15		
		55.862982	-4.263554
		51.512161	-0.116215
		52.486125	-1.890507
		53.478239	-2.258549
		53.803895	-1.549931
		53.751959	-0.335941
		54.980766	-1.615849
		55.958426	-3.186893
		54.892406	-2.923222
		53.409532	-3.000126
		51.488224	-3.186893
		51.624837	-3.94495
		50.152266	-5.065556
		50.726024	-3.543949
		51.460852	-2.588139
		51.289406	1.075802
		
c	11 12 14 13 3 1 2 15 0 6 4 7 5 10 9 8	2646.3834579211	0.73536165420789	11	12	14	13	3	1	2	15	0	6	4	7	5	10	9	8		
		51.488224	-3.186893
		51.624837	-3.94495
		50.152266	-5.065556
		50.726024	-3.543949
		53.803895	-1.549931
		51.460852	-2.588139
		51.512161	-0.116215
		51.289406	1.075802
		52.486125	-1.890507
		53.751959	-0.335941
		53.478239	-2.258549
		54.980766	-1.615849
		53.409532	-3.000126
		55.862982	-4.263554
		55.958426	-3.186893
		54.892406	-2.923222
		
c	12 11 14 13 1 2 15 4 0 6 3 7 10 9 8 5	2118.94693919011	0.788105306080989	12	11	14	13	1	2	15	4	0	6	3	7	10	9	8	5		
		51.624837	-3.94495
		51.488224	-3.186893
		50.152266	-5.065556
		50.726024	-3.543949
		51.460852	-2.588139
		51.512161	-0.116215
		51.289406	1.075802
		53.478239	-2.258549
		52.486125	-1.890507
		53.751959	-0.335941
		53.803895	-1.549931
		54.980766	-1.615849
		55.862982	-4.263554
		55.958426	-3.186893
		54.892406	-2.923222
		53.409532	-3.000126
		
c	7 10 9 8 5 12 11 6 4 14 13 1 2 15 0 3	2553.42586431018	0.744657413568982	7	10	9	8	5	12	11	6	4	14	13	1	2	15	0	3		
		54.980766	-1.615849
		55.862982	-4.263554
		55.958426	-3.186893
		54.892406	-2.923222
		53.409532	-3.000126
		51.624837	-3.94495
		51.488224	-3.186893
		53.751959	-0.335941
		53.478239	-2.258549
		50.152266	-5.065556
		50.726024	-3.543949
		51.460852	-2.588139
		51.512161	-0.116215
		51.289406	1.075802
		52.486125	-1.890507
		53.803895	-1.549931
		
c	1 11 12 14 13 0 6 3 7 10 9 8 4 5 2 15	1983.31451736764	0.801668548263237	1	11	12	14	13	0	6	3	7	10	9	8	4	5	2	15		
		51.460852	-2.588139
		51.488224	-3.186893
		51.624837	-3.94495
		50.152266	-5.065556
		50.726024	-3.543949
		52.486125	-1.890507
		53.751959	-0.335941
		53.803895	-1.549931
		54.980766	-1.615849
		55.862982	-4.263554
		55.958426	-3.186893
		54.892406	-2.923222
		53.478239	-2.258549
		53.409532	-3.000126
		51.512161	-0.116215
		51.289406	1.075802
		
c	6 3 7 9 8 5 11 12 14 13 1 0 4 2 15 10	2527.2384337042	0.74727615662958	6	3	7	9	8	5	11	12	14	13	1	0	4	2	15	10		
		53.751959	-0.335941
		53.803895	-1.549931
		54.980766	-1.615849
		55.958426	-3.186893
		54.892406	-2.923222
		53.409532	-3.000126
		51.488224	-3.186893
		51.624837	-3.94495
		50.152266	-5.065556
		50.726024	-3.543949
		51.460852	-2.588139
		52.486125	-1.890507
		53.478239	-2.258549
		51.512161	-0.116215
		51.289406	1.075802
		55.862982	-4.263554
		
c	4 3 6 7 13 1 2 15 0 10 9 8 5 11 12 14	2604.35635295311	0.739564364704689	4	3	6	7	13	1	2	15	0	10	9	8	5	11	12	14		
		53.478239	-2.258549
		53.803895	-1.549931
		53.751959	-0.335941
		54.980766	-1.615849
		50.726024	-3.543949
		51.460852	-2.588139
		51.512161	-0.116215
		51.289406	1.075802
		52.486125	-1.890507
		55.862982	-4.263554
		55.958426	-3.186893
		54.892406	-2.923222
		53.409532	-3.000126
		51.488224	-3.186893
		51.624837	-3.94495
		50.152266	-5.065556
		
c	0 4 5 12 14 13 2 15 6 3 10 7 9 8 11 1	2557.44397063699	0.744255602936301	0	4	5	12	14	13	2	15	6	3	10	7	9	8	11	1		
		52.486125	-1.890507
		53.478239	-2.258549
		53.409532	-3.000126
		51.624837	-3.94495
		50.152266	-5.065556
		50.726024	-3.543949
		51.512161	-0.116215
		51.289406	1.075802
		53.751959	-0.335941
		53.803895	-1.549931
		55.862982	-4.263554
		54.980766	-1.615849
		55.958426	-3.186893
		54.892406	-2.923222
		51.488224	-3.186893
		51.460852	-2.588139
		
c	2 15 0 1 4 3 6 7 10 9 8 5 12 11 14 13	2110.7498403981	0.78892501596019	2	15	0	1	4	3	6	7	10	9	8	5	12	11	14	13		
		51.512161	-0.116215
		51.289406	1.075802
		52.486125	-1.890507
		51.460852	-2.588139
		53.478239	-2.258549
		53.803895	-1.549931
		53.751959	-0.335941
		54.980766	-1.615849
		55.862982	-4.263554
		55.958426	-3.186893
		54.892406	-2.923222
		53.409532	-3.000126
		51.624837	-3.94495
		51.488224	-3.186893
		50.152266	-5.065556
		50.726024	-3.543949
		
c	1 0 2 13 4 6 3 7 10 9 8 5 12 11 14 15	2659.08187693082	0.734091812306918	1	0	2	13	4	6	3	7	10	9	8	5	12	11	14	15		
		51.460852	-2.588139
		52.486125	-1.890507
		51.512161	-0.116215
		50.726024	-3.543949
		53.478239	-2.258549
		53.751959	-0.335941
		53.803895	-1.549931
		54.980766	-1.615849
		55.862982	-4.263554
		55.958426	-3.186893
		54.892406	-2.923222
		53.409532	-3.000126
		51.624837	-3.94495
		51.488224	-3.186893
		50.152266	-5.065556
		51.289406	1.075802
		
c	11 12 14 13 2 3 6 7 10 9 8 4 5 0 1 15	2227.98135933845	0.777201864066155	11	12	14	13	2	3	6	7	10	9	8	4	5	0	1	15		
		51.488224	-3.186893
		51.624837	-3.94495
		50.152266	-5.065556
		50.726024	-3.543949
		51.512161	-0.116215
		53.803895	-1.549931
		53.751959	-0.335941
		54.980766	-1.615849
		55.862982	-4.263554
		55.958426	-3.186893
		54.892406	-2.923222
		53.478239	-2.258549
		53.409532	-3.000126
		52.486125	-1.890507
		51.460852	-2.588139
		51.289406	1.075802
		
c	13 1 2 0 3 6 7 10 9 8 5 11 12 14 4 15	2573.42524423434	0.742657475576566	13	1	2	0	3	6	7	10	9	8	5	11	12	14	4	15		
		50.726024	-3.543949
		51.460852	-2.588139
		51.512161	-0.116215
		52.486125	-1.890507
		53.803895	-1.549931
		53.751959	-0.335941
		54.980766	-1.615849
		55.862982	-4.263554
		55.958426	-3.186893
		54.892406	-2.923222
		53.409532	-3.000126
		51.488224	-3.186893
		51.624837	-3.94495
		50.152266	-5.065556
		53.478239	-2.258549
		51.289406	1.075802
		
c	1 2 15 0 6 4 3 10 9 8 5 11 12 14 13 7	2570.98841162736	0.742901158837264	1	2	15	0	6	4	3	10	9	8	5	11	12	14	13	7		
		51.460852	-2.588139
		51.512161	-0.116215
		51.289406	1.075802
		52.486125	-1.890507
		53.751959	-0.335941
		53.478239	-2.258549
		53.803895	-1.549931
		55.862982	-4.263554
		55.958426	-3.186893
		54.892406	-2.923222
		53.409532	-3.000126
		51.488224	-3.186893
		51.624837	-3.94495
		50.152266	-5.065556
		50.726024	-3.543949
		54.980766	-1.615849
		
c	13 1 2 15 0 4 6 3 7 10 9 8 5 12 11 14	2068.68816725439	0.793131183274561	13	1	2	15	0	4	6	3	7	10	9	8	5	12	11	14		
		50.726024	-3.543949
		51.460852	-2.588139
		51.512161	-0.116215
		51.289406	1.075802
		52.486125	-1.890507
		53.478239	-2.258549
		53.751959	-0.335941
		53.803895	-1.549931
		54.980766	-1.615849
		55.862982	-4.263554
		55.958426	-3.186893
		54.892406	-2.923222
		53.409532	-3.000126
		51.624837	-3.94495
		51.488224	-3.186893
		50.152266	-5.065556
		
c	11 14 13 1 2 15 10 9 8 3 6 7 5 4 12 0	2534.80805767297	0.746519194232703	11	14	13	1	2	15	10	9	8	3	6	7	5	4	12	0		
		51.488224	-3.186893
		50.152266	-5.065556
		50.726024	-3.543949
		51.460852	-2.588139
		51.512161	-0.116215
		51.289406	1.075802
		55.862982	-4.263554
		55.958426	-3.186893
		54.892406	-2.923222
		53.803895	-1.549931
		53.751959	-0.335941
		54.980766	-1.615849
		53.409532	-3.000126
		53.478239	-2.258549
		51.624837	-3.94495
		52.486125	-1.890507
		
c	15 7 10 9 3 4 8 5 12 13 1 2 0 6 11 14	2800.28793648817	0.719971206351183	15	7	10	9	3	4	8	5	12	13	1	2	0	6	11	14		
		51.289406	1.075802
		54.980766	-1.615849
		55.862982	-4.263554
		55.958426	-3.186893
		53.803895	-1.549931
		53.478239	-2.258549
		54.892406	-2.923222
		53.409532	-3.000126
		51.624837	-3.94495
		50.726024	-3.543949
		51.460852	-2.588139
		51.512161	-0.116215
		52.486125	-1.890507
		53.751959	-0.335941
		51.488224	-3.186893
		50.152266	-5.065556
		
c	1 10 9 8 3 6 5 12 11 14 13 2 15 0 4 7	2555.93642755812	0.744406357244188	1	10	9	8	3	6	5	12	11	14	13	2	15	0	4	7		
		51.460852	-2.588139
		55.862982	-4.263554
		55.958426	-3.186893
		54.892406	-2.923222
		53.803895	-1.549931
		53.751959	-0.335941
		53.409532	-3.000126
		51.624837	-3.94495
		51.488224	-3.186893
		50.152266	-5.065556
		50.726024	-3.543949
		51.512161	-0.116215
		51.289406	1.075802
		52.486125	-1.890507
		53.478239	-2.258549
		54.980766	-1.615849
		
c	5 12 11 14 13 1 2 15 4 0 6 3 7 10 9 8	2162.47062839285	0.783752937160715	5	12	11	14	13	1	2	15	4	0	6	3	7	10	9	8		
		53.409532	-3.000126
		51.624837	-3.94495
		51.488224	-3.186893
		50.152266	-5.065556
		50.726024	-3.543949
		51.460852	-2.588139
		51.512161	-0.116215
		51.289406	1.075802
		53.478239	-2.258549
		52.486125	-1.890507
		53.751959	-0.335941
		53.803895	-1.549931
		54.980766	-1.615849
		55.862982	-4.263554
		55.958426	-3.186893
		54.892406	-2.923222
		
c	7 0 4 3 6 10 9 8 5 12 11 14 13 1 2 15	2176.80590213792	0.782319409786208	7	0	4	3	6	10	9	8	5	12	11	14	13	1	2	15		
		54.980766	-1.615849
		52.486125	-1.890507
		53.478239	-2.258549
		53.803895	-1.549931
		53.751959	-0.335941
		55.862982	-4.263554
		55.958426	-3.186893
		54.892406	-2.923222
		53.409532	-3.000126
		51.624837	-3.94495
		51.488224	-3.186893
		50.152266	-5.065556
		50.726024	-3.543949
		51.460852	-2.588139
		51.512161	-0.116215
		51.289406	1.075802
		
c	13 8 0 5 11 12 14 1 2 15 6 4 3 7 10 9	2674.72549003051	0.732527450996949	13	8	0	5	11	12	14	1	2	15	6	4	3	7	10	9		
		50.726024	-3.543949
		54.892406	-2.923222
		52.486125	-1.890507
		53.409532	-3.000126
		51.488224	-3.186893
		51.624837	-3.94495
		50.152266	-5.065556
		51.460852	-2.588139
		51.512161	-0.116215
		51.289406	1.075802
		53.751959	-0.335941
		53.478239	-2.258549
		53.803895	-1.549931
		54.980766	-1.615849
		55.862982	-4.263554
		55.958426	-3.186893
		
c	13 1 2 15 14 0 6 3 4 7 10 9 8 5 12 11	2449.45680010449	0.755054319989551	13	1	2	15	14	0	6	3	4	7	10	9	8	5	12	11		
		50.726024	-3.543949
		51.460852	-2.588139
		51.512161	-0.116215
		51.289406	1.075802
		50.152266	-5.065556
		52.486125	-1.890507
		53.751959	-0.335941
		53.803895	-1.549931
		53.478239	-2.258549
		54.980766	-1.615849
		55.862982	-4.263554
		55.958426	-3.186893
		54.892406	-2.923222
		53.409532	-3.000126
		51.624837	-3.94495
		51.488224	-3.186893
		
c	3 7 0 4 6 10 9 8 5 12 11 14 13 1 2 15	2299.07312165845	0.770092687834155	3	7	0	4	6	10	9	8	5	12	11	14	13	1	2	15		
		53.803895	-1.549931
		54.980766	-1.615849
		52.486125	-1.890507
		53.478239	-2.258549
		53.751959	-0.335941
		55.862982	-4.263554
		55.958426	-3.186893
		54.892406	-2.923222
		53.409532	-3.000126
		51.624837	-3.94495
		51.488224	-3.186893
		50.152266	-5.065556
		50.726024	-3.543949
		51.460852	-2.588139
		51.512161	-0.116215
		51.289406	1.075802
		
c	9 8 3 0 4 6 7 10 5 11 12 14 13 1 2 15	2238.37834180155	0.776162165819845	9	8	3	0	4	6	7	10	5	11	12	14	13	1	2	15		
		55.958426	-3.186893
		54.892406	-2.923222
		53.803895	-1.549931
		52.486125	-1.890507
		53.478239	-2.258549
		53.751959	-0.335941
		54.980766	-1.615849
		55.862982	-4.263554
		53.409532	-3.000126
		51.488224	-3.186893
		51.624837	-3.94495
		50.152266	-5.065556
		50.726024	-3.543949
		51.460852	-2.588139
		51.512161	-0.116215
		51.289406	1.075802
		
c	6 7 10 9 8 1 0 3 4 5 12 11 14 13 2 15	2232.09185261293	0.776790814738707	6	7	10	9	8	1	0	3	4	5	12	11	14	13	2	15		
		53.751959	-0.335941
		54.980766	-1.615849
		55.862982	-4.263554
		55.958426	-3.186893
		54.892406	-2.923222
		51.460852	-2.588139
		52.486125	-1.890507
		53.803895	-1.549931
		53.478239	-2.258549
		53.409532	-3.000126
		51.624837	-3.94495
		51.488224	-3.186893
		50.152266	-5.065556
		50.726024	-3.543949
		51.512161	-0.116215
		51.289406	1.075802
		
c	5 11 12 14 13 1 2 15 0 6 3 4 7 10 9 8	2049.19259343313	0.795080740656687	5	11	12	14	13	1	2	15	0	6	3	4	7	10	9	8		
		53.409532	-3.000126
		51.488224	-3.186893
		51.624837	-3.94495
		50.152266	-5.065556
		50.726024	-3.543949
		51.460852	-2.588139
		51.512161	-0.116215
		51.289406	1.075802
		52.486125	-1.890507
		53.751959	-0.335941
		53.803895	-1.549931
		53.478239	-2.258549
		54.980766	-1.615849
		55.862982	-4.263554
		55.958426	-3.186893
		54.892406	-2.923222
		
c	1 0 6 3 4 11 7 10 9 8 5 12 14 13 2 15	2472.40527388807	0.752759472611193	1	0	6	3	4	11	7	10	9	8	5	12	14	13	2	15		
		51.460852	-2.588139
		52.486125	-1.890507
		53.751959	-0.335941
		53.803895	-1.549931
		53.478239	-2.258549
		51.488224	-3.186893
		54.980766	-1.615849
		55.862982	-4.263554
		55.958426	-3.186893
		54.892406	-2.923222
		53.409532	-3.000126
		51.624837	-3.94495
		50.152266	-5.065556
		50.726024	-3.543949
		51.512161	-0.116215
		51.289406	1.075802
		
c	2 15 14 0 6 3 4 7 8 5 11 12 13 1 10 9	2659.91951942687	0.734008048057313	2	15	14	0	6	3	4	7	8	5	11	12	13	1	10	9		
		51.512161	-0.116215
		51.289406	1.075802
		50.152266	-5.065556
		52.486125	-1.890507
		53.751959	-0.335941
		53.803895	-1.549931
		53.478239	-2.258549
		54.980766	-1.615849
		54.892406	-2.923222
		53.409532	-3.000126
		51.488224	-3.186893
		51.624837	-3.94495
		50.726024	-3.543949
		51.460852	-2.588139
		55.862982	-4.263554
		55.958426	-3.186893
		
c	7 0 1 11 12 14 13 15 4 3 6 5 10 9 8 2	2677.06291380191	0.732293708619809	7	0	1	11	12	14	13	15	4	3	6	5	10	9	8	2		
		54.980766	-1.615849
		52.486125	-1.890507
		51.460852	-2.588139
		51.488224	-3.186893
		51.624837	-3.94495
		50.152266	-5.065556
		50.726024	-3.543949
		51.289406	1.075802
		53.478239	-2.258549
		53.803895	-1.549931
		53.751959	-0.335941
		53.409532	-3.000126
		55.862982	-4.263554
		55.958426	-3.186893
		54.892406	-2.923222
		51.512161	-0.116215
		
c	11 12 14 13 1 2 15 0 6 4 3 7 5 10 9 8	2131.80101301954	0.786819898698046	11	12	14	13	1	2	15	0	6	4	3	7	5	10	9	8		
		51.488224	-3.186893
		51.624837	-3.94495
		50.152266	-5.065556
		50.726024	-3.543949
		51.460852	-2.588139
		51.512161	-0.116215
		51.289406	1.075802
		52.486125	-1.890507
		53.751959	-0.335941
		53.478239	-2.258549
		53.803895	-1.549931
		54.980766	-1.615849
		53.409532	-3.000126
		55.862982	-4.263554
		55.958426	-3.186893
		54.892406	-2.923222
		
c	3 1 11 12 14 13 0 6 7 10 9 8 4 5 2 15	2202.01172452682	0.779798827547318	3	1	11	12	14	13	0	6	7	10	9	8	4	5	2	15		
		53.803895	-1.549931
		51.460852	-2.588139
		51.488224	-3.186893
		51.624837	-3.94495
		50.152266	-5.065556
		50.726024	-3.543949
		52.486125	-1.890507
		53.751959	-0.335941
		54.980766	-1.615849
		55.862982	-4.263554
		55.958426	-3.186893
		54.892406	-2.923222
		53.478239	-2.258549
		53.409532	-3.000126
		51.512161	-0.116215
		51.289406	1.075802
		
c	2 1 11 12 14 13 15 6 3 7 10 9 8 5 0 4	2190.45148003938	0.780954851996062	2	1	11	12	14	13	15	6	3	7	10	9	8	5	0	4		
		51.512161	-0.116215
		51.460852	-2.588139
		51.488224	-3.186893
		51.624837	-3.94495
		50.152266	-5.065556
		50.726024	-3.543949
		51.289406	1.075802
		53.751959	-0.335941
		53.803895	-1.549931
		54.980766	-1.615849
		55.862982	-4.263554
		55.958426	-3.186893
		54.892406	-2.923222
		53.409532	-3.000126
		52.486125	-1.890507
		53.478239	-2.258549
		
c	12 14 13 1 2 15 0 6 4 3 7 5 10 11 9 8	2997.94242175472	0.700205757824528	12	14	13	1	2	15	0	6	4	3	7	5	10	11	9	8		
		51.624837	-3.94495
		50.152266	-5.065556
		50.726024	-3.543949
		51.460852	-2.588139
		51.512161	-0.116215
		51.289406	1.075802
		52.486125	-1.890507
		53.751959	-0.335941
		53.478239	-2.258549
		53.803895	-1.549931
		54.980766	-1.615849
		53.409532	-3.000126
		55.862982	-4.263554
		51.488224	-3.186893
		55.958426	-3.186893
		54.892406	-2.923222
		
c	11 14 0 9 8 1 6 3 4 7 10 5 12 13 2 15	3175.98607364043	0.682401392635957	11	14	0	9	8	1	6	3	4	7	10	5	12	13	2	15		
		51.488224	-3.186893
		50.152266	-5.065556
		52.486125	-1.890507
		55.958426	-3.186893
		54.892406	-2.923222
		51.460852	-2.588139
		53.751959	-0.335941
		53.803895	-1.549931
		53.478239	-2.258549
		54.980766	-1.615849
		55.862982	-4.263554
		53.409532	-3.000126
		51.624837	-3.94495
		50.726024	-3.543949
		51.512161	-0.116215
		51.289406	1.075802
		
c	6 7 10 9 8 5 12 14 13 3 4 0 1 11 2 15	2225.82867821867	0.777417132178133	6	7	10	9	8	5	12	14	13	3	4	0	1	11	2	15		
		53.751959	-0.335941
		54.980766	-1.615849
		55.862982	-4.263554
		55.958426	-3.186893
		54.892406	-2.923222
		53.409532	-3.000126
		51.624837	-3.94495
		50.152266	-5.065556
		50.726024	-3.543949
		53.803895	-1.549931
		53.478239	-2.258549
		52.486125	-1.890507
		51.460852	-2.588139
		51.488224	-3.186893
		51.512161	-0.116215
		51.289406	1.075802
		
c	1 2 6 3 4 7 5 13 15 0 10 9 8 11 12 14	3010.34633674273	0.698965366325726	1	2	6	3	4	7	5	13	15	0	10	9	8	11	12	14		
		51.460852	-2.588139
		51.512161	-0.116215
		53.751959	-0.335941
		53.803895	-1.549931
		53.478239	-2.258549
		54.980766	-1.615849
		53.409532	-3.000126
		50.726024	-3.543949
		51.289406	1.075802
		52.486125	-1.890507
		55.862982	-4.263554
		55.958426	-3.186893
		54.892406	-2.923222
		51.488224	-3.186893
		51.624837	-3.94495
		50.152266	-5.065556
		
c	4 6 3 7 10 9 8 5 12 11 14 13 1 0 2 15	1952.79490974302	0.804720509025698	4	6	3	7	10	9	8	5	12	11	14	13	1	0	2	15		
		53.478239	-2.258549
		53.751959	-0.335941
		53.803895	-1.549931
		54.980766	-1.615849
		55.862982	-4.263554
		55.958426	-3.186893
		54.892406	-2.923222
		53.409532	-3.000126
		51.624837	-3.94495
		51.488224	-3.186893
		50.152266	-5.065556
		50.726024	-3.543949
		51.460852	-2.588139
		52.486125	-1.890507
		51.512161	-0.116215
		51.289406	1.075802
		
c	6 7 10 9 8 5 12 11 14 13 1 0 2 15 4 3	2162.66743143095	0.783733256856905	6	7	10	9	8	5	12	11	14	13	1	0	2	15	4	3		
		53.751959	-0.335941
		54.980766	-1.615849
		55.862982	-4.263554
		55.958426	-3.186893
		54.892406	-2.923222
		53.409532	-3.000126
		51.624837	-3.94495
		51.488224	-3.186893
		50.152266	-5.065556
		50.726024	-3.543949
		51.460852	-2.588139
		52.486125	-1.890507
		51.512161	-0.116215
		51.289406	1.075802
		53.478239	-2.258549
		53.803895	-1.549931
		
c	15 0 4 3 6 7 10 9 8 5 12 11 14 13 1 2	2065.1720275549	0.79348279724451	15	0	4	3	6	7	10	9	8	5	12	11	14	13	1	2		
		51.289406	1.075802
		52.486125	-1.890507
		53.478239	-2.258549
		53.803895	-1.549931
		53.751959	-0.335941
		54.980766	-1.615849
		55.862982	-4.263554
		55.958426	-3.186893
		54.892406	-2.923222
		53.409532	-3.000126
		51.624837	-3.94495
		51.488224	-3.186893
		50.152266	-5.065556
		50.726024	-3.543949
		51.460852	-2.588139
		51.512161	-0.116215
		
c	11 1 10 13 2 6 3 4 7 9 8 5 12 14 0 15	3337.56603011201	0.666243396988799	11	1	10	13	2	6	3	4	7	9	8	5	12	14	0	15		
		51.488224	-3.186893
		51.460852	-2.588139
		55.862982	-4.263554
		50.726024	-3.543949
		51.512161	-0.116215
		53.751959	-0.335941
		53.803895	-1.549931
		53.478239	-2.258549
		54.980766	-1.615849
		55.958426	-3.186893
		54.892406	-2.923222
		53.409532	-3.000126
		51.624837	-3.94495
		50.152266	-5.065556
		52.486125	-1.890507
		51.289406	1.075802
		
c	12 8 0 5 11 14 13 1 2 15 6 4 3 7 10 9	2545.57129117292	0.745442870882708	12	8	0	5	11	14	13	1	2	15	6	4	3	7	10	9		
		51.624837	-3.94495
		54.892406	-2.923222
		52.486125	-1.890507
		53.409532	-3.000126
		51.488224	-3.186893
		50.152266	-5.065556
		50.726024	-3.543949
		51.460852	-2.588139
		51.512161	-0.116215
		51.289406	1.075802
		53.751959	-0.335941
		53.478239	-2.258549
		53.803895	-1.549931
		54.980766	-1.615849
		55.862982	-4.263554
		55.958426	-3.186893
		
c	5 12 11 14 13 1 2 15 0 4 3 6 7 10 9 8	1986.52826140914	0.801347173859086	5	12	11	14	13	1	2	15	0	4	3	6	7	10	9	8		
		53.409532	-3.000126
		51.624837	-3.94495
		51.488224	-3.186893
		50.152266	-5.065556
		50.726024	-3.543949
		51.460852	-2.588139
		51.512161	-0.116215
		51.289406	1.075802
		52.486125	-1.890507
		53.478239	-2.258549
		53.803895	-1.549931
		53.751959	-0.335941
		54.980766	-1.615849
		55.862982	-4.263554
		55.958426	-3.186893
		54.892406	-2.923222
		
c	8 5 0 4 3 6 7 10 9 11 12 14 13 1 2 15	2186.88750212192	0.781311249787808	8	5	0	4	3	6	7	10	9	11	12	14	13	1	2	15		
		54.892406	-2.923222
		53.409532	-3.000126
		52.486125	-1.890507
		53.478239	-2.258549
		53.803895	-1.549931
		53.751959	-0.335941
		54.980766	-1.615849
		55.862982	-4.263554
		55.958426	-3.186893
		51.488224	-3.186893
		51.624837	-3.94495
		50.152266	-5.065556
		50.726024	-3.543949
		51.460852	-2.588139
		51.512161	-0.116215
		51.289406	1.075802
		
c	12 14 13 1 2 15 10 9 8 0 4 6 3 7 5 11	2616.93182878275	0.738306817121725	12	14	13	1	2	15	10	9	8	0	4	6	3	7	5	11		
		51.624837	-3.94495
		50.152266	-5.065556
		50.726024	-3.543949
		51.460852	-2.588139
		51.512161	-0.116215
		51.289406	1.075802
		55.862982	-4.263554
		55.958426	-3.186893
		54.892406	-2.923222
		52.486125	-1.890507
		53.478239	-2.258549
		53.751959	-0.335941
		53.803895	-1.549931
		54.980766	-1.615849
		53.409532	-3.000126
		51.488224	-3.186893
		
c	5 11 12 14 13 1 2 15 0 4 3 6 7 10 9 8	1974.98824123816	0.802501175876184	5	11	12	14	13	1	2	15	0	4	3	6	7	10	9	8		
		53.409532	-3.000126
		51.488224	-3.186893
		51.624837	-3.94495
		50.152266	-5.065556
		50.726024	-3.543949
		51.460852	-2.588139
		51.512161	-0.116215
		51.289406	1.075802
		52.486125	-1.890507
		53.478239	-2.258549
		53.803895	-1.549931
		53.751959	-0.335941
		54.980766	-1.615849
		55.862982	-4.263554
		55.958426	-3.186893
		54.892406	-2.923222
		
c	11 1 0 4 5 12 14 13 2 15 6 3 7 10 9 8	2066.54686638187	0.793345313361813	11	1	0	4	5	12	14	13	2	15	6	3	7	10	9	8		
		51.488224	-3.186893
		51.460852	-2.588139
		52.486125	-1.890507
		53.478239	-2.258549
		53.409532	-3.000126
		51.624837	-3.94495
		50.152266	-5.065556
		50.726024	-3.543949
		51.512161	-0.116215
		51.289406	1.075802
		53.751959	-0.335941
		53.803895	-1.549931
		54.980766	-1.615849
		55.862982	-4.263554
		55.958426	-3.186893
		54.892406	-2.923222
		
c	15 0 4 3 6 7 10 9 8 5 11 12 14 13 1 2	2053.63200738392	0.794636799261608	15	0	4	3	6	7	10	9	8	5	11	12	14	13	1	2		
		51.289406	1.075802
		52.486125	-1.890507
		53.478239	-2.258549
		53.803895	-1.549931
		53.751959	-0.335941
		54.980766	-1.615849
		55.862982	-4.263554
		55.958426	-3.186893
		54.892406	-2.923222
		53.409532	-3.000126
		51.488224	-3.186893
		51.624837	-3.94495
		50.152266	-5.065556
		50.726024	-3.543949
		51.460852	-2.588139
		51.512161	-0.116215
		
c	4 14 13 1 0 6 3 7 10 9 8 5 12 11 2 15	2265.42119335875	0.773457880664125	4	14	13	1	0	6	3	7	10	9	8	5	12	11	2	15		
		53.478239	-2.258549
		50.152266	-5.065556
		50.726024	-3.543949
		51.460852	-2.588139
		52.486125	-1.890507
		53.751959	-0.335941
		53.803895	-1.549931
		54.980766	-1.615849
		55.862982	-4.263554
		55.958426	-3.186893
		54.892406	-2.923222
		53.409532	-3.000126
		51.624837	-3.94495
		51.488224	-3.186893
		51.512161	-0.116215
		51.289406	1.075802
		
c	11 6 7 10 9 8 5 12 14 13 3 4 0 1 2 15	2459.74544181805	0.754025455818195	11	6	7	10	9	8	5	12	14	13	3	4	0	1	2	15		
		51.488224	-3.186893
		53.751959	-0.335941
		54.980766	-1.615849
		55.862982	-4.263554
		55.958426	-3.186893
		54.892406	-2.923222
		53.409532	-3.000126
		51.624837	-3.94495
		50.152266	-5.065556
		50.726024	-3.543949
		53.803895	-1.549931
		53.478239	-2.258549
		52.486125	-1.890507
		51.460852	-2.588139
		51.512161	-0.116215
		51.289406	1.075802
		
c	7 10 9 8 5 12 4 11 13 3 0 1 14 6 2 15	3026.21813908573	0.697378186091427	7	10	9	8	5	12	4	11	13	3	0	1	14	6	2	15		
		54.980766	-1.615849
		55.862982	-4.263554
		55.958426	-3.186893
		54.892406	-2.923222
		53.409532	-3.000126
		51.624837	-3.94495
		53.478239	-2.258549
		51.488224	-3.186893
		50.726024	-3.543949
		53.803895	-1.549931
		52.486125	-1.890507
		51.460852	-2.588139
		50.152266	-5.065556
		53.751959	-0.335941
		51.512161	-0.116215
		51.289406	1.075802
		
c	8 5 0 1 11 12 14 13 3 7 6 10 9 4 2 15	2520.01898754946	0.747998101245054	8	5	0	1	11	12	14	13	3	7	6	10	9	4	2	15		
		54.892406	-2.923222
		53.409532	-3.000126
		52.486125	-1.890507
		51.460852	-2.588139
		51.488224	-3.186893
		51.624837	-3.94495
		50.152266	-5.065556
		50.726024	-3.543949
		53.803895	-1.549931
		54.980766	-1.615849
		53.751959	-0.335941
		55.862982	-4.263554
		55.958426	-3.186893
		53.478239	-2.258549
		51.512161	-0.116215
		51.289406	1.075802
		
c	11 13 3 0 1 14 2 15 4 6 7 10 9 8 5 12	2797.83127083786	0.720216872916214	11	13	3	0	1	14	2	15	4	6	7	10	9	8	5	12		
		51.488224	-3.186893
		50.726024	-3.543949
		53.803895	-1.549931
		52.486125	-1.890507
		51.460852	-2.588139
		50.152266	-5.065556
		51.512161	-0.116215
		51.289406	1.075802
		53.478239	-2.258549
		53.751959	-0.335941
		54.980766	-1.615849
		55.862982	-4.263554
		55.958426	-3.186893
		54.892406	-2.923222
		53.409532	-3.000126
		51.624837	-3.94495
		
c	10 6 5 4 12 11 14 3 7 9 8 13 1 0 2 15	2875.4133513713	0.71245866486287	10	6	5	4	12	11	14	3	7	9	8	13	1	0	2	15		
		55.862982	-4.263554
		53.751959	-0.335941
		53.409532	-3.000126
		53.478239	-2.258549
		51.624837	-3.94495
		51.488224	-3.186893
		50.152266	-5.065556
		53.803895	-1.549931
		54.980766	-1.615849
		55.958426	-3.186893
		54.892406	-2.923222
		50.726024	-3.543949
		51.460852	-2.588139
		52.486125	-1.890507
		51.512161	-0.116215
		51.289406	1.075802
		
c	14 13 11 1 12 2 15 0 4 3 6 7 10 9 8 5	1903.39693289035	0.809660306710965	14	13	11	1	12	2	15	0	4	3	6	7	10	9	8	5		
		50.152266	-5.065556
		50.726024	-3.543949
		51.488224	-3.186893
		51.460852	-2.588139
		51.624837	-3.94495
		51.512161	-0.116215
		51.289406	1.075802
		52.486125	-1.890507
		53.478239	-2.258549
		53.803895	-1.549931
		53.751959	-0.335941
		54.980766	-1.615849
		55.862982	-4.263554
		55.958426	-3.186893
		54.892406	-2.923222
		53.409532	-3.000126
		
c	12 11 14 13 3 6 7 10 9 8 4 5 0 1 2 15	2088.50722230626	0.791149277769374	12	11	14	13	3	6	7	10	9	8	4	5	0	1	2	15		
		51.624837	-3.94495
		51.488224	-3.186893
		50.152266	-5.065556
		50.726024	-3.543949
		53.803895	-1.549931
		53.751959	-0.335941
		54.980766	-1.615849
		55.862982	-4.263554
		55.958426	-3.186893
		54.892406	-2.923222
		53.478239	-2.258549
		53.409532	-3.000126
		52.486125	-1.890507
		51.460852	-2.588139
		51.512161	-0.116215
		51.289406	1.075802
		
c	13 1 2 15 12 14 11 0 4 6 7 10 9 8 5 3	2290.12714028735	0.770987285971265	13	1	2	15	12	14	11	0	4	6	7	10	9	8	5	3		
		50.726024	-3.543949
		51.460852	-2.588139
		51.512161	-0.116215
		51.289406	1.075802
		51.624837	-3.94495
		50.152266	-5.065556
		51.488224	-3.186893
		52.486125	-1.890507
		53.478239	-2.258549
		53.751959	-0.335941
		54.980766	-1.615849
		55.862982	-4.263554
		55.958426	-3.186893
		54.892406	-2.923222
		53.409532	-3.000126
		53.803895	-1.549931
		
c	11 12 14 13 9 8 1 0 6 3 4 7 10 5 2 15	2907.6147432797	0.70923852567203	11	12	14	13	9	8	1	0	6	3	4	7	10	5	2	15		
		51.488224	-3.186893
		51.624837	-3.94495
		50.152266	-5.065556
		50.726024	-3.543949
		55.958426	-3.186893
		54.892406	-2.923222
		51.460852	-2.588139
		52.486125	-1.890507
		53.751959	-0.335941
		53.803895	-1.549931
		53.478239	-2.258549
		54.980766	-1.615849
		55.862982	-4.263554
		53.409532	-3.000126
		51.512161	-0.116215
		51.289406	1.075802
		
c	1 12 13 14 0 4 3 6 7 10 9 8 5 15 11 2	2496.07115819038	0.750392884180963	1	12	13	14	0	4	3	6	7	10	9	8	5	15	11	2		
		51.460852	-2.588139
		51.624837	-3.94495
		50.726024	-3.543949
		50.152266	-5.065556
		52.486125	-1.890507
		53.478239	-2.258549
		53.803895	-1.549931
		53.751959	-0.335941
		54.980766	-1.615849
		55.862982	-4.263554
		55.958426	-3.186893
		54.892406	-2.923222
		53.409532	-3.000126
		51.289406	1.075802
		51.488224	-3.186893
		51.512161	-0.116215
		
c	15 0 8 3 7 4 6 10 9 5 11 12 14 13 1 2	2650.90589613788	0.734909410386212	15	0	8	3	7	4	6	10	9	5	11	12	14	13	1	2		
		51.289406	1.075802
		52.486125	-1.890507
		54.892406	-2.923222
		53.803895	-1.549931
		54.980766	-1.615849
		53.478239	-2.258549
		53.751959	-0.335941
		55.862982	-4.263554
		55.958426	-3.186893
		53.409532	-3.000126
		51.488224	-3.186893
		51.624837	-3.94495
		50.152266	-5.065556
		50.726024	-3.543949
		51.460852	-2.588139
		51.512161	-0.116215
		
c	1 2 9 8 5 12 14 13 11 0 4 3 6 7 10 15	2959.68833382391	0.704031166617609	1	2	9	8	5	12	14	13	11	0	4	3	6	7	10	15		
		51.460852	-2.588139
		51.512161	-0.116215
		55.958426	-3.186893
		54.892406	-2.923222
		53.409532	-3.000126
		51.624837	-3.94495
		50.152266	-5.065556
		50.726024	-3.543949
		51.488224	-3.186893
		52.486125	-1.890507
		53.478239	-2.258549
		53.803895	-1.549931
		53.751959	-0.335941
		54.980766	-1.615849
		55.862982	-4.263554
		51.289406	1.075802
		
c	8 5 12 11 14 13 1 2 15 0 6 4 3 7 10 9	2115.15552575526	0.788484447424474	8	5	12	11	14	13	1	2	15	0	6	4	3	7	10	9		
		54.892406	-2.923222
		53.409532	-3.000126
		51.624837	-3.94495
		51.488224	-3.186893
		50.152266	-5.065556
		50.726024	-3.543949
		51.460852	-2.588139
		51.512161	-0.116215
		51.289406	1.075802
		52.486125	-1.890507
		53.751959	-0.335941
		53.478239	-2.258549
		53.803895	-1.549931
		54.980766	-1.615849
		55.862982	-4.263554
		55.958426	-3.186893
		
c	13 15 4 0 6 3 7 10 9 8 5 1 11 12 14 2	2581.77571560283	0.741822428439717	13	15	4	0	6	3	7	10	9	8	5	1	11	12	14	2		
		50.726024	-3.543949
		51.289406	1.075802
		53.478239	-2.258549
		52.486125	-1.890507
		53.751959	-0.335941
		53.803895	-1.549931
		54.980766	-1.615849
		55.862982	-4.263554
		55.958426	-3.186893
		54.892406	-2.923222
		53.409532	-3.000126
		51.460852	-2.588139
		51.488224	-3.186893
		51.624837	-3.94495
		50.152266	-5.065556
		51.512161	-0.116215
		
c	10 9 8 5 11 12 14 13 1 0 4 2 15 6 3 7	2119.72520764271	0.788027479235729	10	9	8	5	11	12	14	13	1	0	4	2	15	6	3	7		
		55.862982	-4.263554
		55.958426	-3.186893
		54.892406	-2.923222
		53.409532	-3.000126
		51.488224	-3.186893
		51.624837	-3.94495
		50.152266	-5.065556
		50.726024	-3.543949
		51.460852	-2.588139
		52.486125	-1.890507
		53.478239	-2.258549
		51.512161	-0.116215
		51.289406	1.075802
		53.751959	-0.335941
		53.803895	-1.549931
		54.980766	-1.615849
		
c	12 11 3 6 7 10 9 8 5 14 13 1 0 4 2 15	2325.89900204228	0.767410099795772	12	11	3	6	7	10	9	8	5	14	13	1	0	4	2	15		
		51.624837	-3.94495
		51.488224	-3.186893
		53.803895	-1.549931
		53.751959	-0.335941
		54.980766	-1.615849
		55.862982	-4.263554
		55.958426	-3.186893
		54.892406	-2.923222
		53.409532	-3.000126
		50.152266	-5.065556
		50.726024	-3.543949
		51.460852	-2.588139
		52.486125	-1.890507
		53.478239	-2.258549
		51.512161	-0.116215
		51.289406	1.075802
		
c	7 6 0 4 3 10 9 8 5 11 12 14 13 1 2 15	2085.30601722496	0.791469398277504	7	6	0	4	3	10	9	8	5	11	12	14	13	1	2	15		
		54.980766	-1.615849
		53.751959	-0.335941
		52.486125	-1.890507
		53.478239	-2.258549
		53.803895	-1.549931
		55.862982	-4.263554
		55.958426	-3.186893
		54.892406	-2.923222
		53.409532	-3.000126
		51.488224	-3.186893
		51.624837	-3.94495
		50.152266	-5.065556
		50.726024	-3.543949
		51.460852	-2.588139
		51.512161	-0.116215
		51.289406	1.075802
		
c	12 14 4 6 3 7 10 9 8 5 11 13 1 0 2 15	2266.86908158184	0.773313091841816	12	14	4	6	3	7	10	9	8	5	11	13	1	0	2	15		
		51.624837	-3.94495
		50.152266	-5.065556
		53.478239	-2.258549
		53.751959	-0.335941
		53.803895	-1.549931
		54.980766	-1.615849
		55.862982	-4.263554
		55.958426	-3.186893
		54.892406	-2.923222
		53.409532	-3.000126
		51.488224	-3.186893
		50.726024	-3.543949
		51.460852	-2.588139
		52.486125	-1.890507
		51.512161	-0.116215
		51.289406	1.075802
		
c	7 10 9 8 5 12 11 14 13 1 2 15 0 6 4 3	2103.92161658027	0.789607838341973	7	10	9	8	5	12	11	14	13	1	2	15	0	6	4	3		
		54.980766	-1.615849
		55.862982	-4.263554
		55.958426	-3.186893
		54.892406	-2.923222
		53.409532	-3.000126
		51.624837	-3.94495
		51.488224	-3.186893
		50.152266	-5.065556
		50.726024	-3.543949
		51.460852	-2.588139
		51.512161	-0.116215
		51.289406	1.075802
		52.486125	-1.890507
		53.751959	-0.335941
		53.478239	-2.258549
		53.803895	-1.549931
		
c	0 8 3 7 4 6 10 9 5 12 11 14 13 1 2 15	2505.58595583766	0.749441404416234	0	8	3	7	4	6	10	9	5	12	11	14	13	1	2	15		
		52.486125	-1.890507
		54.892406	-2.923222
		53.803895	-1.549931
		54.980766	-1.615849
		53.478239	-2.258549
		53.751959	-0.335941
		55.862982	-4.263554
		55.958426	-3.186893
		53.409532	-3.000126
		51.624837	-3.94495
		51.488224	-3.186893
		50.152266	-5.065556
		50.726024	-3.543949
		51.460852	-2.588139
		51.512161	-0.116215
		51.289406	1.075802
		
c	3 7 10 9 8 11 6 5 12 14 13 4 0 1 2 15	2715.89884521371	0.728410115478629	3	7	10	9	8	11	6	5	12	14	13	4	0	1	2	15		
		53.803895	-1.549931
		54.980766	-1.615849
		55.862982	-4.263554
		55.958426	-3.186893
		54.892406	-2.923222
		51.488224	-3.186893
		53.751959	-0.335941
		53.409532	-3.000126
		51.624837	-3.94495
		50.152266	-5.065556
		50.726024	-3.543949
		53.478239	-2.258549
		52.486125	-1.890507
		51.460852	-2.588139
		51.512161	-0.116215
		51.289406	1.075802
		
c	9 8 5 11 10 12 14 13 3 1 2 15 0 4 6 7	3310.75657710264	0.668924342289736	9	8	5	11	10	12	14	13	3	1	2	15	0	4	6	7		
		55.958426	-3.186893
		54.892406	-2.923222
		53.409532	-3.000126
		51.488224	-3.186893
		55.862982	-4.263554
		51.624837	-3.94495
		50.152266	-5.065556
		50.726024	-3.543949
		53.803895	-1.549931
		51.460852	-2.588139
		51.512161	-0.116215
		51.289406	1.075802
		52.486125	-1.890507
		53.478239	-2.258549
		53.751959	-0.335941
		54.980766	-1.615849
		
c	6 7 10 9 8 3 5 11 12 14 13 1 2 15 0 4	2091.38537851233	0.790861462148768	6	7	10	9	8	3	5	11	12	14	13	1	2	15	0	4		
		53.751959	-0.335941
		54.980766	-1.615849
		55.862982	-4.263554
		55.958426	-3.186893
		54.892406	-2.923222
		53.803895	-1.549931
		53.409532	-3.000126
		51.488224	-3.186893
		51.624837	-3.94495
		50.152266	-5.065556
		50.726024	-3.543949
		51.460852	-2.588139
		51.512161	-0.116215
		51.289406	1.075802
		52.486125	-1.890507
		53.478239	-2.258549
		
c	11 14 1 0 7 10 9 8 5 12 13 2 15 6 4 3	2506.26579192914	0.749373420807086	11	14	1	0	7	10	9	8	5	12	13	2	15	6	4	3		
		51.488224	-3.186893
		50.152266	-5.065556
		51.460852	-2.588139
		52.486125	-1.890507
		54.980766	-1.615849
		55.862982	-4.263554
		55.958426	-3.186893
		54.892406	-2.923222
		53.409532	-3.000126
		51.624837	-3.94495
		50.726024	-3.543949
		51.512161	-0.116215
		51.289406	1.075802
		53.751959	-0.335941
		53.478239	-2.258549
		53.803895	-1.549931
		
c	13 11 12 14 1 2 15 0 6 4 3 7 5 10 9 8	2216.27670038467	0.778372329961533	13	11	12	14	1	2	15	0	6	4	3	7	5	10	9	8		
		50.726024	-3.543949
		51.488224	-3.186893
		51.624837	-3.94495
		50.152266	-5.065556
		51.460852	-2.588139
		51.512161	-0.116215
		51.289406	1.075802
		52.486125	-1.890507
		53.751959	-0.335941
		53.478239	-2.258549
		53.803895	-1.549931
		54.980766	-1.615849
		53.409532	-3.000126
		55.862982	-4.263554
		55.958426	-3.186893
		54.892406	-2.923222
		
c	14 13 2 15 10 9 3 6 7 8 5 12 11 1 0 4	2444.13217928183	0.755586782071817	14	13	2	15	10	9	3	6	7	8	5	12	11	1	0	4		
		50.152266	-5.065556
		50.726024	-3.543949
		51.512161	-0.116215
		51.289406	1.075802
		55.862982	-4.263554
		55.958426	-3.186893
		53.803895	-1.549931
		53.751959	-0.335941
		54.980766	-1.615849
		54.892406	-2.923222
		53.409532	-3.000126
		51.624837	-3.94495
		51.488224	-3.186893
		51.460852	-2.588139
		52.486125	-1.890507
		53.478239	-2.258549
		
c	2 13 1 6 3 4 7 10 9 8 5 12 11 14 0 15	2559.98159685436	0.744001840314564	2	13	1	6	3	4	7	10	9	8	5	12	11	14	0	15		
		51.512161	-0.116215
		50.726024	-3.543949
		51.460852	-2.588139
		53.751959	-0.335941
		53.803895	-1.549931
		53.478239	-2.258549
		54.980766	-1.615849
		55.862982	-4.263554
		55.958426	-3.186893
		54.892406	-2.923222
		53.409532	-3.000126
		51.624837	-3.94495
		51.488224	-3.186893
		50.152266	-5.065556
		52.486125	-1.890507
		51.289406	1.075802
		
c	4 7 10 9 8 5 12 11 14 3 6 1 2 15 0 13	2756.19241189678	0.724380758810322	4	7	10	9	8	5	12	11	14	3	6	1	2	15	0	13		
		53.478239	-2.258549
		54.980766	-1.615849
		55.862982	-4.263554
		55.958426	-3.186893
		54.892406	-2.923222
		53.409532	-3.000126
		51.624837	-3.94495
		51.488224	-3.186893
		50.152266	-5.065556
		53.803895	-1.549931
		53.751959	-0.335941
		51.460852	-2.588139
		51.512161	-0.116215
		51.289406	1.075802
		52.486125	-1.890507
		50.726024	-3.543949
		
c	8 12 11 14 13 7 5 4 6 3 10 9 1 0 2 15	2924.84993997371	0.707515006002629	8	12	11	14	13	7	5	4	6	3	10	9	1	0	2	15		
		54.892406	-2.923222
		51.624837	-3.94495
		51.488224	-3.186893
		50.152266	-5.065556
		50.726024	-3.543949
		54.980766	-1.615849
		53.409532	-3.000126
		53.478239	-2.258549
		53.751959	-0.335941
		53.803895	-1.549931
		55.862982	-4.263554
		55.958426	-3.186893
		51.460852	-2.588139
		52.486125	-1.890507
		51.512161	-0.116215
		51.289406	1.075802
		
c	8 5 11 12 1 2 15 0 4 13 6 3 7 10 9 14	2992.56039634063	0.700743960365937	8	5	11	12	1	2	15	0	4	13	6	3	7	10	9	14		
		54.892406	-2.923222
		53.409532	-3.000126
		51.488224	-3.186893
		51.624837	-3.94495
		51.460852	-2.588139
		51.512161	-0.116215
		51.289406	1.075802
		52.486125	-1.890507
		53.478239	-2.258549
		50.726024	-3.543949
		53.751959	-0.335941
		53.803895	-1.549931
		54.980766	-1.615849
		55.862982	-4.263554
		55.958426	-3.186893
		50.152266	-5.065556
		
c	10 8 5 4 3 6 7 9 0 11 14 12 13 1 2 15	2182.22657075304	0.781777342924696	10	8	5	4	3	6	7	9	0	11	14	12	13	1	2	15		
		55.862982	-4.263554
		54.892406	-2.923222
		53.409532	-3.000126
		53.478239	-2.258549
		53.803895	-1.549931
		53.751959	-0.335941
		54.980766	-1.615849
		55.958426	-3.186893
		52.486125	-1.890507
		51.488224	-3.186893
		50.152266	-5.065556
		51.624837	-3.94495
		50.726024	-3.543949
		51.460852	-2.588139
		51.512161	-0.116215
		51.289406	1.075802
		
c	12 14 13 0 5 11 1 2 15 10 9 8 4 6 3 7	2483.78475472664	0.751621524527336	12	14	13	0	5	11	1	2	15	10	9	8	4	6	3	7		
		51.624837	-3.94495
		50.152266	-5.065556
		50.726024	-3.543949
		52.486125	-1.890507
		53.409532	-3.000126
		51.488224	-3.186893
		51.460852	-2.588139
		51.512161	-0.116215
		51.289406	1.075802
		55.862982	-4.263554
		55.958426	-3.186893
		54.892406	-2.923222
		53.478239	-2.258549
		53.751959	-0.335941
		53.803895	-1.549931
		54.980766	-1.615849
		
c	9 8 5 12 11 14 13 1 3 6 7 10 4 0 2 15	2337.36125465157	0.766263874534843	9	8	5	12	11	14	13	1	3	6	7	10	4	0	2	15		
		55.958426	-3.186893
		54.892406	-2.923222
		53.409532	-3.000126
		51.624837	-3.94495
		51.488224	-3.186893
		50.152266	-5.065556
		50.726024	-3.543949
		51.460852	-2.588139
		53.803895	-1.549931
		53.751959	-0.335941
		54.980766	-1.615849
		55.862982	-4.263554
		53.478239	-2.258549
		52.486125	-1.890507
		51.512161	-0.116215
		51.289406	1.075802
		
c	12 14 13 1 11 0 6 3 7 10 9 8 4 5 2 15	1949.77979485712	0.805022020514288	12	14	13	1	11	0	6	3	7	10	9	8	4	5	2	15		
		51.624837	-3.94495
		50.152266	-5.065556
		50.726024	-3.543949
		51.460852	-2.588139
		51.488224	-3.186893
		52.486125	-1.890507
		53.751959	-0.335941
		53.803895	-1.549931
		54.980766	-1.615849
		55.862982	-4.263554
		55.958426	-3.186893
		54.892406	-2.923222
		53.478239	-2.258549
		53.409532	-3.000126
		51.512161	-0.116215
		51.289406	1.075802
		
c	8 4 5 0 1 12 14 13 3 6 7 10 9 11 2 15	2531.13537748884	0.746886462251116	8	4	5	0	1	12	14	13	3	6	7	10	9	11	2	15		
		54.892406	-2.923222
		53.478239	-2.258549
		53.409532	-3.000126
		52.486125	-1.890507
		51.460852	-2.588139
		51.624837	-3.94495
		50.152266	-5.065556
		50.726024	-3.543949
		53.803895	-1.549931
		53.751959	-0.335941
		54.980766	-1.615849
		55.862982	-4.263554
		55.958426	-3.186893
		51.488224	-3.186893
		51.512161	-0.116215
		51.289406	1.075802
		
c	4 3 6 7 10 9 8 11 5 12 14 13 0 1 2 15	2396.31171521467	0.760368828478533	4	3	6	7	10	9	8	11	5	12	14	13	0	1	2	15		
		53.478239	-2.258549
		53.803895	-1.549931
		53.751959	-0.335941
		54.980766	-1.615849
		55.862982	-4.263554
		55.958426	-3.186893
		54.892406	-2.923222
		51.488224	-3.186893
		53.409532	-3.000126
		51.624837	-3.94495
		50.152266	-5.065556
		50.726024	-3.543949
		52.486125	-1.890507
		51.460852	-2.588139
		51.512161	-0.116215
		51.289406	1.075802
		
c	11 12 14 13 6 3 7 10 9 8 5 1 2 15 0 4	2351.97875555218	0.764802124444782	11	12	14	13	6	3	7	10	9	8	5	1	2	15	0	4		
		51.488224	-3.186893
		51.624837	-3.94495
		50.152266	-5.065556
		50.726024	-3.543949
		53.751959	-0.335941
		53.803895	-1.549931
		54.980766	-1.615849
		55.862982	-4.263554
		55.958426	-3.186893
		54.892406	-2.923222
		53.409532	-3.000126
		51.460852	-2.588139
		51.512161	-0.116215
		51.289406	1.075802
		52.486125	-1.890507
		53.478239	-2.258549
		
c	9 8 5 12 14 13 3 0 4 6 7 10 15 1 11 2	3040.94544060768	0.695905455939232	9	8	5	12	14	13	3	0	4	6	7	10	15	1	11	2		
		55.958426	-3.186893
		54.892406	-2.923222
		53.409532	-3.000126
		51.624837	-3.94495
		50.152266	-5.065556
		50.726024	-3.543949
		53.803895	-1.549931
		52.486125	-1.890507
		53.478239	-2.258549
		53.751959	-0.335941
		54.980766	-1.615849
		55.862982	-4.263554
		51.289406	1.075802
		51.460852	-2.588139
		51.488224	-3.186893
		51.512161	-0.116215
		
c	9 8 5 4 3 2 15 12 14 13 11 1 10 0 6 7	2781.26815220925	0.721873184779075	9	8	5	4	3	2	15	12	14	13	11	1	10	0	6	7		
		55.958426	-3.186893
		54.892406	-2.923222
		53.409532	-3.000126
		53.478239	-2.258549
		53.803895	-1.549931
		51.512161	-0.116215
		51.289406	1.075802
		51.624837	-3.94495
		50.152266	-5.065556
		50.726024	-3.543949
		51.488224	-3.186893
		51.460852	-2.588139
		55.862982	-4.263554
		52.486125	-1.890507
		53.751959	-0.335941
		54.980766	-1.615849
		
c	9 6 7 10 8 3 4 5 0 1 11 12 14 13 2 15	2049.87045498717	0.795012954501283	9	6	7	10	8	3	4	5	0	1	11	12	14	13	2	15		
		55.958426	-3.186893
		53.751959	-0.335941
		54.980766	-1.615849
		55.862982	-4.263554
		54.892406	-2.923222
		53.803895	-1.549931
		53.478239	-2.258549
		53.409532	-3.000126
		52.486125	-1.890507
		51.460852	-2.588139
		51.488224	-3.186893
		51.624837	-3.94495
		50.152266	-5.065556
		50.726024	-3.543949
		51.512161	-0.116215
		51.289406	1.075802
		
c	0 1 11 12 14 13 3 7 6 10 9 8 5 4 2 15	2280.50852715973	0.771949147284027	0	1	11	12	14	13	3	7	6	10	9	8	5	4	2	15		
		52.486125	-1.890507
		51.460852	-2.588139
		51.488224	-3.186893
		51.624837	-3.94495
		50.152266	-5.065556
		50.726024	-3.543949
		53.803895	-1.549931
		54.980766	-1.615849
		53.751959	-0.335941
		55.862982	-4.263554
		55.958426	-3.186893
		54.892406	-2.923222
		53.409532	-3.000126
		53.478239	-2.258549
		51.512161	-0.116215
		51.289406	1.075802
		
c	14 13 2 1 6 3 4 7 10 9 8 5 12 11 0 15	2353.78243446688	0.764621756553312	14	13	2	1	6	3	4	7	10	9	8	5	12	11	0	15		
		50.152266	-5.065556
		50.726024	-3.543949
		51.512161	-0.116215
		51.460852	-2.588139
		53.751959	-0.335941
		53.803895	-1.549931
		53.478239	-2.258549
		54.980766	-1.615849
		55.862982	-4.263554
		55.958426	-3.186893
		54.892406	-2.923222
		53.409532	-3.000126
		51.624837	-3.94495
		51.488224	-3.186893
		52.486125	-1.890507
		51.289406	1.075802
		
c	3 4 7 10 9 8 5 12 11 6 0 14 13 1 2 15	2361.22300460374	0.763877699539626	3	4	7	10	9	8	5	12	11	6	0	14	13	1	2	15		
		53.803895	-1.549931
		53.478239	-2.258549
		54.980766	-1.615849
		55.862982	-4.263554
		55.958426	-3.186893
		54.892406	-2.923222
		53.409532	-3.000126
		51.624837	-3.94495
		51.488224	-3.186893
		53.751959	-0.335941
		52.486125	-1.890507
		50.152266	-5.065556
		50.726024	-3.543949
		51.460852	-2.588139
		51.512161	-0.116215
		51.289406	1.075802
		
g45		1794.61235065558	0.820538764934442	0	6	7	10	9	8	3	4	5	0	1	11	12	14	13	2	15		
		53.751959	-0.335941
		54.980766	-1.615849
		55.862982	-4.263554
		55.958426	-3.186893
		54.892406	-2.923222
		53.803895	-1.549931
		53.478239	-2.258549
		53.409532	-3.000126
		52.486125	-1.890507
		51.460852	-2.588139
		51.488224	-3.186893
		51.624837	-3.94495
		50.152266	-5.065556
		50.726024	-3.543949
		51.512161	-0.116215
		51.289406	1.075802
		
g45		1828.33630628242	0.817166369371758	1	3	6	7	10	9	8	4	5	0	1	11	12	14	13	2	15		
		53.803895	-1.549931
		53.751959	-0.335941
		54.980766	-1.615849
		55.862982	-4.263554
		55.958426	-3.186893
		54.892406	-2.923222
		53.478239	-2.258549
		53.409532	-3.000126
		52.486125	-1.890507
		51.460852	-2.588139
		51.488224	-3.186893
		51.624837	-3.94495
		50.152266	-5.065556
		50.726024	-3.543949
		51.512161	-0.116215
		51.289406	1.075802
		
g45		1896.77204691273	0.810322795308727	2	0	4	3	6	7	10	9	8	5	11	12	14	13	1	2	15		
		52.486125	-1.890507
		53.478239	-2.258549
		53.803895	-1.549931
		53.751959	-0.335941
		54.980766	-1.615849
		55.862982	-4.263554
		55.958426	-3.186893
		54.892406	-2.923222
		53.409532	-3.000126
		51.488224	-3.186893
		51.624837	-3.94495
		50.152266	-5.065556
		50.726024	-3.543949
		51.460852	-2.588139
		51.512161	-0.116215
		51.289406	1.075802
		
g45		1908.31206708371	0.80916879329163	3	0	4	3	6	7	10	9	8	5	12	11	14	13	1	2	15		
		52.486125	-1.890507
		53.478239	-2.258549
		53.803895	-1.549931
		53.751959	-0.335941
		54.980766	-1.615849
		55.862982	-4.263554
		55.958426	-3.186893
		54.892406	-2.923222
		53.409532	-3.000126
		51.624837	-3.94495
		51.488224	-3.186893
		50.152266	-5.065556
		50.726024	-3.543949
		51.460852	-2.588139
		51.512161	-0.116215
		51.289406	1.075802
		
g45		1910.37302383395	0.808962697616605	4	4	3	6	7	10	9	8	5	12	11	14	13	1	0	2	15		
		53.478239	-2.258549
		53.803895	-1.549931
		53.751959	-0.335941
		54.980766	-1.615849
		55.862982	-4.263554
		55.958426	-3.186893
		54.892406	-2.923222
		53.409532	-3.000126
		51.624837	-3.94495
		51.488224	-3.186893
		50.152266	-5.065556
		50.726024	-3.543949
		51.460852	-2.588139
		52.486125	-1.890507
		51.512161	-0.116215
		51.289406	1.075802
		
g45		1916.07411825066	0.808392588174934	5	10	9	8	3	6	7	5	4	12	11	14	13	1	0	2	15		
		55.862982	-4.263554
		55.958426	-3.186893
		54.892406	-2.923222
		53.803895	-1.549931
		53.751959	-0.335941
		54.980766	-1.615849
		53.409532	-3.000126
		53.478239	-2.258549
		51.624837	-3.94495
		51.488224	-3.186893
		50.152266	-5.065556
		50.726024	-3.543949
		51.460852	-2.588139
		52.486125	-1.890507
		51.512161	-0.116215
		51.289406	1.075802
		
