c	13 1 2 15 6 7 0 11 12 14 9 10 8 3 4 5	2590.94369290026	0.740905630709974	13	1	2	15	6	7	0	11	12	14	9	10	8	3	4	5		
		50.726024	-3.543949
		51.460852	-2.588139
		51.512161	-0.116215
		51.289406	1.075802
		53.751959	-0.335941
		54.980766	-1.615849
		52.486125	-1.890507
		51.488224	-3.186893
		51.624837	-3.94495
		50.152266	-5.065556
		55.958426	-3.186893
		55.862982	-4.263554
		54.892406	-2.923222
		53.803895	-1.549931
		53.478239	-2.258549
		53.409532	-3.000126
		
c	1 11 12 14 13 2 5 4 3 6 15 7 9 10 8 0	2500.11467969662	0.749988532030338	1	11	12	14	13	2	5	4	3	6	15	7	9	10	8	0		
		51.460852	-2.588139
		51.488224	-3.186893
		51.624837	-3.94495
		50.152266	-5.065556
		50.726024	-3.543949
		51.512161	-0.116215
		53.409532	-3.000126
		53.478239	-2.258549
		53.803895	-1.549931
		53.751959	-0.335941
		51.289406	1.075802
		54.980766	-1.615849
		55.958426	-3.186893
		55.862982	-4.263554
		54.892406	-2.923222
		52.486125	-1.890507
		
c	14 15 6 7 9 10 8 3 4 5 0 1 11 13 12 2	2260.26436225471	0.773973563774529	14	15	6	7	9	10	8	3	4	5	0	1	11	13	12	2		
		50.152266	-5.065556
		51.289406	1.075802
		53.751959	-0.335941
		54.980766	-1.615849
		55.958426	-3.186893
		55.862982	-4.263554
		54.892406	-2.923222
		53.803895	-1.549931
		53.478239	-2.258549
		53.409532	-3.000126
		52.486125	-1.890507
		51.460852	-2.588139
		51.488224	-3.186893
		50.726024	-3.543949
		51.624837	-3.94495
		51.512161	-0.116215
		
c	12 14 13 5 4 9 10 8 7 6 3 0 1 11 2 15	2080.74203931107	0.791925796068893	12	14	13	5	4	9	10	8	7	6	3	0	1	11	2	15		
		51.624837	-3.94495
		50.152266	-5.065556
		50.726024	-3.543949
		53.409532	-3.000126
		53.478239	-2.258549
		55.958426	-3.186893
		55.862982	-4.263554
		54.892406	-2.923222
		54.980766	-1.615849
		53.751959	-0.335941
		53.803895	-1.549931
		52.486125	-1.890507
		51.460852	-2.588139
		51.488224	-3.186893
		51.512161	-0.116215
		51.289406	1.075802
		
c	11 12 13 9 10 8 15 3 6 7 5 4 0 14 1 2	3095.97128024927	0.690402871975073	11	12	13	9	10	8	15	3	6	7	5	4	0	14	1	2		
		51.488224	-3.186893
		51.624837	-3.94495
		50.726024	-3.543949
		55.958426	-3.186893
		55.862982	-4.263554
		54.892406	-2.923222
		51.289406	1.075802
		53.803895	-1.549931
		53.751959	-0.335941
		54.980766	-1.615849
		53.409532	-3.000126
		53.478239	-2.258549
		52.486125	-1.890507
		50.152266	-5.065556
		51.460852	-2.588139
		51.512161	-0.116215
		
c	0 1 11 12 14 13 10 9 8 7 3 6 4 5 2 15	2136.38412996968	0.786361587003032	0	1	11	12	14	13	10	9	8	7	3	6	4	5	2	15		
		52.486125	-1.890507
		51.460852	-2.588139
		51.488224	-3.186893
		51.624837	-3.94495
		50.152266	-5.065556
		50.726024	-3.543949
		55.862982	-4.263554
		55.958426	-3.186893
		54.892406	-2.923222
		54.980766	-1.615849
		53.803895	-1.549931
		53.751959	-0.335941
		53.478239	-2.258549
		53.409532	-3.000126
		51.512161	-0.116215
		51.289406	1.075802
		
c	8 15 3 6 7 5 4 0 11 12 14 13 1 9 10 2	3145.46934580909	0.685453065419091	8	15	3	6	7	5	4	0	11	12	14	13	1	9	10	2		
		54.892406	-2.923222
		51.289406	1.075802
		53.803895	-1.549931
		53.751959	-0.335941
		54.980766	-1.615849
		53.409532	-3.000126
		53.478239	-2.258549
		52.486125	-1.890507
		51.488224	-3.186893
		51.624837	-3.94495
		50.152266	-5.065556
		50.726024	-3.543949
		51.460852	-2.588139
		55.958426	-3.186893
		55.862982	-4.263554
		51.512161	-0.116215
		
c	5 0 11 10 9 8 7 3 6 4 12 14 13 1 2 15	2278.91776257154	0.772108223742846	5	0	11	10	9	8	7	3	6	4	12	14	13	1	2	15		
		53.409532	-3.000126
		52.486125	-1.890507
		51.488224	-3.186893
		55.862982	-4.263554
		55.958426	-3.186893
		54.892406	-2.923222
		54.980766	-1.615849
		53.803895	-1.549931
		53.751959	-0.335941
		53.478239	-2.258549
		51.624837	-3.94495
		50.152266	-5.065556
		50.726024	-3.543949
		51.460852	-2.588139
		51.512161	-0.116215
		51.289406	1.075802
		
c	1 6 7 9 10 8 3 4 5 0 11 12 14 13 2 15	2038.9635798171	0.79610364201829	1	6	7	9	10	8	3	4	5	0	11	12	14	13	2	15		
		51.460852	-2.588139
		53.751959	-0.335941
		54.980766	-1.615849
		55.958426	-3.186893
		55.862982	-4.263554
		54.892406	-2.923222
		53.803895	-1.549931
		53.478239	-2.258549
		53.409532	-3.000126
		52.486125	-1.890507
		51.488224	-3.186893
		51.624837	-3.94495
		50.152266	-5.065556
		50.726024	-3.543949
		51.512161	-0.116215
		51.289406	1.075802
		
c	15 6 7 9 10 4 5 0 1 11 13 12 14 8 3 2	2644.37361775108	0.735562638224892	15	6	7	9	10	4	5	0	1	11	13	12	14	8	3	2		
		51.289406	1.075802
		53.751959	-0.335941
		54.980766	-1.615849
		55.958426	-3.186893
		55.862982	-4.263554
		53.478239	-2.258549
		53.409532	-3.000126
		52.486125	-1.890507
		51.460852	-2.588139
		51.488224	-3.186893
		50.726024	-3.543949
		51.624837	-3.94495
		50.152266	-5.065556
		54.892406	-2.923222
		53.803895	-1.549931
		51.512161	-0.116215
		
c	0 1 11 12 14 4 13 2 15 6 7 9 10 5 8 3	2742.45905673907	0.725754094326093	0	1	11	12	14	4	13	2	15	6	7	9	10	5	8	3		
		52.486125	-1.890507
		51.460852	-2.588139
		51.488224	-3.186893
		51.624837	-3.94495
		50.152266	-5.065556
		53.478239	-2.258549
		50.726024	-3.543949
		51.512161	-0.116215
		51.289406	1.075802
		53.751959	-0.335941
		54.980766	-1.615849
		55.958426	-3.186893
		55.862982	-4.263554
		53.409532	-3.000126
		54.892406	-2.923222
		53.803895	-1.549931
		
c	11 2 15 7 9 10 8 5 3 4 0 6 1 12 14 13	2415.25522431516	0.758474477568484	11	2	15	7	9	10	8	5	3	4	0	6	1	12	14	13		
		51.488224	-3.186893
		51.512161	-0.116215
		51.289406	1.075802
		54.980766	-1.615849
		55.958426	-3.186893
		55.862982	-4.263554
		54.892406	-2.923222
		53.409532	-3.000126
		53.803895	-1.549931
		53.478239	-2.258549
		52.486125	-1.890507
		53.751959	-0.335941
		51.460852	-2.588139
		51.624837	-3.94495
		50.152266	-5.065556
		50.726024	-3.543949
		
c	10 5 8 3 4 0 9 7 6 1 11 12 14 13 2 15	2514.70303540449	0.748529696459551	10	5	8	3	4	0	9	7	6	1	11	12	14	13	2	15		
		55.862982	-4.263554
		53.409532	-3.000126
		54.892406	-2.923222
		53.803895	-1.549931
		53.478239	-2.258549
		52.486125	-1.890507
		55.958426	-3.186893
		54.980766	-1.615849
		53.751959	-0.335941
		51.460852	-2.588139
		51.488224	-3.186893
		51.624837	-3.94495
		50.152266	-5.065556
		50.726024	-3.543949
		51.512161	-0.116215
		51.289406	1.075802
		
c	0 11 4 3 6 1 12 14 13 9 10 7 8 5 2 15	2677.16501805678	0.732283498194322	0	11	4	3	6	1	12	14	13	9	10	7	8	5	2	15		
		52.486125	-1.890507
		51.488224	-3.186893
		53.478239	-2.258549
		53.803895	-1.549931
		53.751959	-0.335941
		51.460852	-2.588139
		51.624837	-3.94495
		50.152266	-5.065556
		50.726024	-3.543949
		55.958426	-3.186893
		55.862982	-4.263554
		54.980766	-1.615849
		54.892406	-2.923222
		53.409532	-3.000126
		51.512161	-0.116215
		51.289406	1.075802
		
c	12 14 13 6 7 9 10 8 3 4 5 0 11 1 2 15	2046.93637631712	0.795306362368288	12	14	13	6	7	9	10	8	3	4	5	0	11	1	2	15		
		51.624837	-3.94495
		50.152266	-5.065556
		50.726024	-3.543949
		53.751959	-0.335941
		54.980766	-1.615849
		55.958426	-3.186893
		55.862982	-4.263554
		54.892406	-2.923222
		53.803895	-1.549931
		53.478239	-2.258549
		53.409532	-3.000126
		52.486125	-1.890507
		51.488224	-3.186893
		51.460852	-2.588139
		51.512161	-0.116215
		51.289406	1.075802
		
c	1 11 12 14 13 2 0 4 3 6 7 9 10 8 5 15	2112.98390373324	0.788701609626676	1	11	12	14	13	2	0	4	3	6	7	9	10	8	5	15		
		51.460852	-2.588139
		51.488224	-3.186893
		51.624837	-3.94495
		50.152266	-5.065556
		50.726024	-3.543949
		51.512161	-0.116215
		52.486125	-1.890507
		53.478239	-2.258549
		53.803895	-1.549931
		53.751959	-0.335941
		54.980766	-1.615849
		55.958426	-3.186893
		55.862982	-4.263554
		54.892406	-2.923222
		53.409532	-3.000126
		51.289406	1.075802
		
c	2 15 6 14 13 1 7 9 10 8 3 4 5 0 11 12	2453.17413751431	0.754682586248569	2	15	6	14	13	1	7	9	10	8	3	4	5	0	11	12		
		51.512161	-0.116215
		51.289406	1.075802
		53.751959	-0.335941
		50.152266	-5.065556
		50.726024	-3.543949
		51.460852	-2.588139
		54.980766	-1.615849
		55.958426	-3.186893
		55.862982	-4.263554
		54.892406	-2.923222
		53.803895	-1.549931
		53.478239	-2.258549
		53.409532	-3.000126
		52.486125	-1.890507
		51.488224	-3.186893
		51.624837	-3.94495
		
c	0 1 11 12 6 7 9 10 8 15 3 4 5 13 14 2	2797.08638186067	0.720291361813933	0	1	11	12	6	7	9	10	8	15	3	4	5	13	14	2		
		52.486125	-1.890507
		51.460852	-2.588139
		51.488224	-3.186893
		51.624837	-3.94495
		53.751959	-0.335941
		54.980766	-1.615849
		55.958426	-3.186893
		55.862982	-4.263554
		54.892406	-2.923222
		51.289406	1.075802
		53.803895	-1.549931
		53.478239	-2.258549
		53.409532	-3.000126
		50.726024	-3.543949
		50.152266	-5.065556
		51.512161	-0.116215
		
c	10 13 1 11 12 14 5 4 0 2 15 6 7 9 8 3	2624.06563780819	0.737593436219181	10	13	1	11	12	14	5	4	0	2	15	6	7	9	8	3		
		55.862982	-4.263554
		50.726024	-3.543949
		51.460852	-2.588139
		51.488224	-3.186893
		51.624837	-3.94495
		50.152266	-5.065556
		53.409532	-3.000126
		53.478239	-2.258549
		52.486125	-1.890507
		51.512161	-0.116215
		51.289406	1.075802
		53.751959	-0.335941
		54.980766	-1.615849
		55.958426	-3.186893
		54.892406	-2.923222
		53.803895	-1.549931
		
c	7 9 10 8 5 4 0 1 11 3 13 14 12 6 2 15	2475.20386328978	0.752479613671022	7	9	10	8	5	4	0	1	11	3	13	14	12	6	2	15		
		54.980766	-1.615849
		55.958426	-3.186893
		55.862982	-4.263554
		54.892406	-2.923222
		53.409532	-3.000126
		53.478239	-2.258549
		52.486125	-1.890507
		51.460852	-2.588139
		51.488224	-3.186893
		53.803895	-1.549931
		50.726024	-3.543949
		50.152266	-5.065556
		51.624837	-3.94495
		53.751959	-0.335941
		51.512161	-0.116215
		51.289406	1.075802
		
c	11 6 9 10 8 7 5 3 4 0 1 12 14 13 2 15	2252.70621193631	0.77472937880637	11	6	9	10	8	7	5	3	4	0	1	12	14	13	2	15		
		51.488224	-3.186893
		53.751959	-0.335941
		55.958426	-3.186893
		55.862982	-4.263554
		54.892406	-2.923222
		54.980766	-1.615849
		53.409532	-3.000126
		53.803895	-1.549931
		53.478239	-2.258549
		52.486125	-1.890507
		51.460852	-2.588139
		51.624837	-3.94495
		50.152266	-5.065556
		50.726024	-3.543949
		51.512161	-0.116215
		51.289406	1.075802
		
c	3 0 1 13 14 11 12 10 9 6 7 8 5 4 2 15	2408.48205907309	0.759151794092691	3	0	1	13	14	11	12	10	9	6	7	8	5	4	2	15		
		53.803895	-1.549931
		52.486125	-1.890507
		51.460852	-2.588139
		50.726024	-3.543949
		50.152266	-5.065556
		51.488224	-3.186893
		51.624837	-3.94495
		55.862982	-4.263554
		55.958426	-3.186893
		53.751959	-0.335941
		54.980766	-1.615849
		54.892406	-2.923222
		53.409532	-3.000126
		53.478239	-2.258549
		51.512161	-0.116215
		51.289406	1.075802
		
c	2 15 0 1 11 12 14 5 4 9 10 8 7 6 3 13	2348.88005097584	0.765111994902416	2	15	0	1	11	12	14	5	4	9	10	8	7	6	3	13		
		51.512161	-0.116215
		51.289406	1.075802
		52.486125	-1.890507
		51.460852	-2.588139
		51.488224	-3.186893
		51.624837	-3.94495
		50.152266	-5.065556
		53.409532	-3.000126
		53.478239	-2.258549
		55.958426	-3.186893
		55.862982	-4.263554
		54.892406	-2.923222
		54.980766	-1.615849
		53.751959	-0.335941
		53.803895	-1.549931
		50.726024	-3.543949
		
c	3 2 15 7 9 10 8 5 4 0 6 1 11 12 14 13	2361.16354969091	0.763883645030909	3	2	15	7	9	10	8	5	4	0	6	1	11	12	14	13		
		53.803895	-1.549931
		51.512161	-0.116215
		51.289406	1.075802
		54.980766	-1.615849
		55.958426	-3.186893
		55.862982	-4.263554
		54.892406	-2.923222
		53.409532	-3.000126
		53.478239	-2.258549
		52.486125	-1.890507
		53.751959	-0.335941
		51.460852	-2.588139
		51.488224	-3.186893
		51.624837	-3.94495
		50.152266	-5.065556
		50.726024	-3.543949
		
c	6 3 0 1 11 12 13 7 9 10 8 4 2 15 14 5	2745.43421345168	0.725456578654832	6	3	0	1	11	12	13	7	9	10	8	4	2	15	14	5		
		53.751959	-0.335941
		53.803895	-1.549931
		52.486125	-1.890507
		51.460852	-2.588139
		51.488224	-3.186893
		51.624837	-3.94495
		50.726024	-3.543949
		54.980766	-1.615849
		55.958426	-3.186893
		55.862982	-4.263554
		54.892406	-2.923222
		53.478239	-2.258549
		51.512161	-0.116215
		51.289406	1.075802
		50.152266	-5.065556
		53.409532	-3.000126
		
c	3 4 6 8 9 10 7 5 0 1 11 12 14 13 2 15	1972.11314611987	0.802788685388013	3	4	6	8	9	10	7	5	0	1	11	12	14	13	2	15		
		53.803895	-1.549931
		53.478239	-2.258549
		53.751959	-0.335941
		54.892406	-2.923222
		55.958426	-3.186893
		55.862982	-4.263554
		54.980766	-1.615849
		53.409532	-3.000126
		52.486125	-1.890507
		51.460852	-2.588139
		51.488224	-3.186893
		51.624837	-3.94495
		50.152266	-5.065556
		50.726024	-3.543949
		51.512161	-0.116215
		51.289406	1.075802
		
c	7 9 12 14 13 2 6 10 8 3 4 5 0 11 1 15	2748.23627227132	0.725176372772868	7	9	12	14	13	2	6	10	8	3	4	5	0	11	1	15		
		54.980766	-1.615849
		55.958426	-3.186893
		51.624837	-3.94495
		50.152266	-5.065556
		50.726024	-3.543949
		51.512161	-0.116215
		53.751959	-0.335941
		55.862982	-4.263554
		54.892406	-2.923222
		53.803895	-1.549931
		53.478239	-2.258549
		53.409532	-3.000126
		52.486125	-1.890507
		51.488224	-3.186893
		51.460852	-2.588139
		51.289406	1.075802
		
c	14 13 2 6 3 4 5 0 11 12 1 15 7 9 10 8	2292.28501830274	0.770771498169726	14	13	2	6	3	4	5	0	11	12	1	15	7	9	10	8		
		50.152266	-5.065556
		50.726024	-3.543949
		51.512161	-0.116215
		53.751959	-0.335941
		53.803895	-1.549931
		53.478239	-2.258549
		53.409532	-3.000126
		52.486125	-1.890507
		51.488224	-3.186893
		51.624837	-3.94495
		51.460852	-2.588139
		51.289406	1.075802
		54.980766	-1.615849
		55.958426	-3.186893
		55.862982	-4.263554
		54.892406	-2.923222
		
c	13 2 10 6 7 9 8 3 4 5 0 11 1 12 14 15	2877.62175987277	0.712237824012723	13	2	10	6	7	9	8	3	4	5	0	11	1	12	14	15		
		50.726024	-3.543949
		51.512161	-0.116215
		55.862982	-4.263554
		53.751959	-0.335941
		54.980766	-1.615849
		55.958426	-3.186893
		54.892406	-2.923222
		53.803895	-1.549931
		53.478239	-2.258549
		53.409532	-3.000126
		52.486125	-1.890507
		51.488224	-3.186893
		51.460852	-2.588139
		51.624837	-3.94495
		50.152266	-5.065556
		51.289406	1.075802
		
c	11 12 4 5 0 14 13 1 6 7 9 10 8 3 2 15	2355.58070895531	0.764441929104469	11	12	4	5	0	14	13	1	6	7	9	10	8	3	2	15		
		51.488224	-3.186893
		51.624837	-3.94495
		53.478239	-2.258549
		53.409532	-3.000126
		52.486125	-1.890507
		50.152266	-5.065556
		50.726024	-3.543949
		51.460852	-2.588139
		53.751959	-0.335941
		54.980766	-1.615849
		55.958426	-3.186893
		55.862982	-4.263554
		54.892406	-2.923222
		53.803895	-1.549931
		51.512161	-0.116215
		51.289406	1.075802
		
c	3 6 4 9 10 7 8 5 11 12 0 1 13 14 2 15	2261.46751669357	0.773853248330643	3	6	4	9	10	7	8	5	11	12	0	1	13	14	2	15		
		53.803895	-1.549931
		53.751959	-0.335941
		53.478239	-2.258549
		55.958426	-3.186893
		55.862982	-4.263554
		54.980766	-1.615849
		54.892406	-2.923222
		53.409532	-3.000126
		51.488224	-3.186893
		51.624837	-3.94495
		52.486125	-1.890507
		51.460852	-2.588139
		50.726024	-3.543949
		50.152266	-5.065556
		51.512161	-0.116215
		51.289406	1.075802
		
c	4 5 1 11 12 14 13 0 6 7 9 10 8 3 2 15	2093.66554332502	0.790633445667498	4	5	1	11	12	14	13	0	6	7	9	10	8	3	2	15		
		53.478239	-2.258549
		53.409532	-3.000126
		51.460852	-2.588139
		51.488224	-3.186893
		51.624837	-3.94495
		50.152266	-5.065556
		50.726024	-3.543949
		52.486125	-1.890507
		53.751959	-0.335941
		54.980766	-1.615849
		55.958426	-3.186893
		55.862982	-4.263554
		54.892406	-2.923222
		53.803895	-1.549931
		51.512161	-0.116215
		51.289406	1.075802
		
c	11 1 4 5 0 6 7 9 10 8 3 12 14 13 2 15	2219.44520568115	0.778055479431885	11	1	4	5	0	6	7	9	10	8	3	12	14	13	2	15		
		51.488224	-3.186893
		51.460852	-2.588139
		53.478239	-2.258549
		53.409532	-3.000126
		52.486125	-1.890507
		53.751959	-0.335941
		54.980766	-1.615849
		55.958426	-3.186893
		55.862982	-4.263554
		54.892406	-2.923222
		53.803895	-1.549931
		51.624837	-3.94495
		50.152266	-5.065556
		50.726024	-3.543949
		51.512161	-0.116215
		51.289406	1.075802
		
c	0 11 1 7 10 9 8 3 6 4 5 12 14 13 2 15	2228.42425418688	0.777157574581312	0	11	1	7	10	9	8	3	6	4	5	12	14	13	2	15		
		52.486125	-1.890507
		51.488224	-3.186893
		51.460852	-2.588139
		54.980766	-1.615849
		55.862982	-4.263554
		55.958426	-3.186893
		54.892406	-2.923222
		53.803895	-1.549931
		53.751959	-0.335941
		53.478239	-2.258549
		53.409532	-3.000126
		51.624837	-3.94495
		50.152266	-5.065556
		50.726024	-3.543949
		51.512161	-0.116215
		51.289406	1.075802
		
c	3 12 10 6 7 9 8 4 5 0 11 1 14 13 2 15	2749.7459808683	0.72502540191317	3	12	10	6	7	9	8	4	5	0	11	1	14	13	2	15		
		53.803895	-1.549931
		51.624837	-3.94495
		55.862982	-4.263554
		53.751959	-0.335941
		54.980766	-1.615849
		55.958426	-3.186893
		54.892406	-2.923222
		53.478239	-2.258549
		53.409532	-3.000126
		52.486125	-1.890507
		51.488224	-3.186893
		51.460852	-2.588139
		50.152266	-5.065556
		50.726024	-3.543949
		51.512161	-0.116215
		51.289406	1.075802
		
c	14 1 13 12 6 7 9 10 8 3 4 5 0 11 2 15	2114.10258068312	0.788589741931688	14	1	13	12	6	7	9	10	8	3	4	5	0	11	2	15		
		50.152266	-5.065556
		51.460852	-2.588139
		50.726024	-3.543949
		51.624837	-3.94495
		53.751959	-0.335941
		54.980766	-1.615849
		55.958426	-3.186893
		55.862982	-4.263554
		54.892406	-2.923222
		53.803895	-1.549931
		53.478239	-2.258549
		53.409532	-3.000126
		52.486125	-1.890507
		51.488224	-3.186893
		51.512161	-0.116215
		51.289406	1.075802
		
c	4 0 11 10 9 8 7 3 6 5 12 14 13 1 2 15	2287.69045910427	0.771230954089573	4	0	11	10	9	8	7	3	6	5	12	14	13	1	2	15		
		53.478239	-2.258549
		52.486125	-1.890507
		51.488224	-3.186893
		55.862982	-4.263554
		55.958426	-3.186893
		54.892406	-2.923222
		54.980766	-1.615849
		53.803895	-1.549931
		53.751959	-0.335941
		53.409532	-3.000126
		51.624837	-3.94495
		50.152266	-5.065556
		50.726024	-3.543949
		51.460852	-2.588139
		51.512161	-0.116215
		51.289406	1.075802
		
c	12 14 9 10 8 3 4 5 2 15 7 0 6 1 11 13	3004.59910459335	0.699540089540665	12	14	9	10	8	3	4	5	2	15	7	0	6	1	11	13		
		51.624837	-3.94495
		50.152266	-5.065556
		55.958426	-3.186893
		55.862982	-4.263554
		54.892406	-2.923222
		53.803895	-1.549931
		53.478239	-2.258549
		53.409532	-3.000126
		51.512161	-0.116215
		51.289406	1.075802
		54.980766	-1.615849
		52.486125	-1.890507
		53.751959	-0.335941
		51.460852	-2.588139
		51.488224	-3.186893
		50.726024	-3.543949
		
c	1 5 3 4 0 11 13 6 7 9 10 8 12 14 2 15	2655.86712660796	0.734413287339205	1	5	3	4	0	11	13	6	7	9	10	8	12	14	2	15		
		51.460852	-2.588139
		53.409532	-3.000126
		53.803895	-1.549931
		53.478239	-2.258549
		52.486125	-1.890507
		51.488224	-3.186893
		50.726024	-3.543949
		53.751959	-0.335941
		54.980766	-1.615849
		55.958426	-3.186893
		55.862982	-4.263554
		54.892406	-2.923222
		51.624837	-3.94495
		50.152266	-5.065556
		51.512161	-0.116215
		51.289406	1.075802
		
c	3 4 13 1 11 12 14 5 0 2 15 6 7 9 10 8	2327.53876038318	0.767246123961682	3	4	13	1	11	12	14	5	0	2	15	6	7	9	10	8		
		53.803895	-1.549931
		53.478239	-2.258549
		50.726024	-3.543949
		51.460852	-2.588139
		51.488224	-3.186893
		51.624837	-3.94495
		50.152266	-5.065556
		53.409532	-3.000126
		52.486125	-1.890507
		51.512161	-0.116215
		51.289406	1.075802
		53.751959	-0.335941
		54.980766	-1.615849
		55.958426	-3.186893
		55.862982	-4.263554
		54.892406	-2.923222
		
c	5 0 1 11 12 3 4 6 7 9 10 8 14 13 2 15	2351.87986293774	0.764812013706226	5	0	1	11	12	3	4	6	7	9	10	8	14	13	2	15		
		53.409532	-3.000126
		52.486125	-1.890507
		51.460852	-2.588139
		51.488224	-3.186893
		51.624837	-3.94495
		53.803895	-1.549931
		53.478239	-2.258549
		53.751959	-0.335941
		54.980766	-1.615849
		55.958426	-3.186893
		55.862982	-4.263554
		54.892406	-2.923222
		50.152266	-5.065556
		50.726024	-3.543949
		51.512161	-0.116215
		51.289406	1.075802
		
c	10 8 5 4 9 7 6 3 0 1 11 12 14 13 2 15	2036.72584926223	0.796327415073777	10	8	5	4	9	7	6	3	0	1	11	12	14	13	2	15		
		55.862982	-4.263554
		54.892406	-2.923222
		53.409532	-3.000126
		53.478239	-2.258549
		55.958426	-3.186893
		54.980766	-1.615849
		53.751959	-0.335941
		53.803895	-1.549931
		52.486125	-1.890507
		51.460852	-2.588139
		51.488224	-3.186893
		51.624837	-3.94495
		50.152266	-5.065556
		50.726024	-3.543949
		51.512161	-0.116215
		51.289406	1.075802
		
c	11 12 4 5 0 14 13 1 2 9 10 8 7 6 3 15	2603.17267650262	0.739682732349738	11	12	4	5	0	14	13	1	2	9	10	8	7	6	3	15		
		51.488224	-3.186893
		51.624837	-3.94495
		53.478239	-2.258549
		53.409532	-3.000126
		52.486125	-1.890507
		50.152266	-5.065556
		50.726024	-3.543949
		51.460852	-2.588139
		51.512161	-0.116215
		55.958426	-3.186893
		55.862982	-4.263554
		54.892406	-2.923222
		54.980766	-1.615849
		53.751959	-0.335941
		53.803895	-1.549931
		51.289406	1.075802
		
c	5 10 9 8 7 3 6 4 0 11 12 14 13 1 2 15	1877.3238211449	0.81226761788551	5	10	9	8	7	3	6	4	0	11	12	14	13	1	2	15		
		53.409532	-3.000126
		55.862982	-4.263554
		55.958426	-3.186893
		54.892406	-2.923222
		54.980766	-1.615849
		53.803895	-1.549931
		53.751959	-0.335941
		53.478239	-2.258549
		52.486125	-1.890507
		51.488224	-3.186893
		51.624837	-3.94495
		50.152266	-5.065556
		50.726024	-3.543949
		51.460852	-2.588139
		51.512161	-0.116215
		51.289406	1.075802
		
c	11 12 14 0 4 3 6 7 9 10 8 5 1 13 2 15	2170.79733440955	0.782920266559045	11	12	14	0	4	3	6	7	9	10	8	5	1	13	2	15		
		51.488224	-3.186893
		51.624837	-3.94495
		50.152266	-5.065556
		52.486125	-1.890507
		53.478239	-2.258549
		53.803895	-1.549931
		53.751959	-0.335941
		54.980766	-1.615849
		55.958426	-3.186893
		55.862982	-4.263554
		54.892406	-2.923222
		53.409532	-3.000126
		51.460852	-2.588139
		50.726024	-3.543949
		51.512161	-0.116215
		51.289406	1.075802
		
c	9 10 4 8 7 5 6 3 0 1 11 12 14 13 2 15	2082.28750130961	0.791771249869039	9	10	4	8	7	5	6	3	0	1	11	12	14	13	2	15		
		55.958426	-3.186893
		55.862982	-4.263554
		53.478239	-2.258549
		54.892406	-2.923222
		54.980766	-1.615849
		53.409532	-3.000126
		53.751959	-0.335941
		53.803895	-1.549931
		52.486125	-1.890507
		51.460852	-2.588139
		51.488224	-3.186893
		51.624837	-3.94495
		50.152266	-5.065556
		50.726024	-3.543949
		51.512161	-0.116215
		51.289406	1.075802
		
c	13 3 0 11 12 1 14 2 6 7 9 10 8 4 5 15	2752.25281634212	0.724774718365788	13	3	0	11	12	1	14	2	6	7	9	10	8	4	5	15		
		50.726024	-3.543949
		53.803895	-1.549931
		52.486125	-1.890507
		51.488224	-3.186893
		51.624837	-3.94495
		51.460852	-2.588139
		50.152266	-5.065556
		51.512161	-0.116215
		53.751959	-0.335941
		54.980766	-1.615849
		55.958426	-3.186893
		55.862982	-4.263554
		54.892406	-2.923222
		53.478239	-2.258549
		53.409532	-3.000126
		51.289406	1.075802
		
c	14 13 1 11 12 2 5 4 3 6 15 7 9 10 8 0	2434.20200670259	0.756579799329741	14	13	1	11	12	2	5	4	3	6	15	7	9	10	8	0		
		50.152266	-5.065556
		50.726024	-3.543949
		51.460852	-2.588139
		51.488224	-3.186893
		51.624837	-3.94495
		51.512161	-0.116215
		53.409532	-3.000126
		53.478239	-2.258549
		53.803895	-1.549931
		53.751959	-0.335941
		51.289406	1.075802
		54.980766	-1.615849
		55.958426	-3.186893
		55.862982	-4.263554
		54.892406	-2.923222
		52.486125	-1.890507
		
c	10 8 7 9 5 4 0 1 11 14 13 3 12 2 15 6	2604.22450449745	0.739577549550255	10	8	7	9	5	4	0	1	11	14	13	3	12	2	15	6		
		55.862982	-4.263554
		54.892406	-2.923222
		54.980766	-1.615849
		55.958426	-3.186893
		53.409532	-3.000126
		53.478239	-2.258549
		52.486125	-1.890507
		51.460852	-2.588139
		51.488224	-3.186893
		50.152266	-5.065556
		50.726024	-3.543949
		53.803895	-1.549931
		51.624837	-3.94495
		51.512161	-0.116215
		51.289406	1.075802
		53.751959	-0.335941
		
c	5 0 11 12 14 13 1 4 2 6 7 9 10 8 3 15	2466.39527083856	0.753360472916144	5	0	11	12	14	13	1	4	2	6	7	9	10	8	3	15		
		53.409532	-3.000126
		52.486125	-1.890507
		51.488224	-3.186893
		51.624837	-3.94495
		50.152266	-5.065556
		50.726024	-3.543949
		51.460852	-2.588139
		53.478239	-2.258549
		51.512161	-0.116215
		53.751959	-0.335941
		54.980766	-1.615849
		55.958426	-3.186893
		55.862982	-4.263554
		54.892406	-2.923222
		53.803895	-1.549931
		51.289406	1.075802
		
c	0 11 12 1 14 13 2 6 7 9 10 8 3 4 5 15	2283.05319755178	0.771694680244822	0	11	12	1	14	13	2	6	7	9	10	8	3	4	5	15		
		52.486125	-1.890507
		51.488224	-3.186893
		51.624837	-3.94495
		51.460852	-2.588139
		50.152266	-5.065556
		50.726024	-3.543949
		51.512161	-0.116215
		53.751959	-0.335941
		54.980766	-1.615849
		55.958426	-3.186893
		55.862982	-4.263554
		54.892406	-2.923222
		53.803895	-1.549931
		53.478239	-2.258549
		53.409532	-3.000126
		51.289406	1.075802
		
c	15 6 7 9 10 5 4 8 3 11 12 0 1 13 14 2	2550.49260258187	0.744950739741813	15	6	7	9	10	5	4	8	3	11	12	0	1	13	14	2		
		51.289406	1.075802
		53.751959	-0.335941
		54.980766	-1.615849
		55.958426	-3.186893
		55.862982	-4.263554
		53.409532	-3.000126
		53.478239	-2.258549
		54.892406	-2.923222
		53.803895	-1.549931
		51.488224	-3.186893
		51.624837	-3.94495
		52.486125	-1.890507
		51.460852	-2.588139
		50.726024	-3.543949
		50.152266	-5.065556
		51.512161	-0.116215
		
c	10 6 7 9 8 3 4 5 0 11 1 12 14 13 2 15	2083.56064867714	0.791643935132286	10	6	7	9	8	3	4	5	0	11	1	12	14	13	2	15		
		55.862982	-4.263554
		53.751959	-0.335941
		54.980766	-1.615849
		55.958426	-3.186893
		54.892406	-2.923222
		53.803895	-1.549931
		53.478239	-2.258549
		53.409532	-3.000126
		52.486125	-1.890507
		51.488224	-3.186893
		51.460852	-2.588139
		51.624837	-3.94495
		50.152266	-5.065556
		50.726024	-3.543949
		51.512161	-0.116215
		51.289406	1.075802
		
c	4 9 10 8 7 5 6 3 0 1 11 12 14 13 2 15	2043.70256877491	0.795629743122509	4	9	10	8	7	5	6	3	0	1	11	12	14	13	2	15		
		53.478239	-2.258549
		55.958426	-3.186893
		55.862982	-4.263554
		54.892406	-2.923222
		54.980766	-1.615849
		53.409532	-3.000126
		53.751959	-0.335941
		53.803895	-1.549931
		52.486125	-1.890507
		51.460852	-2.588139
		51.488224	-3.186893
		51.624837	-3.94495
		50.152266	-5.065556
		50.726024	-3.543949
		51.512161	-0.116215
		51.289406	1.075802
		
c	7 9 10 4 3 6 8 5 0 1 11 12 14 13 2 15	2018.52149673236	0.798147850326764	7	9	10	4	3	6	8	5	0	1	11	12	14	13	2	15		
		54.980766	-1.615849
		55.958426	-3.186893
		55.862982	-4.263554
		53.478239	-2.258549
		53.803895	-1.549931
		53.751959	-0.335941
		54.892406	-2.923222
		53.409532	-3.000126
		52.486125	-1.890507
		51.460852	-2.588139
		51.488224	-3.186893
		51.624837	-3.94495
		50.152266	-5.065556
		50.726024	-3.543949
		51.512161	-0.116215
		51.289406	1.075802
		
c	7 9 10 8 5 4 0 1 11 14 13 3 12 2 15 6	2469.35565118483	0.753064434881517	7	9	10	8	5	4	0	1	11	14	13	3	12	2	15	6		
		54.980766	-1.615849
		55.958426	-3.186893
		55.862982	-4.263554
		54.892406	-2.923222
		53.409532	-3.000126
		53.478239	-2.258549
		52.486125	-1.890507
		51.460852	-2.588139
		51.488224	-3.186893
		50.152266	-5.065556
		50.726024	-3.543949
		53.803895	-1.549931
		51.624837	-3.94495
		51.512161	-0.116215
		51.289406	1.075802
		53.751959	-0.335941
		
c	7 9 5 0 11 12 14 2 15 6 13 1 10 8 3 4	3045.87039354633	0.695412960645367	7	9	5	0	11	12	14	2	15	6	13	1	10	8	3	4		
		54.980766	-1.615849
		55.958426	-3.186893
		53.409532	-3.000126
		52.486125	-1.890507
		51.488224	-3.186893
		51.624837	-3.94495
		50.152266	-5.065556
		51.512161	-0.116215
		51.289406	1.075802
		53.751959	-0.335941
		50.726024	-3.543949
		51.460852	-2.588139
		55.862982	-4.263554
		54.892406	-2.923222
		53.803895	-1.549931
		53.478239	-2.258549
		
c	4 5 0 11 12 8 3 1 14 13 2 15 6 7 9 10	2520.65938795415	0.747934061204585	4	5	0	11	12	8	3	1	14	13	2	15	6	7	9	10		
		53.478239	-2.258549
		53.409532	-3.000126
		52.486125	-1.890507
		51.488224	-3.186893
		51.624837	-3.94495
		54.892406	-2.923222
		53.803895	-1.549931
		51.460852	-2.588139
		50.152266	-5.065556
		50.726024	-3.543949
		51.512161	-0.116215
		51.289406	1.075802
		53.751959	-0.335941
		54.980766	-1.615849
		55.958426	-3.186893
		55.862982	-4.263554
		
c	1 7 9 10 8 3 4 6 5 0 11 12 14 13 2 15	2239.82877007562	0.776017122992438	1	7	9	10	8	3	4	6	5	0	11	12	14	13	2	15		
		51.460852	-2.588139
		54.980766	-1.615849
		55.958426	-3.186893
		55.862982	-4.263554
		54.892406	-2.923222
		53.803895	-1.549931
		53.478239	-2.258549
		53.751959	-0.335941
		53.409532	-3.000126
		52.486125	-1.890507
		51.488224	-3.186893
		51.624837	-3.94495
		50.152266	-5.065556
		50.726024	-3.543949
		51.512161	-0.116215
		51.289406	1.075802
		
c	4 5 0 1 11 3 6 12 14 13 2 15 7 9 10 8	2488.94169563013	0.751105830436987	4	5	0	1	11	3	6	12	14	13	2	15	7	9	10	8		
		53.478239	-2.258549
		53.409532	-3.000126
		52.486125	-1.890507
		51.460852	-2.588139
		51.488224	-3.186893
		53.803895	-1.549931
		53.751959	-0.335941
		51.624837	-3.94495
		50.152266	-5.065556
		50.726024	-3.543949
		51.512161	-0.116215
		51.289406	1.075802
		54.980766	-1.615849
		55.958426	-3.186893
		55.862982	-4.263554
		54.892406	-2.923222
		
c	9 10 8 14 13 2 0 11 12 1 6 7 3 4 5 15	2646.32188723989	0.735367811276011	9	10	8	14	13	2	0	11	12	1	6	7	3	4	5	15		
		55.958426	-3.186893
		55.862982	-4.263554
		54.892406	-2.923222
		50.152266	-5.065556
		50.726024	-3.543949
		51.512161	-0.116215
		52.486125	-1.890507
		51.488224	-3.186893
		51.624837	-3.94495
		51.460852	-2.588139
		53.751959	-0.335941
		54.980766	-1.615849
		53.803895	-1.549931
		53.478239	-2.258549
		53.409532	-3.000126
		51.289406	1.075802
		
c	10 7 9 8 3 4 5 0 1 11 12 14 13 2 6 15	2167.06416061885	0.783293583938115	10	7	9	8	3	4	5	0	1	11	12	14	13	2	6	15		
		55.862982	-4.263554
		54.980766	-1.615849
		55.958426	-3.186893
		54.892406	-2.923222
		53.803895	-1.549931
		53.478239	-2.258549
		53.409532	-3.000126
		52.486125	-1.890507
		51.460852	-2.588139
		51.488224	-3.186893
		51.624837	-3.94495
		50.152266	-5.065556
		50.726024	-3.543949
		51.512161	-0.116215
		53.751959	-0.335941
		51.289406	1.075802
		
c	2 0 11 6 7 9 10 8 3 4 5 1 12 14 13 15	2342.73439119097	0.765726560880903	2	0	11	6	7	9	10	8	3	4	5	1	12	14	13	15		
		51.512161	-0.116215
		52.486125	-1.890507
		51.488224	-3.186893
		53.751959	-0.335941
		54.980766	-1.615849
		55.958426	-3.186893
		55.862982	-4.263554
		54.892406	-2.923222
		53.803895	-1.549931
		53.478239	-2.258549
		53.409532	-3.000126
		51.460852	-2.588139
		51.624837	-3.94495
		50.152266	-5.065556
		50.726024	-3.543949
		51.289406	1.075802
		
c	6 3 4 5 0 11 12 14 13 1 2 15 7 9 10 8	1982.21739005583	0.801778260994417	6	3	4	5	0	11	12	14	13	1	2	15	7	9	10	8		
		53.751959	-0.335941
		53.803895	-1.549931
		53.478239	-2.258549
		53.409532	-3.000126
		52.486125	-1.890507
		51.488224	-3.186893
		51.624837	-3.94495
		50.152266	-5.065556
		50.726024	-3.543949
		51.460852	-2.588139
		51.512161	-0.116215
		51.289406	1.075802
		54.980766	-1.615849
		55.958426	-3.186893
		55.862982	-4.263554
		54.892406	-2.923222
		
c	8 7 3 6 4 5 0 11 12 14 13 1 9 10 2 15	2422.12457178382	0.757787542821618	8	7	3	6	4	5	0	11	12	14	13	1	9	10	2	15		
		54.892406	-2.923222
		54.980766	-1.615849
		53.803895	-1.549931
		53.751959	-0.335941
		53.478239	-2.258549
		53.409532	-3.000126
		52.486125	-1.890507
		51.488224	-3.186893
		51.624837	-3.94495
		50.152266	-5.065556
		50.726024	-3.543949
		51.460852	-2.588139
		55.958426	-3.186893
		55.862982	-4.263554
		51.512161	-0.116215
		51.289406	1.075802
		
c	13 15 6 7 9 10 8 3 4 5 0 1 11 12 14 2	2297.28748793837	0.770271251206163	13	15	6	7	9	10	8	3	4	5	0	1	11	12	14	2		
		50.726024	-3.543949
		51.289406	1.075802
		53.751959	-0.335941
		54.980766	-1.615849
		55.958426	-3.186893
		55.862982	-4.263554
		54.892406	-2.923222
		53.803895	-1.549931
		53.478239	-2.258549
		53.409532	-3.000126
		52.486125	-1.890507
		51.460852	-2.588139
		51.488224	-3.186893
		51.624837	-3.94495
		50.152266	-5.065556
		51.512161	-0.116215
		
c	14 13 2 0 11 4 3 6 7 9 10 15 8 5 1 12	3007.36963002625	0.699263036997375	14	13	2	0	11	4	3	6	7	9	10	15	8	5	1	12		
		50.152266	-5.065556
		50.726024	-3.543949
		51.512161	-0.116215
		52.486125	-1.890507
		51.488224	-3.186893
		53.478239	-2.258549
		53.803895	-1.549931
		53.751959	-0.335941
		54.980766	-1.615849
		55.958426	-3.186893
		55.862982	-4.263554
		51.289406	1.075802
		54.892406	-2.923222
		53.409532	-3.000126
		51.460852	-2.588139
		51.624837	-3.94495
		
c	5 0 1 11 12 14 6 3 7 9 10 8 4 13 2 15	2428.47332839735	0.757152667160265	5	0	1	11	12	14	6	3	7	9	10	8	4	13	2	15		
		53.409532	-3.000126
		52.486125	-1.890507
		51.460852	-2.588139
		51.488224	-3.186893
		51.624837	-3.94495
		50.152266	-5.065556
		53.751959	-0.335941
		53.803895	-1.549931
		54.980766	-1.615849
		55.958426	-3.186893
		55.862982	-4.263554
		54.892406	-2.923222
		53.478239	-2.258549
		50.726024	-3.543949
		51.512161	-0.116215
		51.289406	1.075802
		
c	1 11 12 14 13 0 6 7 9 10 8 3 4 5 2 15	1949.26008507353	0.805073991492647	1	11	12	14	13	0	6	7	9	10	8	3	4	5	2	15		
		51.460852	-2.588139
		51.488224	-3.186893
		51.624837	-3.94495
		50.152266	-5.065556
		50.726024	-3.543949
		52.486125	-1.890507
		53.751959	-0.335941
		54.980766	-1.615849
		55.958426	-3.186893
		55.862982	-4.263554
		54.892406	-2.923222
		53.803895	-1.549931
		53.478239	-2.258549
		53.409532	-3.000126
		51.512161	-0.116215
		51.289406	1.075802
		
c	15 7 9 10 8 5 3 4 0 6 1 12 14 13 2 11	2583.62118538558	0.741637881461442	15	7	9	10	8	5	3	4	0	6	1	12	14	13	2	11		
		51.289406	1.075802
		54.980766	-1.615849
		55.958426	-3.186893
		55.862982	-4.263554
		54.892406	-2.923222
		53.409532	-3.000126
		53.803895	-1.549931
		53.478239	-2.258549
		52.486125	-1.890507
		53.751959	-0.335941
		51.460852	-2.588139
		51.624837	-3.94495
		50.152266	-5.065556
		50.726024	-3.543949
		51.512161	-0.116215
		51.488224	-3.186893
		
c	11 12 1 14 13 2 15 6 7 9 10 8 3 4 5 0	2031.01115399203	0.796898884600797	11	12	1	14	13	2	15	6	7	9	10	8	3	4	5	0		
		51.488224	-3.186893
		51.624837	-3.94495
		51.460852	-2.588139
		50.152266	-5.065556
		50.726024	-3.543949
		51.512161	-0.116215
		51.289406	1.075802
		53.751959	-0.335941
		54.980766	-1.615849
		55.958426	-3.186893
		55.862982	-4.263554
		54.892406	-2.923222
		53.803895	-1.549931
		53.478239	-2.258549
		53.409532	-3.000126
		52.486125	-1.890507
		
c	7 9 10 8 5 4 0 1 11 3 12 2 15 6 14 13	2697.50577253197	0.730249422746803	7	9	10	8	5	4	0	1	11	3	12	2	15	6	14	13		
		54.980766	-1.615849
		55.958426	-3.186893
		55.862982	-4.263554
		54.892406	-2.923222
		53.409532	-3.000126
		53.478239	-2.258549
		52.486125	-1.890507
		51.460852	-2.588139
		51.488224	-3.186893
		53.803895	-1.549931
		51.624837	-3.94495
		51.512161	-0.116215
		51.289406	1.075802
		53.751959	-0.335941
		50.152266	-5.065556
		50.726024	-3.543949
		
c	4 3 6 7 9 10 8 5 0 1 11 12 14 13 2 15	1810.39557088752	0.818960442911248	4	3	6	7	9	10	8	5	0	1	11	12	14	13	2	15		
		53.478239	-2.258549
		53.803895	-1.549931
		53.751959	-0.335941
		54.980766	-1.615849
		55.958426	-3.186893
		55.862982	-4.263554
		54.892406	-2.923222
		53.409532	-3.000126
		52.486125	-1.890507
		51.460852	-2.588139
		51.488224	-3.186893
		51.624837	-3.94495
		50.152266	-5.065556
		50.726024	-3.543949
		51.512161	-0.116215
		51.289406	1.075802
		
c	6 3 4 0 1 11 12 13 14 2 7 5 9 10 8 15	2644.83734808796	0.735516265191204	6	3	4	0	1	11	12	13	14	2	7	5	9	10	8	15		
		53.751959	-0.335941
		53.803895	-1.549931
		53.478239	-2.258549
		52.486125	-1.890507
		51.460852	-2.588139
		51.488224	-3.186893
		51.624837	-3.94495
		50.726024	-3.543949
		50.152266	-5.065556
		51.512161	-0.116215
		54.980766	-1.615849
		53.409532	-3.000126
		55.958426	-3.186893
		55.862982	-4.263554
		54.892406	-2.923222
		51.289406	1.075802
		
c	0 1 11 12 2 15 7 9 10 6 3 8 5 4 14 13	2565.12138186433	0.743487861813567	0	1	11	12	2	15	7	9	10	6	3	8	5	4	14	13		
		52.486125	-1.890507
		51.460852	-2.588139
		51.488224	-3.186893
		51.624837	-3.94495
		51.512161	-0.116215
		51.289406	1.075802
		54.980766	-1.615849
		55.958426	-3.186893
		55.862982	-4.263554
		53.751959	-0.335941
		53.803895	-1.549931
		54.892406	-2.923222
		53.409532	-3.000126
		53.478239	-2.258549
		50.152266	-5.065556
		50.726024	-3.543949
		
c	1 11 6 7 9 10 8 13 12 14 5 4 0 3 2 15	2679.81913245549	0.732018086754451	1	11	6	7	9	10	8	13	12	14	5	4	0	3	2	15		
		51.460852	-2.588139
		51.488224	-3.186893
		53.751959	-0.335941
		54.980766	-1.615849
		55.958426	-3.186893
		55.862982	-4.263554
		54.892406	-2.923222
		50.726024	-3.543949
		51.624837	-3.94495
		50.152266	-5.065556
		53.409532	-3.000126
		53.478239	-2.258549
		52.486125	-1.890507
		53.803895	-1.549931
		51.512161	-0.116215
		51.289406	1.075802
		
c	6 7 4 9 10 8 5 3 11 12 0 1 13 14 2 15	2413.84575376	0.758615424624	6	7	4	9	10	8	5	3	11	12	0	1	13	14	2	15		
		53.751959	-0.335941
		54.980766	-1.615849
		53.478239	-2.258549
		55.958426	-3.186893
		55.862982	-4.263554
		54.892406	-2.923222
		53.409532	-3.000126
		53.803895	-1.549931
		51.488224	-3.186893
		51.624837	-3.94495
		52.486125	-1.890507
		51.460852	-2.588139
		50.726024	-3.543949
		50.152266	-5.065556
		51.512161	-0.116215
		51.289406	1.075802
		
c	10 9 7 4 3 6 8 5 0 1 11 12 14 13 2 15	1895.91502862009	0.810408497137991	10	9	7	4	3	6	8	5	0	1	11	12	14	13	2	15		
		55.862982	-4.263554
		55.958426	-3.186893
		54.980766	-1.615849
		53.478239	-2.258549
		53.803895	-1.549931
		53.751959	-0.335941
		54.892406	-2.923222
		53.409532	-3.000126
		52.486125	-1.890507
		51.460852	-2.588139
		51.488224	-3.186893
		51.624837	-3.94495
		50.152266	-5.065556
		50.726024	-3.543949
		51.512161	-0.116215
		51.289406	1.075802
		
c	6 7 9 10 8 3 4 5 13 1 11 12 14 0 2 15	2044.60299047285	0.795539700952715	6	7	9	10	8	3	4	5	13	1	11	12	14	0	2	15		
		53.751959	-0.335941
		54.980766	-1.615849
		55.958426	-3.186893
		55.862982	-4.263554
		54.892406	-2.923222
		53.803895	-1.549931
		53.478239	-2.258549
		53.409532	-3.000126
		50.726024	-3.543949
		51.460852	-2.588139
		51.488224	-3.186893
		51.624837	-3.94495
		50.152266	-5.065556
		52.486125	-1.890507
		51.512161	-0.116215
		51.289406	1.075802
		
c	9 1 11 12 14 13 2 6 7 10 8 3 4 5 0 15	2528.54629317242	0.747145370682758	9	1	11	12	14	13	2	6	7	10	8	3	4	5	0	15		
		55.958426	-3.186893
		51.460852	-2.588139
		51.488224	-3.186893
		51.624837	-3.94495
		50.152266	-5.065556
		50.726024	-3.543949
		51.512161	-0.116215
		53.751959	-0.335941
		54.980766	-1.615849
		55.862982	-4.263554
		54.892406	-2.923222
		53.803895	-1.549931
		53.478239	-2.258549
		53.409532	-3.000126
		52.486125	-1.890507
		51.289406	1.075802
		
c	1 11 12 14 13 2 6 7 9 10 8 3 4 5 0 15	2048.13377550362	0.795186622449638	1	11	12	14	13	2	6	7	9	10	8	3	4	5	0	15		
		51.460852	-2.588139
		51.488224	-3.186893
		51.624837	-3.94495
		50.152266	-5.065556
		50.726024	-3.543949
		51.512161	-0.116215
		53.751959	-0.335941
		54.980766	-1.615849
		55.958426	-3.186893
		55.862982	-4.263554
		54.892406	-2.923222
		53.803895	-1.549931
		53.478239	-2.258549
		53.409532	-3.000126
		52.486125	-1.890507
		51.289406	1.075802
		
c	4 0 6 7 9 10 8 14 13 2 15 1 3 5 11 12	2711.26826844801	0.728873173155199	4	0	6	7	9	10	8	14	13	2	15	1	3	5	11	12		
		53.478239	-2.258549
		52.486125	-1.890507
		53.751959	-0.335941
		54.980766	-1.615849
		55.958426	-3.186893
		55.862982	-4.263554
		54.892406	-2.923222
		50.152266	-5.065556
		50.726024	-3.543949
		51.512161	-0.116215
		51.289406	1.075802
		51.460852	-2.588139
		53.803895	-1.549931
		53.409532	-3.000126
		51.488224	-3.186893
		51.624837	-3.94495
		
c	1 7 9 10 8 3 4 5 0 11 12 6 14 13 2 15	2651.5700631893	0.73484299368107	1	7	9	10	8	3	4	5	0	11	12	6	14	13	2	15		
		51.460852	-2.588139
		54.980766	-1.615849
		55.958426	-3.186893
		55.862982	-4.263554
		54.892406	-2.923222
		53.803895	-1.549931
		53.478239	-2.258549
		53.409532	-3.000126
		52.486125	-1.890507
		51.488224	-3.186893
		51.624837	-3.94495
		53.751959	-0.335941
		50.152266	-5.065556
		50.726024	-3.543949
		51.512161	-0.116215
		51.289406	1.075802
		
c	0 10 6 7 9 8 3 4 5 11 1 12 14 13 2 15	2434.66580737363	0.756533419262637	0	10	6	7	9	8	3	4	5	11	1	12	14	13	2	15		
		52.486125	-1.890507
		55.862982	-4.263554
		53.751959	-0.335941
		54.980766	-1.615849
		55.958426	-3.186893
		54.892406	-2.923222
		53.803895	-1.549931
		53.478239	-2.258549
		53.409532	-3.000126
		51.488224	-3.186893
		51.460852	-2.588139
		51.624837	-3.94495
		50.152266	-5.065556
		50.726024	-3.543949
		51.512161	-0.116215
		51.289406	1.075802
		
c	4 6 3 7 9 10 8 5 0 1 11 12 14 13 2 15	1852.8174567966	0.81471825432034	4	6	3	7	9	10	8	5	0	1	11	12	14	13	2	15		
		53.478239	-2.258549
		53.751959	-0.335941
		53.803895	-1.549931
		54.980766	-1.615849
		55.958426	-3.186893
		55.862982	-4.263554
		54.892406	-2.923222
		53.409532	-3.000126
		52.486125	-1.890507
		51.460852	-2.588139
		51.488224	-3.186893
		51.624837	-3.94495
		50.152266	-5.065556
		50.726024	-3.543949
		51.512161	-0.116215
		51.289406	1.075802
		
c	11 12 14 13 1 2 9 10 8 15 6 7 3 4 5 0	2674.82821350099	0.732517178649901	11	12	14	13	1	2	9	10	8	15	6	7	3	4	5	0		
		51.488224	-3.186893
		51.624837	-3.94495
		50.152266	-5.065556
		50.726024	-3.543949
		51.460852	-2.588139
		51.512161	-0.116215
		55.958426	-3.186893
		55.862982	-4.263554
		54.892406	-2.923222
		51.289406	1.075802
		53.751959	-0.335941
		54.980766	-1.615849
		53.803895	-1.549931
		53.478239	-2.258549
		53.409532	-3.000126
		52.486125	-1.890507
		
c	10 7 8 5 3 11 14 13 2 15 6 9 4 0 12 1	2749.59319147797	0.725040680852203	10	7	8	5	3	11	14	13	2	15	6	9	4	0	12	1		
		55.862982	-4.263554
		54.980766	-1.615849
		54.892406	-2.923222
		53.409532	-3.000126
		53.803895	-1.549931
		51.488224	-3.186893
		50.152266	-5.065556
		50.726024	-3.543949
		51.512161	-0.116215
		51.289406	1.075802
		53.751959	-0.335941
		55.958426	-3.186893
		53.478239	-2.258549
		52.486125	-1.890507
		51.624837	-3.94495
		51.460852	-2.588139
		
c	7 5 6 3 4 0 1 14 13 2 15 11 12 10 9 8	2455.80049983543	0.754419950016457	7	5	6	3	4	0	1	14	13	2	15	11	12	10	9	8		
		54.980766	-1.615849
		53.409532	-3.000126
		53.751959	-0.335941
		53.803895	-1.549931
		53.478239	-2.258549
		52.486125	-1.890507
		51.460852	-2.588139
		50.152266	-5.065556
		50.726024	-3.543949
		51.512161	-0.116215
		51.289406	1.075802
		51.488224	-3.186893
		51.624837	-3.94495
		55.862982	-4.263554
		55.958426	-3.186893
		54.892406	-2.923222
		
c	12 14 0 4 3 6 7 9 10 8 5 1 13 11 2 15	2162.44266107539	0.783755733892461	12	14	0	4	3	6	7	9	10	8	5	1	13	11	2	15		
		51.624837	-3.94495
		50.152266	-5.065556
		52.486125	-1.890507
		53.478239	-2.258549
		53.803895	-1.549931
		53.751959	-0.335941
		54.980766	-1.615849
		55.958426	-3.186893
		55.862982	-4.263554
		54.892406	-2.923222
		53.409532	-3.000126
		51.460852	-2.588139
		50.726024	-3.543949
		51.488224	-3.186893
		51.512161	-0.116215
		51.289406	1.075802
		
c	0 11 12 14 13 1 10 9 8 7 5 6 3 4 2 15	2246.70031212895	0.775329968787105	0	11	12	14	13	1	10	9	8	7	5	6	3	4	2	15		
		52.486125	-1.890507
		51.488224	-3.186893
		51.624837	-3.94495
		50.152266	-5.065556
		50.726024	-3.543949
		51.460852	-2.588139
		55.862982	-4.263554
		55.958426	-3.186893
		54.892406	-2.923222
		54.980766	-1.615849
		53.409532	-3.000126
		53.751959	-0.335941
		53.803895	-1.549931
		53.478239	-2.258549
		51.512161	-0.116215
		51.289406	1.075802
		
c	7 9 10 8 3 4 5 0 1 11 12 14 13 2 6 15	2058.73642584281	0.794126357415719	7	9	10	8	3	4	5	0	1	11	12	14	13	2	6	15		
		54.980766	-1.615849
		55.958426	-3.186893
		55.862982	-4.263554
		54.892406	-2.923222
		53.803895	-1.549931
		53.478239	-2.258549
		53.409532	-3.000126
		52.486125	-1.890507
		51.460852	-2.588139
		51.488224	-3.186893
		51.624837	-3.94495
		50.152266	-5.065556
		50.726024	-3.543949
		51.512161	-0.116215
		53.751959	-0.335941
		51.289406	1.075802
		
c	6 7 9 10 8 3 4 2 15 0 1 11 12 14 13 5	2140.4403353528	0.78595596646472	6	7	9	10	8	3	4	2	15	0	1	11	12	14	13	5		
		53.751959	-0.335941
		54.980766	-1.615849
		55.958426	-3.186893
		55.862982	-4.263554
		54.892406	-2.923222
		53.803895	-1.549931
		53.478239	-2.258549
		51.512161	-0.116215
		51.289406	1.075802
		52.486125	-1.890507
		51.460852	-2.588139
		51.488224	-3.186893
		51.624837	-3.94495
		50.152266	-5.065556
		50.726024	-3.543949
		53.409532	-3.000126
		
c	9 10 8 5 3 4 11 12 6 0 1 14 13 7 2 15	2783.90554847098	0.721609445152902	9	10	8	5	3	4	11	12	6	0	1	14	13	7	2	15		
		55.958426	-3.186893
		55.862982	-4.263554
		54.892406	-2.923222
		53.409532	-3.000126
		53.803895	-1.549931
		53.478239	-2.258549
		51.488224	-3.186893
		51.624837	-3.94495
		53.751959	-0.335941
		52.486125	-1.890507
		51.460852	-2.588139
		50.152266	-5.065556
		50.726024	-3.543949
		54.980766	-1.615849
		51.512161	-0.116215
		51.289406	1.075802
		
c	8 3 4 5 0 1 11 12 14 13 2 15 6 7 9 10	1918.20993719692	0.808179006280308	8	3	4	5	0	1	11	12	14	13	2	15	6	7	9	10		
		54.892406	-2.923222
		53.803895	-1.549931
		53.478239	-2.258549
		53.409532	-3.000126
		52.486125	-1.890507
		51.460852	-2.588139
		51.488224	-3.186893
		51.624837	-3.94495
		50.152266	-5.065556
		50.726024	-3.543949
		51.512161	-0.116215
		51.289406	1.075802
		53.751959	-0.335941
		54.980766	-1.615849
		55.958426	-3.186893
		55.862982	-4.263554
		
g107		1656.09836620198	0.834390163379802	0	10	9	8	7	3	6	4	5	0	11	12	14	13	1	2	15		
		55.862982	-4.263554
		55.958426	-3.186893
		54.892406	-2.923222
		54.980766	-1.615849
		53.803895	-1.549931
		53.751959	-0.335941
		53.478239	-2.258549
		53.409532	-3.000126
		52.486125	-1.890507
		51.488224	-3.186893
		51.624837	-3.94495
		50.152266	-5.065556
		50.726024	-3.543949
		51.460852	-2.588139
		51.512161	-0.116215
		51.289406	1.075802
		
g107		1758.37881581719	0.824162118418281	1	6	3	7	9	10	8	5	4	0	1	11	12	14	13	2	15		
		53.751959	-0.335941
		53.803895	-1.549931
		54.980766	-1.615849
		55.958426	-3.186893
		55.862982	-4.263554
		54.892406	-2.923222
		53.409532	-3.000126
		53.478239	-2.258549
		52.486125	-1.890507
		51.460852	-2.588139
		51.488224	-3.186893
		51.624837	-3.94495
		50.152266	-5.065556
		50.726024	-3.543949
		51.512161	-0.116215
		51.289406	1.075802
		
g107		1764.36174716627	0.823563825283373	2	6	7	9	10	8	3	4	5	0	11	12	14	13	1	2	15		
		53.751959	-0.335941
		54.980766	-1.615849
		55.958426	-3.186893
		55.862982	-4.263554
		54.892406	-2.923222
		53.803895	-1.549931
		53.478239	-2.258549
		53.409532	-3.000126
		52.486125	-1.890507
		51.488224	-3.186893
		51.624837	-3.94495
		50.152266	-5.065556
		50.726024	-3.543949
		51.460852	-2.588139
		51.512161	-0.116215
		51.289406	1.075802
		
g107		1765.3928454289	0.82346071545711	3	6	7	9	10	8	3	4	5	0	1	11	12	14	13	2	15		
		53.751959	-0.335941
		54.980766	-1.615849
		55.958426	-3.186893
		55.862982	-4.263554
		54.892406	-2.923222
		53.803895	-1.549931
		53.478239	-2.258549
		53.409532	-3.000126
		52.486125	-1.890507
		51.460852	-2.588139
		51.488224	-3.186893
		51.624837	-3.94495
		50.152266	-5.065556
		50.726024	-3.543949
		51.512161	-0.116215
		51.289406	1.075802
		
g107		1767.93964020092	0.823206035979908	4	10	9	8	7	5	6	3	4	0	1	11	12	14	13	2	15		
		55.862982	-4.263554
		55.958426	-3.186893
		54.892406	-2.923222
		54.980766	-1.615849
		53.409532	-3.000126
		53.751959	-0.335941
		53.803895	-1.549931
		53.478239	-2.258549
		52.486125	-1.890507
		51.460852	-2.588139
		51.488224	-3.186893
		51.624837	-3.94495
		50.152266	-5.065556
		50.726024	-3.543949
		51.512161	-0.116215
		51.289406	1.075802
		
g107		1785.04683324998	0.821495316675002	5	7	10	9	8	3	6	4	5	0	11	12	14	13	1	2	15		
		54.980766	-1.615849
		55.862982	-4.263554
		55.958426	-3.186893
		54.892406	-2.923222
		53.803895	-1.549931
		53.751959	-0.335941
		53.478239	-2.258549
		53.409532	-3.000126
		52.486125	-1.890507
		51.488224	-3.186893
		51.624837	-3.94495
		50.152266	-5.065556
		50.726024	-3.543949
		51.460852	-2.588139
		51.512161	-0.116215
		51.289406	1.075802
		
