c	6 7 9 3 4 0 2 10 8 5 11 12 1 15 14 13	2955.30383172642	0.704469616827358	6	7	9	3	4	0	2	10	8	5	11	12	1	15	14	13		
		53.751959	-0.335941
		54.980766	-1.615849
		55.958426	-3.186893
		53.803895	-1.549931
		53.478239	-2.258549
		52.486125	-1.890507
		51.512161	-0.116215
		55.862982	-4.263554
		54.892406	-2.923222
		53.409532	-3.000126
		51.488224	-3.186893
		51.624837	-3.94495
		51.460852	-2.588139
		51.289406	1.075802
		50.152266	-5.065556
		50.726024	-3.543949
		
c	2 15 0 1 3 4 5 11 12 14 13 6 7 9 10 8	2320.17287214856	0.767982712785144	2	15	0	1	3	4	5	11	12	14	13	6	7	9	10	8		
		51.512161	-0.116215
		51.289406	1.075802
		52.486125	-1.890507
		51.460852	-2.588139
		53.803895	-1.549931
		53.478239	-2.258549
		53.409532	-3.000126
		51.488224	-3.186893
		51.624837	-3.94495
		50.152266	-5.065556
		50.726024	-3.543949
		53.751959	-0.335941
		54.980766	-1.615849
		55.958426	-3.186893
		55.862982	-4.263554
		54.892406	-2.923222
		
c	3 6 7 9 10 8 4 5 0 1 11 12 14 13 2 15	1799.11680105574	0.820088319894426	3	6	7	9	10	8	4	5	0	1	11	12	14	13	2	15		
		53.803895	-1.549931
		53.751959	-0.335941
		54.980766	-1.615849
		55.958426	-3.186893
		55.862982	-4.263554
		54.892406	-2.923222
		53.478239	-2.258549
		53.409532	-3.000126
		52.486125	-1.890507
		51.460852	-2.588139
		51.488224	-3.186893
		51.624837	-3.94495
		50.152266	-5.065556
		50.726024	-3.543949
		51.512161	-0.116215
		51.289406	1.075802
		
c	12 14 13 1 2 11 15 0 3 6 7 9 10 8 4 5	2288.91973847808	0.771108026152192	12	14	13	1	2	11	15	0	3	6	7	9	10	8	4	5		
		51.624837	-3.94495
		50.152266	-5.065556
		50.726024	-3.543949
		51.460852	-2.588139
		51.512161	-0.116215
		51.488224	-3.186893
		51.289406	1.075802
		52.486125	-1.890507
		53.803895	-1.549931
		53.751959	-0.335941
		54.980766	-1.615849
		55.958426	-3.186893
		55.862982	-4.263554
		54.892406	-2.923222
		53.478239	-2.258549
		53.409532	-3.000126
		
c	8 3 4 5 0 1 11 12 14 13 9 10 7 6 2 15	2252.02031635795	0.774797968364205	8	3	4	5	0	1	11	12	14	13	9	10	7	6	2	15		
		54.892406	-2.923222
		53.803895	-1.549931
		53.478239	-2.258549
		53.409532	-3.000126
		52.486125	-1.890507
		51.460852	-2.588139
		51.488224	-3.186893
		51.624837	-3.94495
		50.152266	-5.065556
		50.726024	-3.543949
		55.958426	-3.186893
		55.862982	-4.263554
		54.980766	-1.615849
		53.751959	-0.335941
		51.512161	-0.116215
		51.289406	1.075802
		
c	5 0 9 10 8 1 11 12 4 3 7 14 13 6 2 15	3078.23630318453	0.692176369681547	5	0	9	10	8	1	11	12	4	3	7	14	13	6	2	15		
		53.409532	-3.000126
		52.486125	-1.890507
		55.958426	-3.186893
		55.862982	-4.263554
		54.892406	-2.923222
		51.460852	-2.588139
		51.488224	-3.186893
		51.624837	-3.94495
		53.478239	-2.258549
		53.803895	-1.549931
		54.980766	-1.615849
		50.152266	-5.065556
		50.726024	-3.543949
		53.751959	-0.335941
		51.512161	-0.116215
		51.289406	1.075802
		
c	8 6 7 3 5 4 0 1 11 12 14 13 2 15 10 9	2322.98179157709	0.767701820842291	8	6	7	3	5	4	0	1	11	12	14	13	2	15	10	9		
		54.892406	-2.923222
		53.751959	-0.335941
		54.980766	-1.615849
		53.803895	-1.549931
		53.409532	-3.000126
		53.478239	-2.258549
		52.486125	-1.890507
		51.460852	-2.588139
		51.488224	-3.186893
		51.624837	-3.94495
		50.152266	-5.065556
		50.726024	-3.543949
		51.512161	-0.116215
		51.289406	1.075802
		55.862982	-4.263554
		55.958426	-3.186893
		
c	6 7 9 10 8 3 4 5 0 11 12 14 13 1 2 15	1764.36174716627	0.823563825283373	6	7	9	10	8	3	4	5	0	11	12	14	13	1	2	15		
		53.751959	-0.335941
		54.980766	-1.615849
		55.958426	-3.186893
		55.862982	-4.263554
		54.892406	-2.923222
		53.803895	-1.549931
		53.478239	-2.258549
		53.409532	-3.000126
		52.486125	-1.890507
		51.488224	-3.186893
		51.624837	-3.94495
		50.152266	-5.065556
		50.726024	-3.543949
		51.460852	-2.588139
		51.512161	-0.116215
		51.289406	1.075802
		
c	8 3 15 6 7 9 4 5 0 11 12 13 10 1 14 2	3518.06629426939	0.648193370573061	8	3	15	6	7	9	4	5	0	11	12	13	10	1	14	2		
		54.892406	-2.923222
		53.803895	-1.549931
		51.289406	1.075802
		53.751959	-0.335941
		54.980766	-1.615849
		55.958426	-3.186893
		53.478239	-2.258549
		53.409532	-3.000126
		52.486125	-1.890507
		51.488224	-3.186893
		51.624837	-3.94495
		50.726024	-3.543949
		55.862982	-4.263554
		51.460852	-2.588139
		50.152266	-5.065556
		51.512161	-0.116215
		
c	1 12 2 13 15 6 7 9 10 8 5 3 4 0 11 14	2529.44317810535	0.747055682189465	1	12	2	13	15	6	7	9	10	8	5	3	4	0	11	14		
		51.460852	-2.588139
		51.624837	-3.94495
		51.512161	-0.116215
		50.726024	-3.543949
		51.289406	1.075802
		53.751959	-0.335941
		54.980766	-1.615849
		55.958426	-3.186893
		55.862982	-4.263554
		54.892406	-2.923222
		53.409532	-3.000126
		53.803895	-1.549931
		53.478239	-2.258549
		52.486125	-1.890507
		51.488224	-3.186893
		50.152266	-5.065556
		
c	4 13 6 7 9 10 8 3 0 1 11 15 5 12 14 2	3124.26653745125	0.687573346254875	4	13	6	7	9	10	8	3	0	1	11	15	5	12	14	2		
		53.478239	-2.258549
		50.726024	-3.543949
		53.751959	-0.335941
		54.980766	-1.615849
		55.958426	-3.186893
		55.862982	-4.263554
		54.892406	-2.923222
		53.803895	-1.549931
		52.486125	-1.890507
		51.460852	-2.588139
		51.488224	-3.186893
		51.289406	1.075802
		53.409532	-3.000126
		51.624837	-3.94495
		50.152266	-5.065556
		51.512161	-0.116215
		
c	0 11 12 3 6 7 9 10 8 4 5 1 14 13 2 15	2204.02872938568	0.779597127061432	0	11	12	3	6	7	9	10	8	4	5	1	14	13	2	15		
		52.486125	-1.890507
		51.488224	-3.186893
		51.624837	-3.94495
		53.803895	-1.549931
		53.751959	-0.335941
		54.980766	-1.615849
		55.958426	-3.186893
		55.862982	-4.263554
		54.892406	-2.923222
		53.478239	-2.258549
		53.409532	-3.000126
		51.460852	-2.588139
		50.152266	-5.065556
		50.726024	-3.543949
		51.512161	-0.116215
		51.289406	1.075802
		
c	7 8 0 5 2 13 15 6 9 10 3 4 1 11 12 14	2871.64087621921	0.712835912378079	7	8	0	5	2	13	15	6	9	10	3	4	1	11	12	14		
		54.980766	-1.615849
		54.892406	-2.923222
		52.486125	-1.890507
		53.409532	-3.000126
		51.512161	-0.116215
		50.726024	-3.543949
		51.289406	1.075802
		53.751959	-0.335941
		55.958426	-3.186893
		55.862982	-4.263554
		53.803895	-1.549931
		53.478239	-2.258549
		51.460852	-2.588139
		51.488224	-3.186893
		51.624837	-3.94495
		50.152266	-5.065556
		
c	7 9 10 4 5 0 11 12 14 13 1 2 3 6 8 15	2510.65722675056	0.748934277324944	7	9	10	4	5	0	11	12	14	13	1	2	3	6	8	15		
		54.980766	-1.615849
		55.958426	-3.186893
		55.862982	-4.263554
		53.478239	-2.258549
		53.409532	-3.000126
		52.486125	-1.890507
		51.488224	-3.186893
		51.624837	-3.94495
		50.152266	-5.065556
		50.726024	-3.543949
		51.460852	-2.588139
		51.512161	-0.116215
		53.803895	-1.549931
		53.751959	-0.335941
		54.892406	-2.923222
		51.289406	1.075802
		
c	9 10 8 3 4 5 6 7 0 1 11 12 14 13 2 15	1949.50503057618	0.805049496942382	9	10	8	3	4	5	6	7	0	1	11	12	14	13	2	15		
		55.958426	-3.186893
		55.862982	-4.263554
		54.892406	-2.923222
		53.803895	-1.549931
		53.478239	-2.258549
		53.409532	-3.000126
		53.751959	-0.335941
		54.980766	-1.615849
		52.486125	-1.890507
		51.460852	-2.588139
		51.488224	-3.186893
		51.624837	-3.94495
		50.152266	-5.065556
		50.726024	-3.543949
		51.512161	-0.116215
		51.289406	1.075802
		
c	6 7 9 10 8 5 3 4 0 1 11 12 14 13 2 15	1821.93638973953	0.817806361026047	6	7	9	10	8	5	3	4	0	1	11	12	14	13	2	15		
		53.751959	-0.335941
		54.980766	-1.615849
		55.958426	-3.186893
		55.862982	-4.263554
		54.892406	-2.923222
		53.409532	-3.000126
		53.803895	-1.549931
		53.478239	-2.258549
		52.486125	-1.890507
		51.460852	-2.588139
		51.488224	-3.186893
		51.624837	-3.94495
		50.152266	-5.065556
		50.726024	-3.543949
		51.512161	-0.116215
		51.289406	1.075802
		
c	9 10 8 4 5 6 7 3 0 1 12 14 13 11 2 15	1950.13505230417	0.804986494769583	9	10	8	4	5	6	7	3	0	1	12	14	13	11	2	15		
		55.958426	-3.186893
		55.862982	-4.263554
		54.892406	-2.923222
		53.478239	-2.258549
		53.409532	-3.000126
		53.751959	-0.335941
		54.980766	-1.615849
		53.803895	-1.549931
		52.486125	-1.890507
		51.460852	-2.588139
		51.624837	-3.94495
		50.152266	-5.065556
		50.726024	-3.543949
		51.488224	-3.186893
		51.512161	-0.116215
		51.289406	1.075802
		
c	10 8 3 5 4 0 1 11 12 14 2 13 15 6 7 9	2516.45173485717	0.748354826514283	10	8	3	5	4	0	1	11	12	14	2	13	15	6	7	9		
		55.862982	-4.263554
		54.892406	-2.923222
		53.803895	-1.549931
		53.409532	-3.000126
		53.478239	-2.258549
		52.486125	-1.890507
		51.460852	-2.588139
		51.488224	-3.186893
		51.624837	-3.94495
		50.152266	-5.065556
		51.512161	-0.116215
		50.726024	-3.543949
		51.289406	1.075802
		53.751959	-0.335941
		54.980766	-1.615849
		55.958426	-3.186893
		
c	6 9 10 8 7 4 5 0 11 12 14 13 3 1 2 15	2342.58679825722	0.765741320174278	6	9	10	8	7	4	5	0	11	12	14	13	3	1	2	15		
		53.751959	-0.335941
		55.958426	-3.186893
		55.862982	-4.263554
		54.892406	-2.923222
		54.980766	-1.615849
		53.478239	-2.258549
		53.409532	-3.000126
		52.486125	-1.890507
		51.488224	-3.186893
		51.624837	-3.94495
		50.152266	-5.065556
		50.726024	-3.543949
		53.803895	-1.549931
		51.460852	-2.588139
		51.512161	-0.116215
		51.289406	1.075802
		
c	0 11 12 14 13 6 3 1 2 15 7 9 10 8 5 4	2526.65625237292	0.747334374762708	0	11	12	14	13	6	3	1	2	15	7	9	10	8	5	4		
		52.486125	-1.890507
		51.488224	-3.186893
		51.624837	-3.94495
		50.152266	-5.065556
		50.726024	-3.543949
		53.751959	-0.335941
		53.803895	-1.549931
		51.460852	-2.588139
		51.512161	-0.116215
		51.289406	1.075802
		54.980766	-1.615849
		55.958426	-3.186893
		55.862982	-4.263554
		54.892406	-2.923222
		53.409532	-3.000126
		53.478239	-2.258549
		
c	4 1 11 3 6 7 9 10 8 5 0 12 14 13 2 15	2248.70076608044	0.775129923391956	4	1	11	3	6	7	9	10	8	5	0	12	14	13	2	15		
		53.478239	-2.258549
		51.460852	-2.588139
		51.488224	-3.186893
		53.803895	-1.549931
		53.751959	-0.335941
		54.980766	-1.615849
		55.958426	-3.186893
		55.862982	-4.263554
		54.892406	-2.923222
		53.409532	-3.000126
		52.486125	-1.890507
		51.624837	-3.94495
		50.152266	-5.065556
		50.726024	-3.543949
		51.512161	-0.116215
		51.289406	1.075802
		
c	3 9 6 7 10 8 5 4 0 1 11 12 14 13 2 15	2253.20895003865	0.774679104996135	3	9	6	7	10	8	5	4	0	1	11	12	14	13	2	15		
		53.803895	-1.549931
		55.958426	-3.186893
		53.751959	-0.335941
		54.980766	-1.615849
		55.862982	-4.263554
		54.892406	-2.923222
		53.409532	-3.000126
		53.478239	-2.258549
		52.486125	-1.890507
		51.460852	-2.588139
		51.488224	-3.186893
		51.624837	-3.94495
		50.152266	-5.065556
		50.726024	-3.543949
		51.512161	-0.116215
		51.289406	1.075802
		
c	5 4 12 14 13 11 2 6 7 10 9 8 3 0 1 15	2360.77547416388	0.763922452583612	5	4	12	14	13	11	2	6	7	10	9	8	3	0	1	15		
		53.409532	-3.000126
		53.478239	-2.258549
		51.624837	-3.94495
		50.152266	-5.065556
		50.726024	-3.543949
		51.488224	-3.186893
		51.512161	-0.116215
		53.751959	-0.335941
		54.980766	-1.615849
		55.862982	-4.263554
		55.958426	-3.186893
		54.892406	-2.923222
		53.803895	-1.549931
		52.486125	-1.890507
		51.460852	-2.588139
		51.289406	1.075802
		
c	1 3 8 4 5 6 7 9 10 0 11 12 14 13 2 15	2438.01736611266	0.756198263388734	1	3	8	4	5	6	7	9	10	0	11	12	14	13	2	15		
		51.460852	-2.588139
		53.803895	-1.549931
		54.892406	-2.923222
		53.478239	-2.258549
		53.409532	-3.000126
		53.751959	-0.335941
		54.980766	-1.615849
		55.958426	-3.186893
		55.862982	-4.263554
		52.486125	-1.890507
		51.488224	-3.186893
		51.624837	-3.94495
		50.152266	-5.065556
		50.726024	-3.543949
		51.512161	-0.116215
		51.289406	1.075802
		
c	7 9 6 10 8 5 3 4 11 0 1 12 14 13 2 15	2502.50416575682	0.749749583424318	7	9	6	10	8	5	3	4	11	0	1	12	14	13	2	15		
		54.980766	-1.615849
		55.958426	-3.186893
		53.751959	-0.335941
		55.862982	-4.263554
		54.892406	-2.923222
		53.409532	-3.000126
		53.803895	-1.549931
		53.478239	-2.258549
		51.488224	-3.186893
		52.486125	-1.890507
		51.460852	-2.588139
		51.624837	-3.94495
		50.152266	-5.065556
		50.726024	-3.543949
		51.512161	-0.116215
		51.289406	1.075802
		
c	3 0 11 12 14 13 2 15 1 6 7 9 10 8 4 5	2269.22826125795	0.773077173874205	3	0	11	12	14	13	2	15	1	6	7	9	10	8	4	5		
		53.803895	-1.549931
		52.486125	-1.890507
		51.488224	-3.186893
		51.624837	-3.94495
		50.152266	-5.065556
		50.726024	-3.543949
		51.512161	-0.116215
		51.289406	1.075802
		51.460852	-2.588139
		53.751959	-0.335941
		54.980766	-1.615849
		55.958426	-3.186893
		55.862982	-4.263554
		54.892406	-2.923222
		53.478239	-2.258549
		53.409532	-3.000126
		
c	7 10 9 8 5 6 3 4 0 1 11 12 14 13 2 15	1846.00611008192	0.815399388991808	7	10	9	8	5	6	3	4	0	1	11	12	14	13	2	15		
		54.980766	-1.615849
		55.862982	-4.263554
		55.958426	-3.186893
		54.892406	-2.923222
		53.409532	-3.000126
		53.751959	-0.335941
		53.803895	-1.549931
		53.478239	-2.258549
		52.486125	-1.890507
		51.460852	-2.588139
		51.488224	-3.186893
		51.624837	-3.94495
		50.152266	-5.065556
		50.726024	-3.543949
		51.512161	-0.116215
		51.289406	1.075802
		
c	11 12 14 13 2 15 6 7 9 10 8 3 4 0 1 5	2168.8446741663	0.78311553258337	11	12	14	13	2	15	6	7	9	10	8	3	4	0	1	5		
		51.488224	-3.186893
		51.624837	-3.94495
		50.152266	-5.065556
		50.726024	-3.543949
		51.512161	-0.116215
		51.289406	1.075802
		53.751959	-0.335941
		54.980766	-1.615849
		55.958426	-3.186893
		55.862982	-4.263554
		54.892406	-2.923222
		53.803895	-1.549931
		53.478239	-2.258549
		52.486125	-1.890507
		51.460852	-2.588139
		53.409532	-3.000126
		
c	1 11 5 12 14 13 2 15 6 7 10 9 8 3 4 0	2265.49313413546	0.773450686586454	1	11	5	12	14	13	2	15	6	7	10	9	8	3	4	0		
		51.460852	-2.588139
		51.488224	-3.186893
		53.409532	-3.000126
		51.624837	-3.94495
		50.152266	-5.065556
		50.726024	-3.543949
		51.512161	-0.116215
		51.289406	1.075802
		53.751959	-0.335941
		54.980766	-1.615849
		55.862982	-4.263554
		55.958426	-3.186893
		54.892406	-2.923222
		53.803895	-1.549931
		53.478239	-2.258549
		52.486125	-1.890507
		
c	9 10 8 5 7 4 1 11 12 14 13 6 3 0 2 15	2245.62741382195	0.775437258617805	9	10	8	5	7	4	1	11	12	14	13	6	3	0	2	15		
		55.958426	-3.186893
		55.862982	-4.263554
		54.892406	-2.923222
		53.409532	-3.000126
		54.980766	-1.615849
		53.478239	-2.258549
		51.460852	-2.588139
		51.488224	-3.186893
		51.624837	-3.94495
		50.152266	-5.065556
		50.726024	-3.543949
		53.751959	-0.335941
		53.803895	-1.549931
		52.486125	-1.890507
		51.512161	-0.116215
		51.289406	1.075802
		
c	10 8 7 5 6 4 0 11 12 14 13 3 1 2 15 9	2830.32002078453	0.716967997921547	10	8	7	5	6	4	0	11	12	14	13	3	1	2	15	9		
		55.862982	-4.263554
		54.892406	-2.923222
		54.980766	-1.615849
		53.409532	-3.000126
		53.751959	-0.335941
		53.478239	-2.258549
		52.486125	-1.890507
		51.488224	-3.186893
		51.624837	-3.94495
		50.152266	-5.065556
		50.726024	-3.543949
		53.803895	-1.549931
		51.460852	-2.588139
		51.512161	-0.116215
		51.289406	1.075802
		55.958426	-3.186893
		
c	4 11 0 1 12 14 13 2 15 6 7 10 9 8 3 5	2325.84242032493	0.767415757967507	4	11	0	1	12	14	13	2	15	6	7	10	9	8	3	5		
		53.478239	-2.258549
		51.488224	-3.186893
		52.486125	-1.890507
		51.460852	-2.588139
		51.624837	-3.94495
		50.152266	-5.065556
		50.726024	-3.543949
		51.512161	-0.116215
		51.289406	1.075802
		53.751959	-0.335941
		54.980766	-1.615849
		55.862982	-4.263554
		55.958426	-3.186893
		54.892406	-2.923222
		53.803895	-1.549931
		53.409532	-3.000126
		
c	5 4 0 1 11 12 14 13 2 15 6 7 9 10 8 3	1982.55061275106	0.801744938724895	5	4	0	1	11	12	14	13	2	15	6	7	9	10	8	3		
		53.409532	-3.000126
		53.478239	-2.258549
		52.486125	-1.890507
		51.460852	-2.588139
		51.488224	-3.186893
		51.624837	-3.94495
		50.152266	-5.065556
		50.726024	-3.543949
		51.512161	-0.116215
		51.289406	1.075802
		53.751959	-0.335941
		54.980766	-1.615849
		55.958426	-3.186893
		55.862982	-4.263554
		54.892406	-2.923222
		53.803895	-1.549931
		
c	15 9 10 8 7 5 6 3 4 0 1 11 12 14 13 2	2289.22592955372	0.771077407044628	15	9	10	8	7	5	6	3	4	0	1	11	12	14	13	2		
		51.289406	1.075802
		55.958426	-3.186893
		55.862982	-4.263554
		54.892406	-2.923222
		54.980766	-1.615849
		53.409532	-3.000126
		53.751959	-0.335941
		53.803895	-1.549931
		53.478239	-2.258549
		52.486125	-1.890507
		51.460852	-2.588139
		51.488224	-3.186893
		51.624837	-3.94495
		50.152266	-5.065556
		50.726024	-3.543949
		51.512161	-0.116215
		
c	2 13 15 6 7 9 10 8 0 1 11 12 14 3 4 5	2644.0197244625	0.73559802755375	2	13	15	6	7	9	10	8	0	1	11	12	14	3	4	5		
		51.512161	-0.116215
		50.726024	-3.543949
		51.289406	1.075802
		53.751959	-0.335941
		54.980766	-1.615849
		55.958426	-3.186893
		55.862982	-4.263554
		54.892406	-2.923222
		52.486125	-1.890507
		51.460852	-2.588139
		51.488224	-3.186893
		51.624837	-3.94495
		50.152266	-5.065556
		53.803895	-1.549931
		53.478239	-2.258549
		53.409532	-3.000126
		
c	0 11 12 14 13 1 2 3 6 7 9 15 10 8 4 5	2998.13952856213	0.700186047143787	0	11	12	14	13	1	2	3	6	7	9	15	10	8	4	5		
		52.486125	-1.890507
		51.488224	-3.186893
		51.624837	-3.94495
		50.152266	-5.065556
		50.726024	-3.543949
		51.460852	-2.588139
		51.512161	-0.116215
		53.803895	-1.549931
		53.751959	-0.335941
		54.980766	-1.615849
		55.958426	-3.186893
		51.289406	1.075802
		55.862982	-4.263554
		54.892406	-2.923222
		53.478239	-2.258549
		53.409532	-3.000126
		
c	2 0 1 11 12 14 15 6 5 13 7 9 10 8 3 4	2836.96581964956	0.716303418035044	2	0	1	11	12	14	15	6	5	13	7	9	10	8	3	4		
		51.512161	-0.116215
		52.486125	-1.890507
		51.460852	-2.588139
		51.488224	-3.186893
		51.624837	-3.94495
		50.152266	-5.065556
		51.289406	1.075802
		53.751959	-0.335941
		53.409532	-3.000126
		50.726024	-3.543949
		54.980766	-1.615849
		55.958426	-3.186893
		55.862982	-4.263554
		54.892406	-2.923222
		53.803895	-1.549931
		53.478239	-2.258549
		
c	9 10 6 7 8 3 5 4 0 1 11 12 14 13 2 15	1941.75184794262	0.805824815205738	9	10	6	7	8	3	5	4	0	1	11	12	14	13	2	15		
		55.958426	-3.186893
		55.862982	-4.263554
		53.751959	-0.335941
		54.980766	-1.615849
		54.892406	-2.923222
		53.803895	-1.549931
		53.409532	-3.000126
		53.478239	-2.258549
		52.486125	-1.890507
		51.460852	-2.588139
		51.488224	-3.186893
		51.624837	-3.94495
		50.152266	-5.065556
		50.726024	-3.543949
		51.512161	-0.116215
		51.289406	1.075802
		
c	7 0 4 1 11 3 6 9 10 8 5 12 14 13 2 15	2550.292854651	0.7449707145349	7	0	4	1	11	3	6	9	10	8	5	12	14	13	2	15		
		54.980766	-1.615849
		52.486125	-1.890507
		53.478239	-2.258549
		51.460852	-2.588139
		51.488224	-3.186893
		53.803895	-1.549931
		53.751959	-0.335941
		55.958426	-3.186893
		55.862982	-4.263554
		54.892406	-2.923222
		53.409532	-3.000126
		51.624837	-3.94495
		50.152266	-5.065556
		50.726024	-3.543949
		51.512161	-0.116215
		51.289406	1.075802
		
c	4 5 3 6 7 9 10 8 0 1 11 12 14 13 2 15	1890.57574276564	0.810942425723436	4	5	3	6	7	9	10	8	0	1	11	12	14	13	2	15		
		53.478239	-2.258549
		53.409532	-3.000126
		53.803895	-1.549931
		53.751959	-0.335941
		54.980766	-1.615849
		55.958426	-3.186893
		55.862982	-4.263554
		54.892406	-2.923222
		52.486125	-1.890507
		51.460852	-2.588139
		51.488224	-3.186893
		51.624837	-3.94495
		50.152266	-5.065556
		50.726024	-3.543949
		51.512161	-0.116215
		51.289406	1.075802
		
c	8 5 7 6 3 9 10 4 0 11 12 14 13 1 2 15	2205.12284388075	0.779487715611925	8	5	7	6	3	9	10	4	0	11	12	14	13	1	2	15		
		54.892406	-2.923222
		53.409532	-3.000126
		54.980766	-1.615849
		53.751959	-0.335941
		53.803895	-1.549931
		55.958426	-3.186893
		55.862982	-4.263554
		53.478239	-2.258549
		52.486125	-1.890507
		51.488224	-3.186893
		51.624837	-3.94495
		50.152266	-5.065556
		50.726024	-3.543949
		51.460852	-2.588139
		51.512161	-0.116215
		51.289406	1.075802
		
c	1 12 14 13 2 15 6 7 10 9 8 3 5 4 0 11	2134.93756979746	0.786506243020254	1	12	14	13	2	15	6	7	10	9	8	3	5	4	0	11		
		51.460852	-2.588139
		51.624837	-3.94495
		50.152266	-5.065556
		50.726024	-3.543949
		51.512161	-0.116215
		51.289406	1.075802
		53.751959	-0.335941
		54.980766	-1.615849
		55.862982	-4.263554
		55.958426	-3.186893
		54.892406	-2.923222
		53.803895	-1.549931
		53.409532	-3.000126
		53.478239	-2.258549
		52.486125	-1.890507
		51.488224	-3.186893
		
c	7 3 5 4 0 1 11 12 14 13 6 10 9 8 2 15	2364.33242907338	0.763566757092662	7	3	5	4	0	1	11	12	14	13	6	10	9	8	2	15		
		54.980766	-1.615849
		53.803895	-1.549931
		53.409532	-3.000126
		53.478239	-2.258549
		52.486125	-1.890507
		51.460852	-2.588139
		51.488224	-3.186893
		51.624837	-3.94495
		50.152266	-5.065556
		50.726024	-3.543949
		53.751959	-0.335941
		55.862982	-4.263554
		55.958426	-3.186893
		54.892406	-2.923222
		51.512161	-0.116215
		51.289406	1.075802
		
c	9 10 8 4 0 1 11 12 14 13 3 6 7 5 2 15	2186.13812975045	0.781386187024955	9	10	8	4	0	1	11	12	14	13	3	6	7	5	2	15		
		55.958426	-3.186893
		55.862982	-4.263554
		54.892406	-2.923222
		53.478239	-2.258549
		52.486125	-1.890507
		51.460852	-2.588139
		51.488224	-3.186893
		51.624837	-3.94495
		50.152266	-5.065556
		50.726024	-3.543949
		53.803895	-1.549931
		53.751959	-0.335941
		54.980766	-1.615849
		53.409532	-3.000126
		51.512161	-0.116215
		51.289406	1.075802
		
c	8 3 4 5 0 1 11 12 14 13 10 9 6 7 2 15	2503.76702496662	0.749623297503338	8	3	4	5	0	1	11	12	14	13	10	9	6	7	2	15		
		54.892406	-2.923222
		53.803895	-1.549931
		53.478239	-2.258549
		53.409532	-3.000126
		52.486125	-1.890507
		51.460852	-2.588139
		51.488224	-3.186893
		51.624837	-3.94495
		50.152266	-5.065556
		50.726024	-3.543949
		55.862982	-4.263554
		55.958426	-3.186893
		53.751959	-0.335941
		54.980766	-1.615849
		51.512161	-0.116215
		51.289406	1.075802
		
c	8 5 3 4 0 1 11 12 14 13 6 7 10 9 2 15	2411.76973676625	0.758823026323375	8	5	3	4	0	1	11	12	14	13	6	7	10	9	2	15		
		54.892406	-2.923222
		53.409532	-3.000126
		53.803895	-1.549931
		53.478239	-2.258549
		52.486125	-1.890507
		51.460852	-2.588139
		51.488224	-3.186893
		51.624837	-3.94495
		50.152266	-5.065556
		50.726024	-3.543949
		53.751959	-0.335941
		54.980766	-1.615849
		55.862982	-4.263554
		55.958426	-3.186893
		51.512161	-0.116215
		51.289406	1.075802
		
c	11 12 14 13 6 7 9 10 8 5 3 4 0 1 2 15	2097.97985369861	0.79020201463014	11	12	14	13	6	7	9	10	8	5	3	4	0	1	2	15		
		51.488224	-3.186893
		51.624837	-3.94495
		50.152266	-5.065556
		50.726024	-3.543949
		53.751959	-0.335941
		54.980766	-1.615849
		55.958426	-3.186893
		55.862982	-4.263554
		54.892406	-2.923222
		53.409532	-3.000126
		53.803895	-1.549931
		53.478239	-2.258549
		52.486125	-1.890507
		51.460852	-2.588139
		51.512161	-0.116215
		51.289406	1.075802
		
c	9 10 8 3 5 4 0 1 11 12 14 6 7 13 2 15	2530.79927812218	0.746920072187782	9	10	8	3	5	4	0	1	11	12	14	6	7	13	2	15		
		55.958426	-3.186893
		55.862982	-4.263554
		54.892406	-2.923222
		53.803895	-1.549931
		53.409532	-3.000126
		53.478239	-2.258549
		52.486125	-1.890507
		51.460852	-2.588139
		51.488224	-3.186893
		51.624837	-3.94495
		50.152266	-5.065556
		53.751959	-0.335941
		54.980766	-1.615849
		50.726024	-3.543949
		51.512161	-0.116215
		51.289406	1.075802
		
c	6 9 10 8 5 7 4 1 11 12 14 13 3 0 2 15	2438.43057126991	0.756156942873009	6	9	10	8	5	7	4	1	11	12	14	13	3	0	2	15		
		53.751959	-0.335941
		55.958426	-3.186893
		55.862982	-4.263554
		54.892406	-2.923222
		53.409532	-3.000126
		54.980766	-1.615849
		53.478239	-2.258549
		51.460852	-2.588139
		51.488224	-3.186893
		51.624837	-3.94495
		50.152266	-5.065556
		50.726024	-3.543949
		53.803895	-1.549931
		52.486125	-1.890507
		51.512161	-0.116215
		51.289406	1.075802
		
c	6 7 10 8 4 9 5 3 0 1 11 12 13 14 2 15	2387.20771595293	0.761279228404707	6	7	10	8	4	9	5	3	0	1	11	12	13	14	2	15		
		53.751959	-0.335941
		54.980766	-1.615849
		55.862982	-4.263554
		54.892406	-2.923222
		53.478239	-2.258549
		55.958426	-3.186893
		53.409532	-3.000126
		53.803895	-1.549931
		52.486125	-1.890507
		51.460852	-2.588139
		51.488224	-3.186893
		51.624837	-3.94495
		50.726024	-3.543949
		50.152266	-5.065556
		51.512161	-0.116215
		51.289406	1.075802
		
c	10 8 5 1 11 12 14 13 6 7 9 3 4 0 2 15	2314.1647151403	0.76858352848597	10	8	5	1	11	12	14	13	6	7	9	3	4	0	2	15		
		55.862982	-4.263554
		54.892406	-2.923222
		53.409532	-3.000126
		51.460852	-2.588139
		51.488224	-3.186893
		51.624837	-3.94495
		50.152266	-5.065556
		50.726024	-3.543949
		53.751959	-0.335941
		54.980766	-1.615849
		55.958426	-3.186893
		53.803895	-1.549931
		53.478239	-2.258549
		52.486125	-1.890507
		51.512161	-0.116215
		51.289406	1.075802
		
c	6 7 9 10 8 4 5 0 11 12 14 13 1 2 3 15	2235.49245152488	0.776450754847512	6	7	9	10	8	4	5	0	11	12	14	13	1	2	3	15		
		53.751959	-0.335941
		54.980766	-1.615849
		55.958426	-3.186893
		55.862982	-4.263554
		54.892406	-2.923222
		53.478239	-2.258549
		53.409532	-3.000126
		52.486125	-1.890507
		51.488224	-3.186893
		51.624837	-3.94495
		50.152266	-5.065556
		50.726024	-3.543949
		51.460852	-2.588139
		51.512161	-0.116215
		53.803895	-1.549931
		51.289406	1.075802
		
c	0 11 12 1 2 15 14 10 8 5 13 6 7 9 3 4	3268.66183648605	0.673133816351395	0	11	12	1	2	15	14	10	8	5	13	6	7	9	3	4		
		52.486125	-1.890507
		51.488224	-3.186893
		51.624837	-3.94495
		51.460852	-2.588139
		51.512161	-0.116215
		51.289406	1.075802
		50.152266	-5.065556
		55.862982	-4.263554
		54.892406	-2.923222
		53.409532	-3.000126
		50.726024	-3.543949
		53.751959	-0.335941
		54.980766	-1.615849
		55.958426	-3.186893
		53.803895	-1.549931
		53.478239	-2.258549
		
c	6 7 13 9 10 8 4 5 0 1 11 12 14 3 2 15	3009.41550959501	0.699058449040499	6	7	13	9	10	8	4	5	0	1	11	12	14	3	2	15		
		53.751959	-0.335941
		54.980766	-1.615849
		50.726024	-3.543949
		55.958426	-3.186893
		55.862982	-4.263554
		54.892406	-2.923222
		53.478239	-2.258549
		53.409532	-3.000126
		52.486125	-1.890507
		51.460852	-2.588139
		51.488224	-3.186893
		51.624837	-3.94495
		50.152266	-5.065556
		53.803895	-1.549931
		51.512161	-0.116215
		51.289406	1.075802
		
c	5 4 2 13 15 6 7 9 10 8 3 0 1 11 12 14	2397.75155218487	0.760224844781513	5	4	2	13	15	6	7	9	10	8	3	0	1	11	12	14		
		53.409532	-3.000126
		53.478239	-2.258549
		51.512161	-0.116215
		50.726024	-3.543949
		51.289406	1.075802
		53.751959	-0.335941
		54.980766	-1.615849
		55.958426	-3.186893
		55.862982	-4.263554
		54.892406	-2.923222
		53.803895	-1.549931
		52.486125	-1.890507
		51.460852	-2.588139
		51.488224	-3.186893
		51.624837	-3.94495
		50.152266	-5.065556
		
c	0 12 1 14 13 11 5 6 9 10 8 7 3 4 2 15	2233.56681017664	0.776643318982337	0	12	1	14	13	11	5	6	9	10	8	7	3	4	2	15		
		52.486125	-1.890507
		51.624837	-3.94495
		51.460852	-2.588139
		50.152266	-5.065556
		50.726024	-3.543949
		51.488224	-3.186893
		53.409532	-3.000126
		53.751959	-0.335941
		55.958426	-3.186893
		55.862982	-4.263554
		54.892406	-2.923222
		54.980766	-1.615849
		53.803895	-1.549931
		53.478239	-2.258549
		51.512161	-0.116215
		51.289406	1.075802
		
c	9 10 8 4 5 0 11 15 6 7 3 1 12 14 13 2	2490.97474065091	0.750902525934909	9	10	8	4	5	0	11	15	6	7	3	1	12	14	13	2		
		55.958426	-3.186893
		55.862982	-4.263554
		54.892406	-2.923222
		53.478239	-2.258549
		53.409532	-3.000126
		52.486125	-1.890507
		51.488224	-3.186893
		51.289406	1.075802
		53.751959	-0.335941
		54.980766	-1.615849
		53.803895	-1.549931
		51.460852	-2.588139
		51.624837	-3.94495
		50.152266	-5.065556
		50.726024	-3.543949
		51.512161	-0.116215
		
c	4 5 0 12 1 11 14 13 6 3 2 15 7 9 10 8	2447.54149833709	0.755245850166291	4	5	0	12	1	11	14	13	6	3	2	15	7	9	10	8		
		53.478239	-2.258549
		53.409532	-3.000126
		52.486125	-1.890507
		51.624837	-3.94495
		51.460852	-2.588139
		51.488224	-3.186893
		50.152266	-5.065556
		50.726024	-3.543949
		53.751959	-0.335941
		53.803895	-1.549931
		51.512161	-0.116215
		51.289406	1.075802
		54.980766	-1.615849
		55.958426	-3.186893
		55.862982	-4.263554
		54.892406	-2.923222
		
c	4 0 1 11 12 14 13 2 6 7 9 10 8 3 5 15	2274.79780288208	0.772520219711792	4	0	1	11	12	14	13	2	6	7	9	10	8	3	5	15		
		53.478239	-2.258549
		52.486125	-1.890507
		51.460852	-2.588139
		51.488224	-3.186893
		51.624837	-3.94495
		50.152266	-5.065556
		50.726024	-3.543949
		51.512161	-0.116215
		53.751959	-0.335941
		54.980766	-1.615849
		55.958426	-3.186893
		55.862982	-4.263554
		54.892406	-2.923222
		53.803895	-1.549931
		53.409532	-3.000126
		51.289406	1.075802
		
c	4 0 1 11 12 14 13 2 9 10 8 7 5 6 3 15	2505.07996306881	0.749492003693119	4	0	1	11	12	14	13	2	9	10	8	7	5	6	3	15		
		53.478239	-2.258549
		52.486125	-1.890507
		51.460852	-2.588139
		51.488224	-3.186893
		51.624837	-3.94495
		50.152266	-5.065556
		50.726024	-3.543949
		51.512161	-0.116215
		55.958426	-3.186893
		55.862982	-4.263554
		54.892406	-2.923222
		54.980766	-1.615849
		53.409532	-3.000126
		53.751959	-0.335941
		53.803895	-1.549931
		51.289406	1.075802
		
c	3 4 5 6 9 10 8 7 0 1 12 14 13 11 2 15	2074.90768357891	0.792509231642109	3	4	5	6	9	10	8	7	0	1	12	14	13	11	2	15		
		53.803895	-1.549931
		53.478239	-2.258549
		53.409532	-3.000126
		53.751959	-0.335941
		55.958426	-3.186893
		55.862982	-4.263554
		54.892406	-2.923222
		54.980766	-1.615849
		52.486125	-1.890507
		51.460852	-2.588139
		51.624837	-3.94495
		50.152266	-5.065556
		50.726024	-3.543949
		51.488224	-3.186893
		51.512161	-0.116215
		51.289406	1.075802
		
c	8 9 10 5 4 12 14 13 11 2 6 7 3 0 1 15	2432.39535786069	0.756760464213931	8	9	10	5	4	12	14	13	11	2	6	7	3	0	1	15		
		54.892406	-2.923222
		55.958426	-3.186893
		55.862982	-4.263554
		53.409532	-3.000126
		53.478239	-2.258549
		51.624837	-3.94495
		50.152266	-5.065556
		50.726024	-3.543949
		51.488224	-3.186893
		51.512161	-0.116215
		53.751959	-0.335941
		54.980766	-1.615849
		53.803895	-1.549931
		52.486125	-1.890507
		51.460852	-2.588139
		51.289406	1.075802
		
c	14 13 2 15 0 1 3 6 7 9 10 4 5 11 12 8	2540.31480870138	0.745968519129862	14	13	2	15	0	1	3	6	7	9	10	4	5	11	12	8		
		50.152266	-5.065556
		50.726024	-3.543949
		51.512161	-0.116215
		51.289406	1.075802
		52.486125	-1.890507
		51.460852	-2.588139
		53.803895	-1.549931
		53.751959	-0.335941
		54.980766	-1.615849
		55.958426	-3.186893
		55.862982	-4.263554
		53.478239	-2.258549
		53.409532	-3.000126
		51.488224	-3.186893
		51.624837	-3.94495
		54.892406	-2.923222
		
c	1 7 0 11 12 14 3 6 9 10 8 4 5 13 2 15	2970.19946628303	0.702980053371697	1	7	0	11	12	14	3	6	9	10	8	4	5	13	2	15		
		51.460852	-2.588139
		54.980766	-1.615849
		52.486125	-1.890507
		51.488224	-3.186893
		51.624837	-3.94495
		50.152266	-5.065556
		53.803895	-1.549931
		53.751959	-0.335941
		55.958426	-3.186893
		55.862982	-4.263554
		54.892406	-2.923222
		53.478239	-2.258549
		53.409532	-3.000126
		50.726024	-3.543949
		51.512161	-0.116215
		51.289406	1.075802
		
c	11 2 6 7 3 0 9 10 8 4 5 1 12 14 13 15	2664.24207574098	0.733575792425902	11	2	6	7	3	0	9	10	8	4	5	1	12	14	13	15		
		51.488224	-3.186893
		51.512161	-0.116215
		53.751959	-0.335941
		54.980766	-1.615849
		53.803895	-1.549931
		52.486125	-1.890507
		55.958426	-3.186893
		55.862982	-4.263554
		54.892406	-2.923222
		53.478239	-2.258549
		53.409532	-3.000126
		51.460852	-2.588139
		51.624837	-3.94495
		50.152266	-5.065556
		50.726024	-3.543949
		51.289406	1.075802
		
c	3 5 6 7 9 10 8 4 0 1 11 12 14 13 2 15	1940.893000935	0.8059106999065	3	5	6	7	9	10	8	4	0	1	11	12	14	13	2	15		
		53.803895	-1.549931
		53.409532	-3.000126
		53.751959	-0.335941
		54.980766	-1.615849
		55.958426	-3.186893
		55.862982	-4.263554
		54.892406	-2.923222
		53.478239	-2.258549
		52.486125	-1.890507
		51.460852	-2.588139
		51.488224	-3.186893
		51.624837	-3.94495
		50.152266	-5.065556
		50.726024	-3.543949
		51.512161	-0.116215
		51.289406	1.075802
		
c	5 6 9 10 8 7 3 4 0 1 12 14 13 11 2 15	1991.19231095028	0.800880768904972	5	6	9	10	8	7	3	4	0	1	12	14	13	11	2	15		
		53.409532	-3.000126
		53.751959	-0.335941
		55.958426	-3.186893
		55.862982	-4.263554
		54.892406	-2.923222
		54.980766	-1.615849
		53.803895	-1.549931
		53.478239	-2.258549
		52.486125	-1.890507
		51.460852	-2.588139
		51.624837	-3.94495
		50.152266	-5.065556
		50.726024	-3.543949
		51.488224	-3.186893
		51.512161	-0.116215
		51.289406	1.075802
		
c	0 1 11 12 14 13 8 9 10 5 4 2 6 7 3 15	2647.48497502625	0.735251502497375	0	1	11	12	14	13	8	9	10	5	4	2	6	7	3	15		
		52.486125	-1.890507
		51.460852	-2.588139
		51.488224	-3.186893
		51.624837	-3.94495
		50.152266	-5.065556
		50.726024	-3.543949
		54.892406	-2.923222
		55.958426	-3.186893
		55.862982	-4.263554
		53.409532	-3.000126
		53.478239	-2.258549
		51.512161	-0.116215
		53.751959	-0.335941
		54.980766	-1.615849
		53.803895	-1.549931
		51.289406	1.075802
		
c	5 3 15 6 7 10 9 8 4 0 11 12 14 13 2 1	2473.1483005774	0.75268516994226	5	3	15	6	7	10	9	8	4	0	11	12	14	13	2	1		
		53.409532	-3.000126
		53.803895	-1.549931
		51.289406	1.075802
		53.751959	-0.335941
		54.980766	-1.615849
		55.862982	-4.263554
		55.958426	-3.186893
		54.892406	-2.923222
		53.478239	-2.258549
		52.486125	-1.890507
		51.488224	-3.186893
		51.624837	-3.94495
		50.152266	-5.065556
		50.726024	-3.543949
		51.512161	-0.116215
		51.460852	-2.588139
		
c	5 0 1 11 12 14 13 2 15 6 7 10 9 8 3 4	2034.89784448866	0.796510215551135	5	0	1	11	12	14	13	2	15	6	7	10	9	8	3	4		
		53.409532	-3.000126
		52.486125	-1.890507
		51.460852	-2.588139
		51.488224	-3.186893
		51.624837	-3.94495
		50.152266	-5.065556
		50.726024	-3.543949
		51.512161	-0.116215
		51.289406	1.075802
		53.751959	-0.335941
		54.980766	-1.615849
		55.862982	-4.263554
		55.958426	-3.186893
		54.892406	-2.923222
		53.803895	-1.549931
		53.478239	-2.258549
		
c	0 3 6 7 9 10 8 4 5 12 1 14 13 11 2 15	1996.39397558823	0.800360602441177	0	3	6	7	9	10	8	4	5	12	1	14	13	11	2	15		
		52.486125	-1.890507
		53.803895	-1.549931
		53.751959	-0.335941
		54.980766	-1.615849
		55.958426	-3.186893
		55.862982	-4.263554
		54.892406	-2.923222
		53.478239	-2.258549
		53.409532	-3.000126
		51.624837	-3.94495
		51.460852	-2.588139
		50.152266	-5.065556
		50.726024	-3.543949
		51.488224	-3.186893
		51.512161	-0.116215
		51.289406	1.075802
		
c	6 7 10 8 4 5 0 11 12 14 13 9 3 1 2 15	2704.8837706887	0.72951162293113	6	7	10	8	4	5	0	11	12	14	13	9	3	1	2	15		
		53.751959	-0.335941
		54.980766	-1.615849
		55.862982	-4.263554
		54.892406	-2.923222
		53.478239	-2.258549
		53.409532	-3.000126
		52.486125	-1.890507
		51.488224	-3.186893
		51.624837	-3.94495
		50.152266	-5.065556
		50.726024	-3.543949
		55.958426	-3.186893
		53.803895	-1.549931
		51.460852	-2.588139
		51.512161	-0.116215
		51.289406	1.075802
		
c	5 6 3 4 12 14 13 11 2 7 10 9 8 0 1 15	2596.69103443982	0.740330896556018	5	6	3	4	12	14	13	11	2	7	10	9	8	0	1	15		
		53.409532	-3.000126
		53.751959	-0.335941
		53.803895	-1.549931
		53.478239	-2.258549
		51.624837	-3.94495
		50.152266	-5.065556
		50.726024	-3.543949
		51.488224	-3.186893
		51.512161	-0.116215
		54.980766	-1.615849
		55.862982	-4.263554
		55.958426	-3.186893
		54.892406	-2.923222
		52.486125	-1.890507
		51.460852	-2.588139
		51.289406	1.075802
		
c	6 7 10 11 12 14 9 8 5 3 4 0 1 13 2 15	2871.14358074895	0.712885641925105	6	7	10	11	12	14	9	8	5	3	4	0	1	13	2	15		
		53.751959	-0.335941
		54.980766	-1.615849
		55.862982	-4.263554
		51.488224	-3.186893
		51.624837	-3.94495
		50.152266	-5.065556
		55.958426	-3.186893
		54.892406	-2.923222
		53.409532	-3.000126
		53.803895	-1.549931
		53.478239	-2.258549
		52.486125	-1.890507
		51.460852	-2.588139
		50.726024	-3.543949
		51.512161	-0.116215
		51.289406	1.075802
		
c	0 1 12 14 13 11 3 6 7 9 10 8 4 5 2 15	2073.11583281615	0.792688416718385	0	1	12	14	13	11	3	6	7	9	10	8	4	5	2	15		
		52.486125	-1.890507
		51.460852	-2.588139
		51.624837	-3.94495
		50.152266	-5.065556
		50.726024	-3.543949
		51.488224	-3.186893
		53.803895	-1.549931
		53.751959	-0.335941
		54.980766	-1.615849
		55.958426	-3.186893
		55.862982	-4.263554
		54.892406	-2.923222
		53.478239	-2.258549
		53.409532	-3.000126
		51.512161	-0.116215
		51.289406	1.075802
		
c	5 6 3 4 0 1 11 14 13 7 9 10 8 12 2 15	2484.60959180571	0.751539040819429	5	6	3	4	0	1	11	14	13	7	9	10	8	12	2	15		
		53.409532	-3.000126
		53.751959	-0.335941
		53.803895	-1.549931
		53.478239	-2.258549
		52.486125	-1.890507
		51.460852	-2.588139
		51.488224	-3.186893
		50.152266	-5.065556
		50.726024	-3.543949
		54.980766	-1.615849
		55.958426	-3.186893
		55.862982	-4.263554
		54.892406	-2.923222
		51.624837	-3.94495
		51.512161	-0.116215
		51.289406	1.075802
		
c	5 0 11 3 1 9 10 8 7 6 4 12 14 13 2 15	2783.25682019239	0.721674317980761	5	0	11	3	1	9	10	8	7	6	4	12	14	13	2	15		
		53.409532	-3.000126
		52.486125	-1.890507
		51.488224	-3.186893
		53.803895	-1.549931
		51.460852	-2.588139
		55.958426	-3.186893
		55.862982	-4.263554
		54.892406	-2.923222
		54.980766	-1.615849
		53.751959	-0.335941
		53.478239	-2.258549
		51.624837	-3.94495
		50.152266	-5.065556
		50.726024	-3.543949
		51.512161	-0.116215
		51.289406	1.075802
		
c	3 1 2 15 7 6 9 10 8 4 5 0 12 14 13 11	2550.67634498985	0.744932365501015	3	1	2	15	7	6	9	10	8	4	5	0	12	14	13	11		
		53.803895	-1.549931
		51.460852	-2.588139
		51.512161	-0.116215
		51.289406	1.075802
		54.980766	-1.615849
		53.751959	-0.335941
		55.958426	-3.186893
		55.862982	-4.263554
		54.892406	-2.923222
		53.478239	-2.258549
		53.409532	-3.000126
		52.486125	-1.890507
		51.624837	-3.94495
		50.152266	-5.065556
		50.726024	-3.543949
		51.488224	-3.186893
		
c	1 11 14 13 9 10 8 5 6 3 7 4 0 12 2 15	2515.17997285364	0.748482002714636	1	11	14	13	9	10	8	5	6	3	7	4	0	12	2	15		
		51.460852	-2.588139
		51.488224	-3.186893
		50.152266	-5.065556
		50.726024	-3.543949
		55.958426	-3.186893
		55.862982	-4.263554
		54.892406	-2.923222
		53.409532	-3.000126
		53.751959	-0.335941
		53.803895	-1.549931
		54.980766	-1.615849
		53.478239	-2.258549
		52.486125	-1.890507
		51.624837	-3.94495
		51.512161	-0.116215
		51.289406	1.075802
		
c	4 10 8 5 1 3 0 2 15 6 7 9 11 12 14 13	2937.87759081453	0.706212240918547	4	10	8	5	1	3	0	2	15	6	7	9	11	12	14	13		
		53.478239	-2.258549
		55.862982	-4.263554
		54.892406	-2.923222
		53.409532	-3.000126
		51.460852	-2.588139
		53.803895	-1.549931
		52.486125	-1.890507
		51.512161	-0.116215
		51.289406	1.075802
		53.751959	-0.335941
		54.980766	-1.615849
		55.958426	-3.186893
		51.488224	-3.186893
		51.624837	-3.94495
		50.152266	-5.065556
		50.726024	-3.543949
		
c	1 9 10 4 5 0 11 12 14 13 2 15 6 7 8 3	2569.52976773671	0.743047023226329	1	9	10	4	5	0	11	12	14	13	2	15	6	7	8	3		
		51.460852	-2.588139
		55.958426	-3.186893
		55.862982	-4.263554
		53.478239	-2.258549
		53.409532	-3.000126
		52.486125	-1.890507
		51.488224	-3.186893
		51.624837	-3.94495
		50.152266	-5.065556
		50.726024	-3.543949
		51.512161	-0.116215
		51.289406	1.075802
		53.751959	-0.335941
		54.980766	-1.615849
		54.892406	-2.923222
		53.803895	-1.549931
		
c	10 8 4 5 0 11 12 14 13 1 3 6 7 9 2 15	2362.62257877857	0.763737742122143	10	8	4	5	0	11	12	14	13	1	3	6	7	9	2	15		
		55.862982	-4.263554
		54.892406	-2.923222
		53.478239	-2.258549
		53.409532	-3.000126
		52.486125	-1.890507
		51.488224	-3.186893
		51.624837	-3.94495
		50.152266	-5.065556
		50.726024	-3.543949
		51.460852	-2.588139
		53.803895	-1.549931
		53.751959	-0.335941
		54.980766	-1.615849
		55.958426	-3.186893
		51.512161	-0.116215
		51.289406	1.075802
		
c	7 9 5 6 10 8 3 4 0 1 12 14 13 11 2 15	2327.54555847679	0.767245444152321	7	9	5	6	10	8	3	4	0	1	12	14	13	11	2	15		
		54.980766	-1.615849
		55.958426	-3.186893
		53.409532	-3.000126
		53.751959	-0.335941
		55.862982	-4.263554
		54.892406	-2.923222
		53.803895	-1.549931
		53.478239	-2.258549
		52.486125	-1.890507
		51.460852	-2.588139
		51.624837	-3.94495
		50.152266	-5.065556
		50.726024	-3.543949
		51.488224	-3.186893
		51.512161	-0.116215
		51.289406	1.075802
		
c	11 12 14 13 9 6 7 10 8 5 3 4 0 1 2 15	2563.68948797261	0.743631051202739	11	12	14	13	9	6	7	10	8	5	3	4	0	1	2	15		
		51.488224	-3.186893
		51.624837	-3.94495
		50.152266	-5.065556
		50.726024	-3.543949
		55.958426	-3.186893
		53.751959	-0.335941
		54.980766	-1.615849
		55.862982	-4.263554
		54.892406	-2.923222
		53.409532	-3.000126
		53.803895	-1.549931
		53.478239	-2.258549
		52.486125	-1.890507
		51.460852	-2.588139
		51.512161	-0.116215
		51.289406	1.075802
		
c	9 10 5 4 12 6 8 7 3 0 1 14 13 11 2 15	2413.53297423111	0.758646702576889	9	10	5	4	12	6	8	7	3	0	1	14	13	11	2	15		
		55.958426	-3.186893
		55.862982	-4.263554
		53.409532	-3.000126
		53.478239	-2.258549
		51.624837	-3.94495
		53.751959	-0.335941
		54.892406	-2.923222
		54.980766	-1.615849
		53.803895	-1.549931
		52.486125	-1.890507
		51.460852	-2.588139
		50.152266	-5.065556
		50.726024	-3.543949
		51.488224	-3.186893
		51.512161	-0.116215
		51.289406	1.075802
		
c	13 4 5 0 11 12 14 1 2 3 6 7 9 10 8 15	2617.02728053134	0.738297271946866	13	4	5	0	11	12	14	1	2	3	6	7	9	10	8	15		
		50.726024	-3.543949
		53.478239	-2.258549
		53.409532	-3.000126
		52.486125	-1.890507
		51.488224	-3.186893
		51.624837	-3.94495
		50.152266	-5.065556
		51.460852	-2.588139
		51.512161	-0.116215
		53.803895	-1.549931
		53.751959	-0.335941
		54.980766	-1.615849
		55.958426	-3.186893
		55.862982	-4.263554
		54.892406	-2.923222
		51.289406	1.075802
		
c	6 9 10 8 7 5 4 12 14 13 11 2 3 0 1 15	2483.86258409993	0.751613741590007	6	9	10	8	7	5	4	12	14	13	11	2	3	0	1	15		
		53.751959	-0.335941
		55.958426	-3.186893
		55.862982	-4.263554
		54.892406	-2.923222
		54.980766	-1.615849
		53.409532	-3.000126
		53.478239	-2.258549
		51.624837	-3.94495
		50.152266	-5.065556
		50.726024	-3.543949
		51.488224	-3.186893
		51.512161	-0.116215
		53.803895	-1.549931
		52.486125	-1.890507
		51.460852	-2.588139
		51.289406	1.075802
		
c	1 11 12 14 5 2 13 15 6 7 9 10 8 3 4 0	2662.50245099061	0.733749754900939	1	11	12	14	5	2	13	15	6	7	9	10	8	3	4	0		
		51.460852	-2.588139
		51.488224	-3.186893
		51.624837	-3.94495
		50.152266	-5.065556
		53.409532	-3.000126
		51.512161	-0.116215
		50.726024	-3.543949
		51.289406	1.075802
		53.751959	-0.335941
		54.980766	-1.615849
		55.958426	-3.186893
		55.862982	-4.263554
		54.892406	-2.923222
		53.803895	-1.549931
		53.478239	-2.258549
		52.486125	-1.890507
		
c	3 4 0 1 6 7 9 10 8 5 11 12 14 13 2 15	2185.79296900278	0.781420703099722	3	4	0	1	6	7	9	10	8	5	11	12	14	13	2	15		
		53.803895	-1.549931
		53.478239	-2.258549
		52.486125	-1.890507
		51.460852	-2.588139
		53.751959	-0.335941
		54.980766	-1.615849
		55.958426	-3.186893
		55.862982	-4.263554
		54.892406	-2.923222
		53.409532	-3.000126
		51.488224	-3.186893
		51.624837	-3.94495
		50.152266	-5.065556
		50.726024	-3.543949
		51.512161	-0.116215
		51.289406	1.075802
		
c	8 4 5 0 1 11 12 14 13 9 10 7 6 3 2 15	2308.79472505988	0.769120527494012	8	4	5	0	1	11	12	14	13	9	10	7	6	3	2	15		
		54.892406	-2.923222
		53.478239	-2.258549
		53.409532	-3.000126
		52.486125	-1.890507
		51.460852	-2.588139
		51.488224	-3.186893
		51.624837	-3.94495
		50.152266	-5.065556
		50.726024	-3.543949
		55.958426	-3.186893
		55.862982	-4.263554
		54.980766	-1.615849
		53.751959	-0.335941
		53.803895	-1.549931
		51.512161	-0.116215
		51.289406	1.075802
		
c	6 9 7 10 8 3 5 4 0 1 11 12 14 13 2 15	2069.50425400481	0.793049574599519	6	9	7	10	8	3	5	4	0	1	11	12	14	13	2	15		
		53.751959	-0.335941
		55.958426	-3.186893
		54.980766	-1.615849
		55.862982	-4.263554
		54.892406	-2.923222
		53.803895	-1.549931
		53.409532	-3.000126
		53.478239	-2.258549
		52.486125	-1.890507
		51.460852	-2.588139
		51.488224	-3.186893
		51.624837	-3.94495
		50.152266	-5.065556
		50.726024	-3.543949
		51.512161	-0.116215
		51.289406	1.075802
		
c	15 6 7 10 9 8 4 0 11 12 14 13 1 3 5 2	2378.86005824529	0.762113994175471	15	6	7	10	9	8	4	0	11	12	14	13	1	3	5	2		
		51.289406	1.075802
		53.751959	-0.335941
		54.980766	-1.615849
		55.862982	-4.263554
		55.958426	-3.186893
		54.892406	-2.923222
		53.478239	-2.258549
		52.486125	-1.890507
		51.488224	-3.186893
		51.624837	-3.94495
		50.152266	-5.065556
		50.726024	-3.543949
		51.460852	-2.588139
		53.803895	-1.549931
		53.409532	-3.000126
		51.512161	-0.116215
		
c	11 9 3 6 7 10 8 4 5 12 14 13 15 0 2 1	2963.67090079795	0.703632909920205	11	9	3	6	7	10	8	4	5	12	14	13	15	0	2	1		
		51.488224	-3.186893
		55.958426	-3.186893
		53.803895	-1.549931
		53.751959	-0.335941
		54.980766	-1.615849
		55.862982	-4.263554
		54.892406	-2.923222
		53.478239	-2.258549
		53.409532	-3.000126
		51.624837	-3.94495
		50.152266	-5.065556
		50.726024	-3.543949
		51.289406	1.075802
		52.486125	-1.890507
		51.512161	-0.116215
		51.460852	-2.588139
		
c	8 4 3 6 7 9 10 5 0 1 11 12 14 13 2 15	1956.00158044453	0.804399841955547	8	4	3	6	7	9	10	5	0	1	11	12	14	13	2	15		
		54.892406	-2.923222
		53.478239	-2.258549
		53.803895	-1.549931
		53.751959	-0.335941
		54.980766	-1.615849
		55.958426	-3.186893
		55.862982	-4.263554
		53.409532	-3.000126
		52.486125	-1.890507
		51.460852	-2.588139
		51.488224	-3.186893
		51.624837	-3.94495
		50.152266	-5.065556
		50.726024	-3.543949
		51.512161	-0.116215
		51.289406	1.075802
		
g80		1758.37881581719	0.824162118418281	0	6	3	7	9	10	8	5	4	0	1	11	12	14	13	2	15		
		53.751959	-0.335941
		53.803895	-1.549931
		54.980766	-1.615849
		55.958426	-3.186893
		55.862982	-4.263554
		54.892406	-2.923222
		53.409532	-3.000126
		53.478239	-2.258549
		52.486125	-1.890507
		51.460852	-2.588139
		51.488224	-3.186893
		51.624837	-3.94495
		50.152266	-5.065556
		50.726024	-3.543949
		51.512161	-0.116215
		51.289406	1.075802
		
g80		1785.41447966156	0.821458552033844	1	9	10	8	7	5	6	3	4	0	1	11	12	14	13	2	15		
		55.958426	-3.186893
		55.862982	-4.263554
		54.892406	-2.923222
		54.980766	-1.615849
		53.409532	-3.000126
		53.751959	-0.335941
		53.803895	-1.549931
		53.478239	-2.258549
		52.486125	-1.890507
		51.460852	-2.588139
		51.488224	-3.186893
		51.624837	-3.94495
		50.152266	-5.065556
		50.726024	-3.543949
		51.512161	-0.116215
		51.289406	1.075802
		
g80		1787.2678443766	0.82127321556234	2	3	6	7	9	10	8	5	4	0	1	11	12	14	13	2	15		
		53.803895	-1.549931
		53.751959	-0.335941
		54.980766	-1.615849
		55.958426	-3.186893
		55.862982	-4.263554
		54.892406	-2.923222
		53.409532	-3.000126
		53.478239	-2.258549
		52.486125	-1.890507
		51.460852	-2.588139
		51.488224	-3.186893
		51.624837	-3.94495
		50.152266	-5.065556
		50.726024	-3.543949
		51.512161	-0.116215
		51.289406	1.075802
		
g80		1794.61235065558	0.820538764934442	3	6	7	10	9	8	3	4	5	0	1	11	12	14	13	2	15		
		53.751959	-0.335941
		54.980766	-1.615849
		55.862982	-4.263554
		55.958426	-3.186893
		54.892406	-2.923222
		53.803895	-1.549931
		53.478239	-2.258549
		53.409532	-3.000126
		52.486125	-1.890507
		51.460852	-2.588139
		51.488224	-3.186893
		51.624837	-3.94495
		50.152266	-5.065556
		50.726024	-3.543949
		51.512161	-0.116215
		51.289406	1.075802
		
g80		1797.80495121807	0.820219504878193	4	6	7	9	10	8	3	5	4	0	1	11	12	14	13	2	15		
		53.751959	-0.335941
		54.980766	-1.615849
		55.958426	-3.186893
		55.862982	-4.263554
		54.892406	-2.923222
		53.803895	-1.549931
		53.409532	-3.000126
		53.478239	-2.258549
		52.486125	-1.890507
		51.460852	-2.588139
		51.488224	-3.186893
		51.624837	-3.94495
		50.152266	-5.065556
		50.726024	-3.543949
		51.512161	-0.116215
		51.289406	1.075802
		
g80		1798.08570279311	0.820191429720689	5	3	6	7	9	10	8	4	5	0	11	12	14	13	1	2	15		
		53.803895	-1.549931
		53.751959	-0.335941
		54.980766	-1.615849
		55.958426	-3.186893
		55.862982	-4.263554
		54.892406	-2.923222
		53.478239	-2.258549
		53.409532	-3.000126
		52.486125	-1.890507
		51.488224	-3.186893
		51.624837	-3.94495
		50.152266	-5.065556
		50.726024	-3.543949
		51.460852	-2.588139
		51.512161	-0.116215
		51.289406	1.075802
		
