c	12 11 6 5 4 10 9 8 7 3 0 1 14 13 2 15	2263.47931128027	0.773652068871973	12	11	6	5	4	10	9	8	7	3	0	1	14	13	2	15		
		51.624837	-3.94495
		51.488224	-3.186893
		53.751959	-0.335941
		53.409532	-3.000126
		53.478239	-2.258549
		55.862982	-4.263554
		55.958426	-3.186893
		54.892406	-2.923222
		54.980766	-1.615849
		53.803895	-1.549931
		52.486125	-1.890507
		51.460852	-2.588139
		50.152266	-5.065556
		50.726024	-3.543949
		51.512161	-0.116215
		51.289406	1.075802
		
c	11 12 14 13 1 10 9 8 7 3 0 6 4 5 2 15	2248.39966066655	0.775160033933345	11	12	14	13	1	10	9	8	7	3	0	6	4	5	2	15		
		51.488224	-3.186893
		51.624837	-3.94495
		50.152266	-5.065556
		50.726024	-3.543949
		51.460852	-2.588139
		55.862982	-4.263554
		55.958426	-3.186893
		54.892406	-2.923222
		54.980766	-1.615849
		53.803895	-1.549931
		52.486125	-1.890507
		53.751959	-0.335941
		53.478239	-2.258549
		53.409532	-3.000126
		51.512161	-0.116215
		51.289406	1.075802
		
c	4 5 0 1 11 12 14 13 2 6 10 9 8 3 7 15	2468.06336040172	0.753193663959828	4	5	0	1	11	12	14	13	2	6	10	9	8	3	7	15		
		53.478239	-2.258549
		53.409532	-3.000126
		52.486125	-1.890507
		51.460852	-2.588139
		51.488224	-3.186893
		51.624837	-3.94495
		50.152266	-5.065556
		50.726024	-3.543949
		51.512161	-0.116215
		53.751959	-0.335941
		55.862982	-4.263554
		55.958426	-3.186893
		54.892406	-2.923222
		53.803895	-1.549931
		54.980766	-1.615849
		51.289406	1.075802
		
c	11 12 14 13 2 5 1 10 9 8 7 3 6 4 0 15	2593.09637775558	0.740690362224442	11	12	14	13	2	5	1	10	9	8	7	3	6	4	0	15		
		51.488224	-3.186893
		51.624837	-3.94495
		50.152266	-5.065556
		50.726024	-3.543949
		51.512161	-0.116215
		53.409532	-3.000126
		51.460852	-2.588139
		55.862982	-4.263554
		55.958426	-3.186893
		54.892406	-2.923222
		54.980766	-1.615849
		53.803895	-1.549931
		53.751959	-0.335941
		53.478239	-2.258549
		52.486125	-1.890507
		51.289406	1.075802
		
c	13 1 2 3 6 10 8 7 9 4 0 11 12 5 14 15	2981.29698241015	0.701870301758985	13	1	2	3	6	10	8	7	9	4	0	11	12	5	14	15		
		50.726024	-3.543949
		51.460852	-2.588139
		51.512161	-0.116215
		53.803895	-1.549931
		53.751959	-0.335941
		55.862982	-4.263554
		54.892406	-2.923222
		54.980766	-1.615849
		55.958426	-3.186893
		53.478239	-2.258549
		52.486125	-1.890507
		51.488224	-3.186893
		51.624837	-3.94495
		53.409532	-3.000126
		50.152266	-5.065556
		51.289406	1.075802
		
c	6 3 4 5 0 1 2 10 9 8 7 11 12 14 13 15	2530.19662698501	0.746980337301499	6	3	4	5	0	1	2	10	9	8	7	11	12	14	13	15		
		53.751959	-0.335941
		53.803895	-1.549931
		53.478239	-2.258549
		53.409532	-3.000126
		52.486125	-1.890507
		51.460852	-2.588139
		51.512161	-0.116215
		55.862982	-4.263554
		55.958426	-3.186893
		54.892406	-2.923222
		54.980766	-1.615849
		51.488224	-3.186893
		51.624837	-3.94495
		50.152266	-5.065556
		50.726024	-3.543949
		51.289406	1.075802
		
c	0 11 12 14 13 1 3 6 5 9 10 8 7 2 4 15	2704.55291012454	0.729544708987546	0	11	12	14	13	1	3	6	5	9	10	8	7	2	4	15		
		52.486125	-1.890507
		51.488224	-3.186893
		51.624837	-3.94495
		50.152266	-5.065556
		50.726024	-3.543949
		51.460852	-2.588139
		53.803895	-1.549931
		53.751959	-0.335941
		53.409532	-3.000126
		55.958426	-3.186893
		55.862982	-4.263554
		54.892406	-2.923222
		54.980766	-1.615849
		51.512161	-0.116215
		53.478239	-2.258549
		51.289406	1.075802
		
c	11 12 14 13 1 5 8 7 6 4 0 10 9 3 2 15	2431.91462328083	0.756808537671917	11	12	14	13	1	5	8	7	6	4	0	10	9	3	2	15		
		51.488224	-3.186893
		51.624837	-3.94495
		50.152266	-5.065556
		50.726024	-3.543949
		51.460852	-2.588139
		53.409532	-3.000126
		54.892406	-2.923222
		54.980766	-1.615849
		53.751959	-0.335941
		53.478239	-2.258549
		52.486125	-1.890507
		55.862982	-4.263554
		55.958426	-3.186893
		53.803895	-1.549931
		51.512161	-0.116215
		51.289406	1.075802
		
c	4 0 11 12 14 13 1 3 6 5 9 10 8 7 2 15	2309.31447843706	0.769068552156294	4	0	11	12	14	13	1	3	6	5	9	10	8	7	2	15		
		53.478239	-2.258549
		52.486125	-1.890507
		51.488224	-3.186893
		51.624837	-3.94495
		50.152266	-5.065556
		50.726024	-3.543949
		51.460852	-2.588139
		53.803895	-1.549931
		53.751959	-0.335941
		53.409532	-3.000126
		55.958426	-3.186893
		55.862982	-4.263554
		54.892406	-2.923222
		54.980766	-1.615849
		51.512161	-0.116215
		51.289406	1.075802
		
c	12 14 13 1 2 6 4 0 10 9 8 7 3 11 5 15	2742.84841371575	0.725715158628425	12	14	13	1	2	6	4	0	10	9	8	7	3	11	5	15		
		51.624837	-3.94495
		50.152266	-5.065556
		50.726024	-3.543949
		51.460852	-2.588139
		51.512161	-0.116215
		53.751959	-0.335941
		53.478239	-2.258549
		52.486125	-1.890507
		55.862982	-4.263554
		55.958426	-3.186893
		54.892406	-2.923222
		54.980766	-1.615849
		53.803895	-1.549931
		51.488224	-3.186893
		53.409532	-3.000126
		51.289406	1.075802
		
c	7 12 14 13 1 10 9 8 3 0 6 4 5 11 2 15	2672.03030698944	0.732796969301056	7	12	14	13	1	10	9	8	3	0	6	4	5	11	2	15		
		54.980766	-1.615849
		51.624837	-3.94495
		50.152266	-5.065556
		50.726024	-3.543949
		51.460852	-2.588139
		55.862982	-4.263554
		55.958426	-3.186893
		54.892406	-2.923222
		53.803895	-1.549931
		52.486125	-1.890507
		53.751959	-0.335941
		53.478239	-2.258549
		53.409532	-3.000126
		51.488224	-3.186893
		51.512161	-0.116215
		51.289406	1.075802
		
c	9 8 7 6 3 11 12 0 14 13 1 2 4 10 5 15	2896.17733193017	0.710382266806983	9	8	7	6	3	11	12	0	14	13	1	2	4	10	5	15		
		55.958426	-3.186893
		54.892406	-2.923222
		54.980766	-1.615849
		53.751959	-0.335941
		53.803895	-1.549931
		51.488224	-3.186893
		51.624837	-3.94495
		52.486125	-1.890507
		50.152266	-5.065556
		50.726024	-3.543949
		51.460852	-2.588139
		51.512161	-0.116215
		53.478239	-2.258549
		55.862982	-4.263554
		53.409532	-3.000126
		51.289406	1.075802
		
c	0 1 11 12 8 9 10 7 6 3 14 4 5 13 2 15	2790.95809224822	0.720904190775178	0	1	11	12	8	9	10	7	6	3	14	4	5	13	2	15		
		52.486125	-1.890507
		51.460852	-2.588139
		51.488224	-3.186893
		51.624837	-3.94495
		54.892406	-2.923222
		55.958426	-3.186893
		55.862982	-4.263554
		54.980766	-1.615849
		53.751959	-0.335941
		53.803895	-1.549931
		50.152266	-5.065556
		53.478239	-2.258549
		53.409532	-3.000126
		50.726024	-3.543949
		51.512161	-0.116215
		51.289406	1.075802
		
c	10 9 8 7 3 6 4 11 12 14 13 5 1 0 2 15	2096.32493945167	0.790367506054833	10	9	8	7	3	6	4	11	12	14	13	5	1	0	2	15		
		55.862982	-4.263554
		55.958426	-3.186893
		54.892406	-2.923222
		54.980766	-1.615849
		53.803895	-1.549931
		53.751959	-0.335941
		53.478239	-2.258549
		51.488224	-3.186893
		51.624837	-3.94495
		50.152266	-5.065556
		50.726024	-3.543949
		53.409532	-3.000126
		51.460852	-2.588139
		52.486125	-1.890507
		51.512161	-0.116215
		51.289406	1.075802
		
c	7 6 3 0 14 4 5 1 11 12 13 10 9 8 2 15	2880.67071176071	0.711932928823929	7	6	3	0	14	4	5	1	11	12	13	10	9	8	2	15		
		54.980766	-1.615849
		53.751959	-0.335941
		53.803895	-1.549931
		52.486125	-1.890507
		50.152266	-5.065556
		53.478239	-2.258549
		53.409532	-3.000126
		51.460852	-2.588139
		51.488224	-3.186893
		51.624837	-3.94495
		50.726024	-3.543949
		55.862982	-4.263554
		55.958426	-3.186893
		54.892406	-2.923222
		51.512161	-0.116215
		51.289406	1.075802
		
c	4 0 2 7 9 10 6 8 3 5 1 11 12 14 13 15	2649.60407648171	0.735039592351829	4	0	2	7	9	10	6	8	3	5	1	11	12	14	13	15		
		53.478239	-2.258549
		52.486125	-1.890507
		51.512161	-0.116215
		54.980766	-1.615849
		55.958426	-3.186893
		55.862982	-4.263554
		53.751959	-0.335941
		54.892406	-2.923222
		53.803895	-1.549931
		53.409532	-3.000126
		51.460852	-2.588139
		51.488224	-3.186893
		51.624837	-3.94495
		50.152266	-5.065556
		50.726024	-3.543949
		51.289406	1.075802
		
c	6 4 0 11 12 14 13 7 9 10 8 5 3 1 2 15	2387.12253466947	0.761287746533053	6	4	0	11	12	14	13	7	9	10	8	5	3	1	2	15		
		53.751959	-0.335941
		53.478239	-2.258549
		52.486125	-1.890507
		51.488224	-3.186893
		51.624837	-3.94495
		50.152266	-5.065556
		50.726024	-3.543949
		54.980766	-1.615849
		55.958426	-3.186893
		55.862982	-4.263554
		54.892406	-2.923222
		53.409532	-3.000126
		53.803895	-1.549931
		51.460852	-2.588139
		51.512161	-0.116215
		51.289406	1.075802
		
c	9 8 7 3 4 5 6 0 2 10 1 11 12 14 13 15	2750.28295931693	0.724971704068307	9	8	7	3	4	5	6	0	2	10	1	11	12	14	13	15		
		55.958426	-3.186893
		54.892406	-2.923222
		54.980766	-1.615849
		53.803895	-1.549931
		53.478239	-2.258549
		53.409532	-3.000126
		53.751959	-0.335941
		52.486125	-1.890507
		51.512161	-0.116215
		55.862982	-4.263554
		51.460852	-2.588139
		51.488224	-3.186893
		51.624837	-3.94495
		50.152266	-5.065556
		50.726024	-3.543949
		51.289406	1.075802
		
c	14 13 4 10 9 8 7 3 6 0 11 12 1 5 2 15	2280.43719986411	0.771956280013589	14	13	4	10	9	8	7	3	6	0	11	12	1	5	2	15		
		50.152266	-5.065556
		50.726024	-3.543949
		53.478239	-2.258549
		55.862982	-4.263554
		55.958426	-3.186893
		54.892406	-2.923222
		54.980766	-1.615849
		53.803895	-1.549931
		53.751959	-0.335941
		52.486125	-1.890507
		51.488224	-3.186893
		51.624837	-3.94495
		51.460852	-2.588139
		53.409532	-3.000126
		51.512161	-0.116215
		51.289406	1.075802
		
c	10 9 11 3 5 0 7 12 14 13 1 2 8 6 4 15	3435.36863301621	0.656463136698379	10	9	11	3	5	0	7	12	14	13	1	2	8	6	4	15		
		55.862982	-4.263554
		55.958426	-3.186893
		51.488224	-3.186893
		53.803895	-1.549931
		53.409532	-3.000126
		52.486125	-1.890507
		54.980766	-1.615849
		51.624837	-3.94495
		50.152266	-5.065556
		50.726024	-3.543949
		51.460852	-2.588139
		51.512161	-0.116215
		54.892406	-2.923222
		53.751959	-0.335941
		53.478239	-2.258549
		51.289406	1.075802
		
c	5 2 3 6 4 0 7 9 10 8 1 11 12 14 13 15	2628.01032058881	0.737198967941119	5	2	3	6	4	0	7	9	10	8	1	11	12	14	13	15		
		53.409532	-3.000126
		51.512161	-0.116215
		53.803895	-1.549931
		53.751959	-0.335941
		53.478239	-2.258549
		52.486125	-1.890507
		54.980766	-1.615849
		55.958426	-3.186893
		55.862982	-4.263554
		54.892406	-2.923222
		51.460852	-2.588139
		51.488224	-3.186893
		51.624837	-3.94495
		50.152266	-5.065556
		50.726024	-3.543949
		51.289406	1.075802
		
c	6 10 9 8 7 3 4 5 0 1 11 12 14 13 2 15	1849.91592470682	0.815008407529318	6	10	9	8	7	3	4	5	0	1	11	12	14	13	2	15		
		53.751959	-0.335941
		55.862982	-4.263554
		55.958426	-3.186893
		54.892406	-2.923222
		54.980766	-1.615849
		53.803895	-1.549931
		53.478239	-2.258549
		53.409532	-3.000126
		52.486125	-1.890507
		51.460852	-2.588139
		51.488224	-3.186893
		51.624837	-3.94495
		50.152266	-5.065556
		50.726024	-3.543949
		51.512161	-0.116215
		51.289406	1.075802
		
c	12 14 13 1 10 9 8 7 3 0 6 4 5 11 2 15	2332.89227152138	0.766710772847862	12	14	13	1	10	9	8	7	3	0	6	4	5	11	2	15		
		51.624837	-3.94495
		50.152266	-5.065556
		50.726024	-3.543949
		51.460852	-2.588139
		55.862982	-4.263554
		55.958426	-3.186893
		54.892406	-2.923222
		54.980766	-1.615849
		53.803895	-1.549931
		52.486125	-1.890507
		53.751959	-0.335941
		53.478239	-2.258549
		53.409532	-3.000126
		51.488224	-3.186893
		51.512161	-0.116215
		51.289406	1.075802
		
c	4 5 0 1 11 12 2 9 10 8 7 3 6 14 13 15	2664.37534222755	0.733562465777245	4	5	0	1	11	12	2	9	10	8	7	3	6	14	13	15		
		53.478239	-2.258549
		53.409532	-3.000126
		52.486125	-1.890507
		51.460852	-2.588139
		51.488224	-3.186893
		51.624837	-3.94495
		51.512161	-0.116215
		55.958426	-3.186893
		55.862982	-4.263554
		54.892406	-2.923222
		54.980766	-1.615849
		53.803895	-1.549931
		53.751959	-0.335941
		50.152266	-5.065556
		50.726024	-3.543949
		51.289406	1.075802
		
c	11 12 14 13 1 2 9 4 10 8 7 3 6 0 5 15	2846.37267653182	0.715362732346818	11	12	14	13	1	2	9	4	10	8	7	3	6	0	5	15		
		51.488224	-3.186893
		51.624837	-3.94495
		50.152266	-5.065556
		50.726024	-3.543949
		51.460852	-2.588139
		51.512161	-0.116215
		55.958426	-3.186893
		53.478239	-2.258549
		55.862982	-4.263554
		54.892406	-2.923222
		54.980766	-1.615849
		53.803895	-1.549931
		53.751959	-0.335941
		52.486125	-1.890507
		53.409532	-3.000126
		51.289406	1.075802
		
c	8 7 3 6 4 5 0 11 12 14 13 10 9 1 2 15	2505.74051568524	0.749425948431476	8	7	3	6	4	5	0	11	12	14	13	10	9	1	2	15		
		54.892406	-2.923222
		54.980766	-1.615849
		53.803895	-1.549931
		53.751959	-0.335941
		53.478239	-2.258549
		53.409532	-3.000126
		52.486125	-1.890507
		51.488224	-3.186893
		51.624837	-3.94495
		50.152266	-5.065556
		50.726024	-3.543949
		55.862982	-4.263554
		55.958426	-3.186893
		51.460852	-2.588139
		51.512161	-0.116215
		51.289406	1.075802
		
c	8 7 3 6 4 0 11 12 5 14 13 1 2 9 10 15	2954.85883805544	0.704514116194456	8	7	3	6	4	0	11	12	5	14	13	1	2	9	10	15		
		54.892406	-2.923222
		54.980766	-1.615849
		53.803895	-1.549931
		53.751959	-0.335941
		53.478239	-2.258549
		52.486125	-1.890507
		51.488224	-3.186893
		51.624837	-3.94495
		53.409532	-3.000126
		50.152266	-5.065556
		50.726024	-3.543949
		51.460852	-2.588139
		51.512161	-0.116215
		55.958426	-3.186893
		55.862982	-4.263554
		51.289406	1.075802
		
c	3 6 4 5 0 11 12 14 10 9 8 7 13 1 2 15	2527.64439585087	0.747235560414913	3	6	4	5	0	11	12	14	10	9	8	7	13	1	2	15		
		53.803895	-1.549931
		53.751959	-0.335941
		53.478239	-2.258549
		53.409532	-3.000126
		52.486125	-1.890507
		51.488224	-3.186893
		51.624837	-3.94495
		50.152266	-5.065556
		55.862982	-4.263554
		55.958426	-3.186893
		54.892406	-2.923222
		54.980766	-1.615849
		50.726024	-3.543949
		51.460852	-2.588139
		51.512161	-0.116215
		51.289406	1.075802
		
c	12 6 10 9 8 3 7 4 5 0 1 11 14 13 2 15	2330.87707037075	0.766912292962925	12	6	10	9	8	3	7	4	5	0	1	11	14	13	2	15		
		51.624837	-3.94495
		53.751959	-0.335941
		55.862982	-4.263554
		55.958426	-3.186893
		54.892406	-2.923222
		53.803895	-1.549931
		54.980766	-1.615849
		53.478239	-2.258549
		53.409532	-3.000126
		52.486125	-1.890507
		51.460852	-2.588139
		51.488224	-3.186893
		50.152266	-5.065556
		50.726024	-3.543949
		51.512161	-0.116215
		51.289406	1.075802
		
c	9 8 1 7 6 3 4 5 0 11 10 12 14 13 2 15	3127.24974110146	0.687275025889854	9	8	1	7	6	3	4	5	0	11	10	12	14	13	2	15		
		55.958426	-3.186893
		54.892406	-2.923222
		51.460852	-2.588139
		54.980766	-1.615849
		53.751959	-0.335941
		53.803895	-1.549931
		53.478239	-2.258549
		53.409532	-3.000126
		52.486125	-1.890507
		51.488224	-3.186893
		55.862982	-4.263554
		51.624837	-3.94495
		50.152266	-5.065556
		50.726024	-3.543949
		51.512161	-0.116215
		51.289406	1.075802
		
c	0 11 12 14 13 10 9 8 7 6 3 4 5 1 2 15	2173.07534825306	0.782692465174694	0	11	12	14	13	10	9	8	7	6	3	4	5	1	2	15		
		52.486125	-1.890507
		51.488224	-3.186893
		51.624837	-3.94495
		50.152266	-5.065556
		50.726024	-3.543949
		55.862982	-4.263554
		55.958426	-3.186893
		54.892406	-2.923222
		54.980766	-1.615849
		53.751959	-0.335941
		53.803895	-1.549931
		53.478239	-2.258549
		53.409532	-3.000126
		51.460852	-2.588139
		51.512161	-0.116215
		51.289406	1.075802
		
c	13 1 2 6 4 9 10 8 7 3 5 0 11 12 14 15	2419.52563357886	0.758047436642114	13	1	2	6	4	9	10	8	7	3	5	0	11	12	14	15		
		50.726024	-3.543949
		51.460852	-2.588139
		51.512161	-0.116215
		53.751959	-0.335941
		53.478239	-2.258549
		55.958426	-3.186893
		55.862982	-4.263554
		54.892406	-2.923222
		54.980766	-1.615849
		53.803895	-1.549931
		53.409532	-3.000126
		52.486125	-1.890507
		51.488224	-3.186893
		51.624837	-3.94495
		50.152266	-5.065556
		51.289406	1.075802
		
c	6 4 0 11 12 14 10 9 8 7 3 5 1 13 2 15	2431.87874149203	0.756812125850797	6	4	0	11	12	14	10	9	8	7	3	5	1	13	2	15		
		53.751959	-0.335941
		53.478239	-2.258549
		52.486125	-1.890507
		51.488224	-3.186893
		51.624837	-3.94495
		50.152266	-5.065556
		55.862982	-4.263554
		55.958426	-3.186893
		54.892406	-2.923222
		54.980766	-1.615849
		53.803895	-1.549931
		53.409532	-3.000126
		51.460852	-2.588139
		50.726024	-3.543949
		51.512161	-0.116215
		51.289406	1.075802
		
c	7 3 5 0 11 12 14 13 1 2 8 10 9 6 4 15	2536.43015635459	0.746356984364541	7	3	5	0	11	12	14	13	1	2	8	10	9	6	4	15		
		54.980766	-1.615849
		53.803895	-1.549931
		53.409532	-3.000126
		52.486125	-1.890507
		51.488224	-3.186893
		51.624837	-3.94495
		50.152266	-5.065556
		50.726024	-3.543949
		51.460852	-2.588139
		51.512161	-0.116215
		54.892406	-2.923222
		55.862982	-4.263554
		55.958426	-3.186893
		53.751959	-0.335941
		53.478239	-2.258549
		51.289406	1.075802
		
c	10 9 8 3 6 4 5 0 1 11 12 14 13 2 7 15	2352.31859685173	0.764768140314827	10	9	8	3	6	4	5	0	1	11	12	14	13	2	7	15		
		55.862982	-4.263554
		55.958426	-3.186893
		54.892406	-2.923222
		53.803895	-1.549931
		53.751959	-0.335941
		53.478239	-2.258549
		53.409532	-3.000126
		52.486125	-1.890507
		51.460852	-2.588139
		51.488224	-3.186893
		51.624837	-3.94495
		50.152266	-5.065556
		50.726024	-3.543949
		51.512161	-0.116215
		54.980766	-1.615849
		51.289406	1.075802
		
c	10 8 7 3 6 4 5 0 1 9 11 12 14 13 2 15	2563.80565046192	0.743619434953808	10	8	7	3	6	4	5	0	1	9	11	12	14	13	2	15		
		55.862982	-4.263554
		54.892406	-2.923222
		54.980766	-1.615849
		53.803895	-1.549931
		53.751959	-0.335941
		53.478239	-2.258549
		53.409532	-3.000126
		52.486125	-1.890507
		51.460852	-2.588139
		55.958426	-3.186893
		51.488224	-3.186893
		51.624837	-3.94495
		50.152266	-5.065556
		50.726024	-3.543949
		51.512161	-0.116215
		51.289406	1.075802
		
c	2 0 1 11 12 6 10 9 8 3 7 4 5 14 13 15	2599.90809563463	0.740009190436537	2	0	1	11	12	6	10	9	8	3	7	4	5	14	13	15		
		51.512161	-0.116215
		52.486125	-1.890507
		51.460852	-2.588139
		51.488224	-3.186893
		51.624837	-3.94495
		53.751959	-0.335941
		55.862982	-4.263554
		55.958426	-3.186893
		54.892406	-2.923222
		53.803895	-1.549931
		54.980766	-1.615849
		53.478239	-2.258549
		53.409532	-3.000126
		50.152266	-5.065556
		50.726024	-3.543949
		51.289406	1.075802
		
c	6 3 4 5 0 1 9 10 8 7 11 14 13 2 12 15	2825.45329390698	0.717454670609302	6	3	4	5	0	1	9	10	8	7	11	14	13	2	12	15		
		53.751959	-0.335941
		53.803895	-1.549931
		53.478239	-2.258549
		53.409532	-3.000126
		52.486125	-1.890507
		51.460852	-2.588139
		55.958426	-3.186893
		55.862982	-4.263554
		54.892406	-2.923222
		54.980766	-1.615849
		51.488224	-3.186893
		50.152266	-5.065556
		50.726024	-3.543949
		51.512161	-0.116215
		51.624837	-3.94495
		51.289406	1.075802
		
c	7 6 3 0 1 11 12 9 10 8 4 14 13 5 2 15	2677.27309157474	0.732272690842526	7	6	3	0	1	11	12	9	10	8	4	14	13	5	2	15		
		54.980766	-1.615849
		53.751959	-0.335941
		53.803895	-1.549931
		52.486125	-1.890507
		51.460852	-2.588139
		51.488224	-3.186893
		51.624837	-3.94495
		55.958426	-3.186893
		55.862982	-4.263554
		54.892406	-2.923222
		53.478239	-2.258549
		50.152266	-5.065556
		50.726024	-3.543949
		53.409532	-3.000126
		51.512161	-0.116215
		51.289406	1.075802
		
c	8 7 3 0 1 11 12 14 13 10 9 6 4 5 2 15	2390.70739776002	0.760929260223998	8	7	3	0	1	11	12	14	13	10	9	6	4	5	2	15		
		54.892406	-2.923222
		54.980766	-1.615849
		53.803895	-1.549931
		52.486125	-1.890507
		51.460852	-2.588139
		51.488224	-3.186893
		51.624837	-3.94495
		50.152266	-5.065556
		50.726024	-3.543949
		55.862982	-4.263554
		55.958426	-3.186893
		53.751959	-0.335941
		53.478239	-2.258549
		53.409532	-3.000126
		51.512161	-0.116215
		51.289406	1.075802
		
c	7 3 6 4 0 11 12 8 9 10 1 14 5 13 2 15	2967.61908010453	0.703238091989547	7	3	6	4	0	11	12	8	9	10	1	14	5	13	2	15		
		54.980766	-1.615849
		53.803895	-1.549931
		53.751959	-0.335941
		53.478239	-2.258549
		52.486125	-1.890507
		51.488224	-3.186893
		51.624837	-3.94495
		54.892406	-2.923222
		55.958426	-3.186893
		55.862982	-4.263554
		51.460852	-2.588139
		50.152266	-5.065556
		53.409532	-3.000126
		50.726024	-3.543949
		51.512161	-0.116215
		51.289406	1.075802
		
c	7 3 6 4 0 5 10 9 1 11 12 14 13 2 8 15	2994.07012713674	0.700592987286326	7	3	6	4	0	5	10	9	1	11	12	14	13	2	8	15		
		54.980766	-1.615849
		53.803895	-1.549931
		53.751959	-0.335941
		53.478239	-2.258549
		52.486125	-1.890507
		53.409532	-3.000126
		55.862982	-4.263554
		55.958426	-3.186893
		51.460852	-2.588139
		51.488224	-3.186893
		51.624837	-3.94495
		50.152266	-5.065556
		50.726024	-3.543949
		51.512161	-0.116215
		54.892406	-2.923222
		51.289406	1.075802
		
c	0 11 12 14 13 1 2 6 4 9 10 8 7 3 5 15	2331.22007684896	0.766877992315104	0	11	12	14	13	1	2	6	4	9	10	8	7	3	5	15		
		52.486125	-1.890507
		51.488224	-3.186893
		51.624837	-3.94495
		50.152266	-5.065556
		50.726024	-3.543949
		51.460852	-2.588139
		51.512161	-0.116215
		53.751959	-0.335941
		53.478239	-2.258549
		55.958426	-3.186893
		55.862982	-4.263554
		54.892406	-2.923222
		54.980766	-1.615849
		53.803895	-1.549931
		53.409532	-3.000126
		51.289406	1.075802
		
c	11 12 14 10 9 13 1 2 3 6 8 7 4 0 5 15	3222.87253347328	0.677712746652672	11	12	14	10	9	13	1	2	3	6	8	7	4	0	5	15		
		51.488224	-3.186893
		51.624837	-3.94495
		50.152266	-5.065556
		55.862982	-4.263554
		55.958426	-3.186893
		50.726024	-3.543949
		51.460852	-2.588139
		51.512161	-0.116215
		53.803895	-1.549931
		53.751959	-0.335941
		54.892406	-2.923222
		54.980766	-1.615849
		53.478239	-2.258549
		52.486125	-1.890507
		53.409532	-3.000126
		51.289406	1.075802
		
c	1 14 13 10 9 7 3 5 0 11 12 2 8 6 4 15	3057.45570851884	0.694254429148116	1	14	13	10	9	7	3	5	0	11	12	2	8	6	4	15		
		51.460852	-2.588139
		50.152266	-5.065556
		50.726024	-3.543949
		55.862982	-4.263554
		55.958426	-3.186893
		54.980766	-1.615849
		53.803895	-1.549931
		53.409532	-3.000126
		52.486125	-1.890507
		51.488224	-3.186893
		51.624837	-3.94495
		51.512161	-0.116215
		54.892406	-2.923222
		53.751959	-0.335941
		53.478239	-2.258549
		51.289406	1.075802
		
c	5 0 1 11 12 4 10 9 8 7 3 6 14 13 2 15	2340.52941341382	0.765947058658618	5	0	1	11	12	4	10	9	8	7	3	6	14	13	2	15		
		53.409532	-3.000126
		52.486125	-1.890507
		51.460852	-2.588139
		51.488224	-3.186893
		51.624837	-3.94495
		53.478239	-2.258549
		55.862982	-4.263554
		55.958426	-3.186893
		54.892406	-2.923222
		54.980766	-1.615849
		53.803895	-1.549931
		53.751959	-0.335941
		50.152266	-5.065556
		50.726024	-3.543949
		51.512161	-0.116215
		51.289406	1.075802
		
c	8 3 6 4 5 0 1 11 14 13 2 10 7 9 12 15	3011.206451971	0.6988793548029	8	3	6	4	5	0	1	11	14	13	2	10	7	9	12	15		
		54.892406	-2.923222
		53.803895	-1.549931
		53.751959	-0.335941
		53.478239	-2.258549
		53.409532	-3.000126
		52.486125	-1.890507
		51.460852	-2.588139
		51.488224	-3.186893
		50.152266	-5.065556
		50.726024	-3.543949
		51.512161	-0.116215
		55.862982	-4.263554
		54.980766	-1.615849
		55.958426	-3.186893
		51.624837	-3.94495
		51.289406	1.075802
		
c	1 9 10 6 8 7 3 0 11 12 14 4 5 13 2 15	2974.01657341369	0.702598342658631	1	9	10	6	8	7	3	0	11	12	14	4	5	13	2	15		
		51.460852	-2.588139
		55.958426	-3.186893
		55.862982	-4.263554
		53.751959	-0.335941
		54.892406	-2.923222
		54.980766	-1.615849
		53.803895	-1.549931
		52.486125	-1.890507
		51.488224	-3.186893
		51.624837	-3.94495
		50.152266	-5.065556
		53.478239	-2.258549
		53.409532	-3.000126
		50.726024	-3.543949
		51.512161	-0.116215
		51.289406	1.075802
		
c	3 6 10 8 7 9 4 0 2 5 1 11 12 14 13 15	2588.42776524295	0.741157223475706	3	6	10	8	7	9	4	0	2	5	1	11	12	14	13	15		
		53.803895	-1.549931
		53.751959	-0.335941
		55.862982	-4.263554
		54.892406	-2.923222
		54.980766	-1.615849
		55.958426	-3.186893
		53.478239	-2.258549
		52.486125	-1.890507
		51.512161	-0.116215
		53.409532	-3.000126
		51.460852	-2.588139
		51.488224	-3.186893
		51.624837	-3.94495
		50.152266	-5.065556
		50.726024	-3.543949
		51.289406	1.075802
		
c	8 7 3 12 14 13 1 9 10 6 4 5 0 11 2 15	2579.95257102559	0.742004742897441	8	7	3	12	14	13	1	9	10	6	4	5	0	11	2	15		
		54.892406	-2.923222
		54.980766	-1.615849
		53.803895	-1.549931
		51.624837	-3.94495
		50.152266	-5.065556
		50.726024	-3.543949
		51.460852	-2.588139
		55.958426	-3.186893
		55.862982	-4.263554
		53.751959	-0.335941
		53.478239	-2.258549
		53.409532	-3.000126
		52.486125	-1.890507
		51.488224	-3.186893
		51.512161	-0.116215
		51.289406	1.075802
		
c	1 11 12 6 10 9 7 8 3 4 5 0 14 13 2 15	2271.09529566361	0.772890470433639	1	11	12	6	10	9	7	8	3	4	5	0	14	13	2	15		
		51.460852	-2.588139
		51.488224	-3.186893
		51.624837	-3.94495
		53.751959	-0.335941
		55.862982	-4.263554
		55.958426	-3.186893
		54.980766	-1.615849
		54.892406	-2.923222
		53.803895	-1.549931
		53.478239	-2.258549
		53.409532	-3.000126
		52.486125	-1.890507
		50.152266	-5.065556
		50.726024	-3.543949
		51.512161	-0.116215
		51.289406	1.075802
		
c	3 5 0 11 12 6 9 10 8 7 1 14 4 13 2 15	3062.78925280295	0.693721074719705	3	5	0	11	12	6	9	10	8	7	1	14	4	13	2	15		
		53.803895	-1.549931
		53.409532	-3.000126
		52.486125	-1.890507
		51.488224	-3.186893
		51.624837	-3.94495
		53.751959	-0.335941
		55.958426	-3.186893
		55.862982	-4.263554
		54.892406	-2.923222
		54.980766	-1.615849
		51.460852	-2.588139
		50.152266	-5.065556
		53.478239	-2.258549
		50.726024	-3.543949
		51.512161	-0.116215
		51.289406	1.075802
		
c	6 3 4 5 0 1 14 13 2 11 12 10 9 8 7 15	2504.43634512192	0.749556365487808	6	3	4	5	0	1	14	13	2	11	12	10	9	8	7	15		
		53.751959	-0.335941
		53.803895	-1.549931
		53.478239	-2.258549
		53.409532	-3.000126
		52.486125	-1.890507
		51.460852	-2.588139
		50.152266	-5.065556
		50.726024	-3.543949
		51.512161	-0.116215
		51.488224	-3.186893
		51.624837	-3.94495
		55.862982	-4.263554
		55.958426	-3.186893
		54.892406	-2.923222
		54.980766	-1.615849
		51.289406	1.075802
		
c	14 4 5 13 2 1 6 9 10 8 7 3 0 11 12 15	2910.6376692831	0.70893623307169	14	4	5	13	2	1	6	9	10	8	7	3	0	11	12	15		
		50.152266	-5.065556
		53.478239	-2.258549
		53.409532	-3.000126
		50.726024	-3.543949
		51.512161	-0.116215
		51.460852	-2.588139
		53.751959	-0.335941
		55.958426	-3.186893
		55.862982	-4.263554
		54.892406	-2.923222
		54.980766	-1.615849
		53.803895	-1.549931
		52.486125	-1.890507
		51.488224	-3.186893
		51.624837	-3.94495
		51.289406	1.075802
		
c	1 11 12 14 4 5 13 2 6 7 9 10 8 3 0 15	2603.0782113684	0.73969217886316	1	11	12	14	4	5	13	2	6	7	9	10	8	3	0	15		
		51.460852	-2.588139
		51.488224	-3.186893
		51.624837	-3.94495
		50.152266	-5.065556
		53.478239	-2.258549
		53.409532	-3.000126
		50.726024	-3.543949
		51.512161	-0.116215
		53.751959	-0.335941
		54.980766	-1.615849
		55.958426	-3.186893
		55.862982	-4.263554
		54.892406	-2.923222
		53.803895	-1.549931
		52.486125	-1.890507
		51.289406	1.075802
		
c	6 3 4 5 0 11 12 14 13 1 2 7 10 9 8 15	2356.85302119012	0.764314697880988	6	3	4	5	0	11	12	14	13	1	2	7	10	9	8	15		
		53.751959	-0.335941
		53.803895	-1.549931
		53.478239	-2.258549
		53.409532	-3.000126
		52.486125	-1.890507
		51.488224	-3.186893
		51.624837	-3.94495
		50.152266	-5.065556
		50.726024	-3.543949
		51.460852	-2.588139
		51.512161	-0.116215
		54.980766	-1.615849
		55.862982	-4.263554
		55.958426	-3.186893
		54.892406	-2.923222
		51.289406	1.075802
		
c	10 9 8 7 6 3 4 1 13 5 0 11 12 14 2 15	2172.58646171008	0.782741353828992	10	9	8	7	6	3	4	1	13	5	0	11	12	14	2	15		
		55.862982	-4.263554
		55.958426	-3.186893
		54.892406	-2.923222
		54.980766	-1.615849
		53.751959	-0.335941
		53.803895	-1.549931
		53.478239	-2.258549
		51.460852	-2.588139
		50.726024	-3.543949
		53.409532	-3.000126
		52.486125	-1.890507
		51.488224	-3.186893
		51.624837	-3.94495
		50.152266	-5.065556
		51.512161	-0.116215
		51.289406	1.075802
		
c	13 1 10 9 8 3 0 6 7 11 12 14 4 5 2 15	2907.0089758637	0.70929910241363	13	1	10	9	8	3	0	6	7	11	12	14	4	5	2	15		
		50.726024	-3.543949
		51.460852	-2.588139
		55.862982	-4.263554
		55.958426	-3.186893
		54.892406	-2.923222
		53.803895	-1.549931
		52.486125	-1.890507
		53.751959	-0.335941
		54.980766	-1.615849
		51.488224	-3.186893
		51.624837	-3.94495
		50.152266	-5.065556
		53.478239	-2.258549
		53.409532	-3.000126
		51.512161	-0.116215
		51.289406	1.075802
		
c	3 4 5 0 11 12 14 13 1 10 9 8 7 6 2 15	2113.69881331275	0.788630118668725	3	4	5	0	11	12	14	13	1	10	9	8	7	6	2	15		
		53.803895	-1.549931
		53.478239	-2.258549
		53.409532	-3.000126
		52.486125	-1.890507
		51.488224	-3.186893
		51.624837	-3.94495
		50.152266	-5.065556
		50.726024	-3.543949
		51.460852	-2.588139
		55.862982	-4.263554
		55.958426	-3.186893
		54.892406	-2.923222
		54.980766	-1.615849
		53.751959	-0.335941
		51.512161	-0.116215
		51.289406	1.075802
		
c	14 13 5 1 11 12 10 9 8 7 3 6 4 0 2 15	2187.39392676116	0.781260607323884	14	13	5	1	11	12	10	9	8	7	3	6	4	0	2	15		
		50.152266	-5.065556
		50.726024	-3.543949
		53.409532	-3.000126
		51.460852	-2.588139
		51.488224	-3.186893
		51.624837	-3.94495
		55.862982	-4.263554
		55.958426	-3.186893
		54.892406	-2.923222
		54.980766	-1.615849
		53.803895	-1.549931
		53.751959	-0.335941
		53.478239	-2.258549
		52.486125	-1.890507
		51.512161	-0.116215
		51.289406	1.075802
		
c	9 8 7 6 3 11 12 4 5 14 13 1 2 10 0 15	3058.96988833261	0.694103011166739	9	8	7	6	3	11	12	4	5	14	13	1	2	10	0	15		
		55.958426	-3.186893
		54.892406	-2.923222
		54.980766	-1.615849
		53.751959	-0.335941
		53.803895	-1.549931
		51.488224	-3.186893
		51.624837	-3.94495
		53.478239	-2.258549
		53.409532	-3.000126
		50.152266	-5.065556
		50.726024	-3.543949
		51.460852	-2.588139
		51.512161	-0.116215
		55.862982	-4.263554
		52.486125	-1.890507
		51.289406	1.075802
		
c	14 13 10 9 8 1 2 5 0 11 12 4 7 6 3 15	3029.13674352249	0.697086325647751	14	13	10	9	8	1	2	5	0	11	12	4	7	6	3	15		
		50.152266	-5.065556
		50.726024	-3.543949
		55.862982	-4.263554
		55.958426	-3.186893
		54.892406	-2.923222
		51.460852	-2.588139
		51.512161	-0.116215
		53.409532	-3.000126
		52.486125	-1.890507
		51.488224	-3.186893
		51.624837	-3.94495
		53.478239	-2.258549
		54.980766	-1.615849
		53.751959	-0.335941
		53.803895	-1.549931
		51.289406	1.075802
		
c	0 11 12 14 13 10 9 8 7 4 6 3 5 1 2 15	2312.32012946086	0.768767987053914	0	11	12	14	13	10	9	8	7	4	6	3	5	1	2	15		
		52.486125	-1.890507
		51.488224	-3.186893
		51.624837	-3.94495
		50.152266	-5.065556
		50.726024	-3.543949
		55.862982	-4.263554
		55.958426	-3.186893
		54.892406	-2.923222
		54.980766	-1.615849
		53.478239	-2.258549
		53.751959	-0.335941
		53.803895	-1.549931
		53.409532	-3.000126
		51.460852	-2.588139
		51.512161	-0.116215
		51.289406	1.075802
		
c	9 4 10 8 7 6 3 5 0 11 12 14 13 1 2 15	2136.6229996077	0.78633770003923	9	4	10	8	7	6	3	5	0	11	12	14	13	1	2	15		
		55.958426	-3.186893
		53.478239	-2.258549
		55.862982	-4.263554
		54.892406	-2.923222
		54.980766	-1.615849
		53.751959	-0.335941
		53.803895	-1.549931
		53.409532	-3.000126
		52.486125	-1.890507
		51.488224	-3.186893
		51.624837	-3.94495
		50.152266	-5.065556
		50.726024	-3.543949
		51.460852	-2.588139
		51.512161	-0.116215
		51.289406	1.075802
		
c	3 5 0 1 11 12 14 6 4 7 13 10 9 8 2 15	3208.1468660935	0.67918531339065	3	5	0	1	11	12	14	6	4	7	13	10	9	8	2	15		
		53.803895	-1.549931
		53.409532	-3.000126
		52.486125	-1.890507
		51.460852	-2.588139
		51.488224	-3.186893
		51.624837	-3.94495
		50.152266	-5.065556
		53.751959	-0.335941
		53.478239	-2.258549
		54.980766	-1.615849
		50.726024	-3.543949
		55.862982	-4.263554
		55.958426	-3.186893
		54.892406	-2.923222
		51.512161	-0.116215
		51.289406	1.075802
		
c	11 14 13 12 9 10 8 7 3 6 4 0 1 5 2 15	2371.60217294272	0.762839782705728	11	14	13	12	9	10	8	7	3	6	4	0	1	5	2	15		
		51.488224	-3.186893
		50.152266	-5.065556
		50.726024	-3.543949
		51.624837	-3.94495
		55.958426	-3.186893
		55.862982	-4.263554
		54.892406	-2.923222
		54.980766	-1.615849
		53.803895	-1.549931
		53.751959	-0.335941
		53.478239	-2.258549
		52.486125	-1.890507
		51.460852	-2.588139
		53.409532	-3.000126
		51.512161	-0.116215
		51.289406	1.075802
		
c	5 0 7 2 10 9 8 3 6 4 1 11 12 14 13 15	2864.28629594337	0.713571370405663	5	0	7	2	10	9	8	3	6	4	1	11	12	14	13	15		
		53.409532	-3.000126
		52.486125	-1.890507
		54.980766	-1.615849
		51.512161	-0.116215
		55.862982	-4.263554
		55.958426	-3.186893
		54.892406	-2.923222
		53.803895	-1.549931
		53.751959	-0.335941
		53.478239	-2.258549
		51.460852	-2.588139
		51.488224	-3.186893
		51.624837	-3.94495
		50.152266	-5.065556
		50.726024	-3.543949
		51.289406	1.075802
		
c	14 13 1 2 6 3 4 5 0 11 12 7 10 9 8 15	2430.28306620015	0.756971693379985	14	13	1	2	6	3	4	5	0	11	12	7	10	9	8	15		
		50.152266	-5.065556
		50.726024	-3.543949
		51.460852	-2.588139
		51.512161	-0.116215
		53.751959	-0.335941
		53.803895	-1.549931
		53.478239	-2.258549
		53.409532	-3.000126
		52.486125	-1.890507
		51.488224	-3.186893
		51.624837	-3.94495
		54.980766	-1.615849
		55.862982	-4.263554
		55.958426	-3.186893
		54.892406	-2.923222
		51.289406	1.075802
		
c	8 3 10 9 7 5 0 11 12 14 13 1 2 6 4 15	2468.36481788947	0.753163518211053	8	3	10	9	7	5	0	11	12	14	13	1	2	6	4	15		
		54.892406	-2.923222
		53.803895	-1.549931
		55.862982	-4.263554
		55.958426	-3.186893
		54.980766	-1.615849
		53.409532	-3.000126
		52.486125	-1.890507
		51.488224	-3.186893
		51.624837	-3.94495
		50.152266	-5.065556
		50.726024	-3.543949
		51.460852	-2.588139
		51.512161	-0.116215
		53.751959	-0.335941
		53.478239	-2.258549
		51.289406	1.075802
		
c	5 0 11 6 3 10 9 8 1 12 14 13 7 4 2 15	2936.64496351636	0.706335503648364	5	0	11	6	3	10	9	8	1	12	14	13	7	4	2	15		
		53.409532	-3.000126
		52.486125	-1.890507
		51.488224	-3.186893
		53.751959	-0.335941
		53.803895	-1.549931
		55.862982	-4.263554
		55.958426	-3.186893
		54.892406	-2.923222
		51.460852	-2.588139
		51.624837	-3.94495
		50.152266	-5.065556
		50.726024	-3.543949
		54.980766	-1.615849
		53.478239	-2.258549
		51.512161	-0.116215
		51.289406	1.075802
		
c	2 10 9 8 7 6 3 4 5 0 1 11 12 14 13 15	2158.1973017758	0.78418026982242	2	10	9	8	7	6	3	4	5	0	1	11	12	14	13	15		
		51.512161	-0.116215
		55.862982	-4.263554
		55.958426	-3.186893
		54.892406	-2.923222
		54.980766	-1.615849
		53.751959	-0.335941
		53.803895	-1.549931
		53.478239	-2.258549
		53.409532	-3.000126
		52.486125	-1.890507
		51.460852	-2.588139
		51.488224	-3.186893
		51.624837	-3.94495
		50.152266	-5.065556
		50.726024	-3.543949
		51.289406	1.075802
		
c	1 2 3 6 10 5 0 11 12 14 9 8 7 4 13 15	3338.73892509089	0.666126107490911	1	2	3	6	10	5	0	11	12	14	9	8	7	4	13	15		
		51.460852	-2.588139
		51.512161	-0.116215
		53.803895	-1.549931
		53.751959	-0.335941
		55.862982	-4.263554
		53.409532	-3.000126
		52.486125	-1.890507
		51.488224	-3.186893
		51.624837	-3.94495
		50.152266	-5.065556
		55.958426	-3.186893
		54.892406	-2.923222
		54.980766	-1.615849
		53.478239	-2.258549
		50.726024	-3.543949
		51.289406	1.075802
		
c	5 0 1 11 12 9 10 8 7 3 6 4 14 13 2 15	2344.76665022018	0.765523334977982	5	0	1	11	12	9	10	8	7	3	6	4	14	13	2	15		
		53.409532	-3.000126
		52.486125	-1.890507
		51.460852	-2.588139
		51.488224	-3.186893
		51.624837	-3.94495
		55.958426	-3.186893
		55.862982	-4.263554
		54.892406	-2.923222
		54.980766	-1.615849
		53.803895	-1.549931
		53.751959	-0.335941
		53.478239	-2.258549
		50.152266	-5.065556
		50.726024	-3.543949
		51.512161	-0.116215
		51.289406	1.075802
		
c	1 6 9 10 8 7 3 4 5 0 11 12 14 13 2 15	2102.60618600648	0.789739381399352	1	6	9	10	8	7	3	4	5	0	11	12	14	13	2	15		
		51.460852	-2.588139
		53.751959	-0.335941
		55.958426	-3.186893
		55.862982	-4.263554
		54.892406	-2.923222
		54.980766	-1.615849
		53.803895	-1.549931
		53.478239	-2.258549
		53.409532	-3.000126
		52.486125	-1.890507
		51.488224	-3.186893
		51.624837	-3.94495
		50.152266	-5.065556
		50.726024	-3.543949
		51.512161	-0.116215
		51.289406	1.075802
		
c	10 8 7 3 6 4 5 0 1 14 12 11 13 2 9 15	2792.81571986797	0.720718428013203	10	8	7	3	6	4	5	0	1	14	12	11	13	2	9	15		
		55.862982	-4.263554
		54.892406	-2.923222
		54.980766	-1.615849
		53.803895	-1.549931
		53.751959	-0.335941
		53.478239	-2.258549
		53.409532	-3.000126
		52.486125	-1.890507
		51.460852	-2.588139
		50.152266	-5.065556
		51.624837	-3.94495
		51.488224	-3.186893
		50.726024	-3.543949
		51.512161	-0.116215
		55.958426	-3.186893
		51.289406	1.075802
		
c	6 4 9 10 8 7 3 0 11 12 14 13 1 5 2 15	2182.29812480268	0.781770187519732	6	4	9	10	8	7	3	0	11	12	14	13	1	5	2	15		
		53.751959	-0.335941
		53.478239	-2.258549
		55.958426	-3.186893
		55.862982	-4.263554
		54.892406	-2.923222
		54.980766	-1.615849
		53.803895	-1.549931
		52.486125	-1.890507
		51.488224	-3.186893
		51.624837	-3.94495
		50.152266	-5.065556
		50.726024	-3.543949
		51.460852	-2.588139
		53.409532	-3.000126
		51.512161	-0.116215
		51.289406	1.075802
		
c	5 0 2 7 10 9 8 3 6 4 1 11 12 14 13 15	2387.4555539601	0.76125444460399	5	0	2	7	10	9	8	3	6	4	1	11	12	14	13	15		
		53.409532	-3.000126
		52.486125	-1.890507
		51.512161	-0.116215
		54.980766	-1.615849
		55.862982	-4.263554
		55.958426	-3.186893
		54.892406	-2.923222
		53.803895	-1.549931
		53.751959	-0.335941
		53.478239	-2.258549
		51.460852	-2.588139
		51.488224	-3.186893
		51.624837	-3.94495
		50.152266	-5.065556
		50.726024	-3.543949
		51.289406	1.075802
		
c	11 12 10 9 8 7 6 3 4 5 0 14 13 1 2 15	2102.24487574505	0.789775512425495	11	12	10	9	8	7	6	3	4	5	0	14	13	1	2	15		
		51.488224	-3.186893
		51.624837	-3.94495
		55.862982	-4.263554
		55.958426	-3.186893
		54.892406	-2.923222
		54.980766	-1.615849
		53.751959	-0.335941
		53.803895	-1.549931
		53.478239	-2.258549
		53.409532	-3.000126
		52.486125	-1.890507
		50.152266	-5.065556
		50.726024	-3.543949
		51.460852	-2.588139
		51.512161	-0.116215
		51.289406	1.075802
		
c	1 14 13 2 9 10 8 7 3 6 4 0 11 12 5 15	2652.93719995998	0.734706280004002	1	14	13	2	9	10	8	7	3	6	4	0	11	12	5	15		
		51.460852	-2.588139
		50.152266	-5.065556
		50.726024	-3.543949
		51.512161	-0.116215
		55.958426	-3.186893
		55.862982	-4.263554
		54.892406	-2.923222
		54.980766	-1.615849
		53.803895	-1.549931
		53.751959	-0.335941
		53.478239	-2.258549
		52.486125	-1.890507
		51.488224	-3.186893
		51.624837	-3.94495
		53.409532	-3.000126
		51.289406	1.075802
		
c	3 4 12 11 1 14 13 2 9 10 8 7 6 5 0 15	2530.37168390865	0.746962831609135	3	4	12	11	1	14	13	2	9	10	8	7	6	5	0	15		
		53.803895	-1.549931
		53.478239	-2.258549
		51.624837	-3.94495
		51.488224	-3.186893
		51.460852	-2.588139
		50.152266	-5.065556
		50.726024	-3.543949
		51.512161	-0.116215
		55.958426	-3.186893
		55.862982	-4.263554
		54.892406	-2.923222
		54.980766	-1.615849
		53.751959	-0.335941
		53.409532	-3.000126
		52.486125	-1.890507
		51.289406	1.075802
		
c	11 12 3 4 10 9 8 7 6 5 0 14 13 1 2 15	2266.66017248983	0.773333982751017	11	12	3	4	10	9	8	7	6	5	0	14	13	1	2	15		
		51.488224	-3.186893
		51.624837	-3.94495
		53.803895	-1.549931
		53.478239	-2.258549
		55.862982	-4.263554
		55.958426	-3.186893
		54.892406	-2.923222
		54.980766	-1.615849
		53.751959	-0.335941
		53.409532	-3.000126
		52.486125	-1.890507
		50.152266	-5.065556
		50.726024	-3.543949
		51.460852	-2.588139
		51.512161	-0.116215
		51.289406	1.075802
		
c	11 7 9 10 8 6 3 4 5 0 1 12 14 13 2 15	2147.20748052922	0.785279251947078	11	7	9	10	8	6	3	4	5	0	1	12	14	13	2	15		
		51.488224	-3.186893
		54.980766	-1.615849
		55.958426	-3.186893
		55.862982	-4.263554
		54.892406	-2.923222
		53.751959	-0.335941
		53.803895	-1.549931
		53.478239	-2.258549
		53.409532	-3.000126
		52.486125	-1.890507
		51.460852	-2.588139
		51.624837	-3.94495
		50.152266	-5.065556
		50.726024	-3.543949
		51.512161	-0.116215
		51.289406	1.075802
		
c	11 12 14 13 10 9 8 1 3 5 0 7 6 4 2 15	2923.11660320025	0.707688339679975	11	12	14	13	10	9	8	1	3	5	0	7	6	4	2	15		
		51.488224	-3.186893
		51.624837	-3.94495
		50.152266	-5.065556
		50.726024	-3.543949
		55.862982	-4.263554
		55.958426	-3.186893
		54.892406	-2.923222
		51.460852	-2.588139
		53.803895	-1.549931
		53.409532	-3.000126
		52.486125	-1.890507
		54.980766	-1.615849
		53.751959	-0.335941
		53.478239	-2.258549
		51.512161	-0.116215
		51.289406	1.075802
		
c	5 6 3 0 10 9 8 1 11 12 14 13 7 4 2 15	2798.30924686306	0.720169075313694	5	6	3	0	10	9	8	1	11	12	14	13	7	4	2	15		
		53.409532	-3.000126
		53.751959	-0.335941
		53.803895	-1.549931
		52.486125	-1.890507
		55.862982	-4.263554
		55.958426	-3.186893
		54.892406	-2.923222
		51.460852	-2.588139
		51.488224	-3.186893
		51.624837	-3.94495
		50.152266	-5.065556
		50.726024	-3.543949
		54.980766	-1.615849
		53.478239	-2.258549
		51.512161	-0.116215
		51.289406	1.075802
		
c	14 10 9 8 7 6 4 13 3 5 0 11 12 1 2 15	2667.52018470353	0.733247981529647	14	10	9	8	7	6	4	13	3	5	0	11	12	1	2	15		
		50.152266	-5.065556
		55.862982	-4.263554
		55.958426	-3.186893
		54.892406	-2.923222
		54.980766	-1.615849
		53.751959	-0.335941
		53.478239	-2.258549
		50.726024	-3.543949
		53.803895	-1.549931
		53.409532	-3.000126
		52.486125	-1.890507
		51.488224	-3.186893
		51.624837	-3.94495
		51.460852	-2.588139
		51.512161	-0.116215
		51.289406	1.075802
		
c	14 13 2 6 7 3 4 9 10 8 0 1 11 12 5 15	2534.35226831878	0.746564773168122	14	13	2	6	7	3	4	9	10	8	0	1	11	12	5	15		
		50.152266	-5.065556
		50.726024	-3.543949
		51.512161	-0.116215
		53.751959	-0.335941
		54.980766	-1.615849
		53.803895	-1.549931
		53.478239	-2.258549
		55.958426	-3.186893
		55.862982	-4.263554
		54.892406	-2.923222
		52.486125	-1.890507
		51.460852	-2.588139
		51.488224	-3.186893
		51.624837	-3.94495
		53.409532	-3.000126
		51.289406	1.075802
		
c	3 4 5 0 1 11 12 14 13 9 10 6 8 7 2 15	2535.5595326696	0.74644404673304	3	4	5	0	1	11	12	14	13	9	10	6	8	7	2	15		
		53.803895	-1.549931
		53.478239	-2.258549
		53.409532	-3.000126
		52.486125	-1.890507
		51.460852	-2.588139
		51.488224	-3.186893
		51.624837	-3.94495
		50.152266	-5.065556
		50.726024	-3.543949
		55.958426	-3.186893
		55.862982	-4.263554
		53.751959	-0.335941
		54.892406	-2.923222
		54.980766	-1.615849
		51.512161	-0.116215
		51.289406	1.075802
		
c	10 6 5 8 7 3 0 1 11 9 4 12 14 13 2 15	2880.05455629449	0.711994544370551	10	6	5	8	7	3	0	1	11	9	4	12	14	13	2	15		
		55.862982	-4.263554
		53.751959	-0.335941
		53.409532	-3.000126
		54.892406	-2.923222
		54.980766	-1.615849
		53.803895	-1.549931
		52.486125	-1.890507
		51.460852	-2.588139
		51.488224	-3.186893
		55.958426	-3.186893
		53.478239	-2.258549
		51.624837	-3.94495
		50.152266	-5.065556
		50.726024	-3.543949
		51.512161	-0.116215
		51.289406	1.075802
		
c	8 7 3 6 4 5 0 11 12 14 13 1 2 9 10 15	2602.40778167583	0.739759221832417	8	7	3	6	4	5	0	11	12	14	13	1	2	9	10	15		
		54.892406	-2.923222
		54.980766	-1.615849
		53.803895	-1.549931
		53.751959	-0.335941
		53.478239	-2.258549
		53.409532	-3.000126
		52.486125	-1.890507
		51.488224	-3.186893
		51.624837	-3.94495
		50.152266	-5.065556
		50.726024	-3.543949
		51.460852	-2.588139
		51.512161	-0.116215
		55.958426	-3.186893
		55.862982	-4.263554
		51.289406	1.075802
		
c	14 8 9 10 7 6 3 0 1 11 12 4 5 13 2 15	2462.69913840585	0.753730086159415	14	8	9	10	7	6	3	0	1	11	12	4	5	13	2	15		
		50.152266	-5.065556
		54.892406	-2.923222
		55.958426	-3.186893
		55.862982	-4.263554
		54.980766	-1.615849
		53.751959	-0.335941
		53.803895	-1.549931
		52.486125	-1.890507
		51.460852	-2.588139
		51.488224	-3.186893
		51.624837	-3.94495
		53.478239	-2.258549
		53.409532	-3.000126
		50.726024	-3.543949
		51.512161	-0.116215
		51.289406	1.075802
		
c	5 0 11 12 1 14 13 6 10 9 8 7 3 4 2 15	2326.64202152403	0.767335797847597	5	0	11	12	1	14	13	6	10	9	8	7	3	4	2	15		
		53.409532	-3.000126
		52.486125	-1.890507
		51.488224	-3.186893
		51.624837	-3.94495
		51.460852	-2.588139
		50.152266	-5.065556
		50.726024	-3.543949
		53.751959	-0.335941
		55.862982	-4.263554
		55.958426	-3.186893
		54.892406	-2.923222
		54.980766	-1.615849
		53.803895	-1.549931
		53.478239	-2.258549
		51.512161	-0.116215
		51.289406	1.075802
		
c	6 5 0 11 12 14 10 9 8 7 3 4 1 13 2 15	2455.94718404784	0.754405281595216	6	5	0	11	12	14	10	9	8	7	3	4	1	13	2	15		
		53.751959	-0.335941
		53.409532	-3.000126
		52.486125	-1.890507
		51.488224	-3.186893
		51.624837	-3.94495
		50.152266	-5.065556
		55.862982	-4.263554
		55.958426	-3.186893
		54.892406	-2.923222
		54.980766	-1.615849
		53.803895	-1.549931
		53.478239	-2.258549
		51.460852	-2.588139
		50.726024	-3.543949
		51.512161	-0.116215
		51.289406	1.075802
		
c	0 6 4 5 9 10 8 7 3 11 12 14 13 1 2 15	2063.41662013067	0.793658337986933	0	6	4	5	9	10	8	7	3	11	12	14	13	1	2	15		
		52.486125	-1.890507
		53.751959	-0.335941
		53.478239	-2.258549
		53.409532	-3.000126
		55.958426	-3.186893
		55.862982	-4.263554
		54.892406	-2.923222
		54.980766	-1.615849
		53.803895	-1.549931
		51.488224	-3.186893
		51.624837	-3.94495
		50.152266	-5.065556
		50.726024	-3.543949
		51.460852	-2.588139
		51.512161	-0.116215
		51.289406	1.075802
		
c	2 7 10 9 8 3 6 4 5 0 1 11 12 14 13 15	2172.61490609029	0.78273850939097	2	7	10	9	8	3	6	4	5	0	1	11	12	14	13	15		
		51.512161	-0.116215
		54.980766	-1.615849
		55.862982	-4.263554
		55.958426	-3.186893
		54.892406	-2.923222
		53.803895	-1.549931
		53.751959	-0.335941
		53.478239	-2.258549
		53.409532	-3.000126
		52.486125	-1.890507
		51.460852	-2.588139
		51.488224	-3.186893
		51.624837	-3.94495
		50.152266	-5.065556
		50.726024	-3.543949
		51.289406	1.075802
		
g170		1613.67648029291	0.838632351970709	0	10	9	8	7	6	3	4	5	0	11	12	14	13	1	2	15		
		55.862982	-4.263554
		55.958426	-3.186893
		54.892406	-2.923222
		54.980766	-1.615849
		53.751959	-0.335941
		53.803895	-1.549931
		53.478239	-2.258549
		53.409532	-3.000126
		52.486125	-1.890507
		51.488224	-3.186893
		51.624837	-3.94495
		50.152266	-5.065556
		50.726024	-3.543949
		51.460852	-2.588139
		51.512161	-0.116215
		51.289406	1.075802
		
g170		1614.70757855554	0.838529242144446	1	10	9	8	7	6	3	4	5	0	1	11	12	14	13	2	15		
		55.862982	-4.263554
		55.958426	-3.186893
		54.892406	-2.923222
		54.980766	-1.615849
		53.751959	-0.335941
		53.803895	-1.549931
		53.478239	-2.258549
		53.409532	-3.000126
		52.486125	-1.890507
		51.460852	-2.588139
		51.488224	-3.186893
		51.624837	-3.94495
		50.152266	-5.065556
		50.726024	-3.543949
		51.512161	-0.116215
		51.289406	1.075802
		
g170		1631.15131975355	0.836884868024645	2	9	10	8	7	6	3	4	5	0	11	12	14	13	1	2	15		
		55.958426	-3.186893
		55.862982	-4.263554
		54.892406	-2.923222
		54.980766	-1.615849
		53.751959	-0.335941
		53.803895	-1.549931
		53.478239	-2.258549
		53.409532	-3.000126
		52.486125	-1.890507
		51.488224	-3.186893
		51.624837	-3.94495
		50.152266	-5.065556
		50.726024	-3.543949
		51.460852	-2.588139
		51.512161	-0.116215
		51.289406	1.075802
		
g170		1632.18241801618	0.836781758198382	3	9	10	8	7	6	3	4	5	0	1	11	12	14	13	2	15		
		55.958426	-3.186893
		55.862982	-4.263554
		54.892406	-2.923222
		54.980766	-1.615849
		53.751959	-0.335941
		53.803895	-1.549931
		53.478239	-2.258549
		53.409532	-3.000126
		52.486125	-1.890507
		51.460852	-2.588139
		51.488224	-3.186893
		51.624837	-3.94495
		50.152266	-5.065556
		50.726024	-3.543949
		51.512161	-0.116215
		51.289406	1.075802
		
g170		1656.09836620198	0.834390163379802	4	10	9	8	7	3	6	4	5	0	11	12	14	13	1	2	15		
		55.862982	-4.263554
		55.958426	-3.186893
		54.892406	-2.923222
		54.980766	-1.615849
		53.803895	-1.549931
		53.751959	-0.335941
		53.478239	-2.258549
		53.409532	-3.000126
		52.486125	-1.890507
		51.488224	-3.186893
		51.624837	-3.94495
		50.152266	-5.065556
		50.726024	-3.543949
		51.460852	-2.588139
		51.512161	-0.116215
		51.289406	1.075802
		
g170		1657.12946446462	0.834287053553538	5	10	9	8	7	3	6	4	5	0	1	11	12	14	13	2	15		
		55.862982	-4.263554
		55.958426	-3.186893
		54.892406	-2.923222
		54.980766	-1.615849
		53.803895	-1.549931
		53.751959	-0.335941
		53.478239	-2.258549
		53.409532	-3.000126
		52.486125	-1.890507
		51.460852	-2.588139
		51.488224	-3.186893
		51.624837	-3.94495
		50.152266	-5.065556
		50.726024	-3.543949
		51.512161	-0.116215
		51.289406	1.075802
		
