c	0 4 7 8 3 9 10 6 12 14 13 1 11 5 2 15	2574.00804581667	0.742599195418333	0	4	7	8	3	9	10	6	12	14	13	1	11	5	2	15		
		52.486125	-1.890507
		53.478239	-2.258549
		54.980766	-1.615849
		54.892406	-2.923222
		53.803895	-1.549931
		55.958426	-3.186893
		55.862982	-4.263554
		53.751959	-0.335941
		51.624837	-3.94495
		50.152266	-5.065556
		50.726024	-3.543949
		51.460852	-2.588139
		51.488224	-3.186893
		53.409532	-3.000126
		51.512161	-0.116215
		51.289406	1.075802
		
c	6 7 10 9 8 1 11 5 12 14 13 2 15 0 4 3	2450.67430266228	0.754932569733772	6	7	10	9	8	1	11	5	12	14	13	2	15	0	4	3		
		53.751959	-0.335941
		54.980766	-1.615849
		55.862982	-4.263554
		55.958426	-3.186893
		54.892406	-2.923222
		51.460852	-2.588139
		51.488224	-3.186893
		53.409532	-3.000126
		51.624837	-3.94495
		50.152266	-5.065556
		50.726024	-3.543949
		51.512161	-0.116215
		51.289406	1.075802
		52.486125	-1.890507
		53.478239	-2.258549
		53.803895	-1.549931
		
c	2 15 11 0 6 3 7 1 12 14 13 4 8 10 9 5	2680.11186691698	0.731988813308302	2	15	11	0	6	3	7	1	12	14	13	4	8	10	9	5		
		51.512161	-0.116215
		51.289406	1.075802
		51.488224	-3.186893
		52.486125	-1.890507
		53.751959	-0.335941
		53.803895	-1.549931
		54.980766	-1.615849
		51.460852	-2.588139
		51.624837	-3.94495
		50.152266	-5.065556
		50.726024	-3.543949
		53.478239	-2.258549
		54.892406	-2.923222
		55.862982	-4.263554
		55.958426	-3.186893
		53.409532	-3.000126
		
c	14 13 1 0 4 6 2 15 10 9 8 5 12 11 3 7	2578.74331762745	0.742125668237255	14	13	1	0	4	6	2	15	10	9	8	5	12	11	3	7		
		50.152266	-5.065556
		50.726024	-3.543949
		51.460852	-2.588139
		52.486125	-1.890507
		53.478239	-2.258549
		53.751959	-0.335941
		51.512161	-0.116215
		51.289406	1.075802
		55.862982	-4.263554
		55.958426	-3.186893
		54.892406	-2.923222
		53.409532	-3.000126
		51.624837	-3.94495
		51.488224	-3.186893
		53.803895	-1.549931
		54.980766	-1.615849
		
c	14 11 13 0 7 8 10 9 5 12 1 2 15 4 6 3	2468.76032325754	0.753123967674246	14	11	13	0	7	8	10	9	5	12	1	2	15	4	6	3		
		50.152266	-5.065556
		51.488224	-3.186893
		50.726024	-3.543949
		52.486125	-1.890507
		54.980766	-1.615849
		54.892406	-2.923222
		55.862982	-4.263554
		55.958426	-3.186893
		53.409532	-3.000126
		51.624837	-3.94495
		51.460852	-2.588139
		51.512161	-0.116215
		51.289406	1.075802
		53.478239	-2.258549
		53.751959	-0.335941
		53.803895	-1.549931
		
c	13 11 12 14 1 2 10 9 5 15 0 4 6 3 7 8	2774.72339416181	0.722527660583819	13	11	12	14	1	2	10	9	5	15	0	4	6	3	7	8		
		50.726024	-3.543949
		51.488224	-3.186893
		51.624837	-3.94495
		50.152266	-5.065556
		51.460852	-2.588139
		51.512161	-0.116215
		55.862982	-4.263554
		55.958426	-3.186893
		53.409532	-3.000126
		51.289406	1.075802
		52.486125	-1.890507
		53.478239	-2.258549
		53.751959	-0.335941
		53.803895	-1.549931
		54.980766	-1.615849
		54.892406	-2.923222
		
c	0 4 6 2 3 7 10 9 8 12 14 5 13 1 11 15	2962.41899181789	0.703758100818211	0	4	6	2	3	7	10	9	8	12	14	5	13	1	11	15		
		52.486125	-1.890507
		53.478239	-2.258549
		53.751959	-0.335941
		51.512161	-0.116215
		53.803895	-1.549931
		54.980766	-1.615849
		55.862982	-4.263554
		55.958426	-3.186893
		54.892406	-2.923222
		51.624837	-3.94495
		50.152266	-5.065556
		53.409532	-3.000126
		50.726024	-3.543949
		51.460852	-2.588139
		51.488224	-3.186893
		51.289406	1.075802
		
c	9 5 11 12 14 13 8 1 2 15 3 4 7 10 6 0	3239.17995022109	0.676082004977891	9	5	11	12	14	13	8	1	2	15	3	4	7	10	6	0		
		55.958426	-3.186893
		53.409532	-3.000126
		51.488224	-3.186893
		51.624837	-3.94495
		50.152266	-5.065556
		50.726024	-3.543949
		54.892406	-2.923222
		51.460852	-2.588139
		51.512161	-0.116215
		51.289406	1.075802
		53.803895	-1.549931
		53.478239	-2.258549
		54.980766	-1.615849
		55.862982	-4.263554
		53.751959	-0.335941
		52.486125	-1.890507
		
c	8 6 5 12 13 1 7 10 9 0 11 4 2 3 14 15	3690.78414360913	0.630921585639087	8	6	5	12	13	1	7	10	9	0	11	4	2	3	14	15		
		54.892406	-2.923222
		53.751959	-0.335941
		53.409532	-3.000126
		51.624837	-3.94495
		50.726024	-3.543949
		51.460852	-2.588139
		54.980766	-1.615849
		55.862982	-4.263554
		55.958426	-3.186893
		52.486125	-1.890507
		51.488224	-3.186893
		53.478239	-2.258549
		51.512161	-0.116215
		53.803895	-1.549931
		50.152266	-5.065556
		51.289406	1.075802
		
c	4 3 8 6 5 12 13 1 7 10 9 0 11 14 2 15	2876.96466796442	0.712303533203558	4	3	8	6	5	12	13	1	7	10	9	0	11	14	2	15		
		53.478239	-2.258549
		53.803895	-1.549931
		54.892406	-2.923222
		53.751959	-0.335941
		53.409532	-3.000126
		51.624837	-3.94495
		50.726024	-3.543949
		51.460852	-2.588139
		54.980766	-1.615849
		55.862982	-4.263554
		55.958426	-3.186893
		52.486125	-1.890507
		51.488224	-3.186893
		50.152266	-5.065556
		51.512161	-0.116215
		51.289406	1.075802
		
c	1 12 14 2 15 0 4 13 11 6 3 7 10 9 8 5	2579.45683106354	0.742054316893646	1	12	14	2	15	0	4	13	11	6	3	7	10	9	8	5		
		51.460852	-2.588139
		51.624837	-3.94495
		50.152266	-5.065556
		51.512161	-0.116215
		51.289406	1.075802
		52.486125	-1.890507
		53.478239	-2.258549
		50.726024	-3.543949
		51.488224	-3.186893
		53.751959	-0.335941
		53.803895	-1.549931
		54.980766	-1.615849
		55.862982	-4.263554
		55.958426	-3.186893
		54.892406	-2.923222
		53.409532	-3.000126
		
c	12 11 5 0 4 6 3 7 10 8 9 14 13 1 2 15	2446.25056025268	0.755374943974732	12	11	5	0	4	6	3	7	10	8	9	14	13	1	2	15		
		51.624837	-3.94495
		51.488224	-3.186893
		53.409532	-3.000126
		52.486125	-1.890507
		53.478239	-2.258549
		53.751959	-0.335941
		53.803895	-1.549931
		54.980766	-1.615849
		55.862982	-4.263554
		54.892406	-2.923222
		55.958426	-3.186893
		50.152266	-5.065556
		50.726024	-3.543949
		51.460852	-2.588139
		51.512161	-0.116215
		51.289406	1.075802
		
c	15 9 8 6 1 11 7 10 5 12 14 13 2 0 4 3	3243.81934111041	0.675618065888959	15	9	8	6	1	11	7	10	5	12	14	13	2	0	4	3		
		51.289406	1.075802
		55.958426	-3.186893
		54.892406	-2.923222
		53.751959	-0.335941
		51.460852	-2.588139
		51.488224	-3.186893
		54.980766	-1.615849
		55.862982	-4.263554
		53.409532	-3.000126
		51.624837	-3.94495
		50.152266	-5.065556
		50.726024	-3.543949
		51.512161	-0.116215
		52.486125	-1.890507
		53.478239	-2.258549
		53.803895	-1.549931
		
c	0 2 15 4 7 8 3 9 10 6 12 14 11 1 13 5	2828.60911845306	0.717139088154694	0	2	15	4	7	8	3	9	10	6	12	14	11	1	13	5		
		52.486125	-1.890507
		51.512161	-0.116215
		51.289406	1.075802
		53.478239	-2.258549
		54.980766	-1.615849
		54.892406	-2.923222
		53.803895	-1.549931
		55.958426	-3.186893
		55.862982	-4.263554
		53.751959	-0.335941
		51.624837	-3.94495
		50.152266	-5.065556
		51.488224	-3.186893
		51.460852	-2.588139
		50.726024	-3.543949
		53.409532	-3.000126
		
c	4 12 14 13 1 0 6 2 15 10 9 8 5 11 3 7	2878.23895595801	0.712176104404199	4	12	14	13	1	0	6	2	15	10	9	8	5	11	3	7		
		53.478239	-2.258549
		51.624837	-3.94495
		50.152266	-5.065556
		50.726024	-3.543949
		51.460852	-2.588139
		52.486125	-1.890507
		53.751959	-0.335941
		51.512161	-0.116215
		51.289406	1.075802
		55.862982	-4.263554
		55.958426	-3.186893
		54.892406	-2.923222
		53.409532	-3.000126
		51.488224	-3.186893
		53.803895	-1.549931
		54.980766	-1.615849
		
c	8 12 14 13 1 2 15 11 0 4 3 6 7 10 9 5	2435.50290511591	0.75644970948841	8	12	14	13	1	2	15	11	0	4	3	6	7	10	9	5		
		54.892406	-2.923222
		51.624837	-3.94495
		50.152266	-5.065556
		50.726024	-3.543949
		51.460852	-2.588139
		51.512161	-0.116215
		51.289406	1.075802
		51.488224	-3.186893
		52.486125	-1.890507
		53.478239	-2.258549
		53.803895	-1.549931
		53.751959	-0.335941
		54.980766	-1.615849
		55.862982	-4.263554
		55.958426	-3.186893
		53.409532	-3.000126
		
c	0 4 6 2 9 5 8 12 14 13 1 15 11 3 7 10	3413.9004444547	0.65860995555453	0	4	6	2	9	5	8	12	14	13	1	15	11	3	7	10		
		52.486125	-1.890507
		53.478239	-2.258549
		53.751959	-0.335941
		51.512161	-0.116215
		55.958426	-3.186893
		53.409532	-3.000126
		54.892406	-2.923222
		51.624837	-3.94495
		50.152266	-5.065556
		50.726024	-3.543949
		51.460852	-2.588139
		51.289406	1.075802
		51.488224	-3.186893
		53.803895	-1.549931
		54.980766	-1.615849
		55.862982	-4.263554
		
c	15 11 7 9 10 4 3 8 6 1 2 0 5 12 14 13	2900.8998030313	0.70991001969687	15	11	7	9	10	4	3	8	6	1	2	0	5	12	14	13		
		51.289406	1.075802
		51.488224	-3.186893
		54.980766	-1.615849
		55.958426	-3.186893
		55.862982	-4.263554
		53.478239	-2.258549
		53.803895	-1.549931
		54.892406	-2.923222
		53.751959	-0.335941
		51.460852	-2.588139
		51.512161	-0.116215
		52.486125	-1.890507
		53.409532	-3.000126
		51.624837	-3.94495
		50.152266	-5.065556
		50.726024	-3.543949
		
c	12 14 2 15 0 4 13 1 11 6 3 7 10 9 8 5	2542.61660579902	0.745738339420098	12	14	2	15	0	4	13	1	11	6	3	7	10	9	8	5		
		51.624837	-3.94495
		50.152266	-5.065556
		51.512161	-0.116215
		51.289406	1.075802
		52.486125	-1.890507
		53.478239	-2.258549
		50.726024	-3.543949
		51.460852	-2.588139
		51.488224	-3.186893
		53.751959	-0.335941
		53.803895	-1.549931
		54.980766	-1.615849
		55.862982	-4.263554
		55.958426	-3.186893
		54.892406	-2.923222
		53.409532	-3.000126
		
c	9 0 2 15 4 7 8 3 10 6 12 14 13 1 11 5	3021.66075308195	0.697833924691805	9	0	2	15	4	7	8	3	10	6	12	14	13	1	11	5		
		55.958426	-3.186893
		52.486125	-1.890507
		51.512161	-0.116215
		51.289406	1.075802
		53.478239	-2.258549
		54.980766	-1.615849
		54.892406	-2.923222
		53.803895	-1.549931
		55.862982	-4.263554
		53.751959	-0.335941
		51.624837	-3.94495
		50.152266	-5.065556
		50.726024	-3.543949
		51.460852	-2.588139
		51.488224	-3.186893
		53.409532	-3.000126
		
c	7 9 10 5 13 2 15 0 11 4 3 8 6 12 14 1	2923.97875968638	0.707602124031362	7	9	10	5	13	2	15	0	11	4	3	8	6	12	14	1		
		54.980766	-1.615849
		55.958426	-3.186893
		55.862982	-4.263554
		53.409532	-3.000126
		50.726024	-3.543949
		51.512161	-0.116215
		51.289406	1.075802
		52.486125	-1.890507
		51.488224	-3.186893
		53.478239	-2.258549
		53.803895	-1.549931
		54.892406	-2.923222
		53.751959	-0.335941
		51.624837	-3.94495
		50.152266	-5.065556
		51.460852	-2.588139
		
c	4 3 7 15 9 10 8 6 5 11 12 14 13 1 2 0	2838.35655937047	0.716164344062953	4	3	7	15	9	10	8	6	5	11	12	14	13	1	2	0		
		53.478239	-2.258549
		53.803895	-1.549931
		54.980766	-1.615849
		51.289406	1.075802
		55.958426	-3.186893
		55.862982	-4.263554
		54.892406	-2.923222
		53.751959	-0.335941
		53.409532	-3.000126
		51.488224	-3.186893
		51.624837	-3.94495
		50.152266	-5.065556
		50.726024	-3.543949
		51.460852	-2.588139
		51.512161	-0.116215
		52.486125	-1.890507
		
c	8 6 5 12 0 1 11 14 13 2 15 7 9 10 4 3	2615.68164411258	0.738431835588742	8	6	5	12	0	1	11	14	13	2	15	7	9	10	4	3		
		54.892406	-2.923222
		53.751959	-0.335941
		53.409532	-3.000126
		51.624837	-3.94495
		52.486125	-1.890507
		51.460852	-2.588139
		51.488224	-3.186893
		50.152266	-5.065556
		50.726024	-3.543949
		51.512161	-0.116215
		51.289406	1.075802
		54.980766	-1.615849
		55.958426	-3.186893
		55.862982	-4.263554
		53.478239	-2.258549
		53.803895	-1.549931
		
c	4 3 8 10 9 5 7 6 11 0 12 14 13 1 2 15	2353.31677519645	0.764668322480355	4	3	8	10	9	5	7	6	11	0	12	14	13	1	2	15		
		53.478239	-2.258549
		53.803895	-1.549931
		54.892406	-2.923222
		55.862982	-4.263554
		55.958426	-3.186893
		53.409532	-3.000126
		54.980766	-1.615849
		53.751959	-0.335941
		51.488224	-3.186893
		52.486125	-1.890507
		51.624837	-3.94495
		50.152266	-5.065556
		50.726024	-3.543949
		51.460852	-2.588139
		51.512161	-0.116215
		51.289406	1.075802
		
c	5 0 4 6 3 7 10 8 9 11 12 14 13 1 2 15	2253.28147845964	0.774671852154036	5	0	4	6	3	7	10	8	9	11	12	14	13	1	2	15		
		53.409532	-3.000126
		52.486125	-1.890507
		53.478239	-2.258549
		53.751959	-0.335941
		53.803895	-1.549931
		54.980766	-1.615849
		55.862982	-4.263554
		54.892406	-2.923222
		55.958426	-3.186893
		51.488224	-3.186893
		51.624837	-3.94495
		50.152266	-5.065556
		50.726024	-3.543949
		51.460852	-2.588139
		51.512161	-0.116215
		51.289406	1.075802
		
c	6 5 11 12 8 14 13 1 2 15 0 4 3 7 10 9	2660.94378887826	0.733905621112174	6	5	11	12	8	14	13	1	2	15	0	4	3	7	10	9		
		53.751959	-0.335941
		53.409532	-3.000126
		51.488224	-3.186893
		51.624837	-3.94495
		54.892406	-2.923222
		50.152266	-5.065556
		50.726024	-3.543949
		51.460852	-2.588139
		51.512161	-0.116215
		51.289406	1.075802
		52.486125	-1.890507
		53.478239	-2.258549
		53.803895	-1.549931
		54.980766	-1.615849
		55.862982	-4.263554
		55.958426	-3.186893
		
c	11 12 14 13 1 2 15 0 4 7 8 6 10 9 5 3	2348.2361189178	0.76517638810822	11	12	14	13	1	2	15	0	4	7	8	6	10	9	5	3		
		51.488224	-3.186893
		51.624837	-3.94495
		50.152266	-5.065556
		50.726024	-3.543949
		51.460852	-2.588139
		51.512161	-0.116215
		51.289406	1.075802
		52.486125	-1.890507
		53.478239	-2.258549
		54.980766	-1.615849
		54.892406	-2.923222
		53.751959	-0.335941
		55.862982	-4.263554
		55.958426	-3.186893
		53.409532	-3.000126
		53.803895	-1.549931
		
c	3 6 7 10 1 2 15 0 4 8 9 5 11 12 14 13	2690.95504346801	0.730904495653199	3	6	7	10	1	2	15	0	4	8	9	5	11	12	14	13		
		53.803895	-1.549931
		53.751959	-0.335941
		54.980766	-1.615849
		55.862982	-4.263554
		51.460852	-2.588139
		51.512161	-0.116215
		51.289406	1.075802
		52.486125	-1.890507
		53.478239	-2.258549
		54.892406	-2.923222
		55.958426	-3.186893
		53.409532	-3.000126
		51.488224	-3.186893
		51.624837	-3.94495
		50.152266	-5.065556
		50.726024	-3.543949
		
c	8 5 4 12 11 6 3 7 10 9 14 13 1 0 2 15	2555.16886287968	0.744483113712032	8	5	4	12	11	6	3	7	10	9	14	13	1	0	2	15		
		54.892406	-2.923222
		53.409532	-3.000126
		53.478239	-2.258549
		51.624837	-3.94495
		51.488224	-3.186893
		53.751959	-0.335941
		53.803895	-1.549931
		54.980766	-1.615849
		55.862982	-4.263554
		55.958426	-3.186893
		50.152266	-5.065556
		50.726024	-3.543949
		51.460852	-2.588139
		52.486125	-1.890507
		51.512161	-0.116215
		51.289406	1.075802
		
c	12 14 13 1 2 15 11 0 4 6 3 7 8 10 9 5	2135.82201138637	0.786417798861363	12	14	13	1	2	15	11	0	4	6	3	7	8	10	9	5		
		51.624837	-3.94495
		50.152266	-5.065556
		50.726024	-3.543949
		51.460852	-2.588139
		51.512161	-0.116215
		51.289406	1.075802
		51.488224	-3.186893
		52.486125	-1.890507
		53.478239	-2.258549
		53.751959	-0.335941
		53.803895	-1.549931
		54.980766	-1.615849
		54.892406	-2.923222
		55.862982	-4.263554
		55.958426	-3.186893
		53.409532	-3.000126
		
c	15 11 4 8 7 10 9 5 0 12 1 3 14 13 2 6	3082.59762180825	0.691740237819175	15	11	4	8	7	10	9	5	0	12	1	3	14	13	2	6		
		51.289406	1.075802
		51.488224	-3.186893
		53.478239	-2.258549
		54.892406	-2.923222
		54.980766	-1.615849
		55.862982	-4.263554
		55.958426	-3.186893
		53.409532	-3.000126
		52.486125	-1.890507
		51.624837	-3.94495
		51.460852	-2.588139
		53.803895	-1.549931
		50.152266	-5.065556
		50.726024	-3.543949
		51.512161	-0.116215
		53.751959	-0.335941
		
c	6 2 15 13 1 11 3 7 10 9 5 12 14 0 4 8	2775.32305240091	0.722467694759909	6	2	15	13	1	11	3	7	10	9	5	12	14	0	4	8		
		53.751959	-0.335941
		51.512161	-0.116215
		51.289406	1.075802
		50.726024	-3.543949
		51.460852	-2.588139
		51.488224	-3.186893
		53.803895	-1.549931
		54.980766	-1.615849
		55.862982	-4.263554
		55.958426	-3.186893
		53.409532	-3.000126
		51.624837	-3.94495
		50.152266	-5.065556
		52.486125	-1.890507
		53.478239	-2.258549
		54.892406	-2.923222
		
c	0 4 6 7 10 8 9 5 1 11 12 14 13 2 15 3	2431.19302305873	0.756880697694127	0	4	6	7	10	8	9	5	1	11	12	14	13	2	15	3		
		52.486125	-1.890507
		53.478239	-2.258549
		53.751959	-0.335941
		54.980766	-1.615849
		55.862982	-4.263554
		54.892406	-2.923222
		55.958426	-3.186893
		53.409532	-3.000126
		51.460852	-2.588139
		51.488224	-3.186893
		51.624837	-3.94495
		50.152266	-5.065556
		50.726024	-3.543949
		51.512161	-0.116215
		51.289406	1.075802
		53.803895	-1.549931
		
c	3 7 6 11 0 12 1 14 13 2 15 4 8 10 9 5	2692.4795157658	0.73075204842342	3	7	6	11	0	12	1	14	13	2	15	4	8	10	9	5		
		53.803895	-1.549931
		54.980766	-1.615849
		53.751959	-0.335941
		51.488224	-3.186893
		52.486125	-1.890507
		51.624837	-3.94495
		51.460852	-2.588139
		50.152266	-5.065556
		50.726024	-3.543949
		51.512161	-0.116215
		51.289406	1.075802
		53.478239	-2.258549
		54.892406	-2.923222
		55.862982	-4.263554
		55.958426	-3.186893
		53.409532	-3.000126
		
c	12 14 13 1 2 6 3 5 0 11 15 4 7 10 8 9	2538.83952967882	0.746116047032118	12	14	13	1	2	6	3	5	0	11	15	4	7	10	8	9		
		51.624837	-3.94495
		50.152266	-5.065556
		50.726024	-3.543949
		51.460852	-2.588139
		51.512161	-0.116215
		53.751959	-0.335941
		53.803895	-1.549931
		53.409532	-3.000126
		52.486125	-1.890507
		51.488224	-3.186893
		51.289406	1.075802
		53.478239	-2.258549
		54.980766	-1.615849
		55.862982	-4.263554
		54.892406	-2.923222
		55.958426	-3.186893
		
c	12 14 13 11 1 2 15 0 4 6 3 7 10 9 8 5	1938.21213631338	0.806178786368662	12	14	13	11	1	2	15	0	4	6	3	7	10	9	8	5		
		51.624837	-3.94495
		50.152266	-5.065556
		50.726024	-3.543949
		51.488224	-3.186893
		51.460852	-2.588139
		51.512161	-0.116215
		51.289406	1.075802
		52.486125	-1.890507
		53.478239	-2.258549
		53.751959	-0.335941
		53.803895	-1.549931
		54.980766	-1.615849
		55.862982	-4.263554
		55.958426	-3.186893
		54.892406	-2.923222
		53.409532	-3.000126
		
c	4 6 11 3 7 10 9 8 1 12 14 13 2 15 0 5	2735.28871014857	0.726471128985143	4	6	11	3	7	10	9	8	1	12	14	13	2	15	0	5		
		53.478239	-2.258549
		53.751959	-0.335941
		51.488224	-3.186893
		53.803895	-1.549931
		54.980766	-1.615849
		55.862982	-4.263554
		55.958426	-3.186893
		54.892406	-2.923222
		51.460852	-2.588139
		51.624837	-3.94495
		50.152266	-5.065556
		50.726024	-3.543949
		51.512161	-0.116215
		51.289406	1.075802
		52.486125	-1.890507
		53.409532	-3.000126
		
c	1 0 4 7 10 9 8 5 11 12 14 13 2 15 6 3	2241.60036813943	0.775839963186057	1	0	4	7	10	9	8	5	11	12	14	13	2	15	6	3		
		51.460852	-2.588139
		52.486125	-1.890507
		53.478239	-2.258549
		54.980766	-1.615849
		55.862982	-4.263554
		55.958426	-3.186893
		54.892406	-2.923222
		53.409532	-3.000126
		51.488224	-3.186893
		51.624837	-3.94495
		50.152266	-5.065556
		50.726024	-3.543949
		51.512161	-0.116215
		51.289406	1.075802
		53.751959	-0.335941
		53.803895	-1.549931
		
c	1 2 15 3 4 8 7 9 10 0 6 5 11 12 14 13	2446.14762845405	0.755385237154595	1	2	15	3	4	8	7	9	10	0	6	5	11	12	14	13		
		51.460852	-2.588139
		51.512161	-0.116215
		51.289406	1.075802
		53.803895	-1.549931
		53.478239	-2.258549
		54.892406	-2.923222
		54.980766	-1.615849
		55.958426	-3.186893
		55.862982	-4.263554
		52.486125	-1.890507
		53.751959	-0.335941
		53.409532	-3.000126
		51.488224	-3.186893
		51.624837	-3.94495
		50.152266	-5.065556
		50.726024	-3.543949
		
c	12 10 9 8 5 11 14 13 1 2 15 0 7 6 4 3	2595.82396927738	0.740417603072262	12	10	9	8	5	11	14	13	1	2	15	0	7	6	4	3		
		51.624837	-3.94495
		55.862982	-4.263554
		55.958426	-3.186893
		54.892406	-2.923222
		53.409532	-3.000126
		51.488224	-3.186893
		50.152266	-5.065556
		50.726024	-3.543949
		51.460852	-2.588139
		51.512161	-0.116215
		51.289406	1.075802
		52.486125	-1.890507
		54.980766	-1.615849
		53.751959	-0.335941
		53.478239	-2.258549
		53.803895	-1.549931
		
c	0 4 6 3 7 5 11 12 14 1 2 15 8 9 10 13	2827.67112586964	0.717232887413036	0	4	6	3	7	5	11	12	14	1	2	15	8	9	10	13		
		52.486125	-1.890507
		53.478239	-2.258549
		53.751959	-0.335941
		53.803895	-1.549931
		54.980766	-1.615849
		53.409532	-3.000126
		51.488224	-3.186893
		51.624837	-3.94495
		50.152266	-5.065556
		51.460852	-2.588139
		51.512161	-0.116215
		51.289406	1.075802
		54.892406	-2.923222
		55.958426	-3.186893
		55.862982	-4.263554
		50.726024	-3.543949
		
c	12 14 13 1 10 9 11 2 15 0 4 6 3 7 8 5	2724.57048771789	0.727542951228211	12	14	13	1	10	9	11	2	15	0	4	6	3	7	8	5		
		51.624837	-3.94495
		50.152266	-5.065556
		50.726024	-3.543949
		51.460852	-2.588139
		55.862982	-4.263554
		55.958426	-3.186893
		51.488224	-3.186893
		51.512161	-0.116215
		51.289406	1.075802
		52.486125	-1.890507
		53.478239	-2.258549
		53.751959	-0.335941
		53.803895	-1.549931
		54.980766	-1.615849
		54.892406	-2.923222
		53.409532	-3.000126
		
c	5 11 12 14 13 1 2 15 6 3 7 10 9 0 4 8	2372.36621073672	0.762763378926328	5	11	12	14	13	1	2	15	6	3	7	10	9	0	4	8		
		53.409532	-3.000126
		51.488224	-3.186893
		51.624837	-3.94495
		50.152266	-5.065556
		50.726024	-3.543949
		51.460852	-2.588139
		51.512161	-0.116215
		51.289406	1.075802
		53.751959	-0.335941
		53.803895	-1.549931
		54.980766	-1.615849
		55.862982	-4.263554
		55.958426	-3.186893
		52.486125	-1.890507
		53.478239	-2.258549
		54.892406	-2.923222
		
c	10 9 2 15 1 12 14 11 13 0 7 6 8 5 4 3	2655.87890110322	0.734412109889678	10	9	2	15	1	12	14	11	13	0	7	6	8	5	4	3		
		55.862982	-4.263554
		55.958426	-3.186893
		51.512161	-0.116215
		51.289406	1.075802
		51.460852	-2.588139
		51.624837	-3.94495
		50.152266	-5.065556
		51.488224	-3.186893
		50.726024	-3.543949
		52.486125	-1.890507
		54.980766	-1.615849
		53.751959	-0.335941
		54.892406	-2.923222
		53.409532	-3.000126
		53.478239	-2.258549
		53.803895	-1.549931
		
c	15 11 0 4 3 6 10 9 8 5 7 12 14 13 1 2	2571.52550006057	0.742847449993943	15	11	0	4	3	6	10	9	8	5	7	12	14	13	1	2		
		51.289406	1.075802
		51.488224	-3.186893
		52.486125	-1.890507
		53.478239	-2.258549
		53.803895	-1.549931
		53.751959	-0.335941
		55.862982	-4.263554
		55.958426	-3.186893
		54.892406	-2.923222
		53.409532	-3.000126
		54.980766	-1.615849
		51.624837	-3.94495
		50.152266	-5.065556
		50.726024	-3.543949
		51.460852	-2.588139
		51.512161	-0.116215
		
c	3 1 2 15 0 4 8 7 9 10 6 5 11 12 14 13	2445.15996932036	0.755484003067964	3	1	2	15	0	4	8	7	9	10	6	5	11	12	14	13		
		53.803895	-1.549931
		51.460852	-2.588139
		51.512161	-0.116215
		51.289406	1.075802
		52.486125	-1.890507
		53.478239	-2.258549
		54.892406	-2.923222
		54.980766	-1.615849
		55.958426	-3.186893
		55.862982	-4.263554
		53.751959	-0.335941
		53.409532	-3.000126
		51.488224	-3.186893
		51.624837	-3.94495
		50.152266	-5.065556
		50.726024	-3.543949
		
c	12 14 0 6 8 7 9 10 5 1 11 13 2 15 4 3	2571.84136005262	0.742815863994738	12	14	0	6	8	7	9	10	5	1	11	13	2	15	4	3		
		51.624837	-3.94495
		50.152266	-5.065556
		52.486125	-1.890507
		53.751959	-0.335941
		54.892406	-2.923222
		54.980766	-1.615849
		55.958426	-3.186893
		55.862982	-4.263554
		53.409532	-3.000126
		51.460852	-2.588139
		51.488224	-3.186893
		50.726024	-3.543949
		51.512161	-0.116215
		51.289406	1.075802
		53.478239	-2.258549
		53.803895	-1.549931
		
c	0 4 6 3 7 10 8 9 11 12 14 13 1 2 15 5	2490.04040868172	0.750995959131828	0	4	6	3	7	10	8	9	11	12	14	13	1	2	15	5		
		52.486125	-1.890507
		53.478239	-2.258549
		53.751959	-0.335941
		53.803895	-1.549931
		54.980766	-1.615849
		55.862982	-4.263554
		54.892406	-2.923222
		55.958426	-3.186893
		51.488224	-3.186893
		51.624837	-3.94495
		50.152266	-5.065556
		50.726024	-3.543949
		51.460852	-2.588139
		51.512161	-0.116215
		51.289406	1.075802
		53.409532	-3.000126
		
c	9 2 15 0 4 8 7 10 6 5 11 12 14 13 1 3	2892.11390132828	0.710788609867172	9	2	15	0	4	8	7	10	6	5	11	12	14	13	1	3		
		55.958426	-3.186893
		51.512161	-0.116215
		51.289406	1.075802
		52.486125	-1.890507
		53.478239	-2.258549
		54.892406	-2.923222
		54.980766	-1.615849
		55.862982	-4.263554
		53.751959	-0.335941
		53.409532	-3.000126
		51.488224	-3.186893
		51.624837	-3.94495
		50.152266	-5.065556
		50.726024	-3.543949
		51.460852	-2.588139
		53.803895	-1.549931
		
c	15 11 2 1 14 13 0 10 9 8 5 4 12 6 3 7	2852.90996837867	0.714709003162133	15	11	2	1	14	13	0	10	9	8	5	4	12	6	3	7		
		51.289406	1.075802
		51.488224	-3.186893
		51.512161	-0.116215
		51.460852	-2.588139
		50.152266	-5.065556
		50.726024	-3.543949
		52.486125	-1.890507
		55.862982	-4.263554
		55.958426	-3.186893
		54.892406	-2.923222
		53.409532	-3.000126
		53.478239	-2.258549
		51.624837	-3.94495
		53.751959	-0.335941
		53.803895	-1.549931
		54.980766	-1.615849
		
c	4 3 8 7 9 10 6 5 11 12 14 13 1 2 15 0	2214.09840395447	0.778590159604553	4	3	8	7	9	10	6	5	11	12	14	13	1	2	15	0		
		53.478239	-2.258549
		53.803895	-1.549931
		54.892406	-2.923222
		54.980766	-1.615849
		55.958426	-3.186893
		55.862982	-4.263554
		53.751959	-0.335941
		53.409532	-3.000126
		51.488224	-3.186893
		51.624837	-3.94495
		50.152266	-5.065556
		50.726024	-3.543949
		51.460852	-2.588139
		51.512161	-0.116215
		51.289406	1.075802
		52.486125	-1.890507
		
c	9 10 6 8 7 12 1 11 0 2 15 4 3 5 14 13	2649.49797856663	0.735050202143337	9	10	6	8	7	12	1	11	0	2	15	4	3	5	14	13		
		55.958426	-3.186893
		55.862982	-4.263554
		53.751959	-0.335941
		54.892406	-2.923222
		54.980766	-1.615849
		51.624837	-3.94495
		51.460852	-2.588139
		51.488224	-3.186893
		52.486125	-1.890507
		51.512161	-0.116215
		51.289406	1.075802
		53.478239	-2.258549
		53.803895	-1.549931
		53.409532	-3.000126
		50.152266	-5.065556
		50.726024	-3.543949
		
c	3 6 5 0 11 7 9 10 4 8 12 14 13 1 2 15	2643.36727516009	0.735663272483991	3	6	5	0	11	7	9	10	4	8	12	14	13	1	2	15		
		53.803895	-1.549931
		53.751959	-0.335941
		53.409532	-3.000126
		52.486125	-1.890507
		51.488224	-3.186893
		54.980766	-1.615849
		55.958426	-3.186893
		55.862982	-4.263554
		53.478239	-2.258549
		54.892406	-2.923222
		51.624837	-3.94495
		50.152266	-5.065556
		50.726024	-3.543949
		51.460852	-2.588139
		51.512161	-0.116215
		51.289406	1.075802
		
c	4 3 6 5 11 12 14 13 1 2 15 7 10 9 0 8	2638.36479006487	0.736163520993512	4	3	6	5	11	12	14	13	1	2	15	7	10	9	0	8		
		53.478239	-2.258549
		53.803895	-1.549931
		53.751959	-0.335941
		53.409532	-3.000126
		51.488224	-3.186893
		51.624837	-3.94495
		50.152266	-5.065556
		50.726024	-3.543949
		51.460852	-2.588139
		51.512161	-0.116215
		51.289406	1.075802
		54.980766	-1.615849
		55.862982	-4.263554
		55.958426	-3.186893
		52.486125	-1.890507
		54.892406	-2.923222
		
c	13 9 8 6 1 11 7 10 5 12 14 2 15 0 4 3	3401.80316656102	0.659819683343898	13	9	8	6	1	11	7	10	5	12	14	2	15	0	4	3		
		50.726024	-3.543949
		55.958426	-3.186893
		54.892406	-2.923222
		53.751959	-0.335941
		51.460852	-2.588139
		51.488224	-3.186893
		54.980766	-1.615849
		55.862982	-4.263554
		53.409532	-3.000126
		51.624837	-3.94495
		50.152266	-5.065556
		51.512161	-0.116215
		51.289406	1.075802
		52.486125	-1.890507
		53.478239	-2.258549
		53.803895	-1.549931
		
c	6 10 9 5 11 12 14 13 1 2 15 0 4 7 8 3	2396.94074878392	0.760305925121608	6	10	9	5	11	12	14	13	1	2	15	0	4	7	8	3		
		53.751959	-0.335941
		55.862982	-4.263554
		55.958426	-3.186893
		53.409532	-3.000126
		51.488224	-3.186893
		51.624837	-3.94495
		50.152266	-5.065556
		50.726024	-3.543949
		51.460852	-2.588139
		51.512161	-0.116215
		51.289406	1.075802
		52.486125	-1.890507
		53.478239	-2.258549
		54.980766	-1.615849
		54.892406	-2.923222
		53.803895	-1.549931
		
c	6 12 14 13 1 2 15 11 0 4 3 7 8 10 9 5	2323.74130121332	0.767625869878668	6	12	14	13	1	2	15	11	0	4	3	7	8	10	9	5		
		53.751959	-0.335941
		51.624837	-3.94495
		50.152266	-5.065556
		50.726024	-3.543949
		51.460852	-2.588139
		51.512161	-0.116215
		51.289406	1.075802
		51.488224	-3.186893
		52.486125	-1.890507
		53.478239	-2.258549
		53.803895	-1.549931
		54.980766	-1.615849
		54.892406	-2.923222
		55.862982	-4.263554
		55.958426	-3.186893
		53.409532	-3.000126
		
c	1 11 3 7 10 9 5 12 14 0 8 4 6 13 2 15	3040.33681407757	0.695966318592243	1	11	3	7	10	9	5	12	14	0	8	4	6	13	2	15		
		51.460852	-2.588139
		51.488224	-3.186893
		53.803895	-1.549931
		54.980766	-1.615849
		55.862982	-4.263554
		55.958426	-3.186893
		53.409532	-3.000126
		51.624837	-3.94495
		50.152266	-5.065556
		52.486125	-1.890507
		54.892406	-2.923222
		53.478239	-2.258549
		53.751959	-0.335941
		50.726024	-3.543949
		51.512161	-0.116215
		51.289406	1.075802
		
c	7 10 9 0 1 11 12 14 13 2 15 4 6 3 8 5	2382.32054991969	0.761767945008031	7	10	9	0	1	11	12	14	13	2	15	4	6	3	8	5		
		54.980766	-1.615849
		55.862982	-4.263554
		55.958426	-3.186893
		52.486125	-1.890507
		51.460852	-2.588139
		51.488224	-3.186893
		51.624837	-3.94495
		50.152266	-5.065556
		50.726024	-3.543949
		51.512161	-0.116215
		51.289406	1.075802
		53.478239	-2.258549
		53.751959	-0.335941
		53.803895	-1.549931
		54.892406	-2.923222
		53.409532	-3.000126
		
c	9 5 11 12 14 13 1 2 15 0 4 7 8 6 3 10	2412.37475365897	0.758762524634103	9	5	11	12	14	13	1	2	15	0	4	7	8	6	3	10		
		55.958426	-3.186893
		53.409532	-3.000126
		51.488224	-3.186893
		51.624837	-3.94495
		50.152266	-5.065556
		50.726024	-3.543949
		51.460852	-2.588139
		51.512161	-0.116215
		51.289406	1.075802
		52.486125	-1.890507
		53.478239	-2.258549
		54.980766	-1.615849
		54.892406	-2.923222
		53.751959	-0.335941
		53.803895	-1.549931
		55.862982	-4.263554
		
c	0 1 11 12 14 13 2 15 4 6 10 9 8 5 3 7	2263.14787058153	0.773685212941847	0	1	11	12	14	13	2	15	4	6	10	9	8	5	3	7		
		52.486125	-1.890507
		51.460852	-2.588139
		51.488224	-3.186893
		51.624837	-3.94495
		50.152266	-5.065556
		50.726024	-3.543949
		51.512161	-0.116215
		51.289406	1.075802
		53.478239	-2.258549
		53.751959	-0.335941
		55.862982	-4.263554
		55.958426	-3.186893
		54.892406	-2.923222
		53.409532	-3.000126
		53.803895	-1.549931
		54.980766	-1.615849
		
c	13 2 15 6 8 7 9 10 1 3 0 4 5 11 12 14	2673.11599316139	0.732688400683861	13	2	15	6	8	7	9	10	1	3	0	4	5	11	12	14		
		50.726024	-3.543949
		51.512161	-0.116215
		51.289406	1.075802
		53.751959	-0.335941
		54.892406	-2.923222
		54.980766	-1.615849
		55.958426	-3.186893
		55.862982	-4.263554
		51.460852	-2.588139
		53.803895	-1.549931
		52.486125	-1.890507
		53.478239	-2.258549
		53.409532	-3.000126
		51.488224	-3.186893
		51.624837	-3.94495
		50.152266	-5.065556
		
c	0 4 6 2 15 10 9 8 3 5 1 11 12 14 13 7	2752.69173470339	0.724730826529661	0	4	6	2	15	10	9	8	3	5	1	11	12	14	13	7		
		52.486125	-1.890507
		53.478239	-2.258549
		53.751959	-0.335941
		51.512161	-0.116215
		51.289406	1.075802
		55.862982	-4.263554
		55.958426	-3.186893
		54.892406	-2.923222
		53.803895	-1.549931
		53.409532	-3.000126
		51.460852	-2.588139
		51.488224	-3.186893
		51.624837	-3.94495
		50.152266	-5.065556
		50.726024	-3.543949
		54.980766	-1.615849
		
c	9 10 6 5 0 3 1 2 15 4 8 7 11 12 14 13	2737.35505863331	0.726264494136669	9	10	6	5	0	3	1	2	15	4	8	7	11	12	14	13		
		55.958426	-3.186893
		55.862982	-4.263554
		53.751959	-0.335941
		53.409532	-3.000126
		52.486125	-1.890507
		53.803895	-1.549931
		51.460852	-2.588139
		51.512161	-0.116215
		51.289406	1.075802
		53.478239	-2.258549
		54.892406	-2.923222
		54.980766	-1.615849
		51.488224	-3.186893
		51.624837	-3.94495
		50.152266	-5.065556
		50.726024	-3.543949
		
c	1 2 3 0 6 12 11 14 13 15 4 8 7 10 9 5	2938.57741450188	0.706142258549813	1	2	3	0	6	12	11	14	13	15	4	8	7	10	9	5		
		51.460852	-2.588139
		51.512161	-0.116215
		53.803895	-1.549931
		52.486125	-1.890507
		53.751959	-0.335941
		51.624837	-3.94495
		51.488224	-3.186893
		50.152266	-5.065556
		50.726024	-3.543949
		51.289406	1.075802
		53.478239	-2.258549
		54.892406	-2.923222
		54.980766	-1.615849
		55.862982	-4.263554
		55.958426	-3.186893
		53.409532	-3.000126
		
c	2 15 0 4 8 7 9 10 6 5 1 11 12 14 13 3	2418.29859701787	0.758170140298213	2	15	0	4	8	7	9	10	6	5	1	11	12	14	13	3		
		51.512161	-0.116215
		51.289406	1.075802
		52.486125	-1.890507
		53.478239	-2.258549
		54.892406	-2.923222
		54.980766	-1.615849
		55.958426	-3.186893
		55.862982	-4.263554
		53.751959	-0.335941
		53.409532	-3.000126
		51.460852	-2.588139
		51.488224	-3.186893
		51.624837	-3.94495
		50.152266	-5.065556
		50.726024	-3.543949
		53.803895	-1.549931
		
c	3 6 8 7 10 9 15 4 5 11 13 1 2 0 12 14	2701.60261385046	0.729839738614954	3	6	8	7	10	9	15	4	5	11	13	1	2	0	12	14		
		53.803895	-1.549931
		53.751959	-0.335941
		54.892406	-2.923222
		54.980766	-1.615849
		55.862982	-4.263554
		55.958426	-3.186893
		51.289406	1.075802
		53.478239	-2.258549
		53.409532	-3.000126
		51.488224	-3.186893
		50.726024	-3.543949
		51.460852	-2.588139
		51.512161	-0.116215
		52.486125	-1.890507
		51.624837	-3.94495
		50.152266	-5.065556
		
c	4 7 10 9 8 5 11 12 6 3 0 1 14 13 2 15	2371.29810352453	0.762870189647547	4	7	10	9	8	5	11	12	6	3	0	1	14	13	2	15		
		53.478239	-2.258549
		54.980766	-1.615849
		55.862982	-4.263554
		55.958426	-3.186893
		54.892406	-2.923222
		53.409532	-3.000126
		51.488224	-3.186893
		51.624837	-3.94495
		53.751959	-0.335941
		53.803895	-1.549931
		52.486125	-1.890507
		51.460852	-2.588139
		50.152266	-5.065556
		50.726024	-3.543949
		51.512161	-0.116215
		51.289406	1.075802
		
c	8 4 12 14 13 1 2 15 11 0 6 3 7 10 9 5	2438.2893832762	0.75617106167238	8	4	12	14	13	1	2	15	11	0	6	3	7	10	9	5		
		54.892406	-2.923222
		53.478239	-2.258549
		51.624837	-3.94495
		50.152266	-5.065556
		50.726024	-3.543949
		51.460852	-2.588139
		51.512161	-0.116215
		51.289406	1.075802
		51.488224	-3.186893
		52.486125	-1.890507
		53.751959	-0.335941
		53.803895	-1.549931
		54.980766	-1.615849
		55.862982	-4.263554
		55.958426	-3.186893
		53.409532	-3.000126
		
c	3 5 0 1 11 12 14 13 4 7 10 9 8 2 15 6	2426.59052752823	0.757340947247177	3	5	0	1	11	12	14	13	4	7	10	9	8	2	15	6		
		53.803895	-1.549931
		53.409532	-3.000126
		52.486125	-1.890507
		51.460852	-2.588139
		51.488224	-3.186893
		51.624837	-3.94495
		50.152266	-5.065556
		50.726024	-3.543949
		53.478239	-2.258549
		54.980766	-1.615849
		55.862982	-4.263554
		55.958426	-3.186893
		54.892406	-2.923222
		51.512161	-0.116215
		51.289406	1.075802
		53.751959	-0.335941
		
c	8 7 9 10 6 5 0 1 11 12 14 13 2 15 4 3	2208.8340392419	0.77911659607581	8	7	9	10	6	5	0	1	11	12	14	13	2	15	4	3		
		54.892406	-2.923222
		54.980766	-1.615849
		55.958426	-3.186893
		55.862982	-4.263554
		53.751959	-0.335941
		53.409532	-3.000126
		52.486125	-1.890507
		51.460852	-2.588139
		51.488224	-3.186893
		51.624837	-3.94495
		50.152266	-5.065556
		50.726024	-3.543949
		51.512161	-0.116215
		51.289406	1.075802
		53.478239	-2.258549
		53.803895	-1.549931
		
c	7 9 10 4 3 8 6 5 11 12 1 2 15 0 14 13	2440.0763779649	0.75599236220351	7	9	10	4	3	8	6	5	11	12	1	2	15	0	14	13		
		54.980766	-1.615849
		55.958426	-3.186893
		55.862982	-4.263554
		53.478239	-2.258549
		53.803895	-1.549931
		54.892406	-2.923222
		53.751959	-0.335941
		53.409532	-3.000126
		51.488224	-3.186893
		51.624837	-3.94495
		51.460852	-2.588139
		51.512161	-0.116215
		51.289406	1.075802
		52.486125	-1.890507
		50.152266	-5.065556
		50.726024	-3.543949
		
c	13 1 5 8 7 10 9 0 11 12 14 2 15 4 6 3	2616.10773512142	0.738389226487858	13	1	5	8	7	10	9	0	11	12	14	2	15	4	6	3		
		50.726024	-3.543949
		51.460852	-2.588139
		53.409532	-3.000126
		54.892406	-2.923222
		54.980766	-1.615849
		55.862982	-4.263554
		55.958426	-3.186893
		52.486125	-1.890507
		51.488224	-3.186893
		51.624837	-3.94495
		50.152266	-5.065556
		51.512161	-0.116215
		51.289406	1.075802
		53.478239	-2.258549
		53.751959	-0.335941
		53.803895	-1.549931
		
c	2 15 0 7 10 9 8 5 11 12 4 3 6 14 13 1	2542.52709871391	0.745747290128609	2	15	0	7	10	9	8	5	11	12	4	3	6	14	13	1		
		51.512161	-0.116215
		51.289406	1.075802
		52.486125	-1.890507
		54.980766	-1.615849
		55.862982	-4.263554
		55.958426	-3.186893
		54.892406	-2.923222
		53.409532	-3.000126
		51.488224	-3.186893
		51.624837	-3.94495
		53.478239	-2.258549
		53.803895	-1.549931
		53.751959	-0.335941
		50.152266	-5.065556
		50.726024	-3.543949
		51.460852	-2.588139
		
c	4 3 6 8 7 10 9 5 12 14 13 1 2 15 11 0	2295.89369831051	0.770410630168949	4	3	6	8	7	10	9	5	12	14	13	1	2	15	11	0		
		53.478239	-2.258549
		53.803895	-1.549931
		53.751959	-0.335941
		54.892406	-2.923222
		54.980766	-1.615849
		55.862982	-4.263554
		55.958426	-3.186893
		53.409532	-3.000126
		51.624837	-3.94495
		50.152266	-5.065556
		50.726024	-3.543949
		51.460852	-2.588139
		51.512161	-0.116215
		51.289406	1.075802
		51.488224	-3.186893
		52.486125	-1.890507
		
c	0 4 6 3 1 2 15 8 7 9 10 5 11 12 14 13	2491.2357630743	0.75087642369257	0	4	6	3	1	2	15	8	7	9	10	5	11	12	14	13		
		52.486125	-1.890507
		53.478239	-2.258549
		53.751959	-0.335941
		53.803895	-1.549931
		51.460852	-2.588139
		51.512161	-0.116215
		51.289406	1.075802
		54.892406	-2.923222
		54.980766	-1.615849
		55.958426	-3.186893
		55.862982	-4.263554
		53.409532	-3.000126
		51.488224	-3.186893
		51.624837	-3.94495
		50.152266	-5.065556
		50.726024	-3.543949
		
c	1 2 15 5 0 4 6 3 7 10 8 9 11 12 14 13	2511.29768654172	0.748870231345828	1	2	15	5	0	4	6	3	7	10	8	9	11	12	14	13		
		51.460852	-2.588139
		51.512161	-0.116215
		51.289406	1.075802
		53.409532	-3.000126
		52.486125	-1.890507
		53.478239	-2.258549
		53.751959	-0.335941
		53.803895	-1.549931
		54.980766	-1.615849
		55.862982	-4.263554
		54.892406	-2.923222
		55.958426	-3.186893
		51.488224	-3.186893
		51.624837	-3.94495
		50.152266	-5.065556
		50.726024	-3.543949
		
c	9 8 4 6 5 11 12 14 13 1 2 15 0 3 7 10	2247.76867804219	0.775223132195781	9	8	4	6	5	11	12	14	13	1	2	15	0	3	7	10		
		55.958426	-3.186893
		54.892406	-2.923222
		53.478239	-2.258549
		53.751959	-0.335941
		53.409532	-3.000126
		51.488224	-3.186893
		51.624837	-3.94495
		50.152266	-5.065556
		50.726024	-3.543949
		51.460852	-2.588139
		51.512161	-0.116215
		51.289406	1.075802
		52.486125	-1.890507
		53.803895	-1.549931
		54.980766	-1.615849
		55.862982	-4.263554
		
c	13 1 2 15 11 0 4 3 6 7 10 9 8 5 12 14	2150.12071607965	0.784987928392035	13	1	2	15	11	0	4	3	6	7	10	9	8	5	12	14		
		50.726024	-3.543949
		51.460852	-2.588139
		51.512161	-0.116215
		51.289406	1.075802
		51.488224	-3.186893
		52.486125	-1.890507
		53.478239	-2.258549
		53.803895	-1.549931
		53.751959	-0.335941
		54.980766	-1.615849
		55.862982	-4.263554
		55.958426	-3.186893
		54.892406	-2.923222
		53.409532	-3.000126
		51.624837	-3.94495
		50.152266	-5.065556
		
c	3 7 10 9 5 12 14 0 6 8 11 13 1 2 15 4	2954.72667383376	0.704527332616624	3	7	10	9	5	12	14	0	6	8	11	13	1	2	15	4		
		53.803895	-1.549931
		54.980766	-1.615849
		55.862982	-4.263554
		55.958426	-3.186893
		53.409532	-3.000126
		51.624837	-3.94495
		50.152266	-5.065556
		52.486125	-1.890507
		53.751959	-0.335941
		54.892406	-2.923222
		51.488224	-3.186893
		50.726024	-3.543949
		51.460852	-2.588139
		51.512161	-0.116215
		51.289406	1.075802
		53.478239	-2.258549
		
c	12 9 10 8 0 4 6 3 7 5 11 14 13 1 2 15	2517.50921752754	0.748249078247246	12	9	10	8	0	4	6	3	7	5	11	14	13	1	2	15		
		51.624837	-3.94495
		55.958426	-3.186893
		55.862982	-4.263554
		54.892406	-2.923222
		52.486125	-1.890507
		53.478239	-2.258549
		53.751959	-0.335941
		53.803895	-1.549931
		54.980766	-1.615849
		53.409532	-3.000126
		51.488224	-3.186893
		50.152266	-5.065556
		50.726024	-3.543949
		51.460852	-2.588139
		51.512161	-0.116215
		51.289406	1.075802
		
c	8 7 1 11 12 14 13 2 15 0 4 3 6 10 9 5	2415.77676673019	0.758422323326981	8	7	1	11	12	14	13	2	15	0	4	3	6	10	9	5		
		54.892406	-2.923222
		54.980766	-1.615849
		51.460852	-2.588139
		51.488224	-3.186893
		51.624837	-3.94495
		50.152266	-5.065556
		50.726024	-3.543949
		51.512161	-0.116215
		51.289406	1.075802
		52.486125	-1.890507
		53.478239	-2.258549
		53.803895	-1.549931
		53.751959	-0.335941
		55.862982	-4.263554
		55.958426	-3.186893
		53.409532	-3.000126
		
c	10 9 5 11 12 14 13 1 2 15 0 4 7 8 6 3	2192.90884793999	0.780709115206001	10	9	5	11	12	14	13	1	2	15	0	4	7	8	6	3		
		55.862982	-4.263554
		55.958426	-3.186893
		53.409532	-3.000126
		51.488224	-3.186893
		51.624837	-3.94495
		50.152266	-5.065556
		50.726024	-3.543949
		51.460852	-2.588139
		51.512161	-0.116215
		51.289406	1.075802
		52.486125	-1.890507
		53.478239	-2.258549
		54.980766	-1.615849
		54.892406	-2.923222
		53.751959	-0.335941
		53.803895	-1.549931
		
c	10 5 12 14 13 1 2 15 3 0 4 6 7 9 8 11	2691.45178492334	0.730854821507666	10	5	12	14	13	1	2	15	3	0	4	6	7	9	8	11		
		55.862982	-4.263554
		53.409532	-3.000126
		51.624837	-3.94495
		50.152266	-5.065556
		50.726024	-3.543949
		51.460852	-2.588139
		51.512161	-0.116215
		51.289406	1.075802
		53.803895	-1.549931
		52.486125	-1.890507
		53.478239	-2.258549
		53.751959	-0.335941
		54.980766	-1.615849
		55.958426	-3.186893
		54.892406	-2.923222
		51.488224	-3.186893
		
c	1 12 14 13 11 15 8 7 10 9 2 0 4 3 6 5	2743.12876569405	0.725687123430595	1	12	14	13	11	15	8	7	10	9	2	0	4	3	6	5		
		51.460852	-2.588139
		51.624837	-3.94495
		50.152266	-5.065556
		50.726024	-3.543949
		51.488224	-3.186893
		51.289406	1.075802
		54.892406	-2.923222
		54.980766	-1.615849
		55.862982	-4.263554
		55.958426	-3.186893
		51.512161	-0.116215
		52.486125	-1.890507
		53.478239	-2.258549
		53.803895	-1.549931
		53.751959	-0.335941
		53.409532	-3.000126
		
c	2 15 0 6 8 7 9 10 11 4 3 5 12 14 13 1	2520.5124498366	0.74794875501634	2	15	0	6	8	7	9	10	11	4	3	5	12	14	13	1		
		51.512161	-0.116215
		51.289406	1.075802
		52.486125	-1.890507
		53.751959	-0.335941
		54.892406	-2.923222
		54.980766	-1.615849
		55.958426	-3.186893
		55.862982	-4.263554
		51.488224	-3.186893
		53.478239	-2.258549
		53.803895	-1.549931
		53.409532	-3.000126
		51.624837	-3.94495
		50.152266	-5.065556
		50.726024	-3.543949
		51.460852	-2.588139
		
c	12 14 13 2 15 0 4 3 6 8 7 10 9 5 1 11	2242.9461419906	0.77570538580094	12	14	13	2	15	0	4	3	6	8	7	10	9	5	1	11		
		51.624837	-3.94495
		50.152266	-5.065556
		50.726024	-3.543949
		51.512161	-0.116215
		51.289406	1.075802
		52.486125	-1.890507
		53.478239	-2.258549
		53.803895	-1.549931
		53.751959	-0.335941
		54.892406	-2.923222
		54.980766	-1.615849
		55.862982	-4.263554
		55.958426	-3.186893
		53.409532	-3.000126
		51.460852	-2.588139
		51.488224	-3.186893
		
c	5 1 2 15 0 6 8 7 9 10 11 12 14 13 4 3	2633.89136256642	0.736610863743357	5	1	2	15	0	6	8	7	9	10	11	12	14	13	4	3		
		53.409532	-3.000126
		51.460852	-2.588139
		51.512161	-0.116215
		51.289406	1.075802
		52.486125	-1.890507
		53.751959	-0.335941
		54.892406	-2.923222
		54.980766	-1.615849
		55.958426	-3.186893
		55.862982	-4.263554
		51.488224	-3.186893
		51.624837	-3.94495
		50.152266	-5.065556
		50.726024	-3.543949
		53.478239	-2.258549
		53.803895	-1.549931
		
c	12 14 13 1 2 15 11 0 4 3 8 7 10 9 5 6	2240.34032711956	0.775965967288044	12	14	13	1	2	15	11	0	4	3	8	7	10	9	5	6		
		51.624837	-3.94495
		50.152266	-5.065556
		50.726024	-3.543949
		51.460852	-2.588139
		51.512161	-0.116215
		51.289406	1.075802
		51.488224	-3.186893
		52.486125	-1.890507
		53.478239	-2.258549
		53.803895	-1.549931
		54.892406	-2.923222
		54.980766	-1.615849
		55.862982	-4.263554
		55.958426	-3.186893
		53.409532	-3.000126
		53.751959	-0.335941
		
c	11 12 14 1 2 15 3 4 8 7 9 10 6 0 5 13	2519.4134061811	0.74805865938189	11	12	14	1	2	15	3	4	8	7	9	10	6	0	5	13		
		51.488224	-3.186893
		51.624837	-3.94495
		50.152266	-5.065556
		51.460852	-2.588139
		51.512161	-0.116215
		51.289406	1.075802
		53.803895	-1.549931
		53.478239	-2.258549
		54.892406	-2.923222
		54.980766	-1.615849
		55.958426	-3.186893
		55.862982	-4.263554
		53.751959	-0.335941
		52.486125	-1.890507
		53.409532	-3.000126
		50.726024	-3.543949
		
c	12 14 13 1 2 15 0 4 6 3 7 10 8 9 5 11	2315.76170413114	0.768423829586886	12	14	13	1	2	15	0	4	6	3	7	10	8	9	5	11		
		51.624837	-3.94495
		50.152266	-5.065556
		50.726024	-3.543949
		51.460852	-2.588139
		51.512161	-0.116215
		51.289406	1.075802
		52.486125	-1.890507
		53.478239	-2.258549
		53.751959	-0.335941
		53.803895	-1.549931
		54.980766	-1.615849
		55.862982	-4.263554
		54.892406	-2.923222
		55.958426	-3.186893
		53.409532	-3.000126
		51.488224	-3.186893
		
c	12 14 13 2 15 7 8 10 9 5 11 1 0 4 6 3	2371.30138838753	0.762869861161247	12	14	13	2	15	7	8	10	9	5	11	1	0	4	6	3		
		51.624837	-3.94495
		50.152266	-5.065556
		50.726024	-3.543949
		51.512161	-0.116215
		51.289406	1.075802
		54.980766	-1.615849
		54.892406	-2.923222
		55.862982	-4.263554
		55.958426	-3.186893
		53.409532	-3.000126
		51.488224	-3.186893
		51.460852	-2.588139
		52.486125	-1.890507
		53.478239	-2.258549
		53.751959	-0.335941
		53.803895	-1.549931
		
c	6 3 5 0 1 11 12 14 13 2 15 4 7 10 8 9	2134.69316521192	0.786530683478808	6	3	5	0	1	11	12	14	13	2	15	4	7	10	8	9		
		53.751959	-0.335941
		53.803895	-1.549931
		53.409532	-3.000126
		52.486125	-1.890507
		51.460852	-2.588139
		51.488224	-3.186893
		51.624837	-3.94495
		50.152266	-5.065556
		50.726024	-3.543949
		51.512161	-0.116215
		51.289406	1.075802
		53.478239	-2.258549
		54.980766	-1.615849
		55.862982	-4.263554
		54.892406	-2.923222
		55.958426	-3.186893
		
c	6 8 7 10 9 5 12 14 13 1 2 15 0 4 3 11	2413.62494395113	0.758637505604887	6	8	7	10	9	5	12	14	13	1	2	15	0	4	3	11		
		53.751959	-0.335941
		54.892406	-2.923222
		54.980766	-1.615849
		55.862982	-4.263554
		55.958426	-3.186893
		53.409532	-3.000126
		51.624837	-3.94495
		50.152266	-5.065556
		50.726024	-3.543949
		51.460852	-2.588139
		51.512161	-0.116215
		51.289406	1.075802
		52.486125	-1.890507
		53.478239	-2.258549
		53.803895	-1.549931
		51.488224	-3.186893
		
g31		1968.36010133716	0.803163989866284	0	11	12	14	13	1	2	15	0	4	6	3	7	10	9	8	5		
		51.488224	-3.186893
		51.624837	-3.94495
		50.152266	-5.065556
		50.726024	-3.543949
		51.460852	-2.588139
		51.512161	-0.116215
		51.289406	1.075802
		52.486125	-1.890507
		53.478239	-2.258549
		53.751959	-0.335941
		53.803895	-1.549931
		54.980766	-1.615849
		55.862982	-4.263554
		55.958426	-3.186893
		54.892406	-2.923222
		53.409532	-3.000126
		
g31		2050.98616193422	0.794901383806578	1	10	9	8	5	4	3	7	6	11	0	12	14	13	1	2	15		
		55.862982	-4.263554
		55.958426	-3.186893
		54.892406	-2.923222
		53.409532	-3.000126
		53.478239	-2.258549
		53.803895	-1.549931
		54.980766	-1.615849
		53.751959	-0.335941
		51.488224	-3.186893
		52.486125	-1.890507
		51.624837	-3.94495
		50.152266	-5.065556
		50.726024	-3.543949
		51.460852	-2.588139
		51.512161	-0.116215
		51.289406	1.075802
		
g31		2060.43782878507	0.793956217121493	2	0	1	11	12	14	13	2	15	6	8	7	9	10	5	4	3		
		52.486125	-1.890507
		51.460852	-2.588139
		51.488224	-3.186893
		51.624837	-3.94495
		50.152266	-5.065556
		50.726024	-3.543949
		51.512161	-0.116215
		51.289406	1.075802
		53.751959	-0.335941
		54.892406	-2.923222
		54.980766	-1.615849
		55.958426	-3.186893
		55.862982	-4.263554
		53.409532	-3.000126
		53.478239	-2.258549
		53.803895	-1.549931
		
g31		2068.46100139486	0.793153899860514	3	9	10	8	5	4	3	7	6	11	0	12	14	13	1	2	15		
		55.958426	-3.186893
		55.862982	-4.263554
		54.892406	-2.923222
		53.409532	-3.000126
		53.478239	-2.258549
		53.803895	-1.549931
		54.980766	-1.615849
		53.751959	-0.335941
		51.488224	-3.186893
		52.486125	-1.890507
		51.624837	-3.94495
		50.152266	-5.065556
		50.726024	-3.543949
		51.460852	-2.588139
		51.512161	-0.116215
		51.289406	1.075802
		
g31		2070.576815596	0.7929423184404	4	9	10	8	0	4	6	3	7	5	11	12	14	13	1	2	15		
		55.958426	-3.186893
		55.862982	-4.263554
		54.892406	-2.923222
		52.486125	-1.890507
		53.478239	-2.258549
		53.751959	-0.335941
		53.803895	-1.549931
		54.980766	-1.615849
		53.409532	-3.000126
		51.488224	-3.186893
		51.624837	-3.94495
		50.152266	-5.065556
		50.726024	-3.543949
		51.460852	-2.588139
		51.512161	-0.116215
		51.289406	1.075802
		
g31		2071.74275384164	0.792825724615836	5	10	9	5	11	12	14	13	1	2	15	0	4	6	3	7	8		
		55.862982	-4.263554
		55.958426	-3.186893
		53.409532	-3.000126
		51.488224	-3.186893
		51.624837	-3.94495
		50.152266	-5.065556
		50.726024	-3.543949
		51.460852	-2.588139
		51.512161	-0.116215
		51.289406	1.075802
		52.486125	-1.890507
		53.478239	-2.258549
		53.751959	-0.335941
		53.803895	-1.549931
		54.980766	-1.615849
		54.892406	-2.923222
		
