c	9 2 4 5 8 7 6 3 10 0 11 12 14 13 1 15	2892.18639542612	0.710781360457388	9	2	4	5	8	7	6	3	10	0	11	12	14	13	1	15		
		55.958426	-3.186893
		51.512161	-0.116215
		53.478239	-2.258549
		53.409532	-3.000126
		54.892406	-2.923222
		54.980766	-1.615849
		53.751959	-0.335941
		53.803895	-1.549931
		55.862982	-4.263554
		52.486125	-1.890507
		51.488224	-3.186893
		51.624837	-3.94495
		50.152266	-5.065556
		50.726024	-3.543949
		51.460852	-2.588139
		51.289406	1.075802
		
c	14 13 1 2 10 8 7 9 3 6 4 5 0 11 12 15	2520.34730486239	0.747965269513761	14	13	1	2	10	8	7	9	3	6	4	5	0	11	12	15		
		50.152266	-5.065556
		50.726024	-3.543949
		51.460852	-2.588139
		51.512161	-0.116215
		55.862982	-4.263554
		54.892406	-2.923222
		54.980766	-1.615849
		55.958426	-3.186893
		53.803895	-1.549931
		53.751959	-0.335941
		53.478239	-2.258549
		53.409532	-3.000126
		52.486125	-1.890507
		51.488224	-3.186893
		51.624837	-3.94495
		51.289406	1.075802
		
c	12 14 13 1 6 10 9 8 7 3 11 5 0 4 2 15	2538.36633972386	0.746163366027614	12	14	13	1	6	10	9	8	7	3	11	5	0	4	2	15		
		51.624837	-3.94495
		50.152266	-5.065556
		50.726024	-3.543949
		51.460852	-2.588139
		53.751959	-0.335941
		55.862982	-4.263554
		55.958426	-3.186893
		54.892406	-2.923222
		54.980766	-1.615849
		53.803895	-1.549931
		51.488224	-3.186893
		53.409532	-3.000126
		52.486125	-1.890507
		53.478239	-2.258549
		51.512161	-0.116215
		51.289406	1.075802
		
c	5 4 3 0 11 9 8 7 6 10 1 12 14 13 2 15	2849.12156768755	0.715087843231245	5	4	3	0	11	9	8	7	6	10	1	12	14	13	2	15		
		53.409532	-3.000126
		53.478239	-2.258549
		53.803895	-1.549931
		52.486125	-1.890507
		51.488224	-3.186893
		55.958426	-3.186893
		54.892406	-2.923222
		54.980766	-1.615849
		53.751959	-0.335941
		55.862982	-4.263554
		51.460852	-2.588139
		51.624837	-3.94495
		50.152266	-5.065556
		50.726024	-3.543949
		51.512161	-0.116215
		51.289406	1.075802
		
c	4 5 0 1 7 8 10 9 13 2 12 14 3 11 6 15	3628.37338400122	0.637162661599878	4	5	0	1	7	8	10	9	13	2	12	14	3	11	6	15		
		53.478239	-2.258549
		53.409532	-3.000126
		52.486125	-1.890507
		51.460852	-2.588139
		54.980766	-1.615849
		54.892406	-2.923222
		55.862982	-4.263554
		55.958426	-3.186893
		50.726024	-3.543949
		51.512161	-0.116215
		51.624837	-3.94495
		50.152266	-5.065556
		53.803895	-1.549931
		51.488224	-3.186893
		53.751959	-0.335941
		51.289406	1.075802
		
c	0 11 12 14 7 6 3 4 5 13 1 2 10 9 8 15	3113.76632184046	0.688623367815955	0	11	12	14	7	6	3	4	5	13	1	2	10	9	8	15		
		52.486125	-1.890507
		51.488224	-3.186893
		51.624837	-3.94495
		50.152266	-5.065556
		54.980766	-1.615849
		53.751959	-0.335941
		53.803895	-1.549931
		53.478239	-2.258549
		53.409532	-3.000126
		50.726024	-3.543949
		51.460852	-2.588139
		51.512161	-0.116215
		55.862982	-4.263554
		55.958426	-3.186893
		54.892406	-2.923222
		51.289406	1.075802
		
c	5 0 1 11 9 10 8 7 6 2 12 14 3 4 13 15	3112.63719016772	0.688736280983228	5	0	1	11	9	10	8	7	6	2	12	14	3	4	13	15		
		53.409532	-3.000126
		52.486125	-1.890507
		51.460852	-2.588139
		51.488224	-3.186893
		55.958426	-3.186893
		55.862982	-4.263554
		54.892406	-2.923222
		54.980766	-1.615849
		53.751959	-0.335941
		51.512161	-0.116215
		51.624837	-3.94495
		50.152266	-5.065556
		53.803895	-1.549931
		53.478239	-2.258549
		50.726024	-3.543949
		51.289406	1.075802
		
c	3 10 9 4 5 8 7 6 0 11 12 14 13 1 2 15	2137.49481063762	0.786250518936238	3	10	9	4	5	8	7	6	0	11	12	14	13	1	2	15		
		53.803895	-1.549931
		55.862982	-4.263554
		55.958426	-3.186893
		53.478239	-2.258549
		53.409532	-3.000126
		54.892406	-2.923222
		54.980766	-1.615849
		53.751959	-0.335941
		52.486125	-1.890507
		51.488224	-3.186893
		51.624837	-3.94495
		50.152266	-5.065556
		50.726024	-3.543949
		51.460852	-2.588139
		51.512161	-0.116215
		51.289406	1.075802
		
c	1 2 6 3 4 10 9 8 7 5 0 11 12 14 13 15	2282.36574490361	0.771763425509639	1	2	6	3	4	10	9	8	7	5	0	11	12	14	13	15		
		51.460852	-2.588139
		51.512161	-0.116215
		53.751959	-0.335941
		53.803895	-1.549931
		53.478239	-2.258549
		55.862982	-4.263554
		55.958426	-3.186893
		54.892406	-2.923222
		54.980766	-1.615849
		53.409532	-3.000126
		52.486125	-1.890507
		51.488224	-3.186893
		51.624837	-3.94495
		50.152266	-5.065556
		50.726024	-3.543949
		51.289406	1.075802
		
c	11 12 0 14 13 1 10 8 7 9 3 6 4 5 2 15	2561.283295644	0.7438716704356	11	12	0	14	13	1	10	8	7	9	3	6	4	5	2	15		
		51.488224	-3.186893
		51.624837	-3.94495
		52.486125	-1.890507
		50.152266	-5.065556
		50.726024	-3.543949
		51.460852	-2.588139
		55.862982	-4.263554
		54.892406	-2.923222
		54.980766	-1.615849
		55.958426	-3.186893
		53.803895	-1.549931
		53.751959	-0.335941
		53.478239	-2.258549
		53.409532	-3.000126
		51.512161	-0.116215
		51.289406	1.075802
		
c	3 4 0 1 11 12 14 13 6 10 9 8 7 5 2 15	2285.98687990297	0.771401312009703	3	4	0	1	11	12	14	13	6	10	9	8	7	5	2	15		
		53.803895	-1.549931
		53.478239	-2.258549
		52.486125	-1.890507
		51.460852	-2.588139
		51.488224	-3.186893
		51.624837	-3.94495
		50.152266	-5.065556
		50.726024	-3.543949
		53.751959	-0.335941
		55.862982	-4.263554
		55.958426	-3.186893
		54.892406	-2.923222
		54.980766	-1.615849
		53.409532	-3.000126
		51.512161	-0.116215
		51.289406	1.075802
		
c	6 4 9 14 13 5 3 10 8 7 0 11 12 1 2 15	2937.82947968854	0.706217052031145	6	4	9	14	13	5	3	10	8	7	0	11	12	1	2	15		
		53.751959	-0.335941
		53.478239	-2.258549
		55.958426	-3.186893
		50.152266	-5.065556
		50.726024	-3.543949
		53.409532	-3.000126
		53.803895	-1.549931
		55.862982	-4.263554
		54.892406	-2.923222
		54.980766	-1.615849
		52.486125	-1.890507
		51.488224	-3.186893
		51.624837	-3.94495
		51.460852	-2.588139
		51.512161	-0.116215
		51.289406	1.075802
		
c	8 4 5 0 11 12 14 13 1 2 9 10 7 6 3 15	2486.37700861282	0.751362299138718	8	4	5	0	11	12	14	13	1	2	9	10	7	6	3	15		
		54.892406	-2.923222
		53.478239	-2.258549
		53.409532	-3.000126
		52.486125	-1.890507
		51.488224	-3.186893
		51.624837	-3.94495
		50.152266	-5.065556
		50.726024	-3.543949
		51.460852	-2.588139
		51.512161	-0.116215
		55.958426	-3.186893
		55.862982	-4.263554
		54.980766	-1.615849
		53.751959	-0.335941
		53.803895	-1.549931
		51.289406	1.075802
		
c	1 11 12 14 13 6 10 9 8 7 3 4 5 0 2 15	2035.4087562003	0.79645912437997	1	11	12	14	13	6	10	9	8	7	3	4	5	0	2	15		
		51.460852	-2.588139
		51.488224	-3.186893
		51.624837	-3.94495
		50.152266	-5.065556
		50.726024	-3.543949
		53.751959	-0.335941
		55.862982	-4.263554
		55.958426	-3.186893
		54.892406	-2.923222
		54.980766	-1.615849
		53.803895	-1.549931
		53.478239	-2.258549
		53.409532	-3.000126
		52.486125	-1.890507
		51.512161	-0.116215
		51.289406	1.075802
		
c	6 0 3 4 10 9 8 7 5 11 12 14 13 1 2 15	2083.81999884485	0.791618000115515	6	0	3	4	10	9	8	7	5	11	12	14	13	1	2	15		
		53.751959	-0.335941
		52.486125	-1.890507
		53.803895	-1.549931
		53.478239	-2.258549
		55.862982	-4.263554
		55.958426	-3.186893
		54.892406	-2.923222
		54.980766	-1.615849
		53.409532	-3.000126
		51.488224	-3.186893
		51.624837	-3.94495
		50.152266	-5.065556
		50.726024	-3.543949
		51.460852	-2.588139
		51.512161	-0.116215
		51.289406	1.075802
		
c	14 13 8 7 6 3 4 5 0 1 11 9 10 12 2 15	2702.96454148042	0.729703545851958	14	13	8	7	6	3	4	5	0	1	11	9	10	12	2	15		
		50.152266	-5.065556
		50.726024	-3.543949
		54.892406	-2.923222
		54.980766	-1.615849
		53.751959	-0.335941
		53.803895	-1.549931
		53.478239	-2.258549
		53.409532	-3.000126
		52.486125	-1.890507
		51.460852	-2.588139
		51.488224	-3.186893
		55.958426	-3.186893
		55.862982	-4.263554
		51.624837	-3.94495
		51.512161	-0.116215
		51.289406	1.075802
		
c	8 7 12 14 10 9 6 3 5 0 11 4 13 1 2 15	3046.094181519	0.6953905818481	8	7	12	14	10	9	6	3	5	0	11	4	13	1	2	15		
		54.892406	-2.923222
		54.980766	-1.615849
		51.624837	-3.94495
		50.152266	-5.065556
		55.862982	-4.263554
		55.958426	-3.186893
		53.751959	-0.335941
		53.803895	-1.549931
		53.409532	-3.000126
		52.486125	-1.890507
		51.488224	-3.186893
		53.478239	-2.258549
		50.726024	-3.543949
		51.460852	-2.588139
		51.512161	-0.116215
		51.289406	1.075802
		
c	5 0 11 12 6 3 4 10 9 8 7 14 13 1 2 15	2441.7210598129	0.75582789401871	5	0	11	12	6	3	4	10	9	8	7	14	13	1	2	15		
		53.409532	-3.000126
		52.486125	-1.890507
		51.488224	-3.186893
		51.624837	-3.94495
		53.751959	-0.335941
		53.803895	-1.549931
		53.478239	-2.258549
		55.862982	-4.263554
		55.958426	-3.186893
		54.892406	-2.923222
		54.980766	-1.615849
		50.152266	-5.065556
		50.726024	-3.543949
		51.460852	-2.588139
		51.512161	-0.116215
		51.289406	1.075802
		
c	4 13 5 0 11 12 14 1 2 9 10 8 7 6 3 15	2916.30511859001	0.708369488140999	4	13	5	0	11	12	14	1	2	9	10	8	7	6	3	15		
		53.478239	-2.258549
		50.726024	-3.543949
		53.409532	-3.000126
		52.486125	-1.890507
		51.488224	-3.186893
		51.624837	-3.94495
		50.152266	-5.065556
		51.460852	-2.588139
		51.512161	-0.116215
		55.958426	-3.186893
		55.862982	-4.263554
		54.892406	-2.923222
		54.980766	-1.615849
		53.751959	-0.335941
		53.803895	-1.549931
		51.289406	1.075802
		
c	7 5 11 12 9 8 6 3 4 10 0 14 13 1 2 15	2948.27101314337	0.705172898685663	7	5	11	12	9	8	6	3	4	10	0	14	13	1	2	15		
		54.980766	-1.615849
		53.409532	-3.000126
		51.488224	-3.186893
		51.624837	-3.94495
		55.958426	-3.186893
		54.892406	-2.923222
		53.751959	-0.335941
		53.803895	-1.549931
		53.478239	-2.258549
		55.862982	-4.263554
		52.486125	-1.890507
		50.152266	-5.065556
		50.726024	-3.543949
		51.460852	-2.588139
		51.512161	-0.116215
		51.289406	1.075802
		
c	12 14 13 1 2 6 3 4 10 9 8 7 5 0 11 15	2300.69547325161	0.769930452674839	12	14	13	1	2	6	3	4	10	9	8	7	5	0	11	15		
		51.624837	-3.94495
		50.152266	-5.065556
		50.726024	-3.543949
		51.460852	-2.588139
		51.512161	-0.116215
		53.751959	-0.335941
		53.803895	-1.549931
		53.478239	-2.258549
		55.862982	-4.263554
		55.958426	-3.186893
		54.892406	-2.923222
		54.980766	-1.615849
		53.409532	-3.000126
		52.486125	-1.890507
		51.488224	-3.186893
		51.289406	1.075802
		
c	1 2 5 0 11 12 14 13 10 9 8 7 4 6 3 15	2647.71220910049	0.735228779089951	1	2	5	0	11	12	14	13	10	9	8	7	4	6	3	15		
		51.460852	-2.588139
		51.512161	-0.116215
		53.409532	-3.000126
		52.486125	-1.890507
		51.488224	-3.186893
		51.624837	-3.94495
		50.152266	-5.065556
		50.726024	-3.543949
		55.862982	-4.263554
		55.958426	-3.186893
		54.892406	-2.923222
		54.980766	-1.615849
		53.478239	-2.258549
		53.751959	-0.335941
		53.803895	-1.549931
		51.289406	1.075802
		
c	7 6 3 4 5 0 11 12 14 10 8 9 13 1 2 15	2693.150830909	0.7306849169091	7	6	3	4	5	0	11	12	14	10	8	9	13	1	2	15		
		54.980766	-1.615849
		53.751959	-0.335941
		53.803895	-1.549931
		53.478239	-2.258549
		53.409532	-3.000126
		52.486125	-1.890507
		51.488224	-3.186893
		51.624837	-3.94495
		50.152266	-5.065556
		55.862982	-4.263554
		54.892406	-2.923222
		55.958426	-3.186893
		50.726024	-3.543949
		51.460852	-2.588139
		51.512161	-0.116215
		51.289406	1.075802
		
c	3 2 9 10 8 7 6 4 5 0 11 12 14 13 1 15	2426.40006099608	0.757359993900392	3	2	9	10	8	7	6	4	5	0	11	12	14	13	1	15		
		53.803895	-1.549931
		51.512161	-0.116215
		55.958426	-3.186893
		55.862982	-4.263554
		54.892406	-2.923222
		54.980766	-1.615849
		53.751959	-0.335941
		53.478239	-2.258549
		53.409532	-3.000126
		52.486125	-1.890507
		51.488224	-3.186893
		51.624837	-3.94495
		50.152266	-5.065556
		50.726024	-3.543949
		51.460852	-2.588139
		51.289406	1.075802
		
c	14 10 8 7 9 11 12 13 6 3 4 5 0 1 2 15	2758.75718246192	0.724124281753808	14	10	8	7	9	11	12	13	6	3	4	5	0	1	2	15		
		50.152266	-5.065556
		55.862982	-4.263554
		54.892406	-2.923222
		54.980766	-1.615849
		55.958426	-3.186893
		51.488224	-3.186893
		51.624837	-3.94495
		50.726024	-3.543949
		53.751959	-0.335941
		53.803895	-1.549931
		53.478239	-2.258549
		53.409532	-3.000126
		52.486125	-1.890507
		51.460852	-2.588139
		51.512161	-0.116215
		51.289406	1.075802
		
c	7 4 10 5 3 0 11 12 14 13 1 9 8 6 2 15	2781.70168006347	0.721829831993653	7	4	10	5	3	0	11	12	14	13	1	9	8	6	2	15		
		54.980766	-1.615849
		53.478239	-2.258549
		55.862982	-4.263554
		53.409532	-3.000126
		53.803895	-1.549931
		52.486125	-1.890507
		51.488224	-3.186893
		51.624837	-3.94495
		50.152266	-5.065556
		50.726024	-3.543949
		51.460852	-2.588139
		55.958426	-3.186893
		54.892406	-2.923222
		53.751959	-0.335941
		51.512161	-0.116215
		51.289406	1.075802
		
c	5 0 11 12 14 13 1 10 9 8 7 4 6 3 2 15	2250.7253820229	0.77492746179771	5	0	11	12	14	13	1	10	9	8	7	4	6	3	2	15		
		53.409532	-3.000126
		52.486125	-1.890507
		51.488224	-3.186893
		51.624837	-3.94495
		50.152266	-5.065556
		50.726024	-3.543949
		51.460852	-2.588139
		55.862982	-4.263554
		55.958426	-3.186893
		54.892406	-2.923222
		54.980766	-1.615849
		53.478239	-2.258549
		53.751959	-0.335941
		53.803895	-1.549931
		51.512161	-0.116215
		51.289406	1.075802
		
c	3 0 10 9 8 7 4 5 1 11 12 14 13 6 2 15	2406.22494721701	0.7593775052783	3	0	10	9	8	7	4	5	1	11	12	14	13	6	2	15		
		53.803895	-1.549931
		52.486125	-1.890507
		55.862982	-4.263554
		55.958426	-3.186893
		54.892406	-2.923222
		54.980766	-1.615849
		53.478239	-2.258549
		53.409532	-3.000126
		51.460852	-2.588139
		51.488224	-3.186893
		51.624837	-3.94495
		50.152266	-5.065556
		50.726024	-3.543949
		53.751959	-0.335941
		51.512161	-0.116215
		51.289406	1.075802
		
c	3 4 5 12 14 13 1 6 10 9 8 7 0 11 2 15	2361.06688418949	0.763893311581051	3	4	5	12	14	13	1	6	10	9	8	7	0	11	2	15		
		53.803895	-1.549931
		53.478239	-2.258549
		53.409532	-3.000126
		51.624837	-3.94495
		50.152266	-5.065556
		50.726024	-3.543949
		51.460852	-2.588139
		53.751959	-0.335941
		55.862982	-4.263554
		55.958426	-3.186893
		54.892406	-2.923222
		54.980766	-1.615849
		52.486125	-1.890507
		51.488224	-3.186893
		51.512161	-0.116215
		51.289406	1.075802
		
c	11 2 10 9 8 7 3 6 4 5 14 13 0 1 12 15	2740.42808838329	0.725957191161671	11	2	10	9	8	7	3	6	4	5	14	13	0	1	12	15		
		51.488224	-3.186893
		51.512161	-0.116215
		55.862982	-4.263554
		55.958426	-3.186893
		54.892406	-2.923222
		54.980766	-1.615849
		53.803895	-1.549931
		53.751959	-0.335941
		53.478239	-2.258549
		53.409532	-3.000126
		50.152266	-5.065556
		50.726024	-3.543949
		52.486125	-1.890507
		51.460852	-2.588139
		51.624837	-3.94495
		51.289406	1.075802
		
c	8 7 9 3 6 4 5 2 0 11 12 1 10 14 13 15	3088.55847799086	0.691144152200915	8	7	9	3	6	4	5	2	0	11	12	1	10	14	13	15		
		54.892406	-2.923222
		54.980766	-1.615849
		55.958426	-3.186893
		53.803895	-1.549931
		53.751959	-0.335941
		53.478239	-2.258549
		53.409532	-3.000126
		51.512161	-0.116215
		52.486125	-1.890507
		51.488224	-3.186893
		51.624837	-3.94495
		51.460852	-2.588139
		55.862982	-4.263554
		50.152266	-5.065556
		50.726024	-3.543949
		51.289406	1.075802
		
c	12 2 3 4 5 14 13 1 6 10 9 8 7 0 11 15	2895.10750447146	0.710489249552854	12	2	3	4	5	14	13	1	6	10	9	8	7	0	11	15		
		51.624837	-3.94495
		51.512161	-0.116215
		53.803895	-1.549931
		53.478239	-2.258549
		53.409532	-3.000126
		50.152266	-5.065556
		50.726024	-3.543949
		51.460852	-2.588139
		53.751959	-0.335941
		55.862982	-4.263554
		55.958426	-3.186893
		54.892406	-2.923222
		54.980766	-1.615849
		52.486125	-1.890507
		51.488224	-3.186893
		51.289406	1.075802
		
c	3 4 10 8 7 5 14 13 0 11 12 1 9 6 2 15	2947.98719733352	0.705201280266648	3	4	10	8	7	5	14	13	0	11	12	1	9	6	2	15		
		53.803895	-1.549931
		53.478239	-2.258549
		55.862982	-4.263554
		54.892406	-2.923222
		54.980766	-1.615849
		53.409532	-3.000126
		50.152266	-5.065556
		50.726024	-3.543949
		52.486125	-1.890507
		51.488224	-3.186893
		51.624837	-3.94495
		51.460852	-2.588139
		55.958426	-3.186893
		53.751959	-0.335941
		51.512161	-0.116215
		51.289406	1.075802
		
c	11 12 14 13 9 10 8 7 6 3 4 5 0 1 2 15	2089.457906691	0.7910542093309	11	12	14	13	9	10	8	7	6	3	4	5	0	1	2	15		
		51.488224	-3.186893
		51.624837	-3.94495
		50.152266	-5.065556
		50.726024	-3.543949
		55.958426	-3.186893
		55.862982	-4.263554
		54.892406	-2.923222
		54.980766	-1.615849
		53.751959	-0.335941
		53.803895	-1.549931
		53.478239	-2.258549
		53.409532	-3.000126
		52.486125	-1.890507
		51.460852	-2.588139
		51.512161	-0.116215
		51.289406	1.075802
		
c	12 14 1 11 9 10 8 7 6 0 3 4 5 13 2 15	2469.78950705413	0.753021049294587	12	14	1	11	9	10	8	7	6	0	3	4	5	13	2	15		
		51.624837	-3.94495
		50.152266	-5.065556
		51.460852	-2.588139
		51.488224	-3.186893
		55.958426	-3.186893
		55.862982	-4.263554
		54.892406	-2.923222
		54.980766	-1.615849
		53.751959	-0.335941
		52.486125	-1.890507
		53.803895	-1.549931
		53.478239	-2.258549
		53.409532	-3.000126
		50.726024	-3.543949
		51.512161	-0.116215
		51.289406	1.075802
		
c	12 1 2 6 3 4 10 9 8 7 5 0 11 14 13 15	2340.45190811285	0.765954809188715	12	1	2	6	3	4	10	9	8	7	5	0	11	14	13	15		
		51.624837	-3.94495
		51.460852	-2.588139
		51.512161	-0.116215
		53.751959	-0.335941
		53.803895	-1.549931
		53.478239	-2.258549
		55.862982	-4.263554
		55.958426	-3.186893
		54.892406	-2.923222
		54.980766	-1.615849
		53.409532	-3.000126
		52.486125	-1.890507
		51.488224	-3.186893
		50.152266	-5.065556
		50.726024	-3.543949
		51.289406	1.075802
		
c	4 5 6 3 0 1 11 12 14 13 10 9 8 7 2 15	2314.10955944593	0.768589044055407	4	5	6	3	0	1	11	12	14	13	10	9	8	7	2	15		
		53.478239	-2.258549
		53.409532	-3.000126
		53.751959	-0.335941
		53.803895	-1.549931
		52.486125	-1.890507
		51.460852	-2.588139
		51.488224	-3.186893
		51.624837	-3.94495
		50.152266	-5.065556
		50.726024	-3.543949
		55.862982	-4.263554
		55.958426	-3.186893
		54.892406	-2.923222
		54.980766	-1.615849
		51.512161	-0.116215
		51.289406	1.075802
		
c	7 4 5 6 3 12 14 9 10 8 0 1 11 13 2 15	2687.87867062066	0.731212132937934	7	4	5	6	3	12	14	9	10	8	0	1	11	13	2	15		
		54.980766	-1.615849
		53.478239	-2.258549
		53.409532	-3.000126
		53.751959	-0.335941
		53.803895	-1.549931
		51.624837	-3.94495
		50.152266	-5.065556
		55.958426	-3.186893
		55.862982	-4.263554
		54.892406	-2.923222
		52.486125	-1.890507
		51.460852	-2.588139
		51.488224	-3.186893
		50.726024	-3.543949
		51.512161	-0.116215
		51.289406	1.075802
		
c	4 5 8 7 12 11 14 13 1 6 10 9 3 0 2 15	2554.1139666951	0.74458860333049	4	5	8	7	12	11	14	13	1	6	10	9	3	0	2	15		
		53.478239	-2.258549
		53.409532	-3.000126
		54.892406	-2.923222
		54.980766	-1.615849
		51.624837	-3.94495
		51.488224	-3.186893
		50.152266	-5.065556
		50.726024	-3.543949
		51.460852	-2.588139
		53.751959	-0.335941
		55.862982	-4.263554
		55.958426	-3.186893
		53.803895	-1.549931
		52.486125	-1.890507
		51.512161	-0.116215
		51.289406	1.075802
		
c	8 7 6 3 4 5 0 10 12 14 13 1 9 11 2 15	3147.08344334342	0.685291655665658	8	7	6	3	4	5	0	10	12	14	13	1	9	11	2	15		
		54.892406	-2.923222
		54.980766	-1.615849
		53.751959	-0.335941
		53.803895	-1.549931
		53.478239	-2.258549
		53.409532	-3.000126
		52.486125	-1.890507
		55.862982	-4.263554
		51.624837	-3.94495
		50.152266	-5.065556
		50.726024	-3.543949
		51.460852	-2.588139
		55.958426	-3.186893
		51.488224	-3.186893
		51.512161	-0.116215
		51.289406	1.075802
		
c	1 14 13 8 7 6 3 10 9 4 5 0 11 12 2 15	2502.95523705708	0.749704476294292	1	14	13	8	7	6	3	10	9	4	5	0	11	12	2	15		
		51.460852	-2.588139
		50.152266	-5.065556
		50.726024	-3.543949
		54.892406	-2.923222
		54.980766	-1.615849
		53.751959	-0.335941
		53.803895	-1.549931
		55.862982	-4.263554
		55.958426	-3.186893
		53.478239	-2.258549
		53.409532	-3.000126
		52.486125	-1.890507
		51.488224	-3.186893
		51.624837	-3.94495
		51.512161	-0.116215
		51.289406	1.075802
		
c	3 4 10 9 8 7 5 11 12 14 13 1 6 0 2 15	2223.69083506964	0.777630916493036	3	4	10	9	8	7	5	11	12	14	13	1	6	0	2	15		
		53.803895	-1.549931
		53.478239	-2.258549
		55.862982	-4.263554
		55.958426	-3.186893
		54.892406	-2.923222
		54.980766	-1.615849
		53.409532	-3.000126
		51.488224	-3.186893
		51.624837	-3.94495
		50.152266	-5.065556
		50.726024	-3.543949
		51.460852	-2.588139
		53.751959	-0.335941
		52.486125	-1.890507
		51.512161	-0.116215
		51.289406	1.075802
		
c	9 3 4 5 0 14 13 10 8 7 6 11 12 1 2 15	2641.60295963606	0.735839704036394	9	3	4	5	0	14	13	10	8	7	6	11	12	1	2	15		
		55.958426	-3.186893
		53.803895	-1.549931
		53.478239	-2.258549
		53.409532	-3.000126
		52.486125	-1.890507
		50.152266	-5.065556
		50.726024	-3.543949
		55.862982	-4.263554
		54.892406	-2.923222
		54.980766	-1.615849
		53.751959	-0.335941
		51.488224	-3.186893
		51.624837	-3.94495
		51.460852	-2.588139
		51.512161	-0.116215
		51.289406	1.075802
		
c	5 12 14 13 1 6 10 9 8 0 3 4 7 11 2 15	2805.90948211786	0.719409051788214	5	12	14	13	1	6	10	9	8	0	3	4	7	11	2	15		
		53.409532	-3.000126
		51.624837	-3.94495
		50.152266	-5.065556
		50.726024	-3.543949
		51.460852	-2.588139
		53.751959	-0.335941
		55.862982	-4.263554
		55.958426	-3.186893
		54.892406	-2.923222
		52.486125	-1.890507
		53.803895	-1.549931
		53.478239	-2.258549
		54.980766	-1.615849
		51.488224	-3.186893
		51.512161	-0.116215
		51.289406	1.075802
		
c	1 11 12 14 10 9 13 3 4 5 0 8 7 6 2 15	3024.7440143092	0.69752559856908	1	11	12	14	10	9	13	3	4	5	0	8	7	6	2	15		
		51.460852	-2.588139
		51.488224	-3.186893
		51.624837	-3.94495
		50.152266	-5.065556
		55.862982	-4.263554
		55.958426	-3.186893
		50.726024	-3.543949
		53.803895	-1.549931
		53.478239	-2.258549
		53.409532	-3.000126
		52.486125	-1.890507
		54.892406	-2.923222
		54.980766	-1.615849
		53.751959	-0.335941
		51.512161	-0.116215
		51.289406	1.075802
		
c	0 11 12 14 13 1 8 10 5 6 9 4 7 3 2 15	2842.89308628836	0.715710691371164	0	11	12	14	13	1	8	10	5	6	9	4	7	3	2	15		
		52.486125	-1.890507
		51.488224	-3.186893
		51.624837	-3.94495
		50.152266	-5.065556
		50.726024	-3.543949
		51.460852	-2.588139
		54.892406	-2.923222
		55.862982	-4.263554
		53.409532	-3.000126
		53.751959	-0.335941
		55.958426	-3.186893
		53.478239	-2.258549
		54.980766	-1.615849
		53.803895	-1.549931
		51.512161	-0.116215
		51.289406	1.075802
		
c	3 13 5 0 1 11 12 14 10 9 8 7 6 4 2 15	2744.82798025303	0.725517201974697	3	13	5	0	1	11	12	14	10	9	8	7	6	4	2	15		
		53.803895	-1.549931
		50.726024	-3.543949
		53.409532	-3.000126
		52.486125	-1.890507
		51.460852	-2.588139
		51.488224	-3.186893
		51.624837	-3.94495
		50.152266	-5.065556
		55.862982	-4.263554
		55.958426	-3.186893
		54.892406	-2.923222
		54.980766	-1.615849
		53.751959	-0.335941
		53.478239	-2.258549
		51.512161	-0.116215
		51.289406	1.075802
		
c	3 10 14 13 4 5 0 1 11 12 9 8 7 6 2 15	2948.32340061862	0.705167659938138	3	10	14	13	4	5	0	1	11	12	9	8	7	6	2	15		
		53.803895	-1.549931
		55.862982	-4.263554
		50.152266	-5.065556
		50.726024	-3.543949
		53.478239	-2.258549
		53.409532	-3.000126
		52.486125	-1.890507
		51.460852	-2.588139
		51.488224	-3.186893
		51.624837	-3.94495
		55.958426	-3.186893
		54.892406	-2.923222
		54.980766	-1.615849
		53.751959	-0.335941
		51.512161	-0.116215
		51.289406	1.075802
		
c	4 3 11 12 14 13 1 2 9 10 8 7 6 5 0 15	2510.26245986062	0.748973754013938	4	3	11	12	14	13	1	2	9	10	8	7	6	5	0	15		
		53.478239	-2.258549
		53.803895	-1.549931
		51.488224	-3.186893
		51.624837	-3.94495
		50.152266	-5.065556
		50.726024	-3.543949
		51.460852	-2.588139
		51.512161	-0.116215
		55.958426	-3.186893
		55.862982	-4.263554
		54.892406	-2.923222
		54.980766	-1.615849
		53.751959	-0.335941
		53.409532	-3.000126
		52.486125	-1.890507
		51.289406	1.075802
		
c	9 8 7 3 6 4 5 0 11 10 12 14 13 1 2 15	2496.90032066394	0.750309967933606	9	8	7	3	6	4	5	0	11	10	12	14	13	1	2	15		
		55.958426	-3.186893
		54.892406	-2.923222
		54.980766	-1.615849
		53.803895	-1.549931
		53.751959	-0.335941
		53.478239	-2.258549
		53.409532	-3.000126
		52.486125	-1.890507
		51.488224	-3.186893
		55.862982	-4.263554
		51.624837	-3.94495
		50.152266	-5.065556
		50.726024	-3.543949
		51.460852	-2.588139
		51.512161	-0.116215
		51.289406	1.075802
		
c	12 14 5 4 3 0 11 13 1 10 9 8 7 6 2 15	2432.78807926431	0.756721192073569	12	14	5	4	3	0	11	13	1	10	9	8	7	6	2	15		
		51.624837	-3.94495
		50.152266	-5.065556
		53.409532	-3.000126
		53.478239	-2.258549
		53.803895	-1.549931
		52.486125	-1.890507
		51.488224	-3.186893
		50.726024	-3.543949
		51.460852	-2.588139
		55.862982	-4.263554
		55.958426	-3.186893
		54.892406	-2.923222
		54.980766	-1.615849
		53.751959	-0.335941
		51.512161	-0.116215
		51.289406	1.075802
		
c	0 4 5 8 7 6 3 10 9 11 12 14 13 1 2 15	2228.47657021059	0.777152342978941	0	4	5	8	7	6	3	10	9	11	12	14	13	1	2	15		
		52.486125	-1.890507
		53.478239	-2.258549
		53.409532	-3.000126
		54.892406	-2.923222
		54.980766	-1.615849
		53.751959	-0.335941
		53.803895	-1.549931
		55.862982	-4.263554
		55.958426	-3.186893
		51.488224	-3.186893
		51.624837	-3.94495
		50.152266	-5.065556
		50.726024	-3.543949
		51.460852	-2.588139
		51.512161	-0.116215
		51.289406	1.075802
		
c	12 10 9 8 7 3 6 4 5 14 13 0 1 11 2 15	2339.36280349284	0.766063719650716	12	10	9	8	7	3	6	4	5	14	13	0	1	11	2	15		
		51.624837	-3.94495
		55.862982	-4.263554
		55.958426	-3.186893
		54.892406	-2.923222
		54.980766	-1.615849
		53.803895	-1.549931
		53.751959	-0.335941
		53.478239	-2.258549
		53.409532	-3.000126
		50.152266	-5.065556
		50.726024	-3.543949
		52.486125	-1.890507
		51.460852	-2.588139
		51.488224	-3.186893
		51.512161	-0.116215
		51.289406	1.075802
		
c	7 6 3 4 5 0 11 12 14 13 1 2 10 9 8 15	2479.8897319169	0.75201102680831	7	6	3	4	5	0	11	12	14	13	1	2	10	9	8	15		
		54.980766	-1.615849
		53.751959	-0.335941
		53.803895	-1.549931
		53.478239	-2.258549
		53.409532	-3.000126
		52.486125	-1.890507
		51.488224	-3.186893
		51.624837	-3.94495
		50.152266	-5.065556
		50.726024	-3.543949
		51.460852	-2.588139
		51.512161	-0.116215
		55.862982	-4.263554
		55.958426	-3.186893
		54.892406	-2.923222
		51.289406	1.075802
		
c	1 11 6 3 4 5 0 7 8 10 9 12 14 13 2 15	2373.3983918255	0.76266016081745	1	11	6	3	4	5	0	7	8	10	9	12	14	13	2	15		
		51.460852	-2.588139
		51.488224	-3.186893
		53.751959	-0.335941
		53.803895	-1.549931
		53.478239	-2.258549
		53.409532	-3.000126
		52.486125	-1.890507
		54.980766	-1.615849
		54.892406	-2.923222
		55.862982	-4.263554
		55.958426	-3.186893
		51.624837	-3.94495
		50.152266	-5.065556
		50.726024	-3.543949
		51.512161	-0.116215
		51.289406	1.075802
		
c	1 10 4 5 3 0 11 9 8 7 6 2 12 14 13 15	3252.98737189171	0.674701262810829	1	10	4	5	3	0	11	9	8	7	6	2	12	14	13	15		
		51.460852	-2.588139
		55.862982	-4.263554
		53.478239	-2.258549
		53.409532	-3.000126
		53.803895	-1.549931
		52.486125	-1.890507
		51.488224	-3.186893
		55.958426	-3.186893
		54.892406	-2.923222
		54.980766	-1.615849
		53.751959	-0.335941
		51.512161	-0.116215
		51.624837	-3.94495
		50.152266	-5.065556
		50.726024	-3.543949
		51.289406	1.075802
		
c	7 5 14 13 2 10 9 8 4 0 1 11 12 6 3 15	2954.64662305146	0.704535337694854	7	5	14	13	2	10	9	8	4	0	1	11	12	6	3	15		
		54.980766	-1.615849
		53.409532	-3.000126
		50.152266	-5.065556
		50.726024	-3.543949
		51.512161	-0.116215
		55.862982	-4.263554
		55.958426	-3.186893
		54.892406	-2.923222
		53.478239	-2.258549
		52.486125	-1.890507
		51.460852	-2.588139
		51.488224	-3.186893
		51.624837	-3.94495
		53.751959	-0.335941
		53.803895	-1.549931
		51.289406	1.075802
		
c	1 2 6 3 4 10 8 13 9 7 5 0 11 12 14 15	3338.19215678819	0.666180784321182	1	2	6	3	4	10	8	13	9	7	5	0	11	12	14	15		
		51.460852	-2.588139
		51.512161	-0.116215
		53.751959	-0.335941
		53.803895	-1.549931
		53.478239	-2.258549
		55.862982	-4.263554
		54.892406	-2.923222
		50.726024	-3.543949
		55.958426	-3.186893
		54.980766	-1.615849
		53.409532	-3.000126
		52.486125	-1.890507
		51.488224	-3.186893
		51.624837	-3.94495
		50.152266	-5.065556
		51.289406	1.075802
		
c	14 13 6 3 2 4 10 9 8 0 11 12 1 7 5 15	3148.67089508705	0.685132910491295	14	13	6	3	2	4	10	9	8	0	11	12	1	7	5	15		
		50.152266	-5.065556
		50.726024	-3.543949
		53.751959	-0.335941
		53.803895	-1.549931
		51.512161	-0.116215
		53.478239	-2.258549
		55.862982	-4.263554
		55.958426	-3.186893
		54.892406	-2.923222
		52.486125	-1.890507
		51.488224	-3.186893
		51.624837	-3.94495
		51.460852	-2.588139
		54.980766	-1.615849
		53.409532	-3.000126
		51.289406	1.075802
		
c	8 7 3 6 4 5 0 9 11 12 1 2 10 14 13 15	3462.48776380737	0.653751223619263	8	7	3	6	4	5	0	9	11	12	1	2	10	14	13	15		
		54.892406	-2.923222
		54.980766	-1.615849
		53.803895	-1.549931
		53.751959	-0.335941
		53.478239	-2.258549
		53.409532	-3.000126
		52.486125	-1.890507
		55.958426	-3.186893
		51.488224	-3.186893
		51.624837	-3.94495
		51.460852	-2.588139
		51.512161	-0.116215
		55.862982	-4.263554
		50.152266	-5.065556
		50.726024	-3.543949
		51.289406	1.075802
		
c	1 10 9 8 7 6 3 0 2 4 5 11 12 14 13 15	2540.912031665	0.7459087968335	1	10	9	8	7	6	3	0	2	4	5	11	12	14	13	15		
		51.460852	-2.588139
		55.862982	-4.263554
		55.958426	-3.186893
		54.892406	-2.923222
		54.980766	-1.615849
		53.751959	-0.335941
		53.803895	-1.549931
		52.486125	-1.890507
		51.512161	-0.116215
		53.478239	-2.258549
		53.409532	-3.000126
		51.488224	-3.186893
		51.624837	-3.94495
		50.152266	-5.065556
		50.726024	-3.543949
		51.289406	1.075802
		
c	1 10 9 8 7 3 6 4 5 0 11 12 14 13 2 15	2135.78118343767	0.786421881656233	1	10	9	8	7	3	6	4	5	0	11	12	14	13	2	15		
		51.460852	-2.588139
		55.862982	-4.263554
		55.958426	-3.186893
		54.892406	-2.923222
		54.980766	-1.615849
		53.803895	-1.549931
		53.751959	-0.335941
		53.478239	-2.258549
		53.409532	-3.000126
		52.486125	-1.890507
		51.488224	-3.186893
		51.624837	-3.94495
		50.152266	-5.065556
		50.726024	-3.543949
		51.512161	-0.116215
		51.289406	1.075802
		
c	14 13 1 9 8 7 2 5 4 3 0 11 12 10 6 15	3181.58305914963	0.681841694085037	14	13	1	9	8	7	2	5	4	3	0	11	12	10	6	15		
		50.152266	-5.065556
		50.726024	-3.543949
		51.460852	-2.588139
		55.958426	-3.186893
		54.892406	-2.923222
		54.980766	-1.615849
		51.512161	-0.116215
		53.409532	-3.000126
		53.478239	-2.258549
		53.803895	-1.549931
		52.486125	-1.890507
		51.488224	-3.186893
		51.624837	-3.94495
		55.862982	-4.263554
		53.751959	-0.335941
		51.289406	1.075802
		
c	11 12 14 13 3 4 5 1 9 10 8 7 6 0 2 15	2431.38996772822	0.756861003227178	11	12	14	13	3	4	5	1	9	10	8	7	6	0	2	15		
		51.488224	-3.186893
		51.624837	-3.94495
		50.152266	-5.065556
		50.726024	-3.543949
		53.803895	-1.549931
		53.478239	-2.258549
		53.409532	-3.000126
		51.460852	-2.588139
		55.958426	-3.186893
		55.862982	-4.263554
		54.892406	-2.923222
		54.980766	-1.615849
		53.751959	-0.335941
		52.486125	-1.890507
		51.512161	-0.116215
		51.289406	1.075802
		
c	13 1 10 9 8 7 3 6 4 5 0 11 12 14 2 15	2240.33332872931	0.775966667127069	13	1	10	9	8	7	3	6	4	5	0	11	12	14	2	15		
		50.726024	-3.543949
		51.460852	-2.588139
		55.862982	-4.263554
		55.958426	-3.186893
		54.892406	-2.923222
		54.980766	-1.615849
		53.803895	-1.549931
		53.751959	-0.335941
		53.478239	-2.258549
		53.409532	-3.000126
		52.486125	-1.890507
		51.488224	-3.186893
		51.624837	-3.94495
		50.152266	-5.065556
		51.512161	-0.116215
		51.289406	1.075802
		
c	8 7 6 10 4 2 5 3 0 11 12 14 13 1 9 15	3386.96812991622	0.661303187008378	8	7	6	10	4	2	5	3	0	11	12	14	13	1	9	15		
		54.892406	-2.923222
		54.980766	-1.615849
		53.751959	-0.335941
		55.862982	-4.263554
		53.478239	-2.258549
		51.512161	-0.116215
		53.409532	-3.000126
		53.803895	-1.549931
		52.486125	-1.890507
		51.488224	-3.186893
		51.624837	-3.94495
		50.152266	-5.065556
		50.726024	-3.543949
		51.460852	-2.588139
		55.958426	-3.186893
		51.289406	1.075802
		
c	11 10 9 8 7 3 6 4 5 14 13 0 1 12 2 15	2465.55939045847	0.753444060954153	11	10	9	8	7	3	6	4	5	14	13	0	1	12	2	15		
		51.488224	-3.186893
		55.862982	-4.263554
		55.958426	-3.186893
		54.892406	-2.923222
		54.980766	-1.615849
		53.803895	-1.549931
		53.751959	-0.335941
		53.478239	-2.258549
		53.409532	-3.000126
		50.152266	-5.065556
		50.726024	-3.543949
		52.486125	-1.890507
		51.460852	-2.588139
		51.624837	-3.94495
		51.512161	-0.116215
		51.289406	1.075802
		
c	4 14 13 1 12 10 9 8 7 6 3 5 0 11 2 15	2399.60071653878	0.760039928346122	4	14	13	1	12	10	9	8	7	6	3	5	0	11	2	15		
		53.478239	-2.258549
		50.152266	-5.065556
		50.726024	-3.543949
		51.460852	-2.588139
		51.624837	-3.94495
		55.862982	-4.263554
		55.958426	-3.186893
		54.892406	-2.923222
		54.980766	-1.615849
		53.751959	-0.335941
		53.803895	-1.549931
		53.409532	-3.000126
		52.486125	-1.890507
		51.488224	-3.186893
		51.512161	-0.116215
		51.289406	1.075802
		
c	6 9 3 4 5 10 8 7 0 11 12 14 13 1 2 15	2326.44987974042	0.767355012025958	6	9	3	4	5	10	8	7	0	11	12	14	13	1	2	15		
		53.751959	-0.335941
		55.958426	-3.186893
		53.803895	-1.549931
		53.478239	-2.258549
		53.409532	-3.000126
		55.862982	-4.263554
		54.892406	-2.923222
		54.980766	-1.615849
		52.486125	-1.890507
		51.488224	-3.186893
		51.624837	-3.94495
		50.152266	-5.065556
		50.726024	-3.543949
		51.460852	-2.588139
		51.512161	-0.116215
		51.289406	1.075802
		
c	12 14 11 13 4 5 0 1 10 9 8 7 6 3 2 15	2459.23769897677	0.754076230102323	12	14	11	13	4	5	0	1	10	9	8	7	6	3	2	15		
		51.624837	-3.94495
		50.152266	-5.065556
		51.488224	-3.186893
		50.726024	-3.543949
		53.478239	-2.258549
		53.409532	-3.000126
		52.486125	-1.890507
		51.460852	-2.588139
		55.862982	-4.263554
		55.958426	-3.186893
		54.892406	-2.923222
		54.980766	-1.615849
		53.751959	-0.335941
		53.803895	-1.549931
		51.512161	-0.116215
		51.289406	1.075802
		
c	6 3 4 5 0 1 11 12 14 13 10 9 8 7 2 15	2171.75862449791	0.782824137550209	6	3	4	5	0	1	11	12	14	13	10	9	8	7	2	15		
		53.751959	-0.335941
		53.803895	-1.549931
		53.478239	-2.258549
		53.409532	-3.000126
		52.486125	-1.890507
		51.460852	-2.588139
		51.488224	-3.186893
		51.624837	-3.94495
		50.152266	-5.065556
		50.726024	-3.543949
		55.862982	-4.263554
		55.958426	-3.186893
		54.892406	-2.923222
		54.980766	-1.615849
		51.512161	-0.116215
		51.289406	1.075802
		
c	5 0 8 4 11 12 14 13 1 2 9 10 7 6 3 15	2800.66902941089	0.719933097058911	5	0	8	4	11	12	14	13	1	2	9	10	7	6	3	15		
		53.409532	-3.000126
		52.486125	-1.890507
		54.892406	-2.923222
		53.478239	-2.258549
		51.488224	-3.186893
		51.624837	-3.94495
		50.152266	-5.065556
		50.726024	-3.543949
		51.460852	-2.588139
		51.512161	-0.116215
		55.958426	-3.186893
		55.862982	-4.263554
		54.980766	-1.615849
		53.751959	-0.335941
		53.803895	-1.549931
		51.289406	1.075802
		
c	0 8 4 5 11 12 14 13 1 2 9 10 7 6 3 15	2707.59305398583	0.729240694601417	0	8	4	5	11	12	14	13	1	2	9	10	7	6	3	15		
		52.486125	-1.890507
		54.892406	-2.923222
		53.478239	-2.258549
		53.409532	-3.000126
		51.488224	-3.186893
		51.624837	-3.94495
		50.152266	-5.065556
		50.726024	-3.543949
		51.460852	-2.588139
		51.512161	-0.116215
		55.958426	-3.186893
		55.862982	-4.263554
		54.980766	-1.615849
		53.751959	-0.335941
		53.803895	-1.549931
		51.289406	1.075802
		
c	1 6 10 9 8 0 4 5 7 3 11 12 14 13 2 15	2577.23280698212	0.742276719301788	1	6	10	9	8	0	4	5	7	3	11	12	14	13	2	15		
		51.460852	-2.588139
		53.751959	-0.335941
		55.862982	-4.263554
		55.958426	-3.186893
		54.892406	-2.923222
		52.486125	-1.890507
		53.478239	-2.258549
		53.409532	-3.000126
		54.980766	-1.615849
		53.803895	-1.549931
		51.488224	-3.186893
		51.624837	-3.94495
		50.152266	-5.065556
		50.726024	-3.543949
		51.512161	-0.116215
		51.289406	1.075802
		
c	11 9 8 7 6 10 5 0 3 4 12 14 13 1 2 15	2728.9845651987	0.72710154348013	11	9	8	7	6	10	5	0	3	4	12	14	13	1	2	15		
		51.488224	-3.186893
		55.958426	-3.186893
		54.892406	-2.923222
		54.980766	-1.615849
		53.751959	-0.335941
		55.862982	-4.263554
		53.409532	-3.000126
		52.486125	-1.890507
		53.803895	-1.549931
		53.478239	-2.258549
		51.624837	-3.94495
		50.152266	-5.065556
		50.726024	-3.543949
		51.460852	-2.588139
		51.512161	-0.116215
		51.289406	1.075802
		
c	3 10 9 4 5 0 11 12 8 7 6 14 13 1 2 15	2627.26212112443	0.737273787887557	3	10	9	4	5	0	11	12	8	7	6	14	13	1	2	15		
		53.803895	-1.549931
		55.862982	-4.263554
		55.958426	-3.186893
		53.478239	-2.258549
		53.409532	-3.000126
		52.486125	-1.890507
		51.488224	-3.186893
		51.624837	-3.94495
		54.892406	-2.923222
		54.980766	-1.615849
		53.751959	-0.335941
		50.152266	-5.065556
		50.726024	-3.543949
		51.460852	-2.588139
		51.512161	-0.116215
		51.289406	1.075802
		
c	11 10 4 5 3 0 12 14 13 1 9 8 7 6 2 15	2873.05973402549	0.712694026597451	11	10	4	5	3	0	12	14	13	1	9	8	7	6	2	15		
		51.488224	-3.186893
		55.862982	-4.263554
		53.478239	-2.258549
		53.409532	-3.000126
		53.803895	-1.549931
		52.486125	-1.890507
		51.624837	-3.94495
		50.152266	-5.065556
		50.726024	-3.543949
		51.460852	-2.588139
		55.958426	-3.186893
		54.892406	-2.923222
		54.980766	-1.615849
		53.751959	-0.335941
		51.512161	-0.116215
		51.289406	1.075802
		
c	10 8 7 4 0 11 3 5 6 9 12 14 13 1 2 15	2674.0233380829	0.732597666191711	10	8	7	4	0	11	3	5	6	9	12	14	13	1	2	15		
		55.862982	-4.263554
		54.892406	-2.923222
		54.980766	-1.615849
		53.478239	-2.258549
		52.486125	-1.890507
		51.488224	-3.186893
		53.803895	-1.549931
		53.409532	-3.000126
		53.751959	-0.335941
		55.958426	-3.186893
		51.624837	-3.94495
		50.152266	-5.065556
		50.726024	-3.543949
		51.460852	-2.588139
		51.512161	-0.116215
		51.289406	1.075802
		
c	8 7 3 6 4 5 0 12 1 2 10 9 11 14 13 15	2812.12286891227	0.718787713108773	8	7	3	6	4	5	0	12	1	2	10	9	11	14	13	15		
		54.892406	-2.923222
		54.980766	-1.615849
		53.803895	-1.549931
		53.751959	-0.335941
		53.478239	-2.258549
		53.409532	-3.000126
		52.486125	-1.890507
		51.624837	-3.94495
		51.460852	-2.588139
		51.512161	-0.116215
		55.862982	-4.263554
		55.958426	-3.186893
		51.488224	-3.186893
		50.152266	-5.065556
		50.726024	-3.543949
		51.289406	1.075802
		
c	7 4 0 11 12 14 9 13 5 6 3 10 8 1 2 15	3528.45570219222	0.647154429780778	7	4	0	11	12	14	9	13	5	6	3	10	8	1	2	15		
		54.980766	-1.615849
		53.478239	-2.258549
		52.486125	-1.890507
		51.488224	-3.186893
		51.624837	-3.94495
		50.152266	-5.065556
		55.958426	-3.186893
		50.726024	-3.543949
		53.409532	-3.000126
		53.751959	-0.335941
		53.803895	-1.549931
		55.862982	-4.263554
		54.892406	-2.923222
		51.460852	-2.588139
		51.512161	-0.116215
		51.289406	1.075802
		
c	3 5 11 0 4 14 13 2 8 7 6 10 9 12 1 15	3282.01428995377	0.671798571004623	3	5	11	0	4	14	13	2	8	7	6	10	9	12	1	15		
		53.803895	-1.549931
		53.409532	-3.000126
		51.488224	-3.186893
		52.486125	-1.890507
		53.478239	-2.258549
		50.152266	-5.065556
		50.726024	-3.543949
		51.512161	-0.116215
		54.892406	-2.923222
		54.980766	-1.615849
		53.751959	-0.335941
		55.862982	-4.263554
		55.958426	-3.186893
		51.624837	-3.94495
		51.460852	-2.588139
		51.289406	1.075802
		
c	11 4 13 1 12 10 9 8 7 6 3 5 0 14 2 15	2770.58084409229	0.722941915590771	11	4	13	1	12	10	9	8	7	6	3	5	0	14	2	15		
		51.488224	-3.186893
		53.478239	-2.258549
		50.726024	-3.543949
		51.460852	-2.588139
		51.624837	-3.94495
		55.862982	-4.263554
		55.958426	-3.186893
		54.892406	-2.923222
		54.980766	-1.615849
		53.751959	-0.335941
		53.803895	-1.549931
		53.409532	-3.000126
		52.486125	-1.890507
		50.152266	-5.065556
		51.512161	-0.116215
		51.289406	1.075802
		
c	12 11 14 13 9 10 8 7 6 3 4 5 0 1 2 15	2106.52426346931	0.789347573653069	12	11	14	13	9	10	8	7	6	3	4	5	0	1	2	15		
		51.624837	-3.94495
		51.488224	-3.186893
		50.152266	-5.065556
		50.726024	-3.543949
		55.958426	-3.186893
		55.862982	-4.263554
		54.892406	-2.923222
		54.980766	-1.615849
		53.751959	-0.335941
		53.803895	-1.549931
		53.478239	-2.258549
		53.409532	-3.000126
		52.486125	-1.890507
		51.460852	-2.588139
		51.512161	-0.116215
		51.289406	1.075802
		
c	3 10 9 11 12 4 5 14 13 1 6 8 7 0 2 15	2930.01421376143	0.706998578623857	3	10	9	11	12	4	5	14	13	1	6	8	7	0	2	15		
		53.803895	-1.549931
		55.862982	-4.263554
		55.958426	-3.186893
		51.488224	-3.186893
		51.624837	-3.94495
		53.478239	-2.258549
		53.409532	-3.000126
		50.152266	-5.065556
		50.726024	-3.543949
		51.460852	-2.588139
		53.751959	-0.335941
		54.892406	-2.923222
		54.980766	-1.615849
		52.486125	-1.890507
		51.512161	-0.116215
		51.289406	1.075802
		
c	7 6 10 5 0 11 3 4 12 14 13 1 2 8 9 15	3345.33362754443	0.665466637245557	7	6	10	5	0	11	3	4	12	14	13	1	2	8	9	15		
		54.980766	-1.615849
		53.751959	-0.335941
		55.862982	-4.263554
		53.409532	-3.000126
		52.486125	-1.890507
		51.488224	-3.186893
		53.803895	-1.549931
		53.478239	-2.258549
		51.624837	-3.94495
		50.152266	-5.065556
		50.726024	-3.543949
		51.460852	-2.588139
		51.512161	-0.116215
		54.892406	-2.923222
		55.958426	-3.186893
		51.289406	1.075802
		
c	6 10 9 8 7 4 5 0 1 11 12 14 13 3 2 15	2218.08015986784	0.778191984013216	6	10	9	8	7	4	5	0	1	11	12	14	13	3	2	15		
		53.751959	-0.335941
		55.862982	-4.263554
		55.958426	-3.186893
		54.892406	-2.923222
		54.980766	-1.615849
		53.478239	-2.258549
		53.409532	-3.000126
		52.486125	-1.890507
		51.460852	-2.588139
		51.488224	-3.186893
		51.624837	-3.94495
		50.152266	-5.065556
		50.726024	-3.543949
		53.803895	-1.549931
		51.512161	-0.116215
		51.289406	1.075802
		
c	5 8 7 6 3 10 9 11 12 14 13 1 2 0 4 15	2587.4498207503	0.74125501792497	5	8	7	6	3	10	9	11	12	14	13	1	2	0	4	15		
		53.409532	-3.000126
		54.892406	-2.923222
		54.980766	-1.615849
		53.751959	-0.335941
		53.803895	-1.549931
		55.862982	-4.263554
		55.958426	-3.186893
		51.488224	-3.186893
		51.624837	-3.94495
		50.152266	-5.065556
		50.726024	-3.543949
		51.460852	-2.588139
		51.512161	-0.116215
		52.486125	-1.890507
		53.478239	-2.258549
		51.289406	1.075802
		
c	14 11 12 13 1 2 9 10 8 7 6 3 4 5 0 15	2175.46512218026	0.782453487781974	14	11	12	13	1	2	9	10	8	7	6	3	4	5	0	15		
		50.152266	-5.065556
		51.488224	-3.186893
		51.624837	-3.94495
		50.726024	-3.543949
		51.460852	-2.588139
		51.512161	-0.116215
		55.958426	-3.186893
		55.862982	-4.263554
		54.892406	-2.923222
		54.980766	-1.615849
		53.751959	-0.335941
		53.803895	-1.549931
		53.478239	-2.258549
		53.409532	-3.000126
		52.486125	-1.890507
		51.289406	1.075802
		
c	7 3 6 10 8 9 4 5 0 11 12 14 13 1 2 15	2137.05428898151	0.786294571101849	7	3	6	10	8	9	4	5	0	11	12	14	13	1	2	15		
		54.980766	-1.615849
		53.803895	-1.549931
		53.751959	-0.335941
		55.862982	-4.263554
		54.892406	-2.923222
		55.958426	-3.186893
		53.478239	-2.258549
		53.409532	-3.000126
		52.486125	-1.890507
		51.488224	-3.186893
		51.624837	-3.94495
		50.152266	-5.065556
		50.726024	-3.543949
		51.460852	-2.588139
		51.512161	-0.116215
		51.289406	1.075802
		
c	6 4 5 13 1 10 9 8 7 3 0 11 12 14 2 15	2482.56993151652	0.751743006848348	6	4	5	13	1	10	9	8	7	3	0	11	12	14	2	15		
		53.751959	-0.335941
		53.478239	-2.258549
		53.409532	-3.000126
		50.726024	-3.543949
		51.460852	-2.588139
		55.862982	-4.263554
		55.958426	-3.186893
		54.892406	-2.923222
		54.980766	-1.615849
		53.803895	-1.549931
		52.486125	-1.890507
		51.488224	-3.186893
		51.624837	-3.94495
		50.152266	-5.065556
		51.512161	-0.116215
		51.289406	1.075802
		
c	10 9 8 7 3 5 6 4 0 1 11 12 14 13 2 15	1798.90566434388	0.820109433565612	10	9	8	7	3	5	6	4	0	1	11	12	14	13	2	15		
		55.862982	-4.263554
		55.958426	-3.186893
		54.892406	-2.923222
		54.980766	-1.615849
		53.803895	-1.549931
		53.409532	-3.000126
		53.751959	-0.335941
		53.478239	-2.258549
		52.486125	-1.890507
		51.460852	-2.588139
		51.488224	-3.186893
		51.624837	-3.94495
		50.152266	-5.065556
		50.726024	-3.543949
		51.512161	-0.116215
		51.289406	1.075802
		
c	4 5 0 11 12 1 14 13 8 7 6 3 10 9 2 15	2585.42947604966	0.741457052395034	4	5	0	11	12	1	14	13	8	7	6	3	10	9	2	15		
		53.478239	-2.258549
		53.409532	-3.000126
		52.486125	-1.890507
		51.488224	-3.186893
		51.624837	-3.94495
		51.460852	-2.588139
		50.152266	-5.065556
		50.726024	-3.543949
		54.892406	-2.923222
		54.980766	-1.615849
		53.751959	-0.335941
		53.803895	-1.549931
		55.862982	-4.263554
		55.958426	-3.186893
		51.512161	-0.116215
		51.289406	1.075802
		
c	7 3 6 9 10 8 4 5 0 11 12 14 13 1 2 15	1927.87170955528	0.807212829044472	7	3	6	9	10	8	4	5	0	11	12	14	13	1	2	15		
		54.980766	-1.615849
		53.803895	-1.549931
		53.751959	-0.335941
		55.958426	-3.186893
		55.862982	-4.263554
		54.892406	-2.923222
		53.478239	-2.258549
		53.409532	-3.000126
		52.486125	-1.890507
		51.488224	-3.186893
		51.624837	-3.94495
		50.152266	-5.065556
		50.726024	-3.543949
		51.460852	-2.588139
		51.512161	-0.116215
		51.289406	1.075802
		
c	7 6 3 10 9 8 4 5 0 12 14 13 11 1 2 15	1918.72308555394	0.808127691444606	7	6	3	10	9	8	4	5	0	12	14	13	11	1	2	15		
		54.980766	-1.615849
		53.751959	-0.335941
		53.803895	-1.549931
		55.862982	-4.263554
		55.958426	-3.186893
		54.892406	-2.923222
		53.478239	-2.258549
		53.409532	-3.000126
		52.486125	-1.890507
		51.624837	-3.94495
		50.152266	-5.065556
		50.726024	-3.543949
		51.488224	-3.186893
		51.460852	-2.588139
		51.512161	-0.116215
		51.289406	1.075802
		
g200		1613.67648029291	0.838632351970709	0	10	9	8	7	6	3	4	5	0	11	12	14	13	1	2	15		
		55.862982	-4.263554
		55.958426	-3.186893
		54.892406	-2.923222
		54.980766	-1.615849
		53.751959	-0.335941
		53.803895	-1.549931
		53.478239	-2.258549
		53.409532	-3.000126
		52.486125	-1.890507
		51.488224	-3.186893
		51.624837	-3.94495
		50.152266	-5.065556
		50.726024	-3.543949
		51.460852	-2.588139
		51.512161	-0.116215
		51.289406	1.075802
		
g200		1614.70757855554	0.838529242144446	1	10	9	8	7	6	3	4	5	0	1	11	12	14	13	2	15		
		55.862982	-4.263554
		55.958426	-3.186893
		54.892406	-2.923222
		54.980766	-1.615849
		53.751959	-0.335941
		53.803895	-1.549931
		53.478239	-2.258549
		53.409532	-3.000126
		52.486125	-1.890507
		51.460852	-2.588139
		51.488224	-3.186893
		51.624837	-3.94495
		50.152266	-5.065556
		50.726024	-3.543949
		51.512161	-0.116215
		51.289406	1.075802
		
g200		1631.15131975355	0.836884868024645	2	9	10	8	7	6	3	4	5	0	11	12	14	13	1	2	15		
		55.958426	-3.186893
		55.862982	-4.263554
		54.892406	-2.923222
		54.980766	-1.615849
		53.751959	-0.335941
		53.803895	-1.549931
		53.478239	-2.258549
		53.409532	-3.000126
		52.486125	-1.890507
		51.488224	-3.186893
		51.624837	-3.94495
		50.152266	-5.065556
		50.726024	-3.543949
		51.460852	-2.588139
		51.512161	-0.116215
		51.289406	1.075802
		
g200		1632.18241801618	0.836781758198382	3	9	10	8	7	6	3	4	5	0	1	11	12	14	13	2	15		
		55.958426	-3.186893
		55.862982	-4.263554
		54.892406	-2.923222
		54.980766	-1.615849
		53.751959	-0.335941
		53.803895	-1.549931
		53.478239	-2.258549
		53.409532	-3.000126
		52.486125	-1.890507
		51.460852	-2.588139
		51.488224	-3.186893
		51.624837	-3.94495
		50.152266	-5.065556
		50.726024	-3.543949
		51.512161	-0.116215
		51.289406	1.075802
		
g200		1653.85291225383	0.834614708774617	4	10	9	8	7	3	6	4	5	0	12	14	13	11	1	2	15		
		55.862982	-4.263554
		55.958426	-3.186893
		54.892406	-2.923222
		54.980766	-1.615849
		53.803895	-1.549931
		53.751959	-0.335941
		53.478239	-2.258549
		53.409532	-3.000126
		52.486125	-1.890507
		51.624837	-3.94495
		50.152266	-5.065556
		50.726024	-3.543949
		51.488224	-3.186893
		51.460852	-2.588139
		51.512161	-0.116215
		51.289406	1.075802
		
g200		1656.09836620198	0.834390163379802	5	10	9	8	7	3	6	4	5	0	11	12	14	13	1	2	15		
		55.862982	-4.263554
		55.958426	-3.186893
		54.892406	-2.923222
		54.980766	-1.615849
		53.803895	-1.549931
		53.751959	-0.335941
		53.478239	-2.258549
		53.409532	-3.000126
		52.486125	-1.890507
		51.488224	-3.186893
		51.624837	-3.94495
		50.152266	-5.065556
		50.726024	-3.543949
		51.460852	-2.588139
		51.512161	-0.116215
		51.289406	1.075802
		
