c	9 8 7 4 5 0 1 11 12 14 13 2 10 3 6 15	2546.44975700027	0.745355024299973	9	8	7	4	5	0	1	11	12	14	13	2	10	3	6	15		
		55.958426	-3.186893
		54.892406	-2.923222
		54.980766	-1.615849
		53.478239	-2.258549
		53.409532	-3.000126
		52.486125	-1.890507
		51.460852	-2.588139
		51.488224	-3.186893
		51.624837	-3.94495
		50.152266	-5.065556
		50.726024	-3.543949
		51.512161	-0.116215
		55.862982	-4.263554
		53.803895	-1.549931
		53.751959	-0.335941
		51.289406	1.075802
		
c	11 12 14 3 6 10 8 7 9 4 0 13 1 5 2 15	2820.05120457666	0.717994879542334	11	12	14	3	6	10	8	7	9	4	0	13	1	5	2	15		
		51.488224	-3.186893
		51.624837	-3.94495
		50.152266	-5.065556
		53.803895	-1.549931
		53.751959	-0.335941
		55.862982	-4.263554
		54.892406	-2.923222
		54.980766	-1.615849
		55.958426	-3.186893
		53.478239	-2.258549
		52.486125	-1.890507
		50.726024	-3.543949
		51.460852	-2.588139
		53.409532	-3.000126
		51.512161	-0.116215
		51.289406	1.075802
		
c	10 9 8 7 3 6 4 11 12 14 13 5 1 0 2 15	2096.32493945167	0.790367506054833	10	9	8	7	3	6	4	11	12	14	13	5	1	0	2	15		
		55.862982	-4.263554
		55.958426	-3.186893
		54.892406	-2.923222
		54.980766	-1.615849
		53.803895	-1.549931
		53.751959	-0.335941
		53.478239	-2.258549
		51.488224	-3.186893
		51.624837	-3.94495
		50.152266	-5.065556
		50.726024	-3.543949
		53.409532	-3.000126
		51.460852	-2.588139
		52.486125	-1.890507
		51.512161	-0.116215
		51.289406	1.075802
		
c	11 12 14 13 7 6 4 9 10 8 5 0 3 1 2 15	2596.71429231565	0.740328570768435	11	12	14	13	7	6	4	9	10	8	5	0	3	1	2	15		
		51.488224	-3.186893
		51.624837	-3.94495
		50.152266	-5.065556
		50.726024	-3.543949
		54.980766	-1.615849
		53.751959	-0.335941
		53.478239	-2.258549
		55.958426	-3.186893
		55.862982	-4.263554
		54.892406	-2.923222
		53.409532	-3.000126
		52.486125	-1.890507
		53.803895	-1.549931
		51.460852	-2.588139
		51.512161	-0.116215
		51.289406	1.075802
		
c	12 14 13 4 9 10 6 5 8 7 3 0 1 11 2 15	2491.6435146715	0.75083564853285	12	14	13	4	9	10	6	5	8	7	3	0	1	11	2	15		
		51.624837	-3.94495
		50.152266	-5.065556
		50.726024	-3.543949
		53.478239	-2.258549
		55.958426	-3.186893
		55.862982	-4.263554
		53.751959	-0.335941
		53.409532	-3.000126
		54.892406	-2.923222
		54.980766	-1.615849
		53.803895	-1.549931
		52.486125	-1.890507
		51.460852	-2.588139
		51.488224	-3.186893
		51.512161	-0.116215
		51.289406	1.075802
		
c	14 13 5 1 11 12 10 9 8 7 3 6 4 0 2 15	2187.39392676116	0.781260607323884	14	13	5	1	11	12	10	9	8	7	3	6	4	0	2	15		
		50.152266	-5.065556
		50.726024	-3.543949
		53.409532	-3.000126
		51.460852	-2.588139
		51.488224	-3.186893
		51.624837	-3.94495
		55.862982	-4.263554
		55.958426	-3.186893
		54.892406	-2.923222
		54.980766	-1.615849
		53.803895	-1.549931
		53.751959	-0.335941
		53.478239	-2.258549
		52.486125	-1.890507
		51.512161	-0.116215
		51.289406	1.075802
		
c	14 3 6 4 5 0 1 11 13 12 9 10 8 7 2 15	2474.42161337248	0.752557838662752	14	3	6	4	5	0	1	11	13	12	9	10	8	7	2	15		
		50.152266	-5.065556
		53.803895	-1.549931
		53.751959	-0.335941
		53.478239	-2.258549
		53.409532	-3.000126
		52.486125	-1.890507
		51.460852	-2.588139
		51.488224	-3.186893
		50.726024	-3.543949
		51.624837	-3.94495
		55.958426	-3.186893
		55.862982	-4.263554
		54.892406	-2.923222
		54.980766	-1.615849
		51.512161	-0.116215
		51.289406	1.075802
		
c	4 10 9 8 7 3 6 0 11 12 14 13 1 5 2 15	2153.62300955321	0.784637699044679	4	10	9	8	7	3	6	0	11	12	14	13	1	5	2	15		
		53.478239	-2.258549
		55.862982	-4.263554
		55.958426	-3.186893
		54.892406	-2.923222
		54.980766	-1.615849
		53.803895	-1.549931
		53.751959	-0.335941
		52.486125	-1.890507
		51.488224	-3.186893
		51.624837	-3.94495
		50.152266	-5.065556
		50.726024	-3.543949
		51.460852	-2.588139
		53.409532	-3.000126
		51.512161	-0.116215
		51.289406	1.075802
		
c	14 13 2 0 1 11 12 6 10 9 8 3 7 4 5 15	2499.91518474444	0.750008481525556	14	13	2	0	1	11	12	6	10	9	8	3	7	4	5	15		
		50.152266	-5.065556
		50.726024	-3.543949
		51.512161	-0.116215
		52.486125	-1.890507
		51.460852	-2.588139
		51.488224	-3.186893
		51.624837	-3.94495
		53.751959	-0.335941
		55.862982	-4.263554
		55.958426	-3.186893
		54.892406	-2.923222
		53.803895	-1.549931
		54.980766	-1.615849
		53.478239	-2.258549
		53.409532	-3.000126
		51.289406	1.075802
		
c	8 7 3 6 4 0 5 10 9 1 11 12 14 13 2 15	2263.45906693155	0.773654093306845	8	7	3	6	4	0	5	10	9	1	11	12	14	13	2	15		
		54.892406	-2.923222
		54.980766	-1.615849
		53.803895	-1.549931
		53.751959	-0.335941
		53.478239	-2.258549
		52.486125	-1.890507
		53.409532	-3.000126
		55.862982	-4.263554
		55.958426	-3.186893
		51.460852	-2.588139
		51.488224	-3.186893
		51.624837	-3.94495
		50.152266	-5.065556
		50.726024	-3.543949
		51.512161	-0.116215
		51.289406	1.075802
		
c	14 13 1 2 6 3 4 5 0 11 12 7 10 9 8 15	2430.28306620015	0.756971693379985	14	13	1	2	6	3	4	5	0	11	12	7	10	9	8	15		
		50.152266	-5.065556
		50.726024	-3.543949
		51.460852	-2.588139
		51.512161	-0.116215
		53.751959	-0.335941
		53.803895	-1.549931
		53.478239	-2.258549
		53.409532	-3.000126
		52.486125	-1.890507
		51.488224	-3.186893
		51.624837	-3.94495
		54.980766	-1.615849
		55.862982	-4.263554
		55.958426	-3.186893
		54.892406	-2.923222
		51.289406	1.075802
		
c	7 6 4 9 10 8 5 0 11 12 14 3 1 13 2 15	2635.74157566535	0.736425842433465	7	6	4	9	10	8	5	0	11	12	14	3	1	13	2	15		
		54.980766	-1.615849
		53.751959	-0.335941
		53.478239	-2.258549
		55.958426	-3.186893
		55.862982	-4.263554
		54.892406	-2.923222
		53.409532	-3.000126
		52.486125	-1.890507
		51.488224	-3.186893
		51.624837	-3.94495
		50.152266	-5.065556
		53.803895	-1.549931
		51.460852	-2.588139
		50.726024	-3.543949
		51.512161	-0.116215
		51.289406	1.075802
		
c	6 3 4 5 7 0 11 12 14 13 10 9 8 1 2 15	2567.43753879169	0.743256246120831	6	3	4	5	7	0	11	12	14	13	10	9	8	1	2	15		
		53.751959	-0.335941
		53.803895	-1.549931
		53.478239	-2.258549
		53.409532	-3.000126
		54.980766	-1.615849
		52.486125	-1.890507
		51.488224	-3.186893
		51.624837	-3.94495
		50.152266	-5.065556
		50.726024	-3.543949
		55.862982	-4.263554
		55.958426	-3.186893
		54.892406	-2.923222
		51.460852	-2.588139
		51.512161	-0.116215
		51.289406	1.075802
		
c	6 3 4 5 0 11 12 14 13 1 2 7 10 9 8 15	2356.85302119012	0.764314697880988	6	3	4	5	0	11	12	14	13	1	2	7	10	9	8	15		
		53.751959	-0.335941
		53.803895	-1.549931
		53.478239	-2.258549
		53.409532	-3.000126
		52.486125	-1.890507
		51.488224	-3.186893
		51.624837	-3.94495
		50.152266	-5.065556
		50.726024	-3.543949
		51.460852	-2.588139
		51.512161	-0.116215
		54.980766	-1.615849
		55.862982	-4.263554
		55.958426	-3.186893
		54.892406	-2.923222
		51.289406	1.075802
		
c	7 6 3 4 5 0 11 10 9 8 1 12 14 13 2 15	2422.34154758616	0.757765845241384	7	6	3	4	5	0	11	10	9	8	1	12	14	13	2	15		
		54.980766	-1.615849
		53.751959	-0.335941
		53.803895	-1.549931
		53.478239	-2.258549
		53.409532	-3.000126
		52.486125	-1.890507
		51.488224	-3.186893
		55.862982	-4.263554
		55.958426	-3.186893
		54.892406	-2.923222
		51.460852	-2.588139
		51.624837	-3.94495
		50.152266	-5.065556
		50.726024	-3.543949
		51.512161	-0.116215
		51.289406	1.075802
		
c	6 10 9 8 7 3 4 5 0 11 12 14 13 1 2 15	1848.88482644419	0.815111517355581	6	10	9	8	7	3	4	5	0	11	12	14	13	1	2	15		
		53.751959	-0.335941
		55.862982	-4.263554
		55.958426	-3.186893
		54.892406	-2.923222
		54.980766	-1.615849
		53.803895	-1.549931
		53.478239	-2.258549
		53.409532	-3.000126
		52.486125	-1.890507
		51.488224	-3.186893
		51.624837	-3.94495
		50.152266	-5.065556
		50.726024	-3.543949
		51.460852	-2.588139
		51.512161	-0.116215
		51.289406	1.075802
		
c	8 5 0 11 12 14 3 1 13 2 9 10 7 4 6 15	3160.15303938839	0.683984696061161	8	5	0	11	12	14	3	1	13	2	9	10	7	4	6	15		
		54.892406	-2.923222
		53.409532	-3.000126
		52.486125	-1.890507
		51.488224	-3.186893
		51.624837	-3.94495
		50.152266	-5.065556
		53.803895	-1.549931
		51.460852	-2.588139
		50.726024	-3.543949
		51.512161	-0.116215
		55.958426	-3.186893
		55.862982	-4.263554
		54.980766	-1.615849
		53.478239	-2.258549
		53.751959	-0.335941
		51.289406	1.075802
		
c	4 6 3 5 0 1 11 12 14 2 7 9 10 8 13 15	2767.58518395703	0.723241481604297	4	6	3	5	0	1	11	12	14	2	7	9	10	8	13	15		
		53.478239	-2.258549
		53.751959	-0.335941
		53.803895	-1.549931
		53.409532	-3.000126
		52.486125	-1.890507
		51.460852	-2.588139
		51.488224	-3.186893
		51.624837	-3.94495
		50.152266	-5.065556
		51.512161	-0.116215
		54.980766	-1.615849
		55.958426	-3.186893
		55.862982	-4.263554
		54.892406	-2.923222
		50.726024	-3.543949
		51.289406	1.075802
		
c	2 9 14 13 1 6 3 4 5 0 11 12 7 10 8 15	3447.32916468942	0.655267083531058	2	9	14	13	1	6	3	4	5	0	11	12	7	10	8	15		
		51.512161	-0.116215
		55.958426	-3.186893
		50.152266	-5.065556
		50.726024	-3.543949
		51.460852	-2.588139
		53.751959	-0.335941
		53.803895	-1.549931
		53.478239	-2.258549
		53.409532	-3.000126
		52.486125	-1.890507
		51.488224	-3.186893
		51.624837	-3.94495
		54.980766	-1.615849
		55.862982	-4.263554
		54.892406	-2.923222
		51.289406	1.075802
		
c	11 12 14 13 2 5 1 10 9 8 7 3 6 4 0 15	2593.09637775558	0.740690362224442	11	12	14	13	2	5	1	10	9	8	7	3	6	4	0	15		
		51.488224	-3.186893
		51.624837	-3.94495
		50.152266	-5.065556
		50.726024	-3.543949
		51.512161	-0.116215
		53.409532	-3.000126
		51.460852	-2.588139
		55.862982	-4.263554
		55.958426	-3.186893
		54.892406	-2.923222
		54.980766	-1.615849
		53.803895	-1.549931
		53.751959	-0.335941
		53.478239	-2.258549
		52.486125	-1.890507
		51.289406	1.075802
		
c	0 11 12 14 13 1 2 6 4 9 10 8 7 3 5 15	2331.22007684896	0.766877992315104	0	11	12	14	13	1	2	6	4	9	10	8	7	3	5	15		
		52.486125	-1.890507
		51.488224	-3.186893
		51.624837	-3.94495
		50.152266	-5.065556
		50.726024	-3.543949
		51.460852	-2.588139
		51.512161	-0.116215
		53.751959	-0.335941
		53.478239	-2.258549
		55.958426	-3.186893
		55.862982	-4.263554
		54.892406	-2.923222
		54.980766	-1.615849
		53.803895	-1.549931
		53.409532	-3.000126
		51.289406	1.075802
		
c	3 6 4 0 2 7 9 10 8 5 1 11 12 14 13 15	2352.28379916754	0.764771620083246	3	6	4	0	2	7	9	10	8	5	1	11	12	14	13	15		
		53.803895	-1.549931
		53.751959	-0.335941
		53.478239	-2.258549
		52.486125	-1.890507
		51.512161	-0.116215
		54.980766	-1.615849
		55.958426	-3.186893
		55.862982	-4.263554
		54.892406	-2.923222
		53.409532	-3.000126
		51.460852	-2.588139
		51.488224	-3.186893
		51.624837	-3.94495
		50.152266	-5.065556
		50.726024	-3.543949
		51.289406	1.075802
		
c	4 5 0 13 9 10 8 7 6 3 1 11 12 14 2 15	2527.16527497285	0.747283472502715	4	5	0	13	9	10	8	7	6	3	1	11	12	14	2	15		
		53.478239	-2.258549
		53.409532	-3.000126
		52.486125	-1.890507
		50.726024	-3.543949
		55.958426	-3.186893
		55.862982	-4.263554
		54.892406	-2.923222
		54.980766	-1.615849
		53.751959	-0.335941
		53.803895	-1.549931
		51.460852	-2.588139
		51.488224	-3.186893
		51.624837	-3.94495
		50.152266	-5.065556
		51.512161	-0.116215
		51.289406	1.075802
		
c	12 14 13 1 9 10 8 7 6 3 4 5 0 11 2 15	2119.54746786523	0.788045253213477	12	14	13	1	9	10	8	7	6	3	4	5	0	11	2	15		
		51.624837	-3.94495
		50.152266	-5.065556
		50.726024	-3.543949
		51.460852	-2.588139
		55.958426	-3.186893
		55.862982	-4.263554
		54.892406	-2.923222
		54.980766	-1.615849
		53.751959	-0.335941
		53.803895	-1.549931
		53.478239	-2.258549
		53.409532	-3.000126
		52.486125	-1.890507
		51.488224	-3.186893
		51.512161	-0.116215
		51.289406	1.075802
		
c	11 6 5 4 10 9 8 7 3 0 1 12 14 13 2 15	2259.26053994749	0.774073946005251	11	6	5	4	10	9	8	7	3	0	1	12	14	13	2	15		
		51.488224	-3.186893
		53.751959	-0.335941
		53.409532	-3.000126
		53.478239	-2.258549
		55.862982	-4.263554
		55.958426	-3.186893
		54.892406	-2.923222
		54.980766	-1.615849
		53.803895	-1.549931
		52.486125	-1.890507
		51.460852	-2.588139
		51.624837	-3.94495
		50.152266	-5.065556
		50.726024	-3.543949
		51.512161	-0.116215
		51.289406	1.075802
		
c	8 7 3 6 4 5 0 11 12 14 13 10 9 1 2 15	2505.74051568524	0.749425948431476	8	7	3	6	4	5	0	11	12	14	13	10	9	1	2	15		
		54.892406	-2.923222
		54.980766	-1.615849
		53.803895	-1.549931
		53.751959	-0.335941
		53.478239	-2.258549
		53.409532	-3.000126
		52.486125	-1.890507
		51.488224	-3.186893
		51.624837	-3.94495
		50.152266	-5.065556
		50.726024	-3.543949
		55.862982	-4.263554
		55.958426	-3.186893
		51.460852	-2.588139
		51.512161	-0.116215
		51.289406	1.075802
		
c	5 4 1 11 6 3 0 12 14 13 2 7 10 9 8 15	2854.35425275833	0.714564574724167	5	4	1	11	6	3	0	12	14	13	2	7	10	9	8	15		
		53.409532	-3.000126
		53.478239	-2.258549
		51.460852	-2.588139
		51.488224	-3.186893
		53.751959	-0.335941
		53.803895	-1.549931
		52.486125	-1.890507
		51.624837	-3.94495
		50.152266	-5.065556
		50.726024	-3.543949
		51.512161	-0.116215
		54.980766	-1.615849
		55.862982	-4.263554
		55.958426	-3.186893
		54.892406	-2.923222
		51.289406	1.075802
		
c	6 3 4 5 0 1 2 10 9 8 7 11 12 14 13 15	2530.19662698501	0.746980337301499	6	3	4	5	0	1	2	10	9	8	7	11	12	14	13	15		
		53.751959	-0.335941
		53.803895	-1.549931
		53.478239	-2.258549
		53.409532	-3.000126
		52.486125	-1.890507
		51.460852	-2.588139
		51.512161	-0.116215
		55.862982	-4.263554
		55.958426	-3.186893
		54.892406	-2.923222
		54.980766	-1.615849
		51.488224	-3.186893
		51.624837	-3.94495
		50.152266	-5.065556
		50.726024	-3.543949
		51.289406	1.075802
		
c	7 6 4 5 0 1 11 12 14 13 10 9 8 3 2 15	2263.23943754431	0.773676056245569	7	6	4	5	0	1	11	12	14	13	10	9	8	3	2	15		
		54.980766	-1.615849
		53.751959	-0.335941
		53.478239	-2.258549
		53.409532	-3.000126
		52.486125	-1.890507
		51.460852	-2.588139
		51.488224	-3.186893
		51.624837	-3.94495
		50.152266	-5.065556
		50.726024	-3.543949
		55.862982	-4.263554
		55.958426	-3.186893
		54.892406	-2.923222
		53.803895	-1.549931
		51.512161	-0.116215
		51.289406	1.075802
		
c	3 5 0 1 11 12 14 10 9 8 7 6 4 13 2 15	2491.97369545467	0.750802630454533	3	5	0	1	11	12	14	10	9	8	7	6	4	13	2	15		
		53.803895	-1.549931
		53.409532	-3.000126
		52.486125	-1.890507
		51.460852	-2.588139
		51.488224	-3.186893
		51.624837	-3.94495
		50.152266	-5.065556
		55.862982	-4.263554
		55.958426	-3.186893
		54.892406	-2.923222
		54.980766	-1.615849
		53.751959	-0.335941
		53.478239	-2.258549
		50.726024	-3.543949
		51.512161	-0.116215
		51.289406	1.075802
		
c	11 12 9 5 0 1 14 13 2 4 10 8 7 3 6 15	2959.13297901691	0.704086702098309	11	12	9	5	0	1	14	13	2	4	10	8	7	3	6	15		
		51.488224	-3.186893
		51.624837	-3.94495
		55.958426	-3.186893
		53.409532	-3.000126
		52.486125	-1.890507
		51.460852	-2.588139
		50.152266	-5.065556
		50.726024	-3.543949
		51.512161	-0.116215
		53.478239	-2.258549
		55.862982	-4.263554
		54.892406	-2.923222
		54.980766	-1.615849
		53.803895	-1.549931
		53.751959	-0.335941
		51.289406	1.075802
		
c	7 3 5 0 11 12 14 13 1 2 8 10 9 6 4 15	2536.43015635459	0.746356984364541	7	3	5	0	11	12	14	13	1	2	8	10	9	6	4	15		
		54.980766	-1.615849
		53.803895	-1.549931
		53.409532	-3.000126
		52.486125	-1.890507
		51.488224	-3.186893
		51.624837	-3.94495
		50.152266	-5.065556
		50.726024	-3.543949
		51.460852	-2.588139
		51.512161	-0.116215
		54.892406	-2.923222
		55.862982	-4.263554
		55.958426	-3.186893
		53.751959	-0.335941
		53.478239	-2.258549
		51.289406	1.075802
		
c	10 8 7 4 6 3 5 0 1 11 12 14 2 13 9 15	3043.33378133269	0.695666621866731	10	8	7	4	6	3	5	0	1	11	12	14	2	13	9	15		
		55.862982	-4.263554
		54.892406	-2.923222
		54.980766	-1.615849
		53.478239	-2.258549
		53.751959	-0.335941
		53.803895	-1.549931
		53.409532	-3.000126
		52.486125	-1.890507
		51.460852	-2.588139
		51.488224	-3.186893
		51.624837	-3.94495
		50.152266	-5.065556
		51.512161	-0.116215
		50.726024	-3.543949
		55.958426	-3.186893
		51.289406	1.075802
		
c	7 6 3 4 5 0 1 9 10 8 11 12 14 13 2 15	2387.09939646914	0.761290060353086	7	6	3	4	5	0	1	9	10	8	11	12	14	13	2	15		
		54.980766	-1.615849
		53.751959	-0.335941
		53.803895	-1.549931
		53.478239	-2.258549
		53.409532	-3.000126
		52.486125	-1.890507
		51.460852	-2.588139
		55.958426	-3.186893
		55.862982	-4.263554
		54.892406	-2.923222
		51.488224	-3.186893
		51.624837	-3.94495
		50.152266	-5.065556
		50.726024	-3.543949
		51.512161	-0.116215
		51.289406	1.075802
		
c	14 13 1 2 6 4 9 10 8 7 3 5 0 11 12 15	2262.6232009819	0.77373767990181	14	13	1	2	6	4	9	10	8	7	3	5	0	11	12	15		
		50.152266	-5.065556
		50.726024	-3.543949
		51.460852	-2.588139
		51.512161	-0.116215
		53.751959	-0.335941
		53.478239	-2.258549
		55.958426	-3.186893
		55.862982	-4.263554
		54.892406	-2.923222
		54.980766	-1.615849
		53.803895	-1.549931
		53.409532	-3.000126
		52.486125	-1.890507
		51.488224	-3.186893
		51.624837	-3.94495
		51.289406	1.075802
		
c	2 10 9 8 7 4 6 3 5 0 1 11 12 14 13 15	2297.4420829836	0.77025579170164	2	10	9	8	7	4	6	3	5	0	1	11	12	14	13	15		
		51.512161	-0.116215
		55.862982	-4.263554
		55.958426	-3.186893
		54.892406	-2.923222
		54.980766	-1.615849
		53.478239	-2.258549
		53.751959	-0.335941
		53.803895	-1.549931
		53.409532	-3.000126
		52.486125	-1.890507
		51.460852	-2.588139
		51.488224	-3.186893
		51.624837	-3.94495
		50.152266	-5.065556
		50.726024	-3.543949
		51.289406	1.075802
		
c	7 3 6 4 5 0 11 12 14 13 1 10 9 8 2 15	2322.22676093553	0.767777323906447	7	3	6	4	5	0	11	12	14	13	1	10	9	8	2	15		
		54.980766	-1.615849
		53.803895	-1.549931
		53.751959	-0.335941
		53.478239	-2.258549
		53.409532	-3.000126
		52.486125	-1.890507
		51.488224	-3.186893
		51.624837	-3.94495
		50.152266	-5.065556
		50.726024	-3.543949
		51.460852	-2.588139
		55.862982	-4.263554
		55.958426	-3.186893
		54.892406	-2.923222
		51.512161	-0.116215
		51.289406	1.075802
		
c	9 10 2 7 8 3 6 4 5 0 1 11 12 14 13 15	2498.58652447088	0.750141347552912	9	10	2	7	8	3	6	4	5	0	1	11	12	14	13	15		
		55.958426	-3.186893
		55.862982	-4.263554
		51.512161	-0.116215
		54.980766	-1.615849
		54.892406	-2.923222
		53.803895	-1.549931
		53.751959	-0.335941
		53.478239	-2.258549
		53.409532	-3.000126
		52.486125	-1.890507
		51.460852	-2.588139
		51.488224	-3.186893
		51.624837	-3.94495
		50.152266	-5.065556
		50.726024	-3.543949
		51.289406	1.075802
		
c	6 3 0 10 9 8 1 11 12 14 13 7 4 5 2 15	2693.25985001836	0.730674014998164	6	3	0	10	9	8	1	11	12	14	13	7	4	5	2	15		
		53.751959	-0.335941
		53.803895	-1.549931
		52.486125	-1.890507
		55.862982	-4.263554
		55.958426	-3.186893
		54.892406	-2.923222
		51.460852	-2.588139
		51.488224	-3.186893
		51.624837	-3.94495
		50.152266	-5.065556
		50.726024	-3.543949
		54.980766	-1.615849
		53.478239	-2.258549
		53.409532	-3.000126
		51.512161	-0.116215
		51.289406	1.075802
		
c	6 4 12 11 1 14 13 2 9 10 8 7 3 5 0 15	2498.09802109056	0.750190197890944	6	4	12	11	1	14	13	2	9	10	8	7	3	5	0	15		
		53.751959	-0.335941
		53.478239	-2.258549
		51.624837	-3.94495
		51.488224	-3.186893
		51.460852	-2.588139
		50.152266	-5.065556
		50.726024	-3.543949
		51.512161	-0.116215
		55.958426	-3.186893
		55.862982	-4.263554
		54.892406	-2.923222
		54.980766	-1.615849
		53.803895	-1.549931
		53.409532	-3.000126
		52.486125	-1.890507
		51.289406	1.075802
		
c	5 0 11 12 14 13 1 2 9 4 10 8 7 6 3 15	2810.14853050506	0.718985146949494	5	0	11	12	14	13	1	2	9	4	10	8	7	6	3	15		
		53.409532	-3.000126
		52.486125	-1.890507
		51.488224	-3.186893
		51.624837	-3.94495
		50.152266	-5.065556
		50.726024	-3.543949
		51.460852	-2.588139
		51.512161	-0.116215
		55.958426	-3.186893
		53.478239	-2.258549
		55.862982	-4.263554
		54.892406	-2.923222
		54.980766	-1.615849
		53.751959	-0.335941
		53.803895	-1.549931
		51.289406	1.075802
		
c	5 0 11 12 14 10 9 8 7 6 3 4 1 13 2 15	2384.87199830736	0.761512800169264	5	0	11	12	14	10	9	8	7	6	3	4	1	13	2	15		
		53.409532	-3.000126
		52.486125	-1.890507
		51.488224	-3.186893
		51.624837	-3.94495
		50.152266	-5.065556
		55.862982	-4.263554
		55.958426	-3.186893
		54.892406	-2.923222
		54.980766	-1.615849
		53.751959	-0.335941
		53.803895	-1.549931
		53.478239	-2.258549
		51.460852	-2.588139
		50.726024	-3.543949
		51.512161	-0.116215
		51.289406	1.075802
		
c	9 10 8 7 3 6 4 5 0 1 11 12 14 13 2 15	1674.60430392526	0.832539569607474	9	10	8	7	3	6	4	5	0	1	11	12	14	13	2	15		
		55.958426	-3.186893
		55.862982	-4.263554
		54.892406	-2.923222
		54.980766	-1.615849
		53.803895	-1.549931
		53.751959	-0.335941
		53.478239	-2.258549
		53.409532	-3.000126
		52.486125	-1.890507
		51.460852	-2.588139
		51.488224	-3.186893
		51.624837	-3.94495
		50.152266	-5.065556
		50.726024	-3.543949
		51.512161	-0.116215
		51.289406	1.075802
		
c	0 1 11 12 14 6 3 4 2 10 9 8 7 5 13 15	2971.06229971113	0.702893770028887	0	1	11	12	14	6	3	4	2	10	9	8	7	5	13	15		
		52.486125	-1.890507
		51.460852	-2.588139
		51.488224	-3.186893
		51.624837	-3.94495
		50.152266	-5.065556
		53.751959	-0.335941
		53.803895	-1.549931
		53.478239	-2.258549
		51.512161	-0.116215
		55.862982	-4.263554
		55.958426	-3.186893
		54.892406	-2.923222
		54.980766	-1.615849
		53.409532	-3.000126
		50.726024	-3.543949
		51.289406	1.075802
		
c	6 5 4 10 9 8 7 3 0 1 11 12 14 13 2 15	1943.0153211071	0.80569846788929	6	5	4	10	9	8	7	3	0	1	11	12	14	13	2	15		
		53.751959	-0.335941
		53.409532	-3.000126
		53.478239	-2.258549
		55.862982	-4.263554
		55.958426	-3.186893
		54.892406	-2.923222
		54.980766	-1.615849
		53.803895	-1.549931
		52.486125	-1.890507
		51.460852	-2.588139
		51.488224	-3.186893
		51.624837	-3.94495
		50.152266	-5.065556
		50.726024	-3.543949
		51.512161	-0.116215
		51.289406	1.075802
		
c	10 9 7 3 5 0 11 12 14 13 1 2 8 6 4 15	2450.88054432634	0.754911945567366	10	9	7	3	5	0	11	12	14	13	1	2	8	6	4	15		
		55.862982	-4.263554
		55.958426	-3.186893
		54.980766	-1.615849
		53.803895	-1.549931
		53.409532	-3.000126
		52.486125	-1.890507
		51.488224	-3.186893
		51.624837	-3.94495
		50.152266	-5.065556
		50.726024	-3.543949
		51.460852	-2.588139
		51.512161	-0.116215
		54.892406	-2.923222
		53.751959	-0.335941
		53.478239	-2.258549
		51.289406	1.075802
		
c	1 11 12 8 7 3 6 4 5 0 14 13 10 9 2 15	2794.82814390016	0.720517185609984	1	11	12	8	7	3	6	4	5	0	14	13	10	9	2	15		
		51.460852	-2.588139
		51.488224	-3.186893
		51.624837	-3.94495
		54.892406	-2.923222
		54.980766	-1.615849
		53.803895	-1.549931
		53.751959	-0.335941
		53.478239	-2.258549
		53.409532	-3.000126
		52.486125	-1.890507
		50.152266	-5.065556
		50.726024	-3.543949
		55.862982	-4.263554
		55.958426	-3.186893
		51.512161	-0.116215
		51.289406	1.075802
		
c	2 10 9 8 7 6 3 4 5 0 1 11 12 14 13 15	2158.1973017758	0.78418026982242	2	10	9	8	7	6	3	4	5	0	1	11	12	14	13	15		
		51.512161	-0.116215
		55.862982	-4.263554
		55.958426	-3.186893
		54.892406	-2.923222
		54.980766	-1.615849
		53.751959	-0.335941
		53.803895	-1.549931
		53.478239	-2.258549
		53.409532	-3.000126
		52.486125	-1.890507
		51.460852	-2.588139
		51.488224	-3.186893
		51.624837	-3.94495
		50.152266	-5.065556
		50.726024	-3.543949
		51.289406	1.075802
		
c	6 4 5 0 1 11 12 14 13 10 9 8 7 3 2 15	2168.20700841211	0.783179299158789	6	4	5	0	1	11	12	14	13	10	9	8	7	3	2	15		
		53.751959	-0.335941
		53.478239	-2.258549
		53.409532	-3.000126
		52.486125	-1.890507
		51.460852	-2.588139
		51.488224	-3.186893
		51.624837	-3.94495
		50.152266	-5.065556
		50.726024	-3.543949
		55.862982	-4.263554
		55.958426	-3.186893
		54.892406	-2.923222
		54.980766	-1.615849
		53.803895	-1.549931
		51.512161	-0.116215
		51.289406	1.075802
		
c	6 10 9 8 7 3 4 5 0 1 11 12 14 13 2 15	1849.91592470682	0.815008407529318	6	10	9	8	7	3	4	5	0	1	11	12	14	13	2	15		
		53.751959	-0.335941
		55.862982	-4.263554
		55.958426	-3.186893
		54.892406	-2.923222
		54.980766	-1.615849
		53.803895	-1.549931
		53.478239	-2.258549
		53.409532	-3.000126
		52.486125	-1.890507
		51.460852	-2.588139
		51.488224	-3.186893
		51.624837	-3.94495
		50.152266	-5.065556
		50.726024	-3.543949
		51.512161	-0.116215
		51.289406	1.075802
		
c	9 10 8 7 3 6 4 0 11 12 14 13 1 5 2 15	1944.88132262648	0.805511867737352	9	10	8	7	3	6	4	0	11	12	14	13	1	5	2	15		
		55.958426	-3.186893
		55.862982	-4.263554
		54.892406	-2.923222
		54.980766	-1.615849
		53.803895	-1.549931
		53.751959	-0.335941
		53.478239	-2.258549
		52.486125	-1.890507
		51.488224	-3.186893
		51.624837	-3.94495
		50.152266	-5.065556
		50.726024	-3.543949
		51.460852	-2.588139
		53.409532	-3.000126
		51.512161	-0.116215
		51.289406	1.075802
		
c	4 0 11 12 14 13 1 3 6 5 9 10 8 7 2 15	2309.31447843706	0.769068552156294	4	0	11	12	14	13	1	3	6	5	9	10	8	7	2	15		
		53.478239	-2.258549
		52.486125	-1.890507
		51.488224	-3.186893
		51.624837	-3.94495
		50.152266	-5.065556
		50.726024	-3.543949
		51.460852	-2.588139
		53.803895	-1.549931
		53.751959	-0.335941
		53.409532	-3.000126
		55.958426	-3.186893
		55.862982	-4.263554
		54.892406	-2.923222
		54.980766	-1.615849
		51.512161	-0.116215
		51.289406	1.075802
		
c	4 0 11 7 6 3 5 1 12 14 13 2 8 10 9 15	3092.88098077765	0.690711901922235	4	0	11	7	6	3	5	1	12	14	13	2	8	10	9	15		
		53.478239	-2.258549
		52.486125	-1.890507
		51.488224	-3.186893
		54.980766	-1.615849
		53.751959	-0.335941
		53.803895	-1.549931
		53.409532	-3.000126
		51.460852	-2.588139
		51.624837	-3.94495
		50.152266	-5.065556
		50.726024	-3.543949
		51.512161	-0.116215
		54.892406	-2.923222
		55.862982	-4.263554
		55.958426	-3.186893
		51.289406	1.075802
		
c	11 14 13 12 9 10 8 7 3 6 4 0 1 5 2 15	2371.60217294272	0.762839782705728	11	14	13	12	9	10	8	7	3	6	4	0	1	5	2	15		
		51.488224	-3.186893
		50.152266	-5.065556
		50.726024	-3.543949
		51.624837	-3.94495
		55.958426	-3.186893
		55.862982	-4.263554
		54.892406	-2.923222
		54.980766	-1.615849
		53.803895	-1.549931
		53.751959	-0.335941
		53.478239	-2.258549
		52.486125	-1.890507
		51.460852	-2.588139
		53.409532	-3.000126
		51.512161	-0.116215
		51.289406	1.075802
		
c	1 11 12 9 10 8 7 3 6 4 0 14 13 5 2 15	2464.45233339486	0.753554766660514	1	11	12	9	10	8	7	3	6	4	0	14	13	5	2	15		
		51.460852	-2.588139
		51.488224	-3.186893
		51.624837	-3.94495
		55.958426	-3.186893
		55.862982	-4.263554
		54.892406	-2.923222
		54.980766	-1.615849
		53.803895	-1.549931
		53.751959	-0.335941
		53.478239	-2.258549
		52.486125	-1.890507
		50.152266	-5.065556
		50.726024	-3.543949
		53.409532	-3.000126
		51.512161	-0.116215
		51.289406	1.075802
		
c	11 4 3 5 0 12 14 13 1 2 9 10 8 7 6 15	2547.686417206	0.7452313582794	11	4	3	5	0	12	14	13	1	2	9	10	8	7	6	15		
		51.488224	-3.186893
		53.478239	-2.258549
		53.803895	-1.549931
		53.409532	-3.000126
		52.486125	-1.890507
		51.624837	-3.94495
		50.152266	-5.065556
		50.726024	-3.543949
		51.460852	-2.588139
		51.512161	-0.116215
		55.958426	-3.186893
		55.862982	-4.263554
		54.892406	-2.923222
		54.980766	-1.615849
		53.751959	-0.335941
		51.289406	1.075802
		
c	14 13 2 6 7 3 4 9 10 8 0 1 11 12 5 15	2534.35226831878	0.746564773168122	14	13	2	6	7	3	4	9	10	8	0	1	11	12	5	15		
		50.152266	-5.065556
		50.726024	-3.543949
		51.512161	-0.116215
		53.751959	-0.335941
		54.980766	-1.615849
		53.803895	-1.549931
		53.478239	-2.258549
		55.958426	-3.186893
		55.862982	-4.263554
		54.892406	-2.923222
		52.486125	-1.890507
		51.460852	-2.588139
		51.488224	-3.186893
		51.624837	-3.94495
		53.409532	-3.000126
		51.289406	1.075802
		
c	7 12 14 13 1 10 9 8 3 0 6 4 5 11 2 15	2672.03030698944	0.732796969301056	7	12	14	13	1	10	9	8	3	0	6	4	5	11	2	15		
		54.980766	-1.615849
		51.624837	-3.94495
		50.152266	-5.065556
		50.726024	-3.543949
		51.460852	-2.588139
		55.862982	-4.263554
		55.958426	-3.186893
		54.892406	-2.923222
		53.803895	-1.549931
		52.486125	-1.890507
		53.751959	-0.335941
		53.478239	-2.258549
		53.409532	-3.000126
		51.488224	-3.186893
		51.512161	-0.116215
		51.289406	1.075802
		
c	8 7 9 10 6 3 4 5 0 1 11 12 14 13 2 15	1826.30425061765	0.817369574938235	8	7	9	10	6	3	4	5	0	1	11	12	14	13	2	15		
		54.892406	-2.923222
		54.980766	-1.615849
		55.958426	-3.186893
		55.862982	-4.263554
		53.751959	-0.335941
		53.803895	-1.549931
		53.478239	-2.258549
		53.409532	-3.000126
		52.486125	-1.890507
		51.460852	-2.588139
		51.488224	-3.186893
		51.624837	-3.94495
		50.152266	-5.065556
		50.726024	-3.543949
		51.512161	-0.116215
		51.289406	1.075802
		
c	3 0 1 11 12 14 4 5 13 2 6 7 9 10 8 15	2814.58509502089	0.718541490497911	3	0	1	11	12	14	4	5	13	2	6	7	9	10	8	15		
		53.803895	-1.549931
		52.486125	-1.890507
		51.460852	-2.588139
		51.488224	-3.186893
		51.624837	-3.94495
		50.152266	-5.065556
		53.478239	-2.258549
		53.409532	-3.000126
		50.726024	-3.543949
		51.512161	-0.116215
		53.751959	-0.335941
		54.980766	-1.615849
		55.958426	-3.186893
		55.862982	-4.263554
		54.892406	-2.923222
		51.289406	1.075802
		
c	5 0 2 7 10 9 8 3 6 4 1 11 12 14 13 15	2387.4555539601	0.76125444460399	5	0	2	7	10	9	8	3	6	4	1	11	12	14	13	15		
		53.409532	-3.000126
		52.486125	-1.890507
		51.512161	-0.116215
		54.980766	-1.615849
		55.862982	-4.263554
		55.958426	-3.186893
		54.892406	-2.923222
		53.803895	-1.549931
		53.751959	-0.335941
		53.478239	-2.258549
		51.460852	-2.588139
		51.488224	-3.186893
		51.624837	-3.94495
		50.152266	-5.065556
		50.726024	-3.543949
		51.289406	1.075802
		
c	12 11 1 14 13 2 9 10 8 7 3 6 4 5 0 15	2287.02171257708	0.771297828742292	12	11	1	14	13	2	9	10	8	7	3	6	4	5	0	15		
		51.624837	-3.94495
		51.488224	-3.186893
		51.460852	-2.588139
		50.152266	-5.065556
		50.726024	-3.543949
		51.512161	-0.116215
		55.958426	-3.186893
		55.862982	-4.263554
		54.892406	-2.923222
		54.980766	-1.615849
		53.803895	-1.549931
		53.751959	-0.335941
		53.478239	-2.258549
		53.409532	-3.000126
		52.486125	-1.890507
		51.289406	1.075802
		
c	7 6 3 0 1 11 12 14 4 5 13 2 9 10 8 15	3031.95596899437	0.696804403100563	7	6	3	0	1	11	12	14	4	5	13	2	9	10	8	15		
		54.980766	-1.615849
		53.751959	-0.335941
		53.803895	-1.549931
		52.486125	-1.890507
		51.460852	-2.588139
		51.488224	-3.186893
		51.624837	-3.94495
		50.152266	-5.065556
		53.478239	-2.258549
		53.409532	-3.000126
		50.726024	-3.543949
		51.512161	-0.116215
		55.958426	-3.186893
		55.862982	-4.263554
		54.892406	-2.923222
		51.289406	1.075802
		
c	7 9 10 8 6 3 4 5 0 1 11 12 14 13 2 15	1745.6129856842	0.82543870143158	7	9	10	8	6	3	4	5	0	1	11	12	14	13	2	15		
		54.980766	-1.615849
		55.958426	-3.186893
		55.862982	-4.263554
		54.892406	-2.923222
		53.751959	-0.335941
		53.803895	-1.549931
		53.478239	-2.258549
		53.409532	-3.000126
		52.486125	-1.890507
		51.460852	-2.588139
		51.488224	-3.186893
		51.624837	-3.94495
		50.152266	-5.065556
		50.726024	-3.543949
		51.512161	-0.116215
		51.289406	1.075802
		
c	2 7 10 9 8 3 6 4 5 0 1 11 12 14 13 15	2172.61490609029	0.78273850939097	2	7	10	9	8	3	6	4	5	0	1	11	12	14	13	15		
		51.512161	-0.116215
		54.980766	-1.615849
		55.862982	-4.263554
		55.958426	-3.186893
		54.892406	-2.923222
		53.803895	-1.549931
		53.751959	-0.335941
		53.478239	-2.258549
		53.409532	-3.000126
		52.486125	-1.890507
		51.460852	-2.588139
		51.488224	-3.186893
		51.624837	-3.94495
		50.152266	-5.065556
		50.726024	-3.543949
		51.289406	1.075802
		
c	8 9 10 7 6 3 0 1 11 12 14 4 5 13 2 15	2279.29960175609	0.77207003982439	8	9	10	7	6	3	0	1	11	12	14	4	5	13	2	15		
		54.892406	-2.923222
		55.958426	-3.186893
		55.862982	-4.263554
		54.980766	-1.615849
		53.751959	-0.335941
		53.803895	-1.549931
		52.486125	-1.890507
		51.460852	-2.588139
		51.488224	-3.186893
		51.624837	-3.94495
		50.152266	-5.065556
		53.478239	-2.258549
		53.409532	-3.000126
		50.726024	-3.543949
		51.512161	-0.116215
		51.289406	1.075802
		
c	3 4 5 0 11 12 8 7 6 1 14 13 10 9 2 15	2955.91191415673	0.704408808584327	3	4	5	0	11	12	8	7	6	1	14	13	10	9	2	15		
		53.803895	-1.549931
		53.478239	-2.258549
		53.409532	-3.000126
		52.486125	-1.890507
		51.488224	-3.186893
		51.624837	-3.94495
		54.892406	-2.923222
		54.980766	-1.615849
		53.751959	-0.335941
		51.460852	-2.588139
		50.152266	-5.065556
		50.726024	-3.543949
		55.862982	-4.263554
		55.958426	-3.186893
		51.512161	-0.116215
		51.289406	1.075802
		
c	5 1 7 6 3 4 0 10 9 8 11 12 14 13 2 15	2702.05645333706	0.729794354666294	5	1	7	6	3	4	0	10	9	8	11	12	14	13	2	15		
		53.409532	-3.000126
		51.460852	-2.588139
		54.980766	-1.615849
		53.751959	-0.335941
		53.803895	-1.549931
		53.478239	-2.258549
		52.486125	-1.890507
		55.862982	-4.263554
		55.958426	-3.186893
		54.892406	-2.923222
		51.488224	-3.186893
		51.624837	-3.94495
		50.152266	-5.065556
		50.726024	-3.543949
		51.512161	-0.116215
		51.289406	1.075802
		
c	5 1 11 12 14 13 9 10 8 7 6 3 4 0 2 15	2153.95005489885	0.784604994510115	5	1	11	12	14	13	9	10	8	7	6	3	4	0	2	15		
		53.409532	-3.000126
		51.460852	-2.588139
		51.488224	-3.186893
		51.624837	-3.94495
		50.152266	-5.065556
		50.726024	-3.543949
		55.958426	-3.186893
		55.862982	-4.263554
		54.892406	-2.923222
		54.980766	-1.615849
		53.751959	-0.335941
		53.803895	-1.549931
		53.478239	-2.258549
		52.486125	-1.890507
		51.512161	-0.116215
		51.289406	1.075802
		
c	4 5 0 1 11 12 14 13 2 9 10 8 7 6 3 15	2351.84790142343	0.764815209857657	4	5	0	1	11	12	14	13	2	9	10	8	7	6	3	15		
		53.478239	-2.258549
		53.409532	-3.000126
		52.486125	-1.890507
		51.460852	-2.588139
		51.488224	-3.186893
		51.624837	-3.94495
		50.152266	-5.065556
		50.726024	-3.543949
		51.512161	-0.116215
		55.958426	-3.186893
		55.862982	-4.263554
		54.892406	-2.923222
		54.980766	-1.615849
		53.751959	-0.335941
		53.803895	-1.549931
		51.289406	1.075802
		
c	10 8 7 6 3 5 9 4 0 1 11 12 14 13 2 15	2112.78302489389	0.788721697510612	10	8	7	6	3	5	9	4	0	1	11	12	14	13	2	15		
		55.862982	-4.263554
		54.892406	-2.923222
		54.980766	-1.615849
		53.751959	-0.335941
		53.803895	-1.549931
		53.409532	-3.000126
		55.958426	-3.186893
		53.478239	-2.258549
		52.486125	-1.890507
		51.460852	-2.588139
		51.488224	-3.186893
		51.624837	-3.94495
		50.152266	-5.065556
		50.726024	-3.543949
		51.512161	-0.116215
		51.289406	1.075802
		
c	12 14 13 1 10 9 8 7 3 0 6 4 5 11 2 15	2332.89227152138	0.766710772847862	12	14	13	1	10	9	8	7	3	0	6	4	5	11	2	15		
		51.624837	-3.94495
		50.152266	-5.065556
		50.726024	-3.543949
		51.460852	-2.588139
		55.862982	-4.263554
		55.958426	-3.186893
		54.892406	-2.923222
		54.980766	-1.615849
		53.803895	-1.549931
		52.486125	-1.890507
		53.751959	-0.335941
		53.478239	-2.258549
		53.409532	-3.000126
		51.488224	-3.186893
		51.512161	-0.116215
		51.289406	1.075802
		
c	8 7 3 4 2 10 9 6 5 0 11 12 14 13 1 15	2636.14376749978	0.736385623250022	8	7	3	4	2	10	9	6	5	0	11	12	14	13	1	15		
		54.892406	-2.923222
		54.980766	-1.615849
		53.803895	-1.549931
		53.478239	-2.258549
		51.512161	-0.116215
		55.862982	-4.263554
		55.958426	-3.186893
		53.751959	-0.335941
		53.409532	-3.000126
		52.486125	-1.890507
		51.488224	-3.186893
		51.624837	-3.94495
		50.152266	-5.065556
		50.726024	-3.543949
		51.460852	-2.588139
		51.289406	1.075802
		
c	2 9 10 8 7 3 6 4 0 11 12 14 13 1 5 15	2468.50560167955	0.753149439832045	2	9	10	8	7	3	6	4	0	11	12	14	13	1	5	15		
		51.512161	-0.116215
		55.958426	-3.186893
		55.862982	-4.263554
		54.892406	-2.923222
		54.980766	-1.615849
		53.803895	-1.549931
		53.751959	-0.335941
		53.478239	-2.258549
		52.486125	-1.890507
		51.488224	-3.186893
		51.624837	-3.94495
		50.152266	-5.065556
		50.726024	-3.543949
		51.460852	-2.588139
		53.409532	-3.000126
		51.289406	1.075802
		
c	5 0 11 12 1 14 13 6 10 9 8 7 3 4 2 15	2326.64202152403	0.767335797847597	5	0	11	12	1	14	13	6	10	9	8	7	3	4	2	15		
		53.409532	-3.000126
		52.486125	-1.890507
		51.488224	-3.186893
		51.624837	-3.94495
		51.460852	-2.588139
		50.152266	-5.065556
		50.726024	-3.543949
		53.751959	-0.335941
		55.862982	-4.263554
		55.958426	-3.186893
		54.892406	-2.923222
		54.980766	-1.615849
		53.803895	-1.549931
		53.478239	-2.258549
		51.512161	-0.116215
		51.289406	1.075802
		
c	11 12 14 13 1 5 8 7 6 4 0 10 9 3 2 15	2431.91462328083	0.756808537671917	11	12	14	13	1	5	8	7	6	4	0	10	9	3	2	15		
		51.488224	-3.186893
		51.624837	-3.94495
		50.152266	-5.065556
		50.726024	-3.543949
		51.460852	-2.588139
		53.409532	-3.000126
		54.892406	-2.923222
		54.980766	-1.615849
		53.751959	-0.335941
		53.478239	-2.258549
		52.486125	-1.890507
		55.862982	-4.263554
		55.958426	-3.186893
		53.803895	-1.549931
		51.512161	-0.116215
		51.289406	1.075802
		
c	5 0 1 11 12 14 13 3 4 8 7 2 10 9 6 15	2945.10260359076	0.705489739640924	5	0	1	11	12	14	13	3	4	8	7	2	10	9	6	15		
		53.409532	-3.000126
		52.486125	-1.890507
		51.460852	-2.588139
		51.488224	-3.186893
		51.624837	-3.94495
		50.152266	-5.065556
		50.726024	-3.543949
		53.803895	-1.549931
		53.478239	-2.258549
		54.892406	-2.923222
		54.980766	-1.615849
		51.512161	-0.116215
		55.862982	-4.263554
		55.958426	-3.186893
		53.751959	-0.335941
		51.289406	1.075802
		
c	5 0 1 11 14 13 12 9 10 8 7 2 6 3 4 15	2612.49115928837	0.738750884071163	5	0	1	11	14	13	12	9	10	8	7	2	6	3	4	15		
		53.409532	-3.000126
		52.486125	-1.890507
		51.460852	-2.588139
		51.488224	-3.186893
		50.152266	-5.065556
		50.726024	-3.543949
		51.624837	-3.94495
		55.958426	-3.186893
		55.862982	-4.263554
		54.892406	-2.923222
		54.980766	-1.615849
		51.512161	-0.116215
		53.751959	-0.335941
		53.803895	-1.549931
		53.478239	-2.258549
		51.289406	1.075802
		
c	7 2 10 9 8 3 6 4 5 0 1 11 12 14 13 15	2534.19513615646	0.746580486384354	7	2	10	9	8	3	6	4	5	0	1	11	12	14	13	15		
		54.980766	-1.615849
		51.512161	-0.116215
		55.862982	-4.263554
		55.958426	-3.186893
		54.892406	-2.923222
		53.803895	-1.549931
		53.751959	-0.335941
		53.478239	-2.258549
		53.409532	-3.000126
		52.486125	-1.890507
		51.460852	-2.588139
		51.488224	-3.186893
		51.624837	-3.94495
		50.152266	-5.065556
		50.726024	-3.543949
		51.289406	1.075802
		
c	9 10 8 7 3 6 4 5 0 11 14 13 2 12 1 15	2143.16874345097	0.785683125654903	9	10	8	7	3	6	4	5	0	11	14	13	2	12	1	15		
		55.958426	-3.186893
		55.862982	-4.263554
		54.892406	-2.923222
		54.980766	-1.615849
		53.803895	-1.549931
		53.751959	-0.335941
		53.478239	-2.258549
		53.409532	-3.000126
		52.486125	-1.890507
		51.488224	-3.186893
		50.152266	-5.065556
		50.726024	-3.543949
		51.512161	-0.116215
		51.624837	-3.94495
		51.460852	-2.588139
		51.289406	1.075802
		
c	9 8 14 13 5 1 11 12 10 7 3 6 4 0 2 15	2775.68465319838	0.722431534680162	9	8	14	13	5	1	11	12	10	7	3	6	4	0	2	15		
		55.958426	-3.186893
		54.892406	-2.923222
		50.152266	-5.065556
		50.726024	-3.543949
		53.409532	-3.000126
		51.460852	-2.588139
		51.488224	-3.186893
		51.624837	-3.94495
		55.862982	-4.263554
		54.980766	-1.615849
		53.803895	-1.549931
		53.751959	-0.335941
		53.478239	-2.258549
		52.486125	-1.890507
		51.512161	-0.116215
		51.289406	1.075802
		
c	0 1 11 12 2 10 9 8 3 4 6 7 5 14 13 15	2767.14747518448	0.723285252481552	0	1	11	12	2	10	9	8	3	4	6	7	5	14	13	15		
		52.486125	-1.890507
		51.460852	-2.588139
		51.488224	-3.186893
		51.624837	-3.94495
		51.512161	-0.116215
		55.862982	-4.263554
		55.958426	-3.186893
		54.892406	-2.923222
		53.803895	-1.549931
		53.478239	-2.258549
		53.751959	-0.335941
		54.980766	-1.615849
		53.409532	-3.000126
		50.152266	-5.065556
		50.726024	-3.543949
		51.289406	1.075802
		
c	4 9 10 2 8 7 3 6 5 0 1 11 12 14 13 15	2782.60547722287	0.721739452277713	4	9	10	2	8	7	3	6	5	0	1	11	12	14	13	15		
		53.478239	-2.258549
		55.958426	-3.186893
		55.862982	-4.263554
		51.512161	-0.116215
		54.892406	-2.923222
		54.980766	-1.615849
		53.803895	-1.549931
		53.751959	-0.335941
		53.409532	-3.000126
		52.486125	-1.890507
		51.460852	-2.588139
		51.488224	-3.186893
		51.624837	-3.94495
		50.152266	-5.065556
		50.726024	-3.543949
		51.289406	1.075802
		
c	3 4 12 11 1 14 13 2 9 10 8 7 6 5 0 15	2530.37168390865	0.746962831609135	3	4	12	11	1	14	13	2	9	10	8	7	6	5	0	15		
		53.803895	-1.549931
		53.478239	-2.258549
		51.624837	-3.94495
		51.488224	-3.186893
		51.460852	-2.588139
		50.152266	-5.065556
		50.726024	-3.543949
		51.512161	-0.116215
		55.958426	-3.186893
		55.862982	-4.263554
		54.892406	-2.923222
		54.980766	-1.615849
		53.751959	-0.335941
		53.409532	-3.000126
		52.486125	-1.890507
		51.289406	1.075802
		
c	4 5 0 1 11 12 14 13 2 9 10 8 7 3 6 15	2281.79149123271	0.771820850876729	4	5	0	1	11	12	14	13	2	9	10	8	7	3	6	15		
		53.478239	-2.258549
		53.409532	-3.000126
		52.486125	-1.890507
		51.460852	-2.588139
		51.488224	-3.186893
		51.624837	-3.94495
		50.152266	-5.065556
		50.726024	-3.543949
		51.512161	-0.116215
		55.958426	-3.186893
		55.862982	-4.263554
		54.892406	-2.923222
		54.980766	-1.615849
		53.803895	-1.549931
		53.751959	-0.335941
		51.289406	1.075802
		
c	0 10 9 8 7 6 3 11 12 4 5 14 13 1 2 15	2414.72712355857	0.758527287644143	0	10	9	8	7	6	3	11	12	4	5	14	13	1	2	15		
		52.486125	-1.890507
		55.862982	-4.263554
		55.958426	-3.186893
		54.892406	-2.923222
		54.980766	-1.615849
		53.751959	-0.335941
		53.803895	-1.549931
		51.488224	-3.186893
		51.624837	-3.94495
		53.478239	-2.258549
		53.409532	-3.000126
		50.152266	-5.065556
		50.726024	-3.543949
		51.460852	-2.588139
		51.512161	-0.116215
		51.289406	1.075802
		
c	3 4 5 0 2 10 9 8 7 6 1 11 12 14 13 15	2414.00311524714	0.758599688475286	3	4	5	0	2	10	9	8	7	6	1	11	12	14	13	15		
		53.803895	-1.549931
		53.478239	-2.258549
		53.409532	-3.000126
		52.486125	-1.890507
		51.512161	-0.116215
		55.862982	-4.263554
		55.958426	-3.186893
		54.892406	-2.923222
		54.980766	-1.615849
		53.751959	-0.335941
		51.460852	-2.588139
		51.488224	-3.186893
		51.624837	-3.94495
		50.152266	-5.065556
		50.726024	-3.543949
		51.289406	1.075802
		
c	14 4 5 0 1 11 12 13 6 10 9 8 7 3 2 15	2423.72453864474	0.757627546135526	14	4	5	0	1	11	12	13	6	10	9	8	7	3	2	15		
		50.152266	-5.065556
		53.478239	-2.258549
		53.409532	-3.000126
		52.486125	-1.890507
		51.460852	-2.588139
		51.488224	-3.186893
		51.624837	-3.94495
		50.726024	-3.543949
		53.751959	-0.335941
		55.862982	-4.263554
		55.958426	-3.186893
		54.892406	-2.923222
		54.980766	-1.615849
		53.803895	-1.549931
		51.512161	-0.116215
		51.289406	1.075802
		
c	14 13 1 2 3 6 10 8 7 9 4 0 11 12 5 15	2630.73268354458	0.736926731645542	14	13	1	2	3	6	10	8	7	9	4	0	11	12	5	15		
		50.152266	-5.065556
		50.726024	-3.543949
		51.460852	-2.588139
		51.512161	-0.116215
		53.803895	-1.549931
		53.751959	-0.335941
		55.862982	-4.263554
		54.892406	-2.923222
		54.980766	-1.615849
		55.958426	-3.186893
		53.478239	-2.258549
		52.486125	-1.890507
		51.488224	-3.186893
		51.624837	-3.94495
		53.409532	-3.000126
		51.289406	1.075802
		
c	13 1 5 2 3 10 9 4 8 7 6 0 11 12 14 15	2931.94141122735	0.706805858877265	13	1	5	2	3	10	9	4	8	7	6	0	11	12	14	15		
		50.726024	-3.543949
		51.460852	-2.588139
		53.409532	-3.000126
		51.512161	-0.116215
		53.803895	-1.549931
		55.862982	-4.263554
		55.958426	-3.186893
		53.478239	-2.258549
		54.892406	-2.923222
		54.980766	-1.615849
		53.751959	-0.335941
		52.486125	-1.890507
		51.488224	-3.186893
		51.624837	-3.94495
		50.152266	-5.065556
		51.289406	1.075802
		
c	6 9 10 8 7 3 0 1 11 12 14 4 5 13 2 15	2383.97988748307	0.761602011251693	6	9	10	8	7	3	0	1	11	12	14	4	5	13	2	15		
		53.751959	-0.335941
		55.958426	-3.186893
		55.862982	-4.263554
		54.892406	-2.923222
		54.980766	-1.615849
		53.803895	-1.549931
		52.486125	-1.890507
		51.460852	-2.588139
		51.488224	-3.186893
		51.624837	-3.94495
		50.152266	-5.065556
		53.478239	-2.258549
		53.409532	-3.000126
		50.726024	-3.543949
		51.512161	-0.116215
		51.289406	1.075802
		
c	6 9 10 8 7 3 4 5 0 11 12 14 13 1 2 15	1828.00435335566	0.817199564664434	6	9	10	8	7	3	4	5	0	11	12	14	13	1	2	15		
		53.751959	-0.335941
		55.958426	-3.186893
		55.862982	-4.263554
		54.892406	-2.923222
		54.980766	-1.615849
		53.803895	-1.549931
		53.478239	-2.258549
		53.409532	-3.000126
		52.486125	-1.890507
		51.488224	-3.186893
		51.624837	-3.94495
		50.152266	-5.065556
		50.726024	-3.543949
		51.460852	-2.588139
		51.512161	-0.116215
		51.289406	1.075802
		
c	3 4 14 13 1 2 6 5 0 11 12 7 10 9 8 15	2897.60571692717	0.710239428307283	3	4	14	13	1	2	6	5	0	11	12	7	10	9	8	15		
		53.803895	-1.549931
		53.478239	-2.258549
		50.152266	-5.065556
		50.726024	-3.543949
		51.460852	-2.588139
		51.512161	-0.116215
		53.751959	-0.335941
		53.409532	-3.000126
		52.486125	-1.890507
		51.488224	-3.186893
		51.624837	-3.94495
		54.980766	-1.615849
		55.862982	-4.263554
		55.958426	-3.186893
		54.892406	-2.923222
		51.289406	1.075802
		
c	3 4 10 9 8 7 6 5 0 11 12 14 13 1 2 15	1958.75769748312	0.804124230251688	3	4	10	9	8	7	6	5	0	11	12	14	13	1	2	15		
		53.803895	-1.549931
		53.478239	-2.258549
		55.862982	-4.263554
		55.958426	-3.186893
		54.892406	-2.923222
		54.980766	-1.615849
		53.751959	-0.335941
		53.409532	-3.000126
		52.486125	-1.890507
		51.488224	-3.186893
		51.624837	-3.94495
		50.152266	-5.065556
		50.726024	-3.543949
		51.460852	-2.588139
		51.512161	-0.116215
		51.289406	1.075802
		
g169		1613.67648029291	0.838632351970709	0	10	9	8	7	6	3	4	5	0	11	12	14	13	1	2	15		
		55.862982	-4.263554
		55.958426	-3.186893
		54.892406	-2.923222
		54.980766	-1.615849
		53.751959	-0.335941
		53.803895	-1.549931
		53.478239	-2.258549
		53.409532	-3.000126
		52.486125	-1.890507
		51.488224	-3.186893
		51.624837	-3.94495
		50.152266	-5.065556
		50.726024	-3.543949
		51.460852	-2.588139
		51.512161	-0.116215
		51.289406	1.075802
		
g169		1614.70757855554	0.838529242144446	1	10	9	8	7	6	3	4	5	0	1	11	12	14	13	2	15		
		55.862982	-4.263554
		55.958426	-3.186893
		54.892406	-2.923222
		54.980766	-1.615849
		53.751959	-0.335941
		53.803895	-1.549931
		53.478239	-2.258549
		53.409532	-3.000126
		52.486125	-1.890507
		51.460852	-2.588139
		51.488224	-3.186893
		51.624837	-3.94495
		50.152266	-5.065556
		50.726024	-3.543949
		51.512161	-0.116215
		51.289406	1.075802
		
g169		1631.15131975355	0.836884868024645	2	9	10	8	7	6	3	4	5	0	11	12	14	13	1	2	15		
		55.958426	-3.186893
		55.862982	-4.263554
		54.892406	-2.923222
		54.980766	-1.615849
		53.751959	-0.335941
		53.803895	-1.549931
		53.478239	-2.258549
		53.409532	-3.000126
		52.486125	-1.890507
		51.488224	-3.186893
		51.624837	-3.94495
		50.152266	-5.065556
		50.726024	-3.543949
		51.460852	-2.588139
		51.512161	-0.116215
		51.289406	1.075802
		
g169		1632.18241801618	0.836781758198382	3	9	10	8	7	6	3	4	5	0	1	11	12	14	13	2	15		
		55.958426	-3.186893
		55.862982	-4.263554
		54.892406	-2.923222
		54.980766	-1.615849
		53.751959	-0.335941
		53.803895	-1.549931
		53.478239	-2.258549
		53.409532	-3.000126
		52.486125	-1.890507
		51.460852	-2.588139
		51.488224	-3.186893
		51.624837	-3.94495
		50.152266	-5.065556
		50.726024	-3.543949
		51.512161	-0.116215
		51.289406	1.075802
		
g169		1656.09836620198	0.834390163379802	4	10	9	8	7	3	6	4	5	0	11	12	14	13	1	2	15		
		55.862982	-4.263554
		55.958426	-3.186893
		54.892406	-2.923222
		54.980766	-1.615849
		53.803895	-1.549931
		53.751959	-0.335941
		53.478239	-2.258549
		53.409532	-3.000126
		52.486125	-1.890507
		51.488224	-3.186893
		51.624837	-3.94495
		50.152266	-5.065556
		50.726024	-3.543949
		51.460852	-2.588139
		51.512161	-0.116215
		51.289406	1.075802
		
g169		1657.12946446462	0.834287053553538	5	10	9	8	7	3	6	4	5	0	1	11	12	14	13	2	15		
		55.862982	-4.263554
		55.958426	-3.186893
		54.892406	-2.923222
		54.980766	-1.615849
		53.803895	-1.549931
		53.751959	-0.335941
		53.478239	-2.258549
		53.409532	-3.000126
		52.486125	-1.890507
		51.460852	-2.588139
		51.488224	-3.186893
		51.624837	-3.94495
		50.152266	-5.065556
		50.726024	-3.543949
		51.512161	-0.116215
		51.289406	1.075802
		
