c	3 7 9 10 8 5 4 0 1 11 12 14 13 6 2 15	2074.27715268087	0.792572284731913	3	7	9	10	8	5	4	0	1	11	12	14	13	6	2	15		
		53.803895	-1.549931
		54.980766	-1.615849
		55.958426	-3.186893
		55.862982	-4.263554
		54.892406	-2.923222
		53.409532	-3.000126
		53.478239	-2.258549
		52.486125	-1.890507
		51.460852	-2.588139
		51.488224	-3.186893
		51.624837	-3.94495
		50.152266	-5.065556
		50.726024	-3.543949
		53.751959	-0.335941
		51.512161	-0.116215
		51.289406	1.075802
		
c	13 5 10 9 8 6 3 4 0 1 11 12 14 2 15 7	2549.99716002481	0.745000283997519	13	5	10	9	8	6	3	4	0	1	11	12	14	2	15	7		
		50.726024	-3.543949
		53.409532	-3.000126
		55.862982	-4.263554
		55.958426	-3.186893
		54.892406	-2.923222
		53.751959	-0.335941
		53.803895	-1.549931
		53.478239	-2.258549
		52.486125	-1.890507
		51.460852	-2.588139
		51.488224	-3.186893
		51.624837	-3.94495
		50.152266	-5.065556
		51.512161	-0.116215
		51.289406	1.075802
		54.980766	-1.615849
		
c	9 3 6 7 8 4 5 0 1 11 12 14 13 10 2 15	2666.32015007921	0.733367984992079	9	3	6	7	8	4	5	0	1	11	12	14	13	10	2	15		
		55.958426	-3.186893
		53.803895	-1.549931
		53.751959	-0.335941
		54.980766	-1.615849
		54.892406	-2.923222
		53.478239	-2.258549
		53.409532	-3.000126
		52.486125	-1.890507
		51.460852	-2.588139
		51.488224	-3.186893
		51.624837	-3.94495
		50.152266	-5.065556
		50.726024	-3.543949
		55.862982	-4.263554
		51.512161	-0.116215
		51.289406	1.075802
		
c	8 5 12 14 13 4 3 6 7 10 9 0 1 11 2 15	2418.48142832599	0.758151857167401	8	5	12	14	13	4	3	6	7	10	9	0	1	11	2	15		
		54.892406	-2.923222
		53.409532	-3.000126
		51.624837	-3.94495
		50.152266	-5.065556
		50.726024	-3.543949
		53.478239	-2.258549
		53.803895	-1.549931
		53.751959	-0.335941
		54.980766	-1.615849
		55.862982	-4.263554
		55.958426	-3.186893
		52.486125	-1.890507
		51.460852	-2.588139
		51.488224	-3.186893
		51.512161	-0.116215
		51.289406	1.075802
		
c	11 12 14 13 2 6 15 0 1 4 3 7 9 10 8 5	2454.96236958099	0.754503763041901	11	12	14	13	2	6	15	0	1	4	3	7	9	10	8	5		
		51.488224	-3.186893
		51.624837	-3.94495
		50.152266	-5.065556
		50.726024	-3.543949
		51.512161	-0.116215
		53.751959	-0.335941
		51.289406	1.075802
		52.486125	-1.890507
		51.460852	-2.588139
		53.478239	-2.258549
		53.803895	-1.549931
		54.980766	-1.615849
		55.958426	-3.186893
		55.862982	-4.263554
		54.892406	-2.923222
		53.409532	-3.000126
		
c	9 10 8 5 12 14 4 3 6 7 0 1 11 13 2 15	2348.67016644297	0.765132983355703	9	10	8	5	12	14	4	3	6	7	0	1	11	13	2	15		
		55.958426	-3.186893
		55.862982	-4.263554
		54.892406	-2.923222
		53.409532	-3.000126
		51.624837	-3.94495
		50.152266	-5.065556
		53.478239	-2.258549
		53.803895	-1.549931
		53.751959	-0.335941
		54.980766	-1.615849
		52.486125	-1.890507
		51.460852	-2.588139
		51.488224	-3.186893
		50.726024	-3.543949
		51.512161	-0.116215
		51.289406	1.075802
		
c	10 8 5 11 12 14 13 9 4 3 0 1 2 6 15 7	3231.67470187212	0.676832529812788	10	8	5	11	12	14	13	9	4	3	0	1	2	6	15	7		
		55.862982	-4.263554
		54.892406	-2.923222
		53.409532	-3.000126
		51.488224	-3.186893
		51.624837	-3.94495
		50.152266	-5.065556
		50.726024	-3.543949
		55.958426	-3.186893
		53.478239	-2.258549
		53.803895	-1.549931
		52.486125	-1.890507
		51.460852	-2.588139
		51.512161	-0.116215
		53.751959	-0.335941
		51.289406	1.075802
		54.980766	-1.615849
		
c	9 10 8 0 1 11 12 14 13 2 4 3 6 7 5 15	2383.76123427515	0.761623876572485	9	10	8	0	1	11	12	14	13	2	4	3	6	7	5	15		
		55.958426	-3.186893
		55.862982	-4.263554
		54.892406	-2.923222
		52.486125	-1.890507
		51.460852	-2.588139
		51.488224	-3.186893
		51.624837	-3.94495
		50.152266	-5.065556
		50.726024	-3.543949
		51.512161	-0.116215
		53.478239	-2.258549
		53.803895	-1.549931
		53.751959	-0.335941
		54.980766	-1.615849
		53.409532	-3.000126
		51.289406	1.075802
		
c	12 14 9 10 8 5 4 3 0 1 11 13 2 6 15 7	2962.07184636066	0.703792815363934	12	14	9	10	8	5	4	3	0	1	11	13	2	6	15	7		
		51.624837	-3.94495
		50.152266	-5.065556
		55.958426	-3.186893
		55.862982	-4.263554
		54.892406	-2.923222
		53.409532	-3.000126
		53.478239	-2.258549
		53.803895	-1.549931
		52.486125	-1.890507
		51.460852	-2.588139
		51.488224	-3.186893
		50.726024	-3.543949
		51.512161	-0.116215
		53.751959	-0.335941
		51.289406	1.075802
		54.980766	-1.615849
		
c	9 10 8 5 1 11 12 14 13 2 6 4 3 7 0 15	2337.33453144834	0.766266546855165	9	10	8	5	1	11	12	14	13	2	6	4	3	7	0	15		
		55.958426	-3.186893
		55.862982	-4.263554
		54.892406	-2.923222
		53.409532	-3.000126
		51.460852	-2.588139
		51.488224	-3.186893
		51.624837	-3.94495
		50.152266	-5.065556
		50.726024	-3.543949
		51.512161	-0.116215
		53.751959	-0.335941
		53.478239	-2.258549
		53.803895	-1.549931
		54.980766	-1.615849
		52.486125	-1.890507
		51.289406	1.075802
		
c	9 8 6 7 10 3 4 5 0 1 11 12 14 13 2 15	2074.14373024132	0.792585626975868	9	8	6	7	10	3	4	5	0	1	11	12	14	13	2	15		
		55.958426	-3.186893
		54.892406	-2.923222
		53.751959	-0.335941
		54.980766	-1.615849
		55.862982	-4.263554
		53.803895	-1.549931
		53.478239	-2.258549
		53.409532	-3.000126
		52.486125	-1.890507
		51.460852	-2.588139
		51.488224	-3.186893
		51.624837	-3.94495
		50.152266	-5.065556
		50.726024	-3.543949
		51.512161	-0.116215
		51.289406	1.075802
		
c	15 6 7 9 10 8 5 3 4 0 1 11 12 14 13 2	2025.60573949547	0.797439426050453	15	6	7	9	10	8	5	3	4	0	1	11	12	14	13	2		
		51.289406	1.075802
		53.751959	-0.335941
		54.980766	-1.615849
		55.958426	-3.186893
		55.862982	-4.263554
		54.892406	-2.923222
		53.409532	-3.000126
		53.803895	-1.549931
		53.478239	-2.258549
		52.486125	-1.890507
		51.460852	-2.588139
		51.488224	-3.186893
		51.624837	-3.94495
		50.152266	-5.065556
		50.726024	-3.543949
		51.512161	-0.116215
		
c	9 10 7 8 5 6 3 4 0 1 11 12 14 13 2 15	1810.39749839634	0.818960250160366	9	10	7	8	5	6	3	4	0	1	11	12	14	13	2	15		
		55.958426	-3.186893
		55.862982	-4.263554
		54.980766	-1.615849
		54.892406	-2.923222
		53.409532	-3.000126
		53.751959	-0.335941
		53.803895	-1.549931
		53.478239	-2.258549
		52.486125	-1.890507
		51.460852	-2.588139
		51.488224	-3.186893
		51.624837	-3.94495
		50.152266	-5.065556
		50.726024	-3.543949
		51.512161	-0.116215
		51.289406	1.075802
		
c	1 6 7 9 10 8 5 4 3 0 11 12 14 13 2 15	2075.21057225932	0.792478942774068	1	6	7	9	10	8	5	4	3	0	11	12	14	13	2	15		
		51.460852	-2.588139
		53.751959	-0.335941
		54.980766	-1.615849
		55.958426	-3.186893
		55.862982	-4.263554
		54.892406	-2.923222
		53.409532	-3.000126
		53.478239	-2.258549
		53.803895	-1.549931
		52.486125	-1.890507
		51.488224	-3.186893
		51.624837	-3.94495
		50.152266	-5.065556
		50.726024	-3.543949
		51.512161	-0.116215
		51.289406	1.075802
		
c	9 10 8 5 3 4 6 7 0 1 11 12 14 13 2 15	1970.25183483896	0.802974816516104	9	10	8	5	3	4	6	7	0	1	11	12	14	13	2	15		
		55.958426	-3.186893
		55.862982	-4.263554
		54.892406	-2.923222
		53.409532	-3.000126
		53.803895	-1.549931
		53.478239	-2.258549
		53.751959	-0.335941
		54.980766	-1.615849
		52.486125	-1.890507
		51.460852	-2.588139
		51.488224	-3.186893
		51.624837	-3.94495
		50.152266	-5.065556
		50.726024	-3.543949
		51.512161	-0.116215
		51.289406	1.075802
		
c	5 4 0 1 11 12 14 13 3 6 7 9 10 8 2 15	2155.45837893639	0.784454162106361	5	4	0	1	11	12	14	13	3	6	7	9	10	8	2	15		
		53.409532	-3.000126
		53.478239	-2.258549
		52.486125	-1.890507
		51.460852	-2.588139
		51.488224	-3.186893
		51.624837	-3.94495
		50.152266	-5.065556
		50.726024	-3.543949
		53.803895	-1.549931
		53.751959	-0.335941
		54.980766	-1.615849
		55.958426	-3.186893
		55.862982	-4.263554
		54.892406	-2.923222
		51.512161	-0.116215
		51.289406	1.075802
		
c	3 4 12 14 6 7 9 10 8 5 0 1 11 13 2 15	2389.29667304364	0.761070332695636	3	4	12	14	6	7	9	10	8	5	0	1	11	13	2	15		
		53.803895	-1.549931
		53.478239	-2.258549
		51.624837	-3.94495
		50.152266	-5.065556
		53.751959	-0.335941
		54.980766	-1.615849
		55.958426	-3.186893
		55.862982	-4.263554
		54.892406	-2.923222
		53.409532	-3.000126
		52.486125	-1.890507
		51.460852	-2.588139
		51.488224	-3.186893
		50.726024	-3.543949
		51.512161	-0.116215
		51.289406	1.075802
		
c	7 9 10 8 0 11 12 15 6 3 5 4 1 14 13 2	2531.78639934402	0.746821360065598	7	9	10	8	0	11	12	15	6	3	5	4	1	14	13	2		
		54.980766	-1.615849
		55.958426	-3.186893
		55.862982	-4.263554
		54.892406	-2.923222
		52.486125	-1.890507
		51.488224	-3.186893
		51.624837	-3.94495
		51.289406	1.075802
		53.751959	-0.335941
		53.803895	-1.549931
		53.409532	-3.000126
		53.478239	-2.258549
		51.460852	-2.588139
		50.152266	-5.065556
		50.726024	-3.543949
		51.512161	-0.116215
		
c	14 15 1 11 12 13 3 6 7 9 10 8 4 5 0 2	2367.5675204625	0.76324324795375	14	15	1	11	12	13	3	6	7	9	10	8	4	5	0	2		
		50.152266	-5.065556
		51.289406	1.075802
		51.460852	-2.588139
		51.488224	-3.186893
		51.624837	-3.94495
		50.726024	-3.543949
		53.803895	-1.549931
		53.751959	-0.335941
		54.980766	-1.615849
		55.958426	-3.186893
		55.862982	-4.263554
		54.892406	-2.923222
		53.478239	-2.258549
		53.409532	-3.000126
		52.486125	-1.890507
		51.512161	-0.116215
		
c	8 3 4 5 0 7 9 10 6 1 11 12 14 13 2 15	2263.50397657891	0.773649602342109	8	3	4	5	0	7	9	10	6	1	11	12	14	13	2	15		
		54.892406	-2.923222
		53.803895	-1.549931
		53.478239	-2.258549
		53.409532	-3.000126
		52.486125	-1.890507
		54.980766	-1.615849
		55.958426	-3.186893
		55.862982	-4.263554
		53.751959	-0.335941
		51.460852	-2.588139
		51.488224	-3.186893
		51.624837	-3.94495
		50.152266	-5.065556
		50.726024	-3.543949
		51.512161	-0.116215
		51.289406	1.075802
		
c	6 7 9 10 8 5 1 11 12 14 13 2 3 4 0 15	2240.95856798341	0.775904143201659	6	7	9	10	8	5	1	11	12	14	13	2	3	4	0	15		
		53.751959	-0.335941
		54.980766	-1.615849
		55.958426	-3.186893
		55.862982	-4.263554
		54.892406	-2.923222
		53.409532	-3.000126
		51.460852	-2.588139
		51.488224	-3.186893
		51.624837	-3.94495
		50.152266	-5.065556
		50.726024	-3.543949
		51.512161	-0.116215
		53.803895	-1.549931
		53.478239	-2.258549
		52.486125	-1.890507
		51.289406	1.075802
		
c	4 0 1 11 12 14 13 2 5 3 6 7 9 10 8 15	2360.33967410021	0.763966032589979	4	0	1	11	12	14	13	2	5	3	6	7	9	10	8	15		
		53.478239	-2.258549
		52.486125	-1.890507
		51.460852	-2.588139
		51.488224	-3.186893
		51.624837	-3.94495
		50.152266	-5.065556
		50.726024	-3.543949
		51.512161	-0.116215
		53.409532	-3.000126
		53.803895	-1.549931
		53.751959	-0.335941
		54.980766	-1.615849
		55.958426	-3.186893
		55.862982	-4.263554
		54.892406	-2.923222
		51.289406	1.075802
		
c	13 0 1 11 12 14 5 4 3 6 7 9 10 8 2 15	2223.77114599408	0.777622885400592	13	0	1	11	12	14	5	4	3	6	7	9	10	8	2	15		
		50.726024	-3.543949
		52.486125	-1.890507
		51.460852	-2.588139
		51.488224	-3.186893
		51.624837	-3.94495
		50.152266	-5.065556
		53.409532	-3.000126
		53.478239	-2.258549
		53.803895	-1.549931
		53.751959	-0.335941
		54.980766	-1.615849
		55.958426	-3.186893
		55.862982	-4.263554
		54.892406	-2.923222
		51.512161	-0.116215
		51.289406	1.075802
		
c	1 11 0 2 4 3 6 7 9 10 8 5 12 14 13 15	2269.26472138465	0.773073527861535	1	11	0	2	4	3	6	7	9	10	8	5	12	14	13	15		
		51.460852	-2.588139
		51.488224	-3.186893
		52.486125	-1.890507
		51.512161	-0.116215
		53.478239	-2.258549
		53.803895	-1.549931
		53.751959	-0.335941
		54.980766	-1.615849
		55.958426	-3.186893
		55.862982	-4.263554
		54.892406	-2.923222
		53.409532	-3.000126
		51.624837	-3.94495
		50.152266	-5.065556
		50.726024	-3.543949
		51.289406	1.075802
		
c	4 3 6 7 9 10 8 2 5 0 1 11 12 14 13 15	2340.82966589044	0.765917033410956	4	3	6	7	9	10	8	2	5	0	1	11	12	14	13	15		
		53.478239	-2.258549
		53.803895	-1.549931
		53.751959	-0.335941
		54.980766	-1.615849
		55.958426	-3.186893
		55.862982	-4.263554
		54.892406	-2.923222
		51.512161	-0.116215
		53.409532	-3.000126
		52.486125	-1.890507
		51.460852	-2.588139
		51.488224	-3.186893
		51.624837	-3.94495
		50.152266	-5.065556
		50.726024	-3.543949
		51.289406	1.075802
		
c	10 12 5 4 3 6 7 9 8 0 1 11 14 13 2 15	2401.74047033439	0.759825952966561	10	12	5	4	3	6	7	9	8	0	1	11	14	13	2	15		
		55.862982	-4.263554
		51.624837	-3.94495
		53.409532	-3.000126
		53.478239	-2.258549
		53.803895	-1.549931
		53.751959	-0.335941
		54.980766	-1.615849
		55.958426	-3.186893
		54.892406	-2.923222
		52.486125	-1.890507
		51.460852	-2.588139
		51.488224	-3.186893
		50.152266	-5.065556
		50.726024	-3.543949
		51.512161	-0.116215
		51.289406	1.075802
		
c	10 9 8 4 2 1 11 12 3 0 13 6 7 14 5 15	3444.94409190403	0.655505590809597	10	9	8	4	2	1	11	12	3	0	13	6	7	14	5	15		
		55.862982	-4.263554
		55.958426	-3.186893
		54.892406	-2.923222
		53.478239	-2.258549
		51.512161	-0.116215
		51.460852	-2.588139
		51.488224	-3.186893
		51.624837	-3.94495
		53.803895	-1.549931
		52.486125	-1.890507
		50.726024	-3.543949
		53.751959	-0.335941
		54.980766	-1.615849
		50.152266	-5.065556
		53.409532	-3.000126
		51.289406	1.075802
		
c	4 9 10 8 5 0 1 11 12 14 13 2 3 6 7 15	2520.5565539893	0.74794434460107	4	9	10	8	5	0	1	11	12	14	13	2	3	6	7	15		
		53.478239	-2.258549
		55.958426	-3.186893
		55.862982	-4.263554
		54.892406	-2.923222
		53.409532	-3.000126
		52.486125	-1.890507
		51.460852	-2.588139
		51.488224	-3.186893
		51.624837	-3.94495
		50.152266	-5.065556
		50.726024	-3.543949
		51.512161	-0.116215
		53.803895	-1.549931
		53.751959	-0.335941
		54.980766	-1.615849
		51.289406	1.075802
		
c	9 10 8 4 5 3 6 7 14 15 1 11 12 0 13 2	2800.80354457677	0.719919645542323	9	10	8	4	5	3	6	7	14	15	1	11	12	0	13	2		
		55.958426	-3.186893
		55.862982	-4.263554
		54.892406	-2.923222
		53.478239	-2.258549
		53.409532	-3.000126
		53.803895	-1.549931
		53.751959	-0.335941
		54.980766	-1.615849
		50.152266	-5.065556
		51.289406	1.075802
		51.460852	-2.588139
		51.488224	-3.186893
		51.624837	-3.94495
		52.486125	-1.890507
		50.726024	-3.543949
		51.512161	-0.116215
		
c	8 6 7 10 3 9 5 4 0 1 11 12 14 13 2 15	2426.73088059173	0.757326911940827	8	6	7	10	3	9	5	4	0	1	11	12	14	13	2	15		
		54.892406	-2.923222
		53.751959	-0.335941
		54.980766	-1.615849
		55.862982	-4.263554
		53.803895	-1.549931
		55.958426	-3.186893
		53.409532	-3.000126
		53.478239	-2.258549
		52.486125	-1.890507
		51.460852	-2.588139
		51.488224	-3.186893
		51.624837	-3.94495
		50.152266	-5.065556
		50.726024	-3.543949
		51.512161	-0.116215
		51.289406	1.075802
		
c	11 0 7 10 6 9 8 3 4 5 1 12 14 13 2 15	2604.26090122688	0.739573909877312	11	0	7	10	6	9	8	3	4	5	1	12	14	13	2	15		
		51.488224	-3.186893
		52.486125	-1.890507
		54.980766	-1.615849
		55.862982	-4.263554
		53.751959	-0.335941
		55.958426	-3.186893
		54.892406	-2.923222
		53.803895	-1.549931
		53.478239	-2.258549
		53.409532	-3.000126
		51.460852	-2.588139
		51.624837	-3.94495
		50.152266	-5.065556
		50.726024	-3.543949
		51.512161	-0.116215
		51.289406	1.075802
		
c	5 6 3 7 9 10 8 4 0 1 11 12 14 13 2 15	1886.73530680286	0.811326469319714	5	6	3	7	9	10	8	4	0	1	11	12	14	13	2	15		
		53.409532	-3.000126
		53.751959	-0.335941
		53.803895	-1.549931
		54.980766	-1.615849
		55.958426	-3.186893
		55.862982	-4.263554
		54.892406	-2.923222
		53.478239	-2.258549
		52.486125	-1.890507
		51.460852	-2.588139
		51.488224	-3.186893
		51.624837	-3.94495
		50.152266	-5.065556
		50.726024	-3.543949
		51.512161	-0.116215
		51.289406	1.075802
		
c	5 14 13 1 4 3 6 7 9 10 8 0 11 12 2 15	2320.17559597895	0.767982440402105	5	14	13	1	4	3	6	7	9	10	8	0	11	12	2	15		
		53.409532	-3.000126
		50.152266	-5.065556
		50.726024	-3.543949
		51.460852	-2.588139
		53.478239	-2.258549
		53.803895	-1.549931
		53.751959	-0.335941
		54.980766	-1.615849
		55.958426	-3.186893
		55.862982	-4.263554
		54.892406	-2.923222
		52.486125	-1.890507
		51.488224	-3.186893
		51.624837	-3.94495
		51.512161	-0.116215
		51.289406	1.075802
		
c	5 1 11 12 14 13 2 3 4 6 7 9 10 8 0 15	2369.43742833105	0.763056257166895	5	1	11	12	14	13	2	3	4	6	7	9	10	8	0	15		
		53.409532	-3.000126
		51.460852	-2.588139
		51.488224	-3.186893
		51.624837	-3.94495
		50.152266	-5.065556
		50.726024	-3.543949
		51.512161	-0.116215
		53.803895	-1.549931
		53.478239	-2.258549
		53.751959	-0.335941
		54.980766	-1.615849
		55.958426	-3.186893
		55.862982	-4.263554
		54.892406	-2.923222
		52.486125	-1.890507
		51.289406	1.075802
		
c	3 4 1 11 12 14 13 2 6 7 10 9 8 5 0 15	2267.81142843214	0.773218857156786	3	4	1	11	12	14	13	2	6	7	10	9	8	5	0	15		
		53.803895	-1.549931
		53.478239	-2.258549
		51.460852	-2.588139
		51.488224	-3.186893
		51.624837	-3.94495
		50.152266	-5.065556
		50.726024	-3.543949
		51.512161	-0.116215
		53.751959	-0.335941
		54.980766	-1.615849
		55.862982	-4.263554
		55.958426	-3.186893
		54.892406	-2.923222
		53.409532	-3.000126
		52.486125	-1.890507
		51.289406	1.075802
		
c	13 15 6 7 9 10 8 5 3 4 0 1 11 12 14 2	2353.831032249	0.7646168967751	13	15	6	7	9	10	8	5	3	4	0	1	11	12	14	2		
		50.726024	-3.543949
		51.289406	1.075802
		53.751959	-0.335941
		54.980766	-1.615849
		55.958426	-3.186893
		55.862982	-4.263554
		54.892406	-2.923222
		53.409532	-3.000126
		53.803895	-1.549931
		53.478239	-2.258549
		52.486125	-1.890507
		51.460852	-2.588139
		51.488224	-3.186893
		51.624837	-3.94495
		50.152266	-5.065556
		51.512161	-0.116215
		
c	0 1 11 12 14 13 3 6 7 9 10 8 5 4 2 15	2049.99671369756	0.795000328630244	0	1	11	12	14	13	3	6	7	9	10	8	5	4	2	15		
		52.486125	-1.890507
		51.460852	-2.588139
		51.488224	-3.186893
		51.624837	-3.94495
		50.152266	-5.065556
		50.726024	-3.543949
		53.803895	-1.549931
		53.751959	-0.335941
		54.980766	-1.615849
		55.958426	-3.186893
		55.862982	-4.263554
		54.892406	-2.923222
		53.409532	-3.000126
		53.478239	-2.258549
		51.512161	-0.116215
		51.289406	1.075802
		
c	6 7 8 9 10 3 4 5 0 1 11 12 14 13 2 15	1822.1322815651	0.81778677184349	6	7	8	9	10	3	4	5	0	1	11	12	14	13	2	15		
		53.751959	-0.335941
		54.980766	-1.615849
		54.892406	-2.923222
		55.958426	-3.186893
		55.862982	-4.263554
		53.803895	-1.549931
		53.478239	-2.258549
		53.409532	-3.000126
		52.486125	-1.890507
		51.460852	-2.588139
		51.488224	-3.186893
		51.624837	-3.94495
		50.152266	-5.065556
		50.726024	-3.543949
		51.512161	-0.116215
		51.289406	1.075802
		
c	11 14 13 6 3 7 9 10 8 5 0 4 1 12 2 15	2365.03361642565	0.763496638357435	11	14	13	6	3	7	9	10	8	5	0	4	1	12	2	15		
		51.488224	-3.186893
		50.152266	-5.065556
		50.726024	-3.543949
		53.751959	-0.335941
		53.803895	-1.549931
		54.980766	-1.615849
		55.958426	-3.186893
		55.862982	-4.263554
		54.892406	-2.923222
		53.409532	-3.000126
		52.486125	-1.890507
		53.478239	-2.258549
		51.460852	-2.588139
		51.624837	-3.94495
		51.512161	-0.116215
		51.289406	1.075802
		
c	10 8 7 9 5 4 13 3 11 12 14 6 0 1 2 15	2975.3618173022	0.70246381826978	10	8	7	9	5	4	13	3	11	12	14	6	0	1	2	15		
		55.862982	-4.263554
		54.892406	-2.923222
		54.980766	-1.615849
		55.958426	-3.186893
		53.409532	-3.000126
		53.478239	-2.258549
		50.726024	-3.543949
		53.803895	-1.549931
		51.488224	-3.186893
		51.624837	-3.94495
		50.152266	-5.065556
		53.751959	-0.335941
		52.486125	-1.890507
		51.460852	-2.588139
		51.512161	-0.116215
		51.289406	1.075802
		
c	15 7 12 14 4 3 6 9 10 8 5 0 1 11 13 2	2900.40358847029	0.709959641152971	15	7	12	14	4	3	6	9	10	8	5	0	1	11	13	2		
		51.289406	1.075802
		54.980766	-1.615849
		51.624837	-3.94495
		50.152266	-5.065556
		53.478239	-2.258549
		53.803895	-1.549931
		53.751959	-0.335941
		55.958426	-3.186893
		55.862982	-4.263554
		54.892406	-2.923222
		53.409532	-3.000126
		52.486125	-1.890507
		51.460852	-2.588139
		51.488224	-3.186893
		50.726024	-3.543949
		51.512161	-0.116215
		
c	9 8 5 10 7 6 3 4 0 1 11 12 14 13 2 15	2042.6105670392	0.79573894329608	9	8	5	10	7	6	3	4	0	1	11	12	14	13	2	15		
		55.958426	-3.186893
		54.892406	-2.923222
		53.409532	-3.000126
		55.862982	-4.263554
		54.980766	-1.615849
		53.751959	-0.335941
		53.803895	-1.549931
		53.478239	-2.258549
		52.486125	-1.890507
		51.460852	-2.588139
		51.488224	-3.186893
		51.624837	-3.94495
		50.152266	-5.065556
		50.726024	-3.543949
		51.512161	-0.116215
		51.289406	1.075802
		
c	7 10 9 5 6 8 3 4 0 1 11 12 14 13 2 15	2125.57742401186	0.787442257598814	7	10	9	5	6	8	3	4	0	1	11	12	14	13	2	15		
		54.980766	-1.615849
		55.862982	-4.263554
		55.958426	-3.186893
		53.409532	-3.000126
		53.751959	-0.335941
		54.892406	-2.923222
		53.803895	-1.549931
		53.478239	-2.258549
		52.486125	-1.890507
		51.460852	-2.588139
		51.488224	-3.186893
		51.624837	-3.94495
		50.152266	-5.065556
		50.726024	-3.543949
		51.512161	-0.116215
		51.289406	1.075802
		
c	9 10 3 7 8 5 4 0 1 11 12 14 13 6 2 15	2161.55137770428	0.783844862229572	9	10	3	7	8	5	4	0	1	11	12	14	13	6	2	15		
		55.958426	-3.186893
		55.862982	-4.263554
		53.803895	-1.549931
		54.980766	-1.615849
		54.892406	-2.923222
		53.409532	-3.000126
		53.478239	-2.258549
		52.486125	-1.890507
		51.460852	-2.588139
		51.488224	-3.186893
		51.624837	-3.94495
		50.152266	-5.065556
		50.726024	-3.543949
		53.751959	-0.335941
		51.512161	-0.116215
		51.289406	1.075802
		
c	4 0 1 11 6 3 7 9 10 8 5 2 15 12 14 13	2353.52923191303	0.764647076808697	4	0	1	11	6	3	7	9	10	8	5	2	15	12	14	13		
		53.478239	-2.258549
		52.486125	-1.890507
		51.460852	-2.588139
		51.488224	-3.186893
		53.751959	-0.335941
		53.803895	-1.549931
		54.980766	-1.615849
		55.958426	-3.186893
		55.862982	-4.263554
		54.892406	-2.923222
		53.409532	-3.000126
		51.512161	-0.116215
		51.289406	1.075802
		51.624837	-3.94495
		50.152266	-5.065556
		50.726024	-3.543949
		
c	13 9 10 6 7 8 5 11 0 3 4 1 12 14 2 15	2934.59387020578	0.706540612979422	13	9	10	6	7	8	5	11	0	3	4	1	12	14	2	15		
		50.726024	-3.543949
		55.958426	-3.186893
		55.862982	-4.263554
		53.751959	-0.335941
		54.980766	-1.615849
		54.892406	-2.923222
		53.409532	-3.000126
		51.488224	-3.186893
		52.486125	-1.890507
		53.803895	-1.549931
		53.478239	-2.258549
		51.460852	-2.588139
		51.624837	-3.94495
		50.152266	-5.065556
		51.512161	-0.116215
		51.289406	1.075802
		
c	0 2 6 7 9 10 8 5 4 3 1 11 12 14 13 15	2199.9261597605	0.78000738402395	0	2	6	7	9	10	8	5	4	3	1	11	12	14	13	15		
		52.486125	-1.890507
		51.512161	-0.116215
		53.751959	-0.335941
		54.980766	-1.615849
		55.958426	-3.186893
		55.862982	-4.263554
		54.892406	-2.923222
		53.409532	-3.000126
		53.478239	-2.258549
		53.803895	-1.549931
		51.460852	-2.588139
		51.488224	-3.186893
		51.624837	-3.94495
		50.152266	-5.065556
		50.726024	-3.543949
		51.289406	1.075802
		
c	8 5 0 1 11 12 14 9 10 7 6 3 4 13 2 15	2570.69973711835	0.742930026288165	8	5	0	1	11	12	14	9	10	7	6	3	4	13	2	15		
		54.892406	-2.923222
		53.409532	-3.000126
		52.486125	-1.890507
		51.460852	-2.588139
		51.488224	-3.186893
		51.624837	-3.94495
		50.152266	-5.065556
		55.958426	-3.186893
		55.862982	-4.263554
		54.980766	-1.615849
		53.751959	-0.335941
		53.803895	-1.549931
		53.478239	-2.258549
		50.726024	-3.543949
		51.512161	-0.116215
		51.289406	1.075802
		
c	0 1 11 12 14 13 2 4 3 6 7 9 10 8 5 15	2223.15884627428	0.777684115372572	0	1	11	12	14	13	2	4	3	6	7	9	10	8	5	15		
		52.486125	-1.890507
		51.460852	-2.588139
		51.488224	-3.186893
		51.624837	-3.94495
		50.152266	-5.065556
		50.726024	-3.543949
		51.512161	-0.116215
		53.478239	-2.258549
		53.803895	-1.549931
		53.751959	-0.335941
		54.980766	-1.615849
		55.958426	-3.186893
		55.862982	-4.263554
		54.892406	-2.923222
		53.409532	-3.000126
		51.289406	1.075802
		
c	0 3 6 7 10 9 8 4 5 1 11 12 14 13 2 15	1944.71260599429	0.805528739400571	0	3	6	7	10	9	8	4	5	1	11	12	14	13	2	15		
		52.486125	-1.890507
		53.803895	-1.549931
		53.751959	-0.335941
		54.980766	-1.615849
		55.862982	-4.263554
		55.958426	-3.186893
		54.892406	-2.923222
		53.478239	-2.258549
		53.409532	-3.000126
		51.460852	-2.588139
		51.488224	-3.186893
		51.624837	-3.94495
		50.152266	-5.065556
		50.726024	-3.543949
		51.512161	-0.116215
		51.289406	1.075802
		
c	5 6 3 1 11 12 14 13 7 9 10 8 4 0 2 15	2300.4646745003	0.76995353254997	5	6	3	1	11	12	14	13	7	9	10	8	4	0	2	15		
		53.409532	-3.000126
		53.751959	-0.335941
		53.803895	-1.549931
		51.460852	-2.588139
		51.488224	-3.186893
		51.624837	-3.94495
		50.152266	-5.065556
		50.726024	-3.543949
		54.980766	-1.615849
		55.958426	-3.186893
		55.862982	-4.263554
		54.892406	-2.923222
		53.478239	-2.258549
		52.486125	-1.890507
		51.512161	-0.116215
		51.289406	1.075802
		
c	8 4 5 0 1 11 12 14 13 6 7 9 10 2 3 15	2801.04668863749	0.719895331136251	8	4	5	0	1	11	12	14	13	6	7	9	10	2	3	15		
		54.892406	-2.923222
		53.478239	-2.258549
		53.409532	-3.000126
		52.486125	-1.890507
		51.460852	-2.588139
		51.488224	-3.186893
		51.624837	-3.94495
		50.152266	-5.065556
		50.726024	-3.543949
		53.751959	-0.335941
		54.980766	-1.615849
		55.958426	-3.186893
		55.862982	-4.263554
		51.512161	-0.116215
		53.803895	-1.549931
		51.289406	1.075802
		
c	0 1 11 2 4 3 6 7 10 9 8 5 12 14 13 15	2329.82593340505	0.767017406659495	0	1	11	2	4	3	6	7	10	9	8	5	12	14	13	15		
		52.486125	-1.890507
		51.460852	-2.588139
		51.488224	-3.186893
		51.512161	-0.116215
		53.478239	-2.258549
		53.803895	-1.549931
		53.751959	-0.335941
		54.980766	-1.615849
		55.862982	-4.263554
		55.958426	-3.186893
		54.892406	-2.923222
		53.409532	-3.000126
		51.624837	-3.94495
		50.152266	-5.065556
		50.726024	-3.543949
		51.289406	1.075802
		
c	14 13 8 5 3 4 0 1 11 6 7 9 10 12 2 15	2712.46075205806	0.728753924794194	14	13	8	5	3	4	0	1	11	6	7	9	10	12	2	15		
		50.152266	-5.065556
		50.726024	-3.543949
		54.892406	-2.923222
		53.409532	-3.000126
		53.803895	-1.549931
		53.478239	-2.258549
		52.486125	-1.890507
		51.460852	-2.588139
		51.488224	-3.186893
		53.751959	-0.335941
		54.980766	-1.615849
		55.958426	-3.186893
		55.862982	-4.263554
		51.624837	-3.94495
		51.512161	-0.116215
		51.289406	1.075802
		
c	6 7 9 10 8 5 3 4 0 1 11 12 14 13 2 15	1821.93638973953	0.817806361026047	6	7	9	10	8	5	3	4	0	1	11	12	14	13	2	15		
		53.751959	-0.335941
		54.980766	-1.615849
		55.958426	-3.186893
		55.862982	-4.263554
		54.892406	-2.923222
		53.409532	-3.000126
		53.803895	-1.549931
		53.478239	-2.258549
		52.486125	-1.890507
		51.460852	-2.588139
		51.488224	-3.186893
		51.624837	-3.94495
		50.152266	-5.065556
		50.726024	-3.543949
		51.512161	-0.116215
		51.289406	1.075802
		
c	5 6 3 4 0 7 10 9 8 1 11 12 14 13 2 15	2217.62967997856	0.778237032002144	5	6	3	4	0	7	10	9	8	1	11	12	14	13	2	15		
		53.409532	-3.000126
		53.751959	-0.335941
		53.803895	-1.549931
		53.478239	-2.258549
		52.486125	-1.890507
		54.980766	-1.615849
		55.862982	-4.263554
		55.958426	-3.186893
		54.892406	-2.923222
		51.460852	-2.588139
		51.488224	-3.186893
		51.624837	-3.94495
		50.152266	-5.065556
		50.726024	-3.543949
		51.512161	-0.116215
		51.289406	1.075802
		
c	11 12 3 6 7 10 9 4 5 13 2 8 0 1 14 15	3230.87417374034	0.676912582625966	11	12	3	6	7	10	9	4	5	13	2	8	0	1	14	15		
		51.488224	-3.186893
		51.624837	-3.94495
		53.803895	-1.549931
		53.751959	-0.335941
		54.980766	-1.615849
		55.862982	-4.263554
		55.958426	-3.186893
		53.478239	-2.258549
		53.409532	-3.000126
		50.726024	-3.543949
		51.512161	-0.116215
		54.892406	-2.923222
		52.486125	-1.890507
		51.460852	-2.588139
		50.152266	-5.065556
		51.289406	1.075802
		
c	5 0 1 11 4 3 6 12 2 15 7 9 10 8 14 13	2823.37417204227	0.717662582795773	5	0	1	11	4	3	6	12	2	15	7	9	10	8	14	13		
		53.409532	-3.000126
		52.486125	-1.890507
		51.460852	-2.588139
		51.488224	-3.186893
		53.478239	-2.258549
		53.803895	-1.549931
		53.751959	-0.335941
		51.624837	-3.94495
		51.512161	-0.116215
		51.289406	1.075802
		54.980766	-1.615849
		55.958426	-3.186893
		55.862982	-4.263554
		54.892406	-2.923222
		50.152266	-5.065556
		50.726024	-3.543949
		
c	10 8 6 3 7 9 5 0 1 11 4 2 15 12 14 13	2516.37354096054	0.748362645903946	10	8	6	3	7	9	5	0	1	11	4	2	15	12	14	13		
		55.862982	-4.263554
		54.892406	-2.923222
		53.751959	-0.335941
		53.803895	-1.549931
		54.980766	-1.615849
		55.958426	-3.186893
		53.409532	-3.000126
		52.486125	-1.890507
		51.460852	-2.588139
		51.488224	-3.186893
		53.478239	-2.258549
		51.512161	-0.116215
		51.289406	1.075802
		51.624837	-3.94495
		50.152266	-5.065556
		50.726024	-3.543949
		
c	3 4 0 1 11 12 14 13 2 15 10 9 8 5 6 7	2350.50939578396	0.764949060421604	3	4	0	1	11	12	14	13	2	15	10	9	8	5	6	7		
		53.803895	-1.549931
		53.478239	-2.258549
		52.486125	-1.890507
		51.460852	-2.588139
		51.488224	-3.186893
		51.624837	-3.94495
		50.152266	-5.065556
		50.726024	-3.543949
		51.512161	-0.116215
		51.289406	1.075802
		55.862982	-4.263554
		55.958426	-3.186893
		54.892406	-2.923222
		53.409532	-3.000126
		53.751959	-0.335941
		54.980766	-1.615849
		
c	9 10 12 14 13 5 4 3 6 7 8 0 1 11 2 15	2320.03368949558	0.767996631050442	9	10	12	14	13	5	4	3	6	7	8	0	1	11	2	15		
		55.958426	-3.186893
		55.862982	-4.263554
		51.624837	-3.94495
		50.152266	-5.065556
		50.726024	-3.543949
		53.409532	-3.000126
		53.478239	-2.258549
		53.803895	-1.549931
		53.751959	-0.335941
		54.980766	-1.615849
		54.892406	-2.923222
		52.486125	-1.890507
		51.460852	-2.588139
		51.488224	-3.186893
		51.512161	-0.116215
		51.289406	1.075802
		
c	5 4 3 6 7 9 10 8 0 1 11 12 14 13 2 15	1844.43579025575	0.815556420974425	5	4	3	6	7	9	10	8	0	1	11	12	14	13	2	15		
		53.409532	-3.000126
		53.478239	-2.258549
		53.803895	-1.549931
		53.751959	-0.335941
		54.980766	-1.615849
		55.958426	-3.186893
		55.862982	-4.263554
		54.892406	-2.923222
		52.486125	-1.890507
		51.460852	-2.588139
		51.488224	-3.186893
		51.624837	-3.94495
		50.152266	-5.065556
		50.726024	-3.543949
		51.512161	-0.116215
		51.289406	1.075802
		
c	9 10 8 5 14 13 2 7 1 11 12 3 6 4 0 15	2887.88214837656	0.711211785162344	9	10	8	5	14	13	2	7	1	11	12	3	6	4	0	15		
		55.958426	-3.186893
		55.862982	-4.263554
		54.892406	-2.923222
		53.409532	-3.000126
		50.152266	-5.065556
		50.726024	-3.543949
		51.512161	-0.116215
		54.980766	-1.615849
		51.460852	-2.588139
		51.488224	-3.186893
		51.624837	-3.94495
		53.803895	-1.549931
		53.751959	-0.335941
		53.478239	-2.258549
		52.486125	-1.890507
		51.289406	1.075802
		
c	13 3 6 7 9 10 8 5 4 0 1 11 12 14 2 15	2154.43990603423	0.784556009396577	13	3	6	7	9	10	8	5	4	0	1	11	12	14	2	15		
		50.726024	-3.543949
		53.803895	-1.549931
		53.751959	-0.335941
		54.980766	-1.615849
		55.958426	-3.186893
		55.862982	-4.263554
		54.892406	-2.923222
		53.409532	-3.000126
		53.478239	-2.258549
		52.486125	-1.890507
		51.460852	-2.588139
		51.488224	-3.186893
		51.624837	-3.94495
		50.152266	-5.065556
		51.512161	-0.116215
		51.289406	1.075802
		
c	7 10 9 8 5 0 1 11 12 14 13 3 6 4 2 15	2126.86984736638	0.787313015263362	7	10	9	8	5	0	1	11	12	14	13	3	6	4	2	15		
		54.980766	-1.615849
		55.862982	-4.263554
		55.958426	-3.186893
		54.892406	-2.923222
		53.409532	-3.000126
		52.486125	-1.890507
		51.460852	-2.588139
		51.488224	-3.186893
		51.624837	-3.94495
		50.152266	-5.065556
		50.726024	-3.543949
		53.803895	-1.549931
		53.751959	-0.335941
		53.478239	-2.258549
		51.512161	-0.116215
		51.289406	1.075802
		
c	13 6 3 7 9 10 8 5 0 1 11 4 2 15 12 14	2531.13480066348	0.746886519933652	13	6	3	7	9	10	8	5	0	1	11	4	2	15	12	14		
		50.726024	-3.543949
		53.751959	-0.335941
		53.803895	-1.549931
		54.980766	-1.615849
		55.958426	-3.186893
		55.862982	-4.263554
		54.892406	-2.923222
		53.409532	-3.000126
		52.486125	-1.890507
		51.460852	-2.588139
		51.488224	-3.186893
		53.478239	-2.258549
		51.512161	-0.116215
		51.289406	1.075802
		51.624837	-3.94495
		50.152266	-5.065556
		
c	8 0 14 13 2 15 3 4 5 1 6 7 9 10 11 12	2958.91108023778	0.704108891976222	8	0	14	13	2	15	3	4	5	1	6	7	9	10	11	12		
		54.892406	-2.923222
		52.486125	-1.890507
		50.152266	-5.065556
		50.726024	-3.543949
		51.512161	-0.116215
		51.289406	1.075802
		53.803895	-1.549931
		53.478239	-2.258549
		53.409532	-3.000126
		51.460852	-2.588139
		53.751959	-0.335941
		54.980766	-1.615849
		55.958426	-3.186893
		55.862982	-4.263554
		51.488224	-3.186893
		51.624837	-3.94495
		
c	9 8 5 4 0 1 11 14 13 6 3 7 10 2 15 12	2733.65044435974	0.726634955564026	9	8	5	4	0	1	11	14	13	6	3	7	10	2	15	12		
		55.958426	-3.186893
		54.892406	-2.923222
		53.409532	-3.000126
		53.478239	-2.258549
		52.486125	-1.890507
		51.460852	-2.588139
		51.488224	-3.186893
		50.152266	-5.065556
		50.726024	-3.543949
		53.751959	-0.335941
		53.803895	-1.549931
		54.980766	-1.615849
		55.862982	-4.263554
		51.512161	-0.116215
		51.289406	1.075802
		51.624837	-3.94495
		
c	5 6 7 2 4 3 10 9 8 0 1 11 12 14 13 15	2666.44030508411	0.733355969491589	5	6	7	2	4	3	10	9	8	0	1	11	12	14	13	15		
		53.409532	-3.000126
		53.751959	-0.335941
		54.980766	-1.615849
		51.512161	-0.116215
		53.478239	-2.258549
		53.803895	-1.549931
		55.862982	-4.263554
		55.958426	-3.186893
		54.892406	-2.923222
		52.486125	-1.890507
		51.460852	-2.588139
		51.488224	-3.186893
		51.624837	-3.94495
		50.152266	-5.065556
		50.726024	-3.543949
		51.289406	1.075802
		
c	13 2 15 6 11 12 14 3 7 9 10 8 4 5 0 1	2602.1780590655	0.73978219409345	13	2	15	6	11	12	14	3	7	9	10	8	4	5	0	1		
		50.726024	-3.543949
		51.512161	-0.116215
		51.289406	1.075802
		53.751959	-0.335941
		51.488224	-3.186893
		51.624837	-3.94495
		50.152266	-5.065556
		53.803895	-1.549931
		54.980766	-1.615849
		55.958426	-3.186893
		55.862982	-4.263554
		54.892406	-2.923222
		53.478239	-2.258549
		53.409532	-3.000126
		52.486125	-1.890507
		51.460852	-2.588139
		
c	0 1 8 14 11 12 3 6 7 10 9 4 5 13 2 15	3071.7536910006	0.69282463089994	0	1	8	14	11	12	3	6	7	10	9	4	5	13	2	15		
		52.486125	-1.890507
		51.460852	-2.588139
		54.892406	-2.923222
		50.152266	-5.065556
		51.488224	-3.186893
		51.624837	-3.94495
		53.803895	-1.549931
		53.751959	-0.335941
		54.980766	-1.615849
		55.862982	-4.263554
		55.958426	-3.186893
		53.478239	-2.258549
		53.409532	-3.000126
		50.726024	-3.543949
		51.512161	-0.116215
		51.289406	1.075802
		
c	4 5 12 14 13 3 6 7 9 10 8 0 1 11 2 15	2265.2485260181	0.77347514739819	4	5	12	14	13	3	6	7	9	10	8	0	1	11	2	15		
		53.478239	-2.258549
		53.409532	-3.000126
		51.624837	-3.94495
		50.152266	-5.065556
		50.726024	-3.543949
		53.803895	-1.549931
		53.751959	-0.335941
		54.980766	-1.615849
		55.958426	-3.186893
		55.862982	-4.263554
		54.892406	-2.923222
		52.486125	-1.890507
		51.460852	-2.588139
		51.488224	-3.186893
		51.512161	-0.116215
		51.289406	1.075802
		
c	10 7 9 8 5 6 3 4 0 1 11 12 14 13 2 15	1925.11433963128	0.807488566036872	10	7	9	8	5	6	3	4	0	1	11	12	14	13	2	15		
		55.862982	-4.263554
		54.980766	-1.615849
		55.958426	-3.186893
		54.892406	-2.923222
		53.409532	-3.000126
		53.751959	-0.335941
		53.803895	-1.549931
		53.478239	-2.258549
		52.486125	-1.890507
		51.460852	-2.588139
		51.488224	-3.186893
		51.624837	-3.94495
		50.152266	-5.065556
		50.726024	-3.543949
		51.512161	-0.116215
		51.289406	1.075802
		
c	10 5 4 0 1 11 12 14 13 3 6 7 9 8 2 15	2354.70687712147	0.764529312287853	10	5	4	0	1	11	12	14	13	3	6	7	9	8	2	15		
		55.862982	-4.263554
		53.409532	-3.000126
		53.478239	-2.258549
		52.486125	-1.890507
		51.460852	-2.588139
		51.488224	-3.186893
		51.624837	-3.94495
		50.152266	-5.065556
		50.726024	-3.543949
		53.803895	-1.549931
		53.751959	-0.335941
		54.980766	-1.615849
		55.958426	-3.186893
		54.892406	-2.923222
		51.512161	-0.116215
		51.289406	1.075802
		
c	6 9 8 4 5 0 2 1 11 12 3 7 10 14 13 15	2902.4728497386	0.70975271502614	6	9	8	4	5	0	2	1	11	12	3	7	10	14	13	15		
		53.751959	-0.335941
		55.958426	-3.186893
		54.892406	-2.923222
		53.478239	-2.258549
		53.409532	-3.000126
		52.486125	-1.890507
		51.512161	-0.116215
		51.460852	-2.588139
		51.488224	-3.186893
		51.624837	-3.94495
		53.803895	-1.549931
		54.980766	-1.615849
		55.862982	-4.263554
		50.152266	-5.065556
		50.726024	-3.543949
		51.289406	1.075802
		
c	10 8 5 3 4 6 7 0 1 11 12 14 13 2 15 9	2492.44946479032	0.750755053520968	10	8	5	3	4	6	7	0	1	11	12	14	13	2	15	9		
		55.862982	-4.263554
		54.892406	-2.923222
		53.409532	-3.000126
		53.803895	-1.549931
		53.478239	-2.258549
		53.751959	-0.335941
		54.980766	-1.615849
		52.486125	-1.890507
		51.460852	-2.588139
		51.488224	-3.186893
		51.624837	-3.94495
		50.152266	-5.065556
		50.726024	-3.543949
		51.512161	-0.116215
		51.289406	1.075802
		55.958426	-3.186893
		
c	3 6 7 10 9 5 8 4 0 1 11 12 14 13 2 15	2093.84858381477	0.790615141618523	3	6	7	10	9	5	8	4	0	1	11	12	14	13	2	15		
		53.803895	-1.549931
		53.751959	-0.335941
		54.980766	-1.615849
		55.862982	-4.263554
		55.958426	-3.186893
		53.409532	-3.000126
		54.892406	-2.923222
		53.478239	-2.258549
		52.486125	-1.890507
		51.460852	-2.588139
		51.488224	-3.186893
		51.624837	-3.94495
		50.152266	-5.065556
		50.726024	-3.543949
		51.512161	-0.116215
		51.289406	1.075802
		
c	11 5 4 3 6 12 0 2 15 7 9 10 8 1 14 13	2695.44934953029	0.730455065046971	11	5	4	3	6	12	0	2	15	7	9	10	8	1	14	13		
		51.488224	-3.186893
		53.409532	-3.000126
		53.478239	-2.258549
		53.803895	-1.549931
		53.751959	-0.335941
		51.624837	-3.94495
		52.486125	-1.890507
		51.512161	-0.116215
		51.289406	1.075802
		54.980766	-1.615849
		55.958426	-3.186893
		55.862982	-4.263554
		54.892406	-2.923222
		51.460852	-2.588139
		50.152266	-5.065556
		50.726024	-3.543949
		
c	2 4 3 6 7 10 9 8 5 0 1 11 12 14 13 15	2090.11252025549	0.790988747974451	2	4	3	6	7	10	9	8	5	0	1	11	12	14	13	15		
		51.512161	-0.116215
		53.478239	-2.258549
		53.803895	-1.549931
		53.751959	-0.335941
		54.980766	-1.615849
		55.862982	-4.263554
		55.958426	-3.186893
		54.892406	-2.923222
		53.409532	-3.000126
		52.486125	-1.890507
		51.460852	-2.588139
		51.488224	-3.186893
		51.624837	-3.94495
		50.152266	-5.065556
		50.726024	-3.543949
		51.289406	1.075802
		
c	4 3 6 7 10 9 8 5 0 1 11 12 14 13 2 15	1839.6150761142	0.81603849238858	4	3	6	7	10	9	8	5	0	1	11	12	14	13	2	15		
		53.478239	-2.258549
		53.803895	-1.549931
		53.751959	-0.335941
		54.980766	-1.615849
		55.862982	-4.263554
		55.958426	-3.186893
		54.892406	-2.923222
		53.409532	-3.000126
		52.486125	-1.890507
		51.460852	-2.588139
		51.488224	-3.186893
		51.624837	-3.94495
		50.152266	-5.065556
		50.726024	-3.543949
		51.512161	-0.116215
		51.289406	1.075802
		
c	11 12 10 9 8 5 6 3 4 0 1 14 13 2 15 7	2575.58519686561	0.742441480313439	11	12	10	9	8	5	6	3	4	0	1	14	13	2	15	7		
		51.488224	-3.186893
		51.624837	-3.94495
		55.862982	-4.263554
		55.958426	-3.186893
		54.892406	-2.923222
		53.409532	-3.000126
		53.751959	-0.335941
		53.803895	-1.549931
		53.478239	-2.258549
		52.486125	-1.890507
		51.460852	-2.588139
		50.152266	-5.065556
		50.726024	-3.543949
		51.512161	-0.116215
		51.289406	1.075802
		54.980766	-1.615849
		
c	12 14 13 3 6 7 9 10 0 1 11 2 4 8 5 15	2867.34917816413	0.713265082183587	12	14	13	3	6	7	9	10	0	1	11	2	4	8	5	15		
		51.624837	-3.94495
		50.152266	-5.065556
		50.726024	-3.543949
		53.803895	-1.549931
		53.751959	-0.335941
		54.980766	-1.615849
		55.958426	-3.186893
		55.862982	-4.263554
		52.486125	-1.890507
		51.460852	-2.588139
		51.488224	-3.186893
		51.512161	-0.116215
		53.478239	-2.258549
		54.892406	-2.923222
		53.409532	-3.000126
		51.289406	1.075802
		
c	12 14 15 6 3 7 10 9 8 5 4 0 1 11 13 2	2350.10980362118	0.764989019637882	12	14	15	6	3	7	10	9	8	5	4	0	1	11	13	2		
		51.624837	-3.94495
		50.152266	-5.065556
		51.289406	1.075802
		53.751959	-0.335941
		53.803895	-1.549931
		54.980766	-1.615849
		55.862982	-4.263554
		55.958426	-3.186893
		54.892406	-2.923222
		53.409532	-3.000126
		53.478239	-2.258549
		52.486125	-1.890507
		51.460852	-2.588139
		51.488224	-3.186893
		50.726024	-3.543949
		51.512161	-0.116215
		
c	11 12 13 15 6 3 7 10 9 8 5 4 0 1 14 2	2426.92985945273	0.757307014054727	11	12	13	15	6	3	7	10	9	8	5	4	0	1	14	2		
		51.488224	-3.186893
		51.624837	-3.94495
		50.726024	-3.543949
		51.289406	1.075802
		53.751959	-0.335941
		53.803895	-1.549931
		54.980766	-1.615849
		55.862982	-4.263554
		55.958426	-3.186893
		54.892406	-2.923222
		53.409532	-3.000126
		53.478239	-2.258549
		52.486125	-1.890507
		51.460852	-2.588139
		50.152266	-5.065556
		51.512161	-0.116215
		
c	1 11 0 12 14 13 5 4 3 6 7 9 10 8 2 15	2168.0172861871	0.78319827138129	1	11	0	12	14	13	5	4	3	6	7	9	10	8	2	15		
		51.460852	-2.588139
		51.488224	-3.186893
		52.486125	-1.890507
		51.624837	-3.94495
		50.152266	-5.065556
		50.726024	-3.543949
		53.409532	-3.000126
		53.478239	-2.258549
		53.803895	-1.549931
		53.751959	-0.335941
		54.980766	-1.615849
		55.958426	-3.186893
		55.862982	-4.263554
		54.892406	-2.923222
		51.512161	-0.116215
		51.289406	1.075802
		
c	8 5 4 3 11 12 14 13 1 6 7 9 10 0 2 15	2347.31808473091	0.765268191526909	8	5	4	3	11	12	14	13	1	6	7	9	10	0	2	15		
		54.892406	-2.923222
		53.409532	-3.000126
		53.478239	-2.258549
		53.803895	-1.549931
		51.488224	-3.186893
		51.624837	-3.94495
		50.152266	-5.065556
		50.726024	-3.543949
		51.460852	-2.588139
		53.751959	-0.335941
		54.980766	-1.615849
		55.958426	-3.186893
		55.862982	-4.263554
		52.486125	-1.890507
		51.512161	-0.116215
		51.289406	1.075802
		
c	3 7 9 10 8 15 6 5 4 0 1 11 12 14 13 2	2378.35404794932	0.762164595205068	3	7	9	10	8	15	6	5	4	0	1	11	12	14	13	2		
		53.803895	-1.549931
		54.980766	-1.615849
		55.958426	-3.186893
		55.862982	-4.263554
		54.892406	-2.923222
		51.289406	1.075802
		53.751959	-0.335941
		53.409532	-3.000126
		53.478239	-2.258549
		52.486125	-1.890507
		51.460852	-2.588139
		51.488224	-3.186893
		51.624837	-3.94495
		50.152266	-5.065556
		50.726024	-3.543949
		51.512161	-0.116215
		
c	13 3 6 7 9 10 8 4 0 1 5 11 12 14 2 15	2493.76513365066	0.750623486634934	13	3	6	7	9	10	8	4	0	1	5	11	12	14	2	15		
		50.726024	-3.543949
		53.803895	-1.549931
		53.751959	-0.335941
		54.980766	-1.615849
		55.958426	-3.186893
		55.862982	-4.263554
		54.892406	-2.923222
		53.478239	-2.258549
		52.486125	-1.890507
		51.460852	-2.588139
		53.409532	-3.000126
		51.488224	-3.186893
		51.624837	-3.94495
		50.152266	-5.065556
		51.512161	-0.116215
		51.289406	1.075802
		
c	1 13 15 6 7 9 3 10 8 0 14 2 5 4 11 12	3334.95110530996	0.666504889469004	1	13	15	6	7	9	3	10	8	0	14	2	5	4	11	12		
		51.460852	-2.588139
		50.726024	-3.543949
		51.289406	1.075802
		53.751959	-0.335941
		54.980766	-1.615849
		55.958426	-3.186893
		53.803895	-1.549931
		55.862982	-4.263554
		54.892406	-2.923222
		52.486125	-1.890507
		50.152266	-5.065556
		51.512161	-0.116215
		53.409532	-3.000126
		53.478239	-2.258549
		51.488224	-3.186893
		51.624837	-3.94495
		
c	6 3 7 9 10 8 5 0 1 11 4 2 15 12 14 13	2255.29581320838	0.774470418679162	6	3	7	9	10	8	5	0	1	11	4	2	15	12	14	13		
		53.751959	-0.335941
		53.803895	-1.549931
		54.980766	-1.615849
		55.958426	-3.186893
		55.862982	-4.263554
		54.892406	-2.923222
		53.409532	-3.000126
		52.486125	-1.890507
		51.460852	-2.588139
		51.488224	-3.186893
		53.478239	-2.258549
		51.512161	-0.116215
		51.289406	1.075802
		51.624837	-3.94495
		50.152266	-5.065556
		50.726024	-3.543949
		
c	4 5 0 7 9 14 13 3 6 15 10 8 1 11 12 2	3621.28141817792	0.637871858182208	4	5	0	7	9	14	13	3	6	15	10	8	1	11	12	2		
		53.478239	-2.258549
		53.409532	-3.000126
		52.486125	-1.890507
		54.980766	-1.615849
		55.958426	-3.186893
		50.152266	-5.065556
		50.726024	-3.543949
		53.803895	-1.549931
		53.751959	-0.335941
		51.289406	1.075802
		55.862982	-4.263554
		54.892406	-2.923222
		51.460852	-2.588139
		51.488224	-3.186893
		51.624837	-3.94495
		51.512161	-0.116215
		
c	12 6 4 3 7 9 10 8 5 0 1 11 14 13 2 15	2133.65325996272	0.786634674003728	12	6	4	3	7	9	10	8	5	0	1	11	14	13	2	15		
		51.624837	-3.94495
		53.751959	-0.335941
		53.478239	-2.258549
		53.803895	-1.549931
		54.980766	-1.615849
		55.958426	-3.186893
		55.862982	-4.263554
		54.892406	-2.923222
		53.409532	-3.000126
		52.486125	-1.890507
		51.460852	-2.588139
		51.488224	-3.186893
		50.152266	-5.065556
		50.726024	-3.543949
		51.512161	-0.116215
		51.289406	1.075802
		
c	5 4 3 6 7 8 0 9 10 1 11 12 14 13 2 15	2417.61832101986	0.758238167898014	5	4	3	6	7	8	0	9	10	1	11	12	14	13	2	15		
		53.409532	-3.000126
		53.478239	-2.258549
		53.803895	-1.549931
		53.751959	-0.335941
		54.980766	-1.615849
		54.892406	-2.923222
		52.486125	-1.890507
		55.958426	-3.186893
		55.862982	-4.263554
		51.460852	-2.588139
		51.488224	-3.186893
		51.624837	-3.94495
		50.152266	-5.065556
		50.726024	-3.543949
		51.512161	-0.116215
		51.289406	1.075802
		
c	5 6 3 9 10 8 7 4 0 1 11 12 14 13 2 15	1963.41876980288	0.803658123019712	5	6	3	9	10	8	7	4	0	1	11	12	14	13	2	15		
		53.409532	-3.000126
		53.751959	-0.335941
		53.803895	-1.549931
		55.958426	-3.186893
		55.862982	-4.263554
		54.892406	-2.923222
		54.980766	-1.615849
		53.478239	-2.258549
		52.486125	-1.890507
		51.460852	-2.588139
		51.488224	-3.186893
		51.624837	-3.94495
		50.152266	-5.065556
		50.726024	-3.543949
		51.512161	-0.116215
		51.289406	1.075802
		
g68		1758.37881581719	0.824162118418281	0	6	3	7	9	10	8	5	4	0	1	11	12	14	13	2	15		
		53.751959	-0.335941
		53.803895	-1.549931
		54.980766	-1.615849
		55.958426	-3.186893
		55.862982	-4.263554
		54.892406	-2.923222
		53.409532	-3.000126
		53.478239	-2.258549
		52.486125	-1.890507
		51.460852	-2.588139
		51.488224	-3.186893
		51.624837	-3.94495
		50.152266	-5.065556
		50.726024	-3.543949
		51.512161	-0.116215
		51.289406	1.075802
		
g68		1785.41447966156	0.821458552033844	1	9	10	8	7	5	6	3	4	0	1	11	12	14	13	2	15		
		55.958426	-3.186893
		55.862982	-4.263554
		54.892406	-2.923222
		54.980766	-1.615849
		53.409532	-3.000126
		53.751959	-0.335941
		53.803895	-1.549931
		53.478239	-2.258549
		52.486125	-1.890507
		51.460852	-2.588139
		51.488224	-3.186893
		51.624837	-3.94495
		50.152266	-5.065556
		50.726024	-3.543949
		51.512161	-0.116215
		51.289406	1.075802
		
g68		1794.61235065558	0.820538764934442	2	6	7	10	9	8	3	4	5	0	1	11	12	14	13	2	15		
		53.751959	-0.335941
		54.980766	-1.615849
		55.862982	-4.263554
		55.958426	-3.186893
		54.892406	-2.923222
		53.803895	-1.549931
		53.478239	-2.258549
		53.409532	-3.000126
		52.486125	-1.890507
		51.460852	-2.588139
		51.488224	-3.186893
		51.624837	-3.94495
		50.152266	-5.065556
		50.726024	-3.543949
		51.512161	-0.116215
		51.289406	1.075802
		
g68		1799.11680105574	0.820088319894426	3	3	6	7	9	10	8	4	5	0	1	11	12	14	13	2	15		
		53.803895	-1.549931
		53.751959	-0.335941
		54.980766	-1.615849
		55.958426	-3.186893
		55.862982	-4.263554
		54.892406	-2.923222
		53.478239	-2.258549
		53.409532	-3.000126
		52.486125	-1.890507
		51.460852	-2.588139
		51.488224	-3.186893
		51.624837	-3.94495
		50.152266	-5.065556
		50.726024	-3.543949
		51.512161	-0.116215
		51.289406	1.075802
		
g68		1801.63983787112	0.819836016212888	4	6	7	9	10	8	5	4	3	0	1	11	12	14	13	2	15		
		53.751959	-0.335941
		54.980766	-1.615849
		55.958426	-3.186893
		55.862982	-4.263554
		54.892406	-2.923222
		53.409532	-3.000126
		53.478239	-2.258549
		53.803895	-1.549931
		52.486125	-1.890507
		51.460852	-2.588139
		51.488224	-3.186893
		51.624837	-3.94495
		50.152266	-5.065556
		50.726024	-3.543949
		51.512161	-0.116215
		51.289406	1.075802
		
g68		1810.39557088752	0.818960442911248	5	4	3	6	7	9	10	8	5	0	1	11	12	14	13	2	15		
		53.478239	-2.258549
		53.803895	-1.549931
		53.751959	-0.335941
		54.980766	-1.615849
		55.958426	-3.186893
		55.862982	-4.263554
		54.892406	-2.923222
		53.409532	-3.000126
		52.486125	-1.890507
		51.460852	-2.588139
		51.488224	-3.186893
		51.624837	-3.94495
		50.152266	-5.065556
		50.726024	-3.543949
		51.512161	-0.116215
		51.289406	1.075802
		
