c	8 7 10 5 0 1 6 9 3 4 11 12 14 13 2 15	2668.24316897143	0.733175683102857	8	7	10	5	0	1	6	9	3	4	11	12	14	13	2	15		
		54.892406	-2.923222
		54.980766	-1.615849
		55.862982	-4.263554
		53.409532	-3.000126
		52.486125	-1.890507
		51.460852	-2.588139
		53.751959	-0.335941
		55.958426	-3.186893
		53.803895	-1.549931
		53.478239	-2.258549
		51.488224	-3.186893
		51.624837	-3.94495
		50.152266	-5.065556
		50.726024	-3.543949
		51.512161	-0.116215
		51.289406	1.075802
		
c	14 13 1 10 9 8 3 6 7 4 5 0 11 12 2 15	2206.7006800952	0.77932993199048	14	13	1	10	9	8	3	6	7	4	5	0	11	12	2	15		
		50.152266	-5.065556
		50.726024	-3.543949
		51.460852	-2.588139
		55.862982	-4.263554
		55.958426	-3.186893
		54.892406	-2.923222
		53.803895	-1.549931
		53.751959	-0.335941
		54.980766	-1.615849
		53.478239	-2.258549
		53.409532	-3.000126
		52.486125	-1.890507
		51.488224	-3.186893
		51.624837	-3.94495
		51.512161	-0.116215
		51.289406	1.075802
		
c	6 3 5 0 1 11 12 14 2 4 9 10 13 7 8 15	3333.77334083588	0.666622665916412	6	3	5	0	1	11	12	14	2	4	9	10	13	7	8	15		
		53.751959	-0.335941
		53.803895	-1.549931
		53.409532	-3.000126
		52.486125	-1.890507
		51.460852	-2.588139
		51.488224	-3.186893
		51.624837	-3.94495
		50.152266	-5.065556
		51.512161	-0.116215
		53.478239	-2.258549
		55.958426	-3.186893
		55.862982	-4.263554
		50.726024	-3.543949
		54.980766	-1.615849
		54.892406	-2.923222
		51.289406	1.075802
		
c	7 6 3 4 5 0 11 12 14 13 1 10 9 8 2 15	2279.80487502646	0.772019512497354	7	6	3	4	5	0	11	12	14	13	1	10	9	8	2	15		
		54.980766	-1.615849
		53.751959	-0.335941
		53.803895	-1.549931
		53.478239	-2.258549
		53.409532	-3.000126
		52.486125	-1.890507
		51.488224	-3.186893
		51.624837	-3.94495
		50.152266	-5.065556
		50.726024	-3.543949
		51.460852	-2.588139
		55.862982	-4.263554
		55.958426	-3.186893
		54.892406	-2.923222
		51.512161	-0.116215
		51.289406	1.075802
		
c	10 5 12 14 13 1 11 2 6 7 3 0 4 9 8 15	2844.35310354079	0.715564689645921	10	5	12	14	13	1	11	2	6	7	3	0	4	9	8	15		
		55.862982	-4.263554
		53.409532	-3.000126
		51.624837	-3.94495
		50.152266	-5.065556
		50.726024	-3.543949
		51.460852	-2.588139
		51.488224	-3.186893
		51.512161	-0.116215
		53.751959	-0.335941
		54.980766	-1.615849
		53.803895	-1.549931
		52.486125	-1.890507
		53.478239	-2.258549
		55.958426	-3.186893
		54.892406	-2.923222
		51.289406	1.075802
		
c	10 9 8 7 4 6 3 5 0 1 11 12 14 13 2 15	1753.95235976335	0.824604764023665	10	9	8	7	4	6	3	5	0	1	11	12	14	13	2	15		
		55.862982	-4.263554
		55.958426	-3.186893
		54.892406	-2.923222
		54.980766	-1.615849
		53.478239	-2.258549
		53.751959	-0.335941
		53.803895	-1.549931
		53.409532	-3.000126
		52.486125	-1.890507
		51.460852	-2.588139
		51.488224	-3.186893
		51.624837	-3.94495
		50.152266	-5.065556
		50.726024	-3.543949
		51.512161	-0.116215
		51.289406	1.075802
		
c	14 4 5 10 9 8 7 6 3 0 11 12 13 1 2 15	2074.73387293931	0.79252661270607	14	4	5	10	9	8	7	6	3	0	11	12	13	1	2	15		
		50.152266	-5.065556
		53.478239	-2.258549
		53.409532	-3.000126
		55.862982	-4.263554
		55.958426	-3.186893
		54.892406	-2.923222
		54.980766	-1.615849
		53.751959	-0.335941
		53.803895	-1.549931
		52.486125	-1.890507
		51.488224	-3.186893
		51.624837	-3.94495
		50.726024	-3.543949
		51.460852	-2.588139
		51.512161	-0.116215
		51.289406	1.075802
		
c	14 10 9 8 3 5 7 4 6 0 1 11 12 13 2 15	2418.92804427327	0.758107195572673	14	10	9	8	3	5	7	4	6	0	1	11	12	13	2	15		
		50.152266	-5.065556
		55.862982	-4.263554
		55.958426	-3.186893
		54.892406	-2.923222
		53.803895	-1.549931
		53.409532	-3.000126
		54.980766	-1.615849
		53.478239	-2.258549
		53.751959	-0.335941
		52.486125	-1.890507
		51.460852	-2.588139
		51.488224	-3.186893
		51.624837	-3.94495
		50.726024	-3.543949
		51.512161	-0.116215
		51.289406	1.075802
		
c	5 0 1 10 9 8 7 6 3 4 11 12 14 13 2 15	2255.20161560654	0.774479838439346	5	0	1	10	9	8	7	6	3	4	11	12	14	13	2	15		
		53.409532	-3.000126
		52.486125	-1.890507
		51.460852	-2.588139
		55.862982	-4.263554
		55.958426	-3.186893
		54.892406	-2.923222
		54.980766	-1.615849
		53.751959	-0.335941
		53.803895	-1.549931
		53.478239	-2.258549
		51.488224	-3.186893
		51.624837	-3.94495
		50.152266	-5.065556
		50.726024	-3.543949
		51.512161	-0.116215
		51.289406	1.075802
		
c	9 8 7 3 4 5 6 10 0 11 12 14 13 1 2 15	2240.07948636812	0.775992051363188	9	8	7	3	4	5	6	10	0	11	12	14	13	1	2	15		
		55.958426	-3.186893
		54.892406	-2.923222
		54.980766	-1.615849
		53.803895	-1.549931
		53.478239	-2.258549
		53.409532	-3.000126
		53.751959	-0.335941
		55.862982	-4.263554
		52.486125	-1.890507
		51.488224	-3.186893
		51.624837	-3.94495
		50.152266	-5.065556
		50.726024	-3.543949
		51.460852	-2.588139
		51.512161	-0.116215
		51.289406	1.075802
		
c	12 14 13 1 2 7 6 10 9 8 3 4 5 0 11 15	2497.96400698735	0.750203599301265	12	14	13	1	2	7	6	10	9	8	3	4	5	0	11	15		
		51.624837	-3.94495
		50.152266	-5.065556
		50.726024	-3.543949
		51.460852	-2.588139
		51.512161	-0.116215
		54.980766	-1.615849
		53.751959	-0.335941
		55.862982	-4.263554
		55.958426	-3.186893
		54.892406	-2.923222
		53.803895	-1.549931
		53.478239	-2.258549
		53.409532	-3.000126
		52.486125	-1.890507
		51.488224	-3.186893
		51.289406	1.075802
		
c	5 0 11 12 14 1 13 9 10 8 7 6 3 4 2 15	2356.4630347792	0.76435369652208	5	0	11	12	14	1	13	9	10	8	7	6	3	4	2	15		
		53.409532	-3.000126
		52.486125	-1.890507
		51.488224	-3.186893
		51.624837	-3.94495
		50.152266	-5.065556
		51.460852	-2.588139
		50.726024	-3.543949
		55.958426	-3.186893
		55.862982	-4.263554
		54.892406	-2.923222
		54.980766	-1.615849
		53.751959	-0.335941
		53.803895	-1.549931
		53.478239	-2.258549
		51.512161	-0.116215
		51.289406	1.075802
		
c	13 1 14 10 9 8 7 6 3 4 5 11 12 2 0 15	2529.33239245068	0.747066760754932	13	1	14	10	9	8	7	6	3	4	5	11	12	2	0	15		
		50.726024	-3.543949
		51.460852	-2.588139
		50.152266	-5.065556
		55.862982	-4.263554
		55.958426	-3.186893
		54.892406	-2.923222
		54.980766	-1.615849
		53.751959	-0.335941
		53.803895	-1.549931
		53.478239	-2.258549
		53.409532	-3.000126
		51.488224	-3.186893
		51.624837	-3.94495
		51.512161	-0.116215
		52.486125	-1.890507
		51.289406	1.075802
		
c	3 4 1 11 12 14 13 9 6 10 8 7 5 0 2 15	2713.23903011647	0.728676096988353	3	4	1	11	12	14	13	9	6	10	8	7	5	0	2	15		
		53.803895	-1.549931
		53.478239	-2.258549
		51.460852	-2.588139
		51.488224	-3.186893
		51.624837	-3.94495
		50.152266	-5.065556
		50.726024	-3.543949
		55.958426	-3.186893
		53.751959	-0.335941
		55.862982	-4.263554
		54.892406	-2.923222
		54.980766	-1.615849
		53.409532	-3.000126
		52.486125	-1.890507
		51.512161	-0.116215
		51.289406	1.075802
		
c	7 10 9 8 3 4 5 0 11 12 14 13 1 6 2 15	2008.67726721647	0.799132273278353	7	10	9	8	3	4	5	0	11	12	14	13	1	6	2	15		
		54.980766	-1.615849
		55.862982	-4.263554
		55.958426	-3.186893
		54.892406	-2.923222
		53.803895	-1.549931
		53.478239	-2.258549
		53.409532	-3.000126
		52.486125	-1.890507
		51.488224	-3.186893
		51.624837	-3.94495
		50.152266	-5.065556
		50.726024	-3.543949
		51.460852	-2.588139
		53.751959	-0.335941
		51.512161	-0.116215
		51.289406	1.075802
		
c	9 8 3 4 6 5 0 11 12 14 13 1 10 7 2 15	2555.34375175076	0.744465624824925	9	8	3	4	6	5	0	11	12	14	13	1	10	7	2	15		
		55.958426	-3.186893
		54.892406	-2.923222
		53.803895	-1.549931
		53.478239	-2.258549
		53.751959	-0.335941
		53.409532	-3.000126
		52.486125	-1.890507
		51.488224	-3.186893
		51.624837	-3.94495
		50.152266	-5.065556
		50.726024	-3.543949
		51.460852	-2.588139
		55.862982	-4.263554
		54.980766	-1.615849
		51.512161	-0.116215
		51.289406	1.075802
		
c	14 13 5 7 6 3 4 0 2 1 11 12 10 9 8 15	2605.18406157274	0.739481593842726	14	13	5	7	6	3	4	0	2	1	11	12	10	9	8	15		
		50.152266	-5.065556
		50.726024	-3.543949
		53.409532	-3.000126
		54.980766	-1.615849
		53.751959	-0.335941
		53.803895	-1.549931
		53.478239	-2.258549
		52.486125	-1.890507
		51.512161	-0.116215
		51.460852	-2.588139
		51.488224	-3.186893
		51.624837	-3.94495
		55.862982	-4.263554
		55.958426	-3.186893
		54.892406	-2.923222
		51.289406	1.075802
		
c	10 8 7 6 5 0 11 12 14 13 1 9 3 4 2 15	2467.64772197393	0.753235227802607	10	8	7	6	5	0	11	12	14	13	1	9	3	4	2	15		
		55.862982	-4.263554
		54.892406	-2.923222
		54.980766	-1.615849
		53.751959	-0.335941
		53.409532	-3.000126
		52.486125	-1.890507
		51.488224	-3.186893
		51.624837	-3.94495
		50.152266	-5.065556
		50.726024	-3.543949
		51.460852	-2.588139
		55.958426	-3.186893
		53.803895	-1.549931
		53.478239	-2.258549
		51.512161	-0.116215
		51.289406	1.075802
		
c	9 8 7 3 4 5 0 11 12 14 6 10 1 13 2 15	2755.72671639758	0.724427328360242	9	8	7	3	4	5	0	11	12	14	6	10	1	13	2	15		
		55.958426	-3.186893
		54.892406	-2.923222
		54.980766	-1.615849
		53.803895	-1.549931
		53.478239	-2.258549
		53.409532	-3.000126
		52.486125	-1.890507
		51.488224	-3.186893
		51.624837	-3.94495
		50.152266	-5.065556
		53.751959	-0.335941
		55.862982	-4.263554
		51.460852	-2.588139
		50.726024	-3.543949
		51.512161	-0.116215
		51.289406	1.075802
		
c	6 0 3 5 10 9 8 7 4 1 11 12 14 13 2 15	2126.39776728652	0.787360223271348	6	0	3	5	10	9	8	7	4	1	11	12	14	13	2	15		
		53.751959	-0.335941
		52.486125	-1.890507
		53.803895	-1.549931
		53.409532	-3.000126
		55.862982	-4.263554
		55.958426	-3.186893
		54.892406	-2.923222
		54.980766	-1.615849
		53.478239	-2.258549
		51.460852	-2.588139
		51.488224	-3.186893
		51.624837	-3.94495
		50.152266	-5.065556
		50.726024	-3.543949
		51.512161	-0.116215
		51.289406	1.075802
		
c	1 2 10 9 8 7 3 6 4 5 0 11 12 14 13 15	2348.76813790751	0.765123186209249	1	2	10	9	8	7	3	6	4	5	0	11	12	14	13	15		
		51.460852	-2.588139
		51.512161	-0.116215
		55.862982	-4.263554
		55.958426	-3.186893
		54.892406	-2.923222
		54.980766	-1.615849
		53.803895	-1.549931
		53.751959	-0.335941
		53.478239	-2.258549
		53.409532	-3.000126
		52.486125	-1.890507
		51.488224	-3.186893
		51.624837	-3.94495
		50.152266	-5.065556
		50.726024	-3.543949
		51.289406	1.075802
		
c	3 6 5 0 1 11 12 13 14 10 9 8 7 4 2 15	2265.27734056461	0.773472265943539	3	6	5	0	1	11	12	13	14	10	9	8	7	4	2	15		
		53.803895	-1.549931
		53.751959	-0.335941
		53.409532	-3.000126
		52.486125	-1.890507
		51.460852	-2.588139
		51.488224	-3.186893
		51.624837	-3.94495
		50.726024	-3.543949
		50.152266	-5.065556
		55.862982	-4.263554
		55.958426	-3.186893
		54.892406	-2.923222
		54.980766	-1.615849
		53.478239	-2.258549
		51.512161	-0.116215
		51.289406	1.075802
		
c	1 2 14 4 5 10 9 8 7 6 3 0 11 12 13 15	2591.04496038769	0.740895503961231	1	2	14	4	5	10	9	8	7	6	3	0	11	12	13	15		
		51.460852	-2.588139
		51.512161	-0.116215
		50.152266	-5.065556
		53.478239	-2.258549
		53.409532	-3.000126
		55.862982	-4.263554
		55.958426	-3.186893
		54.892406	-2.923222
		54.980766	-1.615849
		53.751959	-0.335941
		53.803895	-1.549931
		52.486125	-1.890507
		51.488224	-3.186893
		51.624837	-3.94495
		50.726024	-3.543949
		51.289406	1.075802
		
c	7 6 3 4 11 12 14 13 5 0 1 10 9 8 2 15	2636.83747224571	0.736316252775429	7	6	3	4	11	12	14	13	5	0	1	10	9	8	2	15		
		54.980766	-1.615849
		53.751959	-0.335941
		53.803895	-1.549931
		53.478239	-2.258549
		51.488224	-3.186893
		51.624837	-3.94495
		50.152266	-5.065556
		50.726024	-3.543949
		53.409532	-3.000126
		52.486125	-1.890507
		51.460852	-2.588139
		55.862982	-4.263554
		55.958426	-3.186893
		54.892406	-2.923222
		51.512161	-0.116215
		51.289406	1.075802
		
c	12 14 13 9 10 8 7 6 3 4 5 0 11 1 2 15	2094.95797362014	0.790504202637986	12	14	13	9	10	8	7	6	3	4	5	0	11	1	2	15		
		51.624837	-3.94495
		50.152266	-5.065556
		50.726024	-3.543949
		55.958426	-3.186893
		55.862982	-4.263554
		54.892406	-2.923222
		54.980766	-1.615849
		53.751959	-0.335941
		53.803895	-1.549931
		53.478239	-2.258549
		53.409532	-3.000126
		52.486125	-1.890507
		51.488224	-3.186893
		51.460852	-2.588139
		51.512161	-0.116215
		51.289406	1.075802
		
c	12 14 13 1 10 9 8 7 6 3 4 11 5 0 2 15	2304.58492435563	0.769541507564437	12	14	13	1	10	9	8	7	6	3	4	11	5	0	2	15		
		51.624837	-3.94495
		50.152266	-5.065556
		50.726024	-3.543949
		51.460852	-2.588139
		55.862982	-4.263554
		55.958426	-3.186893
		54.892406	-2.923222
		54.980766	-1.615849
		53.751959	-0.335941
		53.803895	-1.549931
		53.478239	-2.258549
		51.488224	-3.186893
		53.409532	-3.000126
		52.486125	-1.890507
		51.512161	-0.116215
		51.289406	1.075802
		
c	14 13 1 10 9 8 7 3 6 4 5 0 11 12 2 15	2069.86851044364	0.793013148955636	14	13	1	10	9	8	7	3	6	4	5	0	11	12	2	15		
		50.152266	-5.065556
		50.726024	-3.543949
		51.460852	-2.588139
		55.862982	-4.263554
		55.958426	-3.186893
		54.892406	-2.923222
		54.980766	-1.615849
		53.803895	-1.549931
		53.751959	-0.335941
		53.478239	-2.258549
		53.409532	-3.000126
		52.486125	-1.890507
		51.488224	-3.186893
		51.624837	-3.94495
		51.512161	-0.116215
		51.289406	1.075802
		
c	12 0 11 14 13 1 10 9 8 7 3 6 4 5 2 15	2279.85052426169	0.772014947573831	12	0	11	14	13	1	10	9	8	7	3	6	4	5	2	15		
		51.624837	-3.94495
		52.486125	-1.890507
		51.488224	-3.186893
		50.152266	-5.065556
		50.726024	-3.543949
		51.460852	-2.588139
		55.862982	-4.263554
		55.958426	-3.186893
		54.892406	-2.923222
		54.980766	-1.615849
		53.803895	-1.549931
		53.751959	-0.335941
		53.478239	-2.258549
		53.409532	-3.000126
		51.512161	-0.116215
		51.289406	1.075802
		
c	3 4 6 5 10 9 8 7 0 1 11 12 14 13 2 15	2071.43438612626	0.792856561387374	3	4	6	5	10	9	8	7	0	1	11	12	14	13	2	15		
		53.803895	-1.549931
		53.478239	-2.258549
		53.751959	-0.335941
		53.409532	-3.000126
		55.862982	-4.263554
		55.958426	-3.186893
		54.892406	-2.923222
		54.980766	-1.615849
		52.486125	-1.890507
		51.460852	-2.588139
		51.488224	-3.186893
		51.624837	-3.94495
		50.152266	-5.065556
		50.726024	-3.543949
		51.512161	-0.116215
		51.289406	1.075802
		
c	3 10 9 8 7 6 4 5 0 11 12 14 13 1 2 15	1892.41209777095	0.810758790222905	3	10	9	8	7	6	4	5	0	11	12	14	13	1	2	15		
		53.803895	-1.549931
		55.862982	-4.263554
		55.958426	-3.186893
		54.892406	-2.923222
		54.980766	-1.615849
		53.751959	-0.335941
		53.478239	-2.258549
		53.409532	-3.000126
		52.486125	-1.890507
		51.488224	-3.186893
		51.624837	-3.94495
		50.152266	-5.065556
		50.726024	-3.543949
		51.460852	-2.588139
		51.512161	-0.116215
		51.289406	1.075802
		
c	12 14 13 1 11 2 6 10 9 8 7 3 5 4 0 15	2173.87806033164	0.782612193966836	12	14	13	1	11	2	6	10	9	8	7	3	5	4	0	15		
		51.624837	-3.94495
		50.152266	-5.065556
		50.726024	-3.543949
		51.460852	-2.588139
		51.488224	-3.186893
		51.512161	-0.116215
		53.751959	-0.335941
		55.862982	-4.263554
		55.958426	-3.186893
		54.892406	-2.923222
		54.980766	-1.615849
		53.803895	-1.549931
		53.409532	-3.000126
		53.478239	-2.258549
		52.486125	-1.890507
		51.289406	1.075802
		
c	13 4 5 0 11 12 14 1 10 9 8 7 3 6 2 15	2420.17705131611	0.757982294868389	13	4	5	0	11	12	14	1	10	9	8	7	3	6	2	15		
		50.726024	-3.543949
		53.478239	-2.258549
		53.409532	-3.000126
		52.486125	-1.890507
		51.488224	-3.186893
		51.624837	-3.94495
		50.152266	-5.065556
		51.460852	-2.588139
		55.862982	-4.263554
		55.958426	-3.186893
		54.892406	-2.923222
		54.980766	-1.615849
		53.803895	-1.549931
		53.751959	-0.335941
		51.512161	-0.116215
		51.289406	1.075802
		
c	3 4 0 2 1 11 5 10 9 8 7 6 12 14 13 15	2453.14468706169	0.754685531293831	3	4	0	2	1	11	5	10	9	8	7	6	12	14	13	15		
		53.803895	-1.549931
		53.478239	-2.258549
		52.486125	-1.890507
		51.512161	-0.116215
		51.460852	-2.588139
		51.488224	-3.186893
		53.409532	-3.000126
		55.862982	-4.263554
		55.958426	-3.186893
		54.892406	-2.923222
		54.980766	-1.615849
		53.751959	-0.335941
		51.624837	-3.94495
		50.152266	-5.065556
		50.726024	-3.543949
		51.289406	1.075802
		
c	4 5 10 9 8 7 0 1 11 12 6 3 14 13 2 15	2461.17053315775	0.753882946684225	4	5	10	9	8	7	0	1	11	12	6	3	14	13	2	15		
		53.478239	-2.258549
		53.409532	-3.000126
		55.862982	-4.263554
		55.958426	-3.186893
		54.892406	-2.923222
		54.980766	-1.615849
		52.486125	-1.890507
		51.460852	-2.588139
		51.488224	-3.186893
		51.624837	-3.94495
		53.751959	-0.335941
		53.803895	-1.549931
		50.152266	-5.065556
		50.726024	-3.543949
		51.512161	-0.116215
		51.289406	1.075802
		
c	5 0 11 12 13 8 7 3 6 4 14 1 10 9 2 15	3151.63014381286	0.684836985618714	5	0	11	12	13	8	7	3	6	4	14	1	10	9	2	15		
		53.409532	-3.000126
		52.486125	-1.890507
		51.488224	-3.186893
		51.624837	-3.94495
		50.726024	-3.543949
		54.892406	-2.923222
		54.980766	-1.615849
		53.803895	-1.549931
		53.751959	-0.335941
		53.478239	-2.258549
		50.152266	-5.065556
		51.460852	-2.588139
		55.862982	-4.263554
		55.958426	-3.186893
		51.512161	-0.116215
		51.289406	1.075802
		
c	7 14 10 9 8 3 5 4 6 0 1 11 12 13 2 15	2685.04196074651	0.731495803925349	7	14	10	9	8	3	5	4	6	0	1	11	12	13	2	15		
		54.980766	-1.615849
		50.152266	-5.065556
		55.862982	-4.263554
		55.958426	-3.186893
		54.892406	-2.923222
		53.803895	-1.549931
		53.409532	-3.000126
		53.478239	-2.258549
		53.751959	-0.335941
		52.486125	-1.890507
		51.460852	-2.588139
		51.488224	-3.186893
		51.624837	-3.94495
		50.726024	-3.543949
		51.512161	-0.116215
		51.289406	1.075802
		
c	6 4 5 0 11 8 7 12 13 1 2 10 9 3 14 15	3503.37807449823	0.649662192550177	6	4	5	0	11	8	7	12	13	1	2	10	9	3	14	15		
		53.751959	-0.335941
		53.478239	-2.258549
		53.409532	-3.000126
		52.486125	-1.890507
		51.488224	-3.186893
		54.892406	-2.923222
		54.980766	-1.615849
		51.624837	-3.94495
		50.726024	-3.543949
		51.460852	-2.588139
		51.512161	-0.116215
		55.862982	-4.263554
		55.958426	-3.186893
		53.803895	-1.549931
		50.152266	-5.065556
		51.289406	1.075802
		
c	5 10 9 8 7 0 1 11 12 14 13 2 4 3 6 15	2307.04921656543	0.769295078343457	5	10	9	8	7	0	1	11	12	14	13	2	4	3	6	15		
		53.409532	-3.000126
		55.862982	-4.263554
		55.958426	-3.186893
		54.892406	-2.923222
		54.980766	-1.615849
		52.486125	-1.890507
		51.460852	-2.588139
		51.488224	-3.186893
		51.624837	-3.94495
		50.152266	-5.065556
		50.726024	-3.543949
		51.512161	-0.116215
		53.478239	-2.258549
		53.803895	-1.549931
		53.751959	-0.335941
		51.289406	1.075802
		
c	14 13 1 10 9 8 4 5 0 11 12 7 3 6 2 15	2406.97647464441	0.759302352535559	14	13	1	10	9	8	4	5	0	11	12	7	3	6	2	15		
		50.152266	-5.065556
		50.726024	-3.543949
		51.460852	-2.588139
		55.862982	-4.263554
		55.958426	-3.186893
		54.892406	-2.923222
		53.478239	-2.258549
		53.409532	-3.000126
		52.486125	-1.890507
		51.488224	-3.186893
		51.624837	-3.94495
		54.980766	-1.615849
		53.803895	-1.549931
		53.751959	-0.335941
		51.512161	-0.116215
		51.289406	1.075802
		
c	0 11 12 14 13 1 9 8 7 3 6 2 4 5 10 15	2989.94414143887	0.701005585856113	0	11	12	14	13	1	9	8	7	3	6	2	4	5	10	15		
		52.486125	-1.890507
		51.488224	-3.186893
		51.624837	-3.94495
		50.152266	-5.065556
		50.726024	-3.543949
		51.460852	-2.588139
		55.958426	-3.186893
		54.892406	-2.923222
		54.980766	-1.615849
		53.803895	-1.549931
		53.751959	-0.335941
		51.512161	-0.116215
		53.478239	-2.258549
		53.409532	-3.000126
		55.862982	-4.263554
		51.289406	1.075802
		
c	0 11 12 14 6 4 7 3 5 2 1 13 10 9 8 15	3238.30180058194	0.676169819941806	0	11	12	14	6	4	7	3	5	2	1	13	10	9	8	15		
		52.486125	-1.890507
		51.488224	-3.186893
		51.624837	-3.94495
		50.152266	-5.065556
		53.751959	-0.335941
		53.478239	-2.258549
		54.980766	-1.615849
		53.803895	-1.549931
		53.409532	-3.000126
		51.512161	-0.116215
		51.460852	-2.588139
		50.726024	-3.543949
		55.862982	-4.263554
		55.958426	-3.186893
		54.892406	-2.923222
		51.289406	1.075802
		
c	3 4 9 10 8 7 6 5 0 11 12 14 13 1 2 15	1963.56022252531	0.803643977747469	3	4	9	10	8	7	6	5	0	11	12	14	13	1	2	15		
		53.803895	-1.549931
		53.478239	-2.258549
		55.958426	-3.186893
		55.862982	-4.263554
		54.892406	-2.923222
		54.980766	-1.615849
		53.751959	-0.335941
		53.409532	-3.000126
		52.486125	-1.890507
		51.488224	-3.186893
		51.624837	-3.94495
		50.152266	-5.065556
		50.726024	-3.543949
		51.460852	-2.588139
		51.512161	-0.116215
		51.289406	1.075802
		
c	10 9 8 6 7 3 4 5 0 11 12 14 13 1 2 15	1790.8416597845	0.82091583402155	10	9	8	6	7	3	4	5	0	11	12	14	13	1	2	15		
		55.862982	-4.263554
		55.958426	-3.186893
		54.892406	-2.923222
		53.751959	-0.335941
		54.980766	-1.615849
		53.803895	-1.549931
		53.478239	-2.258549
		53.409532	-3.000126
		52.486125	-1.890507
		51.488224	-3.186893
		51.624837	-3.94495
		50.152266	-5.065556
		50.726024	-3.543949
		51.460852	-2.588139
		51.512161	-0.116215
		51.289406	1.075802
		
c	3 5 0 2 10 4 11 12 14 13 1 9 8 7 6 15	3097.07779986718	0.690292220013283	3	5	0	2	10	4	11	12	14	13	1	9	8	7	6	15		
		53.803895	-1.549931
		53.409532	-3.000126
		52.486125	-1.890507
		51.512161	-0.116215
		55.862982	-4.263554
		53.478239	-2.258549
		51.488224	-3.186893
		51.624837	-3.94495
		50.152266	-5.065556
		50.726024	-3.543949
		51.460852	-2.588139
		55.958426	-3.186893
		54.892406	-2.923222
		54.980766	-1.615849
		53.751959	-0.335941
		51.289406	1.075802
		
c	8 7 3 0 11 12 10 9 4 6 5 1 14 13 2 15	2603.69742164057	0.739630257835943	8	7	3	0	11	12	10	9	4	6	5	1	14	13	2	15		
		54.892406	-2.923222
		54.980766	-1.615849
		53.803895	-1.549931
		52.486125	-1.890507
		51.488224	-3.186893
		51.624837	-3.94495
		55.862982	-4.263554
		55.958426	-3.186893
		53.478239	-2.258549
		53.751959	-0.335941
		53.409532	-3.000126
		51.460852	-2.588139
		50.152266	-5.065556
		50.726024	-3.543949
		51.512161	-0.116215
		51.289406	1.075802
		
c	8 3 5 10 9 7 4 6 0 1 11 12 14 13 2 15	2100.20499727031	0.789979500272969	8	3	5	10	9	7	4	6	0	1	11	12	14	13	2	15		
		54.892406	-2.923222
		53.803895	-1.549931
		53.409532	-3.000126
		55.862982	-4.263554
		55.958426	-3.186893
		54.980766	-1.615849
		53.478239	-2.258549
		53.751959	-0.335941
		52.486125	-1.890507
		51.460852	-2.588139
		51.488224	-3.186893
		51.624837	-3.94495
		50.152266	-5.065556
		50.726024	-3.543949
		51.512161	-0.116215
		51.289406	1.075802
		
c	11 12 9 6 10 8 7 3 4 5 0 14 13 1 2 15	2605.41784402788	0.739458215597212	11	12	9	6	10	8	7	3	4	5	0	14	13	1	2	15		
		51.488224	-3.186893
		51.624837	-3.94495
		55.958426	-3.186893
		53.751959	-0.335941
		55.862982	-4.263554
		54.892406	-2.923222
		54.980766	-1.615849
		53.803895	-1.549931
		53.478239	-2.258549
		53.409532	-3.000126
		52.486125	-1.890507
		50.152266	-5.065556
		50.726024	-3.543949
		51.460852	-2.588139
		51.512161	-0.116215
		51.289406	1.075802
		
c	6 4 5 1 9 10 8 7 3 0 11 12 14 13 2 15	2313.17514839114	0.768682485160886	6	4	5	1	9	10	8	7	3	0	11	12	14	13	2	15		
		53.751959	-0.335941
		53.478239	-2.258549
		53.409532	-3.000126
		51.460852	-2.588139
		55.958426	-3.186893
		55.862982	-4.263554
		54.892406	-2.923222
		54.980766	-1.615849
		53.803895	-1.549931
		52.486125	-1.890507
		51.488224	-3.186893
		51.624837	-3.94495
		50.152266	-5.065556
		50.726024	-3.543949
		51.512161	-0.116215
		51.289406	1.075802
		
c	13 14 10 9 8 7 6 3 4 5 0 12 11 1 2 15	2033.28045880911	0.796671954119089	13	14	10	9	8	7	6	3	4	5	0	12	11	1	2	15		
		50.726024	-3.543949
		50.152266	-5.065556
		55.862982	-4.263554
		55.958426	-3.186893
		54.892406	-2.923222
		54.980766	-1.615849
		53.751959	-0.335941
		53.803895	-1.549931
		53.478239	-2.258549
		53.409532	-3.000126
		52.486125	-1.890507
		51.624837	-3.94495
		51.488224	-3.186893
		51.460852	-2.588139
		51.512161	-0.116215
		51.289406	1.075802
		
c	5 0 1 11 2 10 9 8 7 3 6 4 12 14 13 15	2544.41597887183	0.745558402112817	5	0	1	11	2	10	9	8	7	3	6	4	12	14	13	15		
		53.409532	-3.000126
		52.486125	-1.890507
		51.460852	-2.588139
		51.488224	-3.186893
		51.512161	-0.116215
		55.862982	-4.263554
		55.958426	-3.186893
		54.892406	-2.923222
		54.980766	-1.615849
		53.803895	-1.549931
		53.751959	-0.335941
		53.478239	-2.258549
		51.624837	-3.94495
		50.152266	-5.065556
		50.726024	-3.543949
		51.289406	1.075802
		
c	7 3 4 5 6 10 0 11 12 14 13 1 2 9 8 15	3084.90860148152	0.691509139851848	7	3	4	5	6	10	0	11	12	14	13	1	2	9	8	15		
		54.980766	-1.615849
		53.803895	-1.549931
		53.478239	-2.258549
		53.409532	-3.000126
		53.751959	-0.335941
		55.862982	-4.263554
		52.486125	-1.890507
		51.488224	-3.186893
		51.624837	-3.94495
		50.152266	-5.065556
		50.726024	-3.543949
		51.460852	-2.588139
		51.512161	-0.116215
		55.958426	-3.186893
		54.892406	-2.923222
		51.289406	1.075802
		
c	3 4 5 6 10 9 8 7 0 11 12 14 13 1 2 15	2049.10773337935	0.795089226662065	3	4	5	6	10	9	8	7	0	11	12	14	13	1	2	15		
		53.803895	-1.549931
		53.478239	-2.258549
		53.409532	-3.000126
		53.751959	-0.335941
		55.862982	-4.263554
		55.958426	-3.186893
		54.892406	-2.923222
		54.980766	-1.615849
		52.486125	-1.890507
		51.488224	-3.186893
		51.624837	-3.94495
		50.152266	-5.065556
		50.726024	-3.543949
		51.460852	-2.588139
		51.512161	-0.116215
		51.289406	1.075802
		
c	4 5 0 11 12 14 13 1 2 8 7 6 3 10 9 15	2645.80093442934	0.735419906557066	4	5	0	11	12	14	13	1	2	8	7	6	3	10	9	15		
		53.478239	-2.258549
		53.409532	-3.000126
		52.486125	-1.890507
		51.488224	-3.186893
		51.624837	-3.94495
		50.152266	-5.065556
		50.726024	-3.543949
		51.460852	-2.588139
		51.512161	-0.116215
		54.892406	-2.923222
		54.980766	-1.615849
		53.751959	-0.335941
		53.803895	-1.549931
		55.862982	-4.263554
		55.958426	-3.186893
		51.289406	1.075802
		
c	3 4 5 9 6 10 8 7 0 11 12 14 13 1 2 15	2408.10423331828	0.759189576668172	3	4	5	9	6	10	8	7	0	11	12	14	13	1	2	15		
		53.803895	-1.549931
		53.478239	-2.258549
		53.409532	-3.000126
		55.958426	-3.186893
		53.751959	-0.335941
		55.862982	-4.263554
		54.892406	-2.923222
		54.980766	-1.615849
		52.486125	-1.890507
		51.488224	-3.186893
		51.624837	-3.94495
		50.152266	-5.065556
		50.726024	-3.543949
		51.460852	-2.588139
		51.512161	-0.116215
		51.289406	1.075802
		
c	0 1 11 12 14 13 10 9 2 8 7 6 3 4 5 15	2917.60353741123	0.708239646258877	0	1	11	12	14	13	10	9	2	8	7	6	3	4	5	15		
		52.486125	-1.890507
		51.460852	-2.588139
		51.488224	-3.186893
		51.624837	-3.94495
		50.152266	-5.065556
		50.726024	-3.543949
		55.862982	-4.263554
		55.958426	-3.186893
		51.512161	-0.116215
		54.892406	-2.923222
		54.980766	-1.615849
		53.751959	-0.335941
		53.803895	-1.549931
		53.478239	-2.258549
		53.409532	-3.000126
		51.289406	1.075802
		
c	3 6 4 5 10 9 8 7 0 1 11 12 14 13 2 15	1962.07029203617	0.803792970796383	3	6	4	5	10	9	8	7	0	1	11	12	14	13	2	15		
		53.803895	-1.549931
		53.751959	-0.335941
		53.478239	-2.258549
		53.409532	-3.000126
		55.862982	-4.263554
		55.958426	-3.186893
		54.892406	-2.923222
		54.980766	-1.615849
		52.486125	-1.890507
		51.460852	-2.588139
		51.488224	-3.186893
		51.624837	-3.94495
		50.152266	-5.065556
		50.726024	-3.543949
		51.512161	-0.116215
		51.289406	1.075802
		
c	14 10 9 6 8 7 3 4 5 0 11 12 13 1 2 15	2335.30972860081	0.766469027139919	14	10	9	6	8	7	3	4	5	0	11	12	13	1	2	15		
		50.152266	-5.065556
		55.862982	-4.263554
		55.958426	-3.186893
		53.751959	-0.335941
		54.892406	-2.923222
		54.980766	-1.615849
		53.803895	-1.549931
		53.478239	-2.258549
		53.409532	-3.000126
		52.486125	-1.890507
		51.488224	-3.186893
		51.624837	-3.94495
		50.726024	-3.543949
		51.460852	-2.588139
		51.512161	-0.116215
		51.289406	1.075802
		
c	8 7 4 6 3 5 10 9 0 11 12 14 13 1 2 15	2186.29169702419	0.781370830297581	8	7	4	6	3	5	10	9	0	11	12	14	13	1	2	15		
		54.892406	-2.923222
		54.980766	-1.615849
		53.478239	-2.258549
		53.751959	-0.335941
		53.803895	-1.549931
		53.409532	-3.000126
		55.862982	-4.263554
		55.958426	-3.186893
		52.486125	-1.890507
		51.488224	-3.186893
		51.624837	-3.94495
		50.152266	-5.065556
		50.726024	-3.543949
		51.460852	-2.588139
		51.512161	-0.116215
		51.289406	1.075802
		
c	0 11 12 4 5 1 13 2 14 10 9 8 7 6 3 15	2919.43250782687	0.708056749217313	0	11	12	4	5	1	13	2	14	10	9	8	7	6	3	15		
		52.486125	-1.890507
		51.488224	-3.186893
		51.624837	-3.94495
		53.478239	-2.258549
		53.409532	-3.000126
		51.460852	-2.588139
		50.726024	-3.543949
		51.512161	-0.116215
		50.152266	-5.065556
		55.862982	-4.263554
		55.958426	-3.186893
		54.892406	-2.923222
		54.980766	-1.615849
		53.751959	-0.335941
		53.803895	-1.549931
		51.289406	1.075802
		
c	11 12 8 7 3 6 4 5 10 9 0 14 13 1 2 15	2475.94062649442	0.752405937350558	11	12	8	7	3	6	4	5	10	9	0	14	13	1	2	15		
		51.488224	-3.186893
		51.624837	-3.94495
		54.892406	-2.923222
		54.980766	-1.615849
		53.803895	-1.549931
		53.751959	-0.335941
		53.478239	-2.258549
		53.409532	-3.000126
		55.862982	-4.263554
		55.958426	-3.186893
		52.486125	-1.890507
		50.152266	-5.065556
		50.726024	-3.543949
		51.460852	-2.588139
		51.512161	-0.116215
		51.289406	1.075802
		
c	0 4 5 10 9 8 7 3 6 11 12 14 1 2 13 15	2464.99943380626	0.753500056619374	0	4	5	10	9	8	7	3	6	11	12	14	1	2	13	15		
		52.486125	-1.890507
		53.478239	-2.258549
		53.409532	-3.000126
		55.862982	-4.263554
		55.958426	-3.186893
		54.892406	-2.923222
		54.980766	-1.615849
		53.803895	-1.549931
		53.751959	-0.335941
		51.488224	-3.186893
		51.624837	-3.94495
		50.152266	-5.065556
		51.460852	-2.588139
		51.512161	-0.116215
		50.726024	-3.543949
		51.289406	1.075802
		
c	1 14 4 5 10 9 8 7 6 3 0 11 12 13 2 15	2279.53413503758	0.772046586496242	1	14	4	5	10	9	8	7	6	3	0	11	12	13	2	15		
		51.460852	-2.588139
		50.152266	-5.065556
		53.478239	-2.258549
		53.409532	-3.000126
		55.862982	-4.263554
		55.958426	-3.186893
		54.892406	-2.923222
		54.980766	-1.615849
		53.751959	-0.335941
		53.803895	-1.549931
		52.486125	-1.890507
		51.488224	-3.186893
		51.624837	-3.94495
		50.726024	-3.543949
		51.512161	-0.116215
		51.289406	1.075802
		
c	14 13 1 2 4 5 0 9 10 8 7 6 3 11 12 15	2449.44620399538	0.755055379600462	14	13	1	2	4	5	0	9	10	8	7	6	3	11	12	15		
		50.152266	-5.065556
		50.726024	-3.543949
		51.460852	-2.588139
		51.512161	-0.116215
		53.478239	-2.258549
		53.409532	-3.000126
		52.486125	-1.890507
		55.958426	-3.186893
		55.862982	-4.263554
		54.892406	-2.923222
		54.980766	-1.615849
		53.751959	-0.335941
		53.803895	-1.549931
		51.488224	-3.186893
		51.624837	-3.94495
		51.289406	1.075802
		
c	9 8 7 6 3 4 12 13 1 14 5 10 0 11 2 15	2694.95424294598	0.730504575705402	9	8	7	6	3	4	12	13	1	14	5	10	0	11	2	15		
		55.958426	-3.186893
		54.892406	-2.923222
		54.980766	-1.615849
		53.751959	-0.335941
		53.803895	-1.549931
		53.478239	-2.258549
		51.624837	-3.94495
		50.726024	-3.543949
		51.460852	-2.588139
		50.152266	-5.065556
		53.409532	-3.000126
		55.862982	-4.263554
		52.486125	-1.890507
		51.488224	-3.186893
		51.512161	-0.116215
		51.289406	1.075802
		
c	8 7 3 4 5 6 10 14 9 0 11 12 13 1 2 15	3201.42886733277	0.679857113266723	8	7	3	4	5	6	10	14	9	0	11	12	13	1	2	15		
		54.892406	-2.923222
		54.980766	-1.615849
		53.803895	-1.549931
		53.478239	-2.258549
		53.409532	-3.000126
		53.751959	-0.335941
		55.862982	-4.263554
		50.152266	-5.065556
		55.958426	-3.186893
		52.486125	-1.890507
		51.488224	-3.186893
		51.624837	-3.94495
		50.726024	-3.543949
		51.460852	-2.588139
		51.512161	-0.116215
		51.289406	1.075802
		
c	9 6 10 8 7 3 4 5 0 11 12 14 13 1 2 15	2104.14293077578	0.789585706922422	9	6	10	8	7	3	4	5	0	11	12	14	13	1	2	15		
		55.958426	-3.186893
		53.751959	-0.335941
		55.862982	-4.263554
		54.892406	-2.923222
		54.980766	-1.615849
		53.803895	-1.549931
		53.478239	-2.258549
		53.409532	-3.000126
		52.486125	-1.890507
		51.488224	-3.186893
		51.624837	-3.94495
		50.152266	-5.065556
		50.726024	-3.543949
		51.460852	-2.588139
		51.512161	-0.116215
		51.289406	1.075802
		
c	5 0 1 11 12 14 13 4 10 9 8 7 6 3 2 15	2136.94235640764	0.786305764359236	5	0	1	11	12	14	13	4	10	9	8	7	6	3	2	15		
		53.409532	-3.000126
		52.486125	-1.890507
		51.460852	-2.588139
		51.488224	-3.186893
		51.624837	-3.94495
		50.152266	-5.065556
		50.726024	-3.543949
		53.478239	-2.258549
		55.862982	-4.263554
		55.958426	-3.186893
		54.892406	-2.923222
		54.980766	-1.615849
		53.751959	-0.335941
		53.803895	-1.549931
		51.512161	-0.116215
		51.289406	1.075802
		
c	10 9 7 8 2 6 3 5 0 1 11 12 14 13 4 15	2457.50287051559	0.754249712948441	10	9	7	8	2	6	3	5	0	1	11	12	14	13	4	15		
		55.862982	-4.263554
		55.958426	-3.186893
		54.980766	-1.615849
		54.892406	-2.923222
		51.512161	-0.116215
		53.751959	-0.335941
		53.803895	-1.549931
		53.409532	-3.000126
		52.486125	-1.890507
		51.460852	-2.588139
		51.488224	-3.186893
		51.624837	-3.94495
		50.152266	-5.065556
		50.726024	-3.543949
		53.478239	-2.258549
		51.289406	1.075802
		
c	7 6 3 4 5 10 9 8 11 12 14 13 0 1 2 15	2168.99958086291	0.783100041913709	7	6	3	4	5	10	9	8	11	12	14	13	0	1	2	15		
		54.980766	-1.615849
		53.751959	-0.335941
		53.803895	-1.549931
		53.478239	-2.258549
		53.409532	-3.000126
		55.862982	-4.263554
		55.958426	-3.186893
		54.892406	-2.923222
		51.488224	-3.186893
		51.624837	-3.94495
		50.152266	-5.065556
		50.726024	-3.543949
		52.486125	-1.890507
		51.460852	-2.588139
		51.512161	-0.116215
		51.289406	1.075802
		
c	3 5 12 13 1 14 4 10 9 8 7 6 0 11 2 15	2509.1262383476	0.74908737616524	3	5	12	13	1	14	4	10	9	8	7	6	0	11	2	15		
		53.803895	-1.549931
		53.409532	-3.000126
		51.624837	-3.94495
		50.726024	-3.543949
		51.460852	-2.588139
		50.152266	-5.065556
		53.478239	-2.258549
		55.862982	-4.263554
		55.958426	-3.186893
		54.892406	-2.923222
		54.980766	-1.615849
		53.751959	-0.335941
		52.486125	-1.890507
		51.488224	-3.186893
		51.512161	-0.116215
		51.289406	1.075802
		
c	8 3 4 6 5 10 9 7 0 1 11 12 14 13 2 15	2164.92241766193	0.783507758233807	8	3	4	6	5	10	9	7	0	1	11	12	14	13	2	15		
		54.892406	-2.923222
		53.803895	-1.549931
		53.478239	-2.258549
		53.751959	-0.335941
		53.409532	-3.000126
		55.862982	-4.263554
		55.958426	-3.186893
		54.980766	-1.615849
		52.486125	-1.890507
		51.460852	-2.588139
		51.488224	-3.186893
		51.624837	-3.94495
		50.152266	-5.065556
		50.726024	-3.543949
		51.512161	-0.116215
		51.289406	1.075802
		
c	0 11 12 13 1 5 2 9 10 8 7 6 3 4 14 15	2901.3153509496	0.70986846490504	0	11	12	13	1	5	2	9	10	8	7	6	3	4	14	15		
		52.486125	-1.890507
		51.488224	-3.186893
		51.624837	-3.94495
		50.726024	-3.543949
		51.460852	-2.588139
		53.409532	-3.000126
		51.512161	-0.116215
		55.958426	-3.186893
		55.862982	-4.263554
		54.892406	-2.923222
		54.980766	-1.615849
		53.751959	-0.335941
		53.803895	-1.549931
		53.478239	-2.258549
		50.152266	-5.065556
		51.289406	1.075802
		
c	11 12 14 13 1 7 6 3 4 5 0 2 10 9 8 15	2725.97683143525	0.727402316856475	11	12	14	13	1	7	6	3	4	5	0	2	10	9	8	15		
		51.488224	-3.186893
		51.624837	-3.94495
		50.152266	-5.065556
		50.726024	-3.543949
		51.460852	-2.588139
		54.980766	-1.615849
		53.751959	-0.335941
		53.803895	-1.549931
		53.478239	-2.258549
		53.409532	-3.000126
		52.486125	-1.890507
		51.512161	-0.116215
		55.862982	-4.263554
		55.958426	-3.186893
		54.892406	-2.923222
		51.289406	1.075802
		
c	4 11 12 14 13 10 9 8 7 6 3 5 0 1 2 15	2289.346325969	0.771065367403101	4	11	12	14	13	10	9	8	7	6	3	5	0	1	2	15		
		53.478239	-2.258549
		51.488224	-3.186893
		51.624837	-3.94495
		50.152266	-5.065556
		50.726024	-3.543949
		55.862982	-4.263554
		55.958426	-3.186893
		54.892406	-2.923222
		54.980766	-1.615849
		53.751959	-0.335941
		53.803895	-1.549931
		53.409532	-3.000126
		52.486125	-1.890507
		51.460852	-2.588139
		51.512161	-0.116215
		51.289406	1.075802
		
c	12 14 13 10 9 8 7 3 6 4 5 0 11 1 2 15	2110.80174936155	0.788919825063845	12	14	13	10	9	8	7	3	6	4	5	0	11	1	2	15		
		51.624837	-3.94495
		50.152266	-5.065556
		50.726024	-3.543949
		55.862982	-4.263554
		55.958426	-3.186893
		54.892406	-2.923222
		54.980766	-1.615849
		53.803895	-1.549931
		53.751959	-0.335941
		53.478239	-2.258549
		53.409532	-3.000126
		52.486125	-1.890507
		51.488224	-3.186893
		51.460852	-2.588139
		51.512161	-0.116215
		51.289406	1.075802
		
c	8 7 3 6 4 5 0 11 12 14 13 1 10 9 2 15	2400.83620415817	0.759916379584183	8	7	3	6	4	5	0	11	12	14	13	1	10	9	2	15		
		54.892406	-2.923222
		54.980766	-1.615849
		53.803895	-1.549931
		53.751959	-0.335941
		53.478239	-2.258549
		53.409532	-3.000126
		52.486125	-1.890507
		51.488224	-3.186893
		51.624837	-3.94495
		50.152266	-5.065556
		50.726024	-3.543949
		51.460852	-2.588139
		55.862982	-4.263554
		55.958426	-3.186893
		51.512161	-0.116215
		51.289406	1.075802
		
c	10 4 5 0 11 12 14 13 1 9 8 7 3 6 2 15	2332.47234167795	0.766752765832205	10	4	5	0	11	12	14	13	1	9	8	7	3	6	2	15		
		55.862982	-4.263554
		53.478239	-2.258549
		53.409532	-3.000126
		52.486125	-1.890507
		51.488224	-3.186893
		51.624837	-3.94495
		50.152266	-5.065556
		50.726024	-3.543949
		51.460852	-2.588139
		55.958426	-3.186893
		54.892406	-2.923222
		54.980766	-1.615849
		53.803895	-1.549931
		53.751959	-0.335941
		51.512161	-0.116215
		51.289406	1.075802
		
c	11 12 14 13 1 2 7 6 10 9 8 3 4 5 0 15	2357.0432154747	0.76429567845253	11	12	14	13	1	2	7	6	10	9	8	3	4	5	0	15		
		51.488224	-3.186893
		51.624837	-3.94495
		50.152266	-5.065556
		50.726024	-3.543949
		51.460852	-2.588139
		51.512161	-0.116215
		54.980766	-1.615849
		53.751959	-0.335941
		55.862982	-4.263554
		55.958426	-3.186893
		54.892406	-2.923222
		53.803895	-1.549931
		53.478239	-2.258549
		53.409532	-3.000126
		52.486125	-1.890507
		51.289406	1.075802
		
c	10 9 8 7 6 3 4 11 12 14 13 5 0 1 2 15	1970.70907751217	0.802929092248783	10	9	8	7	6	3	4	11	12	14	13	5	0	1	2	15		
		55.862982	-4.263554
		55.958426	-3.186893
		54.892406	-2.923222
		54.980766	-1.615849
		53.751959	-0.335941
		53.803895	-1.549931
		53.478239	-2.258549
		51.488224	-3.186893
		51.624837	-3.94495
		50.152266	-5.065556
		50.726024	-3.543949
		53.409532	-3.000126
		52.486125	-1.890507
		51.460852	-2.588139
		51.512161	-0.116215
		51.289406	1.075802
		
c	6 3 5 7 4 10 9 8 0 11 12 14 13 1 2 15	2179.08367648229	0.782091632351771	6	3	5	7	4	10	9	8	0	11	12	14	13	1	2	15		
		53.751959	-0.335941
		53.803895	-1.549931
		53.409532	-3.000126
		54.980766	-1.615849
		53.478239	-2.258549
		55.862982	-4.263554
		55.958426	-3.186893
		54.892406	-2.923222
		52.486125	-1.890507
		51.488224	-3.186893
		51.624837	-3.94495
		50.152266	-5.065556
		50.726024	-3.543949
		51.460852	-2.588139
		51.512161	-0.116215
		51.289406	1.075802
		
c	9 8 7 2 0 3 5 10 4 6 1 11 12 14 13 15	2757.14038728132	0.724285961271868	9	8	7	2	0	3	5	10	4	6	1	11	12	14	13	15		
		55.958426	-3.186893
		54.892406	-2.923222
		54.980766	-1.615849
		51.512161	-0.116215
		52.486125	-1.890507
		53.803895	-1.549931
		53.409532	-3.000126
		55.862982	-4.263554
		53.478239	-2.258549
		53.751959	-0.335941
		51.460852	-2.588139
		51.488224	-3.186893
		51.624837	-3.94495
		50.152266	-5.065556
		50.726024	-3.543949
		51.289406	1.075802
		
c	12 14 13 2 6 3 4 5 0 11 1 10 9 8 7 15	2531.6625201734	0.74683374798266	12	14	13	2	6	3	4	5	0	11	1	10	9	8	7	15		
		51.624837	-3.94495
		50.152266	-5.065556
		50.726024	-3.543949
		51.512161	-0.116215
		53.751959	-0.335941
		53.803895	-1.549931
		53.478239	-2.258549
		53.409532	-3.000126
		52.486125	-1.890507
		51.488224	-3.186893
		51.460852	-2.588139
		55.862982	-4.263554
		55.958426	-3.186893
		54.892406	-2.923222
		54.980766	-1.615849
		51.289406	1.075802
		
c	9 8 7 5 10 3 4 6 0 1 11 12 14 13 2 15	2204.37341184335	0.779562658815665	9	8	7	5	10	3	4	6	0	1	11	12	14	13	2	15		
		55.958426	-3.186893
		54.892406	-2.923222
		54.980766	-1.615849
		53.409532	-3.000126
		55.862982	-4.263554
		53.803895	-1.549931
		53.478239	-2.258549
		53.751959	-0.335941
		52.486125	-1.890507
		51.460852	-2.588139
		51.488224	-3.186893
		51.624837	-3.94495
		50.152266	-5.065556
		50.726024	-3.543949
		51.512161	-0.116215
		51.289406	1.075802
		
c	3 6 2 1 11 12 14 13 4 5 10 9 8 7 0 15	2349.31803566625	0.765068196433375	3	6	2	1	11	12	14	13	4	5	10	9	8	7	0	15		
		53.803895	-1.549931
		53.751959	-0.335941
		51.512161	-0.116215
		51.460852	-2.588139
		51.488224	-3.186893
		51.624837	-3.94495
		50.152266	-5.065556
		50.726024	-3.543949
		53.478239	-2.258549
		53.409532	-3.000126
		55.862982	-4.263554
		55.958426	-3.186893
		54.892406	-2.923222
		54.980766	-1.615849
		52.486125	-1.890507
		51.289406	1.075802
		
c	7 4 6 0 1 11 14 13 5 3 2 12 10 9 8 15	3050.63159470819	0.694936840529181	7	4	6	0	1	11	14	13	5	3	2	12	10	9	8	15		
		54.980766	-1.615849
		53.478239	-2.258549
		53.751959	-0.335941
		52.486125	-1.890507
		51.460852	-2.588139
		51.488224	-3.186893
		50.152266	-5.065556
		50.726024	-3.543949
		53.409532	-3.000126
		53.803895	-1.549931
		51.512161	-0.116215
		51.624837	-3.94495
		55.862982	-4.263554
		55.958426	-3.186893
		54.892406	-2.923222
		51.289406	1.075802
		
c	5 3 10 9 8 7 4 6 0 1 11 12 14 13 2 15	2009.45953380791	0.799054046619209	5	3	10	9	8	7	4	6	0	1	11	12	14	13	2	15		
		53.409532	-3.000126
		53.803895	-1.549931
		55.862982	-4.263554
		55.958426	-3.186893
		54.892406	-2.923222
		54.980766	-1.615849
		53.478239	-2.258549
		53.751959	-0.335941
		52.486125	-1.890507
		51.460852	-2.588139
		51.488224	-3.186893
		51.624837	-3.94495
		50.152266	-5.065556
		50.726024	-3.543949
		51.512161	-0.116215
		51.289406	1.075802
		
c	0 11 12 14 13 1 10 9 8 4 7 3 6 5 2 15	2398.37946466355	0.760162053533645	0	11	12	14	13	1	10	9	8	4	7	3	6	5	2	15		
		52.486125	-1.890507
		51.488224	-3.186893
		51.624837	-3.94495
		50.152266	-5.065556
		50.726024	-3.543949
		51.460852	-2.588139
		55.862982	-4.263554
		55.958426	-3.186893
		54.892406	-2.923222
		53.478239	-2.258549
		54.980766	-1.615849
		53.803895	-1.549931
		53.751959	-0.335941
		53.409532	-3.000126
		51.512161	-0.116215
		51.289406	1.075802
		
c	7 9 10 8 6 3 4 5 0 11 12 14 13 1 2 15	1744.58188742157	0.825541811257843	7	9	10	8	6	3	4	5	0	11	12	14	13	1	2	15		
		54.980766	-1.615849
		55.958426	-3.186893
		55.862982	-4.263554
		54.892406	-2.923222
		53.751959	-0.335941
		53.803895	-1.549931
		53.478239	-2.258549
		53.409532	-3.000126
		52.486125	-1.890507
		51.488224	-3.186893
		51.624837	-3.94495
		50.152266	-5.065556
		50.726024	-3.543949
		51.460852	-2.588139
		51.512161	-0.116215
		51.289406	1.075802
		
c	5 12 13 1 14 10 9 8 7 6 3 4 0 11 2 15	2406.52154680885	0.759347845319115	5	12	13	1	14	10	9	8	7	6	3	4	0	11	2	15		
		53.409532	-3.000126
		51.624837	-3.94495
		50.726024	-3.543949
		51.460852	-2.588139
		50.152266	-5.065556
		55.862982	-4.263554
		55.958426	-3.186893
		54.892406	-2.923222
		54.980766	-1.615849
		53.751959	-0.335941
		53.803895	-1.549931
		53.478239	-2.258549
		52.486125	-1.890507
		51.488224	-3.186893
		51.512161	-0.116215
		51.289406	1.075802
		
c	9 8 7 3 6 2 1 11 12 14 13 4 5 10 0 15	2540.28978865502	0.745971021134498	9	8	7	3	6	2	1	11	12	14	13	4	5	10	0	15		
		55.958426	-3.186893
		54.892406	-2.923222
		54.980766	-1.615849
		53.803895	-1.549931
		53.751959	-0.335941
		51.512161	-0.116215
		51.460852	-2.588139
		51.488224	-3.186893
		51.624837	-3.94495
		50.152266	-5.065556
		50.726024	-3.543949
		53.478239	-2.258549
		53.409532	-3.000126
		55.862982	-4.263554
		52.486125	-1.890507
		51.289406	1.075802
		
c	3 0 11 12 14 13 1 10 9 8 7 6 4 5 2 15	2244.54090391976	0.775545909608024	3	0	11	12	14	13	1	10	9	8	7	6	4	5	2	15		
		53.803895	-1.549931
		52.486125	-1.890507
		51.488224	-3.186893
		51.624837	-3.94495
		50.152266	-5.065556
		50.726024	-3.543949
		51.460852	-2.588139
		55.862982	-4.263554
		55.958426	-3.186893
		54.892406	-2.923222
		54.980766	-1.615849
		53.751959	-0.335941
		53.478239	-2.258549
		53.409532	-3.000126
		51.512161	-0.116215
		51.289406	1.075802
		
c	6 4 5 0 11 12 14 13 1 10 9 8 7 3 2 15	2179.17115229691	0.782082884770309	6	4	5	0	11	12	14	13	1	10	9	8	7	3	2	15		
		53.751959	-0.335941
		53.478239	-2.258549
		53.409532	-3.000126
		52.486125	-1.890507
		51.488224	-3.186893
		51.624837	-3.94495
		50.152266	-5.065556
		50.726024	-3.543949
		51.460852	-2.588139
		55.862982	-4.263554
		55.958426	-3.186893
		54.892406	-2.923222
		54.980766	-1.615849
		53.803895	-1.549931
		51.512161	-0.116215
		51.289406	1.075802
		
c	11 12 7 3 6 4 5 10 9 8 0 14 13 1 2 15	2426.73718361366	0.757326281638634	11	12	7	3	6	4	5	10	9	8	0	14	13	1	2	15		
		51.488224	-3.186893
		51.624837	-3.94495
		54.980766	-1.615849
		53.803895	-1.549931
		53.751959	-0.335941
		53.478239	-2.258549
		53.409532	-3.000126
		55.862982	-4.263554
		55.958426	-3.186893
		54.892406	-2.923222
		52.486125	-1.890507
		50.152266	-5.065556
		50.726024	-3.543949
		51.460852	-2.588139
		51.512161	-0.116215
		51.289406	1.075802
		
c	4 5 0 11 12 14 13 1 10 9 8 7 6 3 2 15	2157.62055332499	0.784237944667501	4	5	0	11	12	14	13	1	10	9	8	7	6	3	2	15		
		53.478239	-2.258549
		53.409532	-3.000126
		52.486125	-1.890507
		51.488224	-3.186893
		51.624837	-3.94495
		50.152266	-5.065556
		50.726024	-3.543949
		51.460852	-2.588139
		55.862982	-4.263554
		55.958426	-3.186893
		54.892406	-2.923222
		54.980766	-1.615849
		53.751959	-0.335941
		53.803895	-1.549931
		51.512161	-0.116215
		51.289406	1.075802
		
g153		1613.67648029291	0.838632351970709	0	10	9	8	7	6	3	4	5	0	11	12	14	13	1	2	15		
		55.862982	-4.263554
		55.958426	-3.186893
		54.892406	-2.923222
		54.980766	-1.615849
		53.751959	-0.335941
		53.803895	-1.549931
		53.478239	-2.258549
		53.409532	-3.000126
		52.486125	-1.890507
		51.488224	-3.186893
		51.624837	-3.94495
		50.152266	-5.065556
		50.726024	-3.543949
		51.460852	-2.588139
		51.512161	-0.116215
		51.289406	1.075802
		
g153		1614.70757855554	0.838529242144446	1	10	9	8	7	6	3	4	5	0	1	11	12	14	13	2	15		
		55.862982	-4.263554
		55.958426	-3.186893
		54.892406	-2.923222
		54.980766	-1.615849
		53.751959	-0.335941
		53.803895	-1.549931
		53.478239	-2.258549
		53.409532	-3.000126
		52.486125	-1.890507
		51.460852	-2.588139
		51.488224	-3.186893
		51.624837	-3.94495
		50.152266	-5.065556
		50.726024	-3.543949
		51.512161	-0.116215
		51.289406	1.075802
		
g153		1631.15131975355	0.836884868024645	2	9	10	8	7	6	3	4	5	0	11	12	14	13	1	2	15		
		55.958426	-3.186893
		55.862982	-4.263554
		54.892406	-2.923222
		54.980766	-1.615849
		53.751959	-0.335941
		53.803895	-1.549931
		53.478239	-2.258549
		53.409532	-3.000126
		52.486125	-1.890507
		51.488224	-3.186893
		51.624837	-3.94495
		50.152266	-5.065556
		50.726024	-3.543949
		51.460852	-2.588139
		51.512161	-0.116215
		51.289406	1.075802
		
g153		1632.18241801618	0.836781758198382	3	9	10	8	7	6	3	4	5	0	1	11	12	14	13	2	15		
		55.958426	-3.186893
		55.862982	-4.263554
		54.892406	-2.923222
		54.980766	-1.615849
		53.751959	-0.335941
		53.803895	-1.549931
		53.478239	-2.258549
		53.409532	-3.000126
		52.486125	-1.890507
		51.460852	-2.588139
		51.488224	-3.186893
		51.624837	-3.94495
		50.152266	-5.065556
		50.726024	-3.543949
		51.512161	-0.116215
		51.289406	1.075802
		
g153		1656.09836620198	0.834390163379802	4	10	9	8	7	3	6	4	5	0	11	12	14	13	1	2	15		
		55.862982	-4.263554
		55.958426	-3.186893
		54.892406	-2.923222
		54.980766	-1.615849
		53.803895	-1.549931
		53.751959	-0.335941
		53.478239	-2.258549
		53.409532	-3.000126
		52.486125	-1.890507
		51.488224	-3.186893
		51.624837	-3.94495
		50.152266	-5.065556
		50.726024	-3.543949
		51.460852	-2.588139
		51.512161	-0.116215
		51.289406	1.075802
		
g153		1657.12946446462	0.834287053553538	5	10	9	8	7	3	6	4	5	0	1	11	12	14	13	2	15		
		55.862982	-4.263554
		55.958426	-3.186893
		54.892406	-2.923222
		54.980766	-1.615849
		53.803895	-1.549931
		53.751959	-0.335941
		53.478239	-2.258549
		53.409532	-3.000126
		52.486125	-1.890507
		51.460852	-2.588139
		51.488224	-3.186893
		51.624837	-3.94495
		50.152266	-5.065556
		50.726024	-3.543949
		51.512161	-0.116215
		51.289406	1.075802
		
