c	4 0 1 11 12 14 13 6 9 10 8 7 3 2 5 15	2690.13627586508	0.730986372413492	4	0	1	11	12	14	13	6	9	10	8	7	3	2	5	15		
		53.478239	-2.258549
		52.486125	-1.890507
		51.460852	-2.588139
		51.488224	-3.186893
		51.624837	-3.94495
		50.152266	-5.065556
		50.726024	-3.543949
		53.751959	-0.335941
		55.958426	-3.186893
		55.862982	-4.263554
		54.892406	-2.923222
		54.980766	-1.615849
		53.803895	-1.549931
		51.512161	-0.116215
		53.409532	-3.000126
		51.289406	1.075802
		
c	7 10 9 8 3 0 6 5 4 1 11 12 14 13 2 15	2053.8054183994	0.79461945816006	7	10	9	8	3	0	6	5	4	1	11	12	14	13	2	15		
		54.980766	-1.615849
		55.862982	-4.263554
		55.958426	-3.186893
		54.892406	-2.923222
		53.803895	-1.549931
		52.486125	-1.890507
		53.751959	-0.335941
		53.409532	-3.000126
		53.478239	-2.258549
		51.460852	-2.588139
		51.488224	-3.186893
		51.624837	-3.94495
		50.152266	-5.065556
		50.726024	-3.543949
		51.512161	-0.116215
		51.289406	1.075802
		
c	5 4 12 14 13 1 2 3 6 7 9 10 8 0 11 15	2448.04037094829	0.755195962905171	5	4	12	14	13	1	2	3	6	7	9	10	8	0	11	15		
		53.409532	-3.000126
		53.478239	-2.258549
		51.624837	-3.94495
		50.152266	-5.065556
		50.726024	-3.543949
		51.460852	-2.588139
		51.512161	-0.116215
		53.803895	-1.549931
		53.751959	-0.335941
		54.980766	-1.615849
		55.958426	-3.186893
		55.862982	-4.263554
		54.892406	-2.923222
		52.486125	-1.890507
		51.488224	-3.186893
		51.289406	1.075802
		
c	6 9 7 10 8 3 5 4 0 1 11 12 14 13 2 15	2069.50425400481	0.793049574599519	6	9	7	10	8	3	5	4	0	1	11	12	14	13	2	15		
		53.751959	-0.335941
		55.958426	-3.186893
		54.980766	-1.615849
		55.862982	-4.263554
		54.892406	-2.923222
		53.803895	-1.549931
		53.409532	-3.000126
		53.478239	-2.258549
		52.486125	-1.890507
		51.460852	-2.588139
		51.488224	-3.186893
		51.624837	-3.94495
		50.152266	-5.065556
		50.726024	-3.543949
		51.512161	-0.116215
		51.289406	1.075802
		
c	3 5 6 7 9 10 8 4 0 1 11 12 14 13 2 15	1940.893000935	0.8059106999065	3	5	6	7	9	10	8	4	0	1	11	12	14	13	2	15		
		53.803895	-1.549931
		53.409532	-3.000126
		53.751959	-0.335941
		54.980766	-1.615849
		55.958426	-3.186893
		55.862982	-4.263554
		54.892406	-2.923222
		53.478239	-2.258549
		52.486125	-1.890507
		51.460852	-2.588139
		51.488224	-3.186893
		51.624837	-3.94495
		50.152266	-5.065556
		50.726024	-3.543949
		51.512161	-0.116215
		51.289406	1.075802
		
c	7 9 10 8 5 4 0 6 3 1 11 12 14 13 2 15	1948.46273352895	0.805153726647105	7	9	10	8	5	4	0	6	3	1	11	12	14	13	2	15		
		54.980766	-1.615849
		55.958426	-3.186893
		55.862982	-4.263554
		54.892406	-2.923222
		53.409532	-3.000126
		53.478239	-2.258549
		52.486125	-1.890507
		53.751959	-0.335941
		53.803895	-1.549931
		51.460852	-2.588139
		51.488224	-3.186893
		51.624837	-3.94495
		50.152266	-5.065556
		50.726024	-3.543949
		51.512161	-0.116215
		51.289406	1.075802
		
c	10 9 8 7 5 6 3 4 0 1 11 12 14 13 2 15	1767.93964020092	0.823206035979908	10	9	8	7	5	6	3	4	0	1	11	12	14	13	2	15		
		55.862982	-4.263554
		55.958426	-3.186893
		54.892406	-2.923222
		54.980766	-1.615849
		53.409532	-3.000126
		53.751959	-0.335941
		53.803895	-1.549931
		53.478239	-2.258549
		52.486125	-1.890507
		51.460852	-2.588139
		51.488224	-3.186893
		51.624837	-3.94495
		50.152266	-5.065556
		50.726024	-3.543949
		51.512161	-0.116215
		51.289406	1.075802
		
c	0 1 4 11 3 6 7 9 10 8 5 12 14 13 2 15	2472.48839221698	0.752751160778302	0	1	4	11	3	6	7	9	10	8	5	12	14	13	2	15		
		52.486125	-1.890507
		51.460852	-2.588139
		53.478239	-2.258549
		51.488224	-3.186893
		53.803895	-1.549931
		53.751959	-0.335941
		54.980766	-1.615849
		55.958426	-3.186893
		55.862982	-4.263554
		54.892406	-2.923222
		53.409532	-3.000126
		51.624837	-3.94495
		50.152266	-5.065556
		50.726024	-3.543949
		51.512161	-0.116215
		51.289406	1.075802
		
c	1 12 13 14 2 15 6 7 10 9 8 3 5 4 0 11	2181.3615396351	0.78186384603649	1	12	13	14	2	15	6	7	10	9	8	3	5	4	0	11		
		51.460852	-2.588139
		51.624837	-3.94495
		50.726024	-3.543949
		50.152266	-5.065556
		51.512161	-0.116215
		51.289406	1.075802
		53.751959	-0.335941
		54.980766	-1.615849
		55.862982	-4.263554
		55.958426	-3.186893
		54.892406	-2.923222
		53.803895	-1.549931
		53.409532	-3.000126
		53.478239	-2.258549
		52.486125	-1.890507
		51.488224	-3.186893
		
c	13 6 3 7 9 10 8 5 4 0 1 11 12 14 2 15	2158.48978218837	0.784151021781163	13	6	3	7	9	10	8	5	4	0	1	11	12	14	2	15		
		50.726024	-3.543949
		53.751959	-0.335941
		53.803895	-1.549931
		54.980766	-1.615849
		55.958426	-3.186893
		55.862982	-4.263554
		54.892406	-2.923222
		53.409532	-3.000126
		53.478239	-2.258549
		52.486125	-1.890507
		51.460852	-2.588139
		51.488224	-3.186893
		51.624837	-3.94495
		50.152266	-5.065556
		51.512161	-0.116215
		51.289406	1.075802
		
c	11 10 8 4 5 0 12 14 13 1 3 6 7 9 2 15	2827.53684328301	0.717246315671699	11	10	8	4	5	0	12	14	13	1	3	6	7	9	2	15		
		51.488224	-3.186893
		55.862982	-4.263554
		54.892406	-2.923222
		53.478239	-2.258549
		53.409532	-3.000126
		52.486125	-1.890507
		51.624837	-3.94495
		50.152266	-5.065556
		50.726024	-3.543949
		51.460852	-2.588139
		53.803895	-1.549931
		53.751959	-0.335941
		54.980766	-1.615849
		55.958426	-3.186893
		51.512161	-0.116215
		51.289406	1.075802
		
c	4 0 1 11 12 14 13 2 6 7 9 10 8 3 5 15	2274.79780288208	0.772520219711792	4	0	1	11	12	14	13	2	6	7	9	10	8	3	5	15		
		53.478239	-2.258549
		52.486125	-1.890507
		51.460852	-2.588139
		51.488224	-3.186893
		51.624837	-3.94495
		50.152266	-5.065556
		50.726024	-3.543949
		51.512161	-0.116215
		53.751959	-0.335941
		54.980766	-1.615849
		55.958426	-3.186893
		55.862982	-4.263554
		54.892406	-2.923222
		53.803895	-1.549931
		53.409532	-3.000126
		51.289406	1.075802
		
c	3 0 11 12 14 13 2 15 1 6 7 9 10 8 4 5	2269.22826125795	0.773077173874205	3	0	11	12	14	13	2	15	1	6	7	9	10	8	4	5		
		53.803895	-1.549931
		52.486125	-1.890507
		51.488224	-3.186893
		51.624837	-3.94495
		50.152266	-5.065556
		50.726024	-3.543949
		51.512161	-0.116215
		51.289406	1.075802
		51.460852	-2.588139
		53.751959	-0.335941
		54.980766	-1.615849
		55.958426	-3.186893
		55.862982	-4.263554
		54.892406	-2.923222
		53.478239	-2.258549
		53.409532	-3.000126
		
c	11 12 14 0 1 3 5 6 7 9 10 8 4 13 2 15	2589.76612186781	0.741023387813219	11	12	14	0	1	3	5	6	7	9	10	8	4	13	2	15		
		51.488224	-3.186893
		51.624837	-3.94495
		50.152266	-5.065556
		52.486125	-1.890507
		51.460852	-2.588139
		53.803895	-1.549931
		53.409532	-3.000126
		53.751959	-0.335941
		54.980766	-1.615849
		55.958426	-3.186893
		55.862982	-4.263554
		54.892406	-2.923222
		53.478239	-2.258549
		50.726024	-3.543949
		51.512161	-0.116215
		51.289406	1.075802
		
c	5 6 7 9 10 8 4 0 1 11 12 14 13 3 2 15	2221.63422058749	0.777836577941251	5	6	7	9	10	8	4	0	1	11	12	14	13	3	2	15		
		53.409532	-3.000126
		53.751959	-0.335941
		54.980766	-1.615849
		55.958426	-3.186893
		55.862982	-4.263554
		54.892406	-2.923222
		53.478239	-2.258549
		52.486125	-1.890507
		51.460852	-2.588139
		51.488224	-3.186893
		51.624837	-3.94495
		50.152266	-5.065556
		50.726024	-3.543949
		53.803895	-1.549931
		51.512161	-0.116215
		51.289406	1.075802
		
c	4 3 0 11 12 14 13 2 15 1 6 7 9 10 8 5	2280.50703108973	0.771949296891027	4	3	0	11	12	14	13	2	15	1	6	7	9	10	8	5		
		53.478239	-2.258549
		53.803895	-1.549931
		52.486125	-1.890507
		51.488224	-3.186893
		51.624837	-3.94495
		50.152266	-5.065556
		50.726024	-3.543949
		51.512161	-0.116215
		51.289406	1.075802
		51.460852	-2.588139
		53.751959	-0.335941
		54.980766	-1.615849
		55.958426	-3.186893
		55.862982	-4.263554
		54.892406	-2.923222
		53.409532	-3.000126
		
c	10 8 11 5 3 4 0 1 12 14 13 2 6 7 9 15	2934.73223122393	0.706526776877607	10	8	11	5	3	4	0	1	12	14	13	2	6	7	9	15		
		55.862982	-4.263554
		54.892406	-2.923222
		51.488224	-3.186893
		53.409532	-3.000126
		53.803895	-1.549931
		53.478239	-2.258549
		52.486125	-1.890507
		51.460852	-2.588139
		51.624837	-3.94495
		50.152266	-5.065556
		50.726024	-3.543949
		51.512161	-0.116215
		53.751959	-0.335941
		54.980766	-1.615849
		55.958426	-3.186893
		51.289406	1.075802
		
c	4 0 1 11 12 13 6 3 7 9 10 8 5 14 2 15	2419.95984976788	0.758004015023212	4	0	1	11	12	13	6	3	7	9	10	8	5	14	2	15		
		53.478239	-2.258549
		52.486125	-1.890507
		51.460852	-2.588139
		51.488224	-3.186893
		51.624837	-3.94495
		50.726024	-3.543949
		53.751959	-0.335941
		53.803895	-1.549931
		54.980766	-1.615849
		55.958426	-3.186893
		55.862982	-4.263554
		54.892406	-2.923222
		53.409532	-3.000126
		50.152266	-5.065556
		51.512161	-0.116215
		51.289406	1.075802
		
c	8 7 0 1 12 14 4 5 11 13 9 10 6 3 2 15	2965.16128273174	0.703483871726826	8	7	0	1	12	14	4	5	11	13	9	10	6	3	2	15		
		54.892406	-2.923222
		54.980766	-1.615849
		52.486125	-1.890507
		51.460852	-2.588139
		51.624837	-3.94495
		50.152266	-5.065556
		53.478239	-2.258549
		53.409532	-3.000126
		51.488224	-3.186893
		50.726024	-3.543949
		55.958426	-3.186893
		55.862982	-4.263554
		53.751959	-0.335941
		53.803895	-1.549931
		51.512161	-0.116215
		51.289406	1.075802
		
c	7 9 10 8 3 5 4 0 1 11 12 14 13 2 6 15	2091.14853163198	0.790885146836802	7	9	10	8	3	5	4	0	1	11	12	14	13	2	6	15		
		54.980766	-1.615849
		55.958426	-3.186893
		55.862982	-4.263554
		54.892406	-2.923222
		53.803895	-1.549931
		53.409532	-3.000126
		53.478239	-2.258549
		52.486125	-1.890507
		51.460852	-2.588139
		51.488224	-3.186893
		51.624837	-3.94495
		50.152266	-5.065556
		50.726024	-3.543949
		51.512161	-0.116215
		53.751959	-0.335941
		51.289406	1.075802
		
c	14 13 9 10 6 7 3 4 5 8 0 1 12 11 2 15	2532.75575996679	0.746724424003321	14	13	9	10	6	7	3	4	5	8	0	1	12	11	2	15		
		50.152266	-5.065556
		50.726024	-3.543949
		55.958426	-3.186893
		55.862982	-4.263554
		53.751959	-0.335941
		54.980766	-1.615849
		53.803895	-1.549931
		53.478239	-2.258549
		53.409532	-3.000126
		54.892406	-2.923222
		52.486125	-1.890507
		51.460852	-2.588139
		51.624837	-3.94495
		51.488224	-3.186893
		51.512161	-0.116215
		51.289406	1.075802
		
c	8 3 0 6 9 7 10 5 4 1 11 12 14 13 2 15	2423.65123486961	0.757634876513039	8	3	0	6	9	7	10	5	4	1	11	12	14	13	2	15		
		54.892406	-2.923222
		53.803895	-1.549931
		52.486125	-1.890507
		53.751959	-0.335941
		55.958426	-3.186893
		54.980766	-1.615849
		55.862982	-4.263554
		53.409532	-3.000126
		53.478239	-2.258549
		51.460852	-2.588139
		51.488224	-3.186893
		51.624837	-3.94495
		50.152266	-5.065556
		50.726024	-3.543949
		51.512161	-0.116215
		51.289406	1.075802
		
c	14 12 13 11 2 6 7 10 9 8 0 3 4 5 1 15	2383.6125632541	0.76163874367459	14	12	13	11	2	6	7	10	9	8	0	3	4	5	1	15		
		50.152266	-5.065556
		51.624837	-3.94495
		50.726024	-3.543949
		51.488224	-3.186893
		51.512161	-0.116215
		53.751959	-0.335941
		54.980766	-1.615849
		55.862982	-4.263554
		55.958426	-3.186893
		54.892406	-2.923222
		52.486125	-1.890507
		53.803895	-1.549931
		53.478239	-2.258549
		53.409532	-3.000126
		51.460852	-2.588139
		51.289406	1.075802
		
c	10 9 8 3 4 5 0 6 7 1 11 12 14 13 2 15	2048.8102931759	0.79511897068241	10	9	8	3	4	5	0	6	7	1	11	12	14	13	2	15		
		55.862982	-4.263554
		55.958426	-3.186893
		54.892406	-2.923222
		53.803895	-1.549931
		53.478239	-2.258549
		53.409532	-3.000126
		52.486125	-1.890507
		53.751959	-0.335941
		54.980766	-1.615849
		51.460852	-2.588139
		51.488224	-3.186893
		51.624837	-3.94495
		50.152266	-5.065556
		50.726024	-3.543949
		51.512161	-0.116215
		51.289406	1.075802
		
c	4 6 7 9 10 8 5 1 14 13 2 3 0 11 12 15	2599.87763791919	0.740012236208081	4	6	7	9	10	8	5	1	14	13	2	3	0	11	12	15		
		53.478239	-2.258549
		53.751959	-0.335941
		54.980766	-1.615849
		55.958426	-3.186893
		55.862982	-4.263554
		54.892406	-2.923222
		53.409532	-3.000126
		51.460852	-2.588139
		50.152266	-5.065556
		50.726024	-3.543949
		51.512161	-0.116215
		53.803895	-1.549931
		52.486125	-1.890507
		51.488224	-3.186893
		51.624837	-3.94495
		51.289406	1.075802
		
c	5 4 0 1 11 12 14 13 2 6 3 7 9 10 8 15	2237.89507081314	0.776210492918686	5	4	0	1	11	12	14	13	2	6	3	7	9	10	8	15		
		53.409532	-3.000126
		53.478239	-2.258549
		52.486125	-1.890507
		51.460852	-2.588139
		51.488224	-3.186893
		51.624837	-3.94495
		50.152266	-5.065556
		50.726024	-3.543949
		51.512161	-0.116215
		53.751959	-0.335941
		53.803895	-1.549931
		54.980766	-1.615849
		55.958426	-3.186893
		55.862982	-4.263554
		54.892406	-2.923222
		51.289406	1.075802
		
c	14 13 2 4 0 1 11 12 6 7 9 10 8 3 5 15	2445.20615916665	0.755479384083335	14	13	2	4	0	1	11	12	6	7	9	10	8	3	5	15		
		50.152266	-5.065556
		50.726024	-3.543949
		51.512161	-0.116215
		53.478239	-2.258549
		52.486125	-1.890507
		51.460852	-2.588139
		51.488224	-3.186893
		51.624837	-3.94495
		53.751959	-0.335941
		54.980766	-1.615849
		55.958426	-3.186893
		55.862982	-4.263554
		54.892406	-2.923222
		53.803895	-1.549931
		53.409532	-3.000126
		51.289406	1.075802
		
c	7 9 10 8 4 5 3 0 1 11 6 12 14 13 2 15	2287.52699150418	0.771247300849582	7	9	10	8	4	5	3	0	1	11	6	12	14	13	2	15		
		54.980766	-1.615849
		55.958426	-3.186893
		55.862982	-4.263554
		54.892406	-2.923222
		53.478239	-2.258549
		53.409532	-3.000126
		53.803895	-1.549931
		52.486125	-1.890507
		51.460852	-2.588139
		51.488224	-3.186893
		53.751959	-0.335941
		51.624837	-3.94495
		50.152266	-5.065556
		50.726024	-3.543949
		51.512161	-0.116215
		51.289406	1.075802
		
c	8 5 4 0 1 11 12 14 2 6 7 9 10 3 13 15	2717.04599802254	0.728295400197746	8	5	4	0	1	11	12	14	2	6	7	9	10	3	13	15		
		54.892406	-2.923222
		53.409532	-3.000126
		53.478239	-2.258549
		52.486125	-1.890507
		51.460852	-2.588139
		51.488224	-3.186893
		51.624837	-3.94495
		50.152266	-5.065556
		51.512161	-0.116215
		53.751959	-0.335941
		54.980766	-1.615849
		55.958426	-3.186893
		55.862982	-4.263554
		53.803895	-1.549931
		50.726024	-3.543949
		51.289406	1.075802
		
c	0 6 7 9 10 8 4 5 11 12 14 13 1 2 3 15	2355.49083834177	0.764450916165823	0	6	7	9	10	8	4	5	11	12	14	13	1	2	3	15		
		52.486125	-1.890507
		53.751959	-0.335941
		54.980766	-1.615849
		55.958426	-3.186893
		55.862982	-4.263554
		54.892406	-2.923222
		53.478239	-2.258549
		53.409532	-3.000126
		51.488224	-3.186893
		51.624837	-3.94495
		50.152266	-5.065556
		50.726024	-3.543949
		51.460852	-2.588139
		51.512161	-0.116215
		53.803895	-1.549931
		51.289406	1.075802
		
c	0 7 9 10 8 4 5 11 12 14 13 1 3 6 2 15	2209.42905511347	0.779057094488653	0	7	9	10	8	4	5	11	12	14	13	1	3	6	2	15		
		52.486125	-1.890507
		54.980766	-1.615849
		55.958426	-3.186893
		55.862982	-4.263554
		54.892406	-2.923222
		53.478239	-2.258549
		53.409532	-3.000126
		51.488224	-3.186893
		51.624837	-3.94495
		50.152266	-5.065556
		50.726024	-3.543949
		51.460852	-2.588139
		53.803895	-1.549931
		53.751959	-0.335941
		51.512161	-0.116215
		51.289406	1.075802
		
c	4 5 0 1 11 12 14 13 9 10 6 7 8 3 2 15	2450.39184374512	0.754960815625488	4	5	0	1	11	12	14	13	9	10	6	7	8	3	2	15		
		53.478239	-2.258549
		53.409532	-3.000126
		52.486125	-1.890507
		51.460852	-2.588139
		51.488224	-3.186893
		51.624837	-3.94495
		50.152266	-5.065556
		50.726024	-3.543949
		55.958426	-3.186893
		55.862982	-4.263554
		53.751959	-0.335941
		54.980766	-1.615849
		54.892406	-2.923222
		53.803895	-1.549931
		51.512161	-0.116215
		51.289406	1.075802
		
c	4 1 11 12 14 13 6 3 7 9 10 8 5 0 2 15	2133.32608300197	0.786667391699803	4	1	11	12	14	13	6	3	7	9	10	8	5	0	2	15		
		53.478239	-2.258549
		51.460852	-2.588139
		51.488224	-3.186893
		51.624837	-3.94495
		50.152266	-5.065556
		50.726024	-3.543949
		53.751959	-0.335941
		53.803895	-1.549931
		54.980766	-1.615849
		55.958426	-3.186893
		55.862982	-4.263554
		54.892406	-2.923222
		53.409532	-3.000126
		52.486125	-1.890507
		51.512161	-0.116215
		51.289406	1.075802
		
c	3 5 4 15 6 7 9 10 8 0 1 11 12 14 13 2	2346.53950011859	0.765346049988141	3	5	4	15	6	7	9	10	8	0	1	11	12	14	13	2		
		53.803895	-1.549931
		53.409532	-3.000126
		53.478239	-2.258549
		51.289406	1.075802
		53.751959	-0.335941
		54.980766	-1.615849
		55.958426	-3.186893
		55.862982	-4.263554
		54.892406	-2.923222
		52.486125	-1.890507
		51.460852	-2.588139
		51.488224	-3.186893
		51.624837	-3.94495
		50.152266	-5.065556
		50.726024	-3.543949
		51.512161	-0.116215
		
c	10 8 4 5 6 9 7 3 0 1 11 12 14 13 2 15	2129.49068537813	0.787050931462187	10	8	4	5	6	9	7	3	0	1	11	12	14	13	2	15		
		55.862982	-4.263554
		54.892406	-2.923222
		53.478239	-2.258549
		53.409532	-3.000126
		53.751959	-0.335941
		55.958426	-3.186893
		54.980766	-1.615849
		53.803895	-1.549931
		52.486125	-1.890507
		51.460852	-2.588139
		51.488224	-3.186893
		51.624837	-3.94495
		50.152266	-5.065556
		50.726024	-3.543949
		51.512161	-0.116215
		51.289406	1.075802
		
c	7 9 10 8 3 5 4 0 1 11 2 14 13 12 6 15	2385.27228974184	0.761472771025816	7	9	10	8	3	5	4	0	1	11	2	14	13	12	6	15		
		54.980766	-1.615849
		55.958426	-3.186893
		55.862982	-4.263554
		54.892406	-2.923222
		53.803895	-1.549931
		53.409532	-3.000126
		53.478239	-2.258549
		52.486125	-1.890507
		51.460852	-2.588139
		51.488224	-3.186893
		51.512161	-0.116215
		50.152266	-5.065556
		50.726024	-3.543949
		51.624837	-3.94495
		53.751959	-0.335941
		51.289406	1.075802
		
c	0 11 12 14 13 6 7 9 10 8 5 3 4 1 2 15	2228.85921372547	0.777114078627453	0	11	12	14	13	6	7	9	10	8	5	3	4	1	2	15		
		52.486125	-1.890507
		51.488224	-3.186893
		51.624837	-3.94495
		50.152266	-5.065556
		50.726024	-3.543949
		53.751959	-0.335941
		54.980766	-1.615849
		55.958426	-3.186893
		55.862982	-4.263554
		54.892406	-2.923222
		53.409532	-3.000126
		53.803895	-1.549931
		53.478239	-2.258549
		51.460852	-2.588139
		51.512161	-0.116215
		51.289406	1.075802
		
c	9 5 6 10 8 3 4 0 7 1 12 14 13 11 2 15	2731.57037233673	0.726842962766327	9	5	6	10	8	3	4	0	7	1	12	14	13	11	2	15		
		55.958426	-3.186893
		53.409532	-3.000126
		53.751959	-0.335941
		55.862982	-4.263554
		54.892406	-2.923222
		53.803895	-1.549931
		53.478239	-2.258549
		52.486125	-1.890507
		54.980766	-1.615849
		51.460852	-2.588139
		51.624837	-3.94495
		50.152266	-5.065556
		50.726024	-3.543949
		51.488224	-3.186893
		51.512161	-0.116215
		51.289406	1.075802
		
c	5 6 9 10 7 3 4 0 8 1 12 14 13 11 2 15	2498.34010824433	0.750165989175567	5	6	9	10	7	3	4	0	8	1	12	14	13	11	2	15		
		53.409532	-3.000126
		53.751959	-0.335941
		55.958426	-3.186893
		55.862982	-4.263554
		54.980766	-1.615849
		53.803895	-1.549931
		53.478239	-2.258549
		52.486125	-1.890507
		54.892406	-2.923222
		51.460852	-2.588139
		51.624837	-3.94495
		50.152266	-5.065556
		50.726024	-3.543949
		51.488224	-3.186893
		51.512161	-0.116215
		51.289406	1.075802
		
c	14 13 2 3 4 5 0 1 6 7 9 10 8 11 12 15	2603.56830195892	0.739643169804108	14	13	2	3	4	5	0	1	6	7	9	10	8	11	12	15		
		50.152266	-5.065556
		50.726024	-3.543949
		51.512161	-0.116215
		53.803895	-1.549931
		53.478239	-2.258549
		53.409532	-3.000126
		52.486125	-1.890507
		51.460852	-2.588139
		53.751959	-0.335941
		54.980766	-1.615849
		55.958426	-3.186893
		55.862982	-4.263554
		54.892406	-2.923222
		51.488224	-3.186893
		51.624837	-3.94495
		51.289406	1.075802
		
c	8 3 5 6 7 9 10 4 0 1 11 12 14 13 2 15	2085.68893307059	0.791431106692941	8	3	5	6	7	9	10	4	0	1	11	12	14	13	2	15		
		54.892406	-2.923222
		53.803895	-1.549931
		53.409532	-3.000126
		53.751959	-0.335941
		54.980766	-1.615849
		55.958426	-3.186893
		55.862982	-4.263554
		53.478239	-2.258549
		52.486125	-1.890507
		51.460852	-2.588139
		51.488224	-3.186893
		51.624837	-3.94495
		50.152266	-5.065556
		50.726024	-3.543949
		51.512161	-0.116215
		51.289406	1.075802
		
c	9 10 8 5 4 0 1 11 3 6 7 14 13 12 2 15	2383.34688006583	0.761665311993417	9	10	8	5	4	0	1	11	3	6	7	14	13	12	2	15		
		55.958426	-3.186893
		55.862982	-4.263554
		54.892406	-2.923222
		53.409532	-3.000126
		53.478239	-2.258549
		52.486125	-1.890507
		51.460852	-2.588139
		51.488224	-3.186893
		53.803895	-1.549931
		53.751959	-0.335941
		54.980766	-1.615849
		50.152266	-5.065556
		50.726024	-3.543949
		51.624837	-3.94495
		51.512161	-0.116215
		51.289406	1.075802
		
c	6 9 8 4 0 1 7 10 11 12 14 13 3 5 2 15	3115.78461294002	0.688421538705998	6	9	8	4	0	1	7	10	11	12	14	13	3	5	2	15		
		53.751959	-0.335941
		55.958426	-3.186893
		54.892406	-2.923222
		53.478239	-2.258549
		52.486125	-1.890507
		51.460852	-2.588139
		54.980766	-1.615849
		55.862982	-4.263554
		51.488224	-3.186893
		51.624837	-3.94495
		50.152266	-5.065556
		50.726024	-3.543949
		53.803895	-1.549931
		53.409532	-3.000126
		51.512161	-0.116215
		51.289406	1.075802
		
c	1 3 5 6 7 9 10 8 4 0 11 12 14 13 2 15	2187.58015935084	0.781241984064916	1	3	5	6	7	9	10	8	4	0	11	12	14	13	2	15		
		51.460852	-2.588139
		53.803895	-1.549931
		53.409532	-3.000126
		53.751959	-0.335941
		54.980766	-1.615849
		55.958426	-3.186893
		55.862982	-4.263554
		54.892406	-2.923222
		53.478239	-2.258549
		52.486125	-1.890507
		51.488224	-3.186893
		51.624837	-3.94495
		50.152266	-5.065556
		50.726024	-3.543949
		51.512161	-0.116215
		51.289406	1.075802
		
c	7 10 9 8 3 4 5 0 1 11 6 12 14 13 2 15	2236.23844182033	0.776376155817967	7	10	9	8	3	4	5	0	1	11	6	12	14	13	2	15		
		54.980766	-1.615849
		55.862982	-4.263554
		55.958426	-3.186893
		54.892406	-2.923222
		53.803895	-1.549931
		53.478239	-2.258549
		53.409532	-3.000126
		52.486125	-1.890507
		51.460852	-2.588139
		51.488224	-3.186893
		53.751959	-0.335941
		51.624837	-3.94495
		50.152266	-5.065556
		50.726024	-3.543949
		51.512161	-0.116215
		51.289406	1.075802
		
c	13 3 5 7 10 0 11 12 14 2 15 1 6 9 8 4	3253.34126185579	0.674665873814421	13	3	5	7	10	0	11	12	14	2	15	1	6	9	8	4		
		50.726024	-3.543949
		53.803895	-1.549931
		53.409532	-3.000126
		54.980766	-1.615849
		55.862982	-4.263554
		52.486125	-1.890507
		51.488224	-3.186893
		51.624837	-3.94495
		50.152266	-5.065556
		51.512161	-0.116215
		51.289406	1.075802
		51.460852	-2.588139
		53.751959	-0.335941
		55.958426	-3.186893
		54.892406	-2.923222
		53.478239	-2.258549
		
c	4 0 1 12 14 13 2 15 7 9 10 6 8 5 11 3	2856.50912050612	0.714349087949388	4	0	1	12	14	13	2	15	7	9	10	6	8	5	11	3		
		53.478239	-2.258549
		52.486125	-1.890507
		51.460852	-2.588139
		51.624837	-3.94495
		50.152266	-5.065556
		50.726024	-3.543949
		51.512161	-0.116215
		51.289406	1.075802
		54.980766	-1.615849
		55.958426	-3.186893
		55.862982	-4.263554
		53.751959	-0.335941
		54.892406	-2.923222
		53.409532	-3.000126
		51.488224	-3.186893
		53.803895	-1.549931
		
c	0 11 12 14 13 2 6 7 10 9 8 3 4 5 1 15	2281.40250236625	0.771859749763375	0	11	12	14	13	2	6	7	10	9	8	3	4	5	1	15		
		52.486125	-1.890507
		51.488224	-3.186893
		51.624837	-3.94495
		50.152266	-5.065556
		50.726024	-3.543949
		51.512161	-0.116215
		53.751959	-0.335941
		54.980766	-1.615849
		55.862982	-4.263554
		55.958426	-3.186893
		54.892406	-2.923222
		53.803895	-1.549931
		53.478239	-2.258549
		53.409532	-3.000126
		51.460852	-2.588139
		51.289406	1.075802
		
c	13 12 14 8 4 3 6 7 9 10 5 0 1 11 2 15	2384.43460028066	0.761556539971934	13	12	14	8	4	3	6	7	9	10	5	0	1	11	2	15		
		50.726024	-3.543949
		51.624837	-3.94495
		50.152266	-5.065556
		54.892406	-2.923222
		53.478239	-2.258549
		53.803895	-1.549931
		53.751959	-0.335941
		54.980766	-1.615849
		55.958426	-3.186893
		55.862982	-4.263554
		53.409532	-3.000126
		52.486125	-1.890507
		51.460852	-2.588139
		51.488224	-3.186893
		51.512161	-0.116215
		51.289406	1.075802
		
c	13 2 15 1 6 7 9 10 8 4 5 3 0 11 12 14	2249.24620327133	0.775075379672867	13	2	15	1	6	7	9	10	8	4	5	3	0	11	12	14		
		50.726024	-3.543949
		51.512161	-0.116215
		51.289406	1.075802
		51.460852	-2.588139
		53.751959	-0.335941
		54.980766	-1.615849
		55.958426	-3.186893
		55.862982	-4.263554
		54.892406	-2.923222
		53.478239	-2.258549
		53.409532	-3.000126
		53.803895	-1.549931
		52.486125	-1.890507
		51.488224	-3.186893
		51.624837	-3.94495
		50.152266	-5.065556
		
c	5 4 0 1 11 12 14 13 6 9 10 8 7 3 2 15	2175.1276817735	0.78248723182265	5	4	0	1	11	12	14	13	6	9	10	8	7	3	2	15		
		53.409532	-3.000126
		53.478239	-2.258549
		52.486125	-1.890507
		51.460852	-2.588139
		51.488224	-3.186893
		51.624837	-3.94495
		50.152266	-5.065556
		50.726024	-3.543949
		53.751959	-0.335941
		55.958426	-3.186893
		55.862982	-4.263554
		54.892406	-2.923222
		54.980766	-1.615849
		53.803895	-1.549931
		51.512161	-0.116215
		51.289406	1.075802
		
c	10 7 3 4 0 1 12 8 5 11 14 13 9 6 2 15	3012.361512521	0.6987638487479	10	7	3	4	0	1	12	8	5	11	14	13	9	6	2	15		
		55.862982	-4.263554
		54.980766	-1.615849
		53.803895	-1.549931
		53.478239	-2.258549
		52.486125	-1.890507
		51.460852	-2.588139
		51.624837	-3.94495
		54.892406	-2.923222
		53.409532	-3.000126
		51.488224	-3.186893
		50.152266	-5.065556
		50.726024	-3.543949
		55.958426	-3.186893
		53.751959	-0.335941
		51.512161	-0.116215
		51.289406	1.075802
		
c	12 14 8 4 3 6 7 9 10 5 0 1 11 13 2 15	2411.13043914657	0.758886956085343	12	14	8	4	3	6	7	9	10	5	0	1	11	13	2	15		
		51.624837	-3.94495
		50.152266	-5.065556
		54.892406	-2.923222
		53.478239	-2.258549
		53.803895	-1.549931
		53.751959	-0.335941
		54.980766	-1.615849
		55.958426	-3.186893
		55.862982	-4.263554
		53.409532	-3.000126
		52.486125	-1.890507
		51.460852	-2.588139
		51.488224	-3.186893
		50.726024	-3.543949
		51.512161	-0.116215
		51.289406	1.075802
		
c	13 2 3 0 15 6 7 9 10 8 4 5 1 11 12 14	2429.68668212968	0.757031331787032	13	2	3	0	15	6	7	9	10	8	4	5	1	11	12	14		
		50.726024	-3.543949
		51.512161	-0.116215
		53.803895	-1.549931
		52.486125	-1.890507
		51.289406	1.075802
		53.751959	-0.335941
		54.980766	-1.615849
		55.958426	-3.186893
		55.862982	-4.263554
		54.892406	-2.923222
		53.478239	-2.258549
		53.409532	-3.000126
		51.460852	-2.588139
		51.488224	-3.186893
		51.624837	-3.94495
		50.152266	-5.065556
		
c	8 5 4 0 1 11 14 13 2 15 6 7 10 9 3 12	2421.80274062187	0.757819725937813	8	5	4	0	1	11	14	13	2	15	6	7	10	9	3	12		
		54.892406	-2.923222
		53.409532	-3.000126
		53.478239	-2.258549
		52.486125	-1.890507
		51.460852	-2.588139
		51.488224	-3.186893
		50.152266	-5.065556
		50.726024	-3.543949
		51.512161	-0.116215
		51.289406	1.075802
		53.751959	-0.335941
		54.980766	-1.615849
		55.862982	-4.263554
		55.958426	-3.186893
		53.803895	-1.549931
		51.624837	-3.94495
		
c	10 8 4 0 1 11 12 3 6 7 9 5 14 13 2 15	2449.88231523203	0.755011768476797	10	8	4	0	1	11	12	3	6	7	9	5	14	13	2	15		
		55.862982	-4.263554
		54.892406	-2.923222
		53.478239	-2.258549
		52.486125	-1.890507
		51.460852	-2.588139
		51.488224	-3.186893
		51.624837	-3.94495
		53.803895	-1.549931
		53.751959	-0.335941
		54.980766	-1.615849
		55.958426	-3.186893
		53.409532	-3.000126
		50.152266	-5.065556
		50.726024	-3.543949
		51.512161	-0.116215
		51.289406	1.075802
		
c	6 7 3 0 9 10 8 4 1 11 12 14 13 5 2 15	2505.35390889571	0.749464609110429	6	7	3	0	9	10	8	4	1	11	12	14	13	5	2	15		
		53.751959	-0.335941
		54.980766	-1.615849
		53.803895	-1.549931
		52.486125	-1.890507
		55.958426	-3.186893
		55.862982	-4.263554
		54.892406	-2.923222
		53.478239	-2.258549
		51.460852	-2.588139
		51.488224	-3.186893
		51.624837	-3.94495
		50.152266	-5.065556
		50.726024	-3.543949
		53.409532	-3.000126
		51.512161	-0.116215
		51.289406	1.075802
		
c	9 8 0 3 6 7 10 4 5 11 12 14 13 1 2 15	2260.60204031711	0.773939795968289	9	8	0	3	6	7	10	4	5	11	12	14	13	1	2	15		
		55.958426	-3.186893
		54.892406	-2.923222
		52.486125	-1.890507
		53.803895	-1.549931
		53.751959	-0.335941
		54.980766	-1.615849
		55.862982	-4.263554
		53.478239	-2.258549
		53.409532	-3.000126
		51.488224	-3.186893
		51.624837	-3.94495
		50.152266	-5.065556
		50.726024	-3.543949
		51.460852	-2.588139
		51.512161	-0.116215
		51.289406	1.075802
		
c	13 11 3 6 7 9 10 4 0 1 12 14 8 5 2 15	2717.32602431721	0.728267397568279	13	11	3	6	7	9	10	4	0	1	12	14	8	5	2	15		
		50.726024	-3.543949
		51.488224	-3.186893
		53.803895	-1.549931
		53.751959	-0.335941
		54.980766	-1.615849
		55.958426	-3.186893
		55.862982	-4.263554
		53.478239	-2.258549
		52.486125	-1.890507
		51.460852	-2.588139
		51.624837	-3.94495
		50.152266	-5.065556
		54.892406	-2.923222
		53.409532	-3.000126
		51.512161	-0.116215
		51.289406	1.075802
		
c	0 1 12 11 14 9 10 13 3 6 7 8 2 15 5 4	3382.50314583505	0.661749685416495	0	1	12	11	14	9	10	13	3	6	7	8	2	15	5	4		
		52.486125	-1.890507
		51.460852	-2.588139
		51.624837	-3.94495
		51.488224	-3.186893
		50.152266	-5.065556
		55.958426	-3.186893
		55.862982	-4.263554
		50.726024	-3.543949
		53.803895	-1.549931
		53.751959	-0.335941
		54.980766	-1.615849
		54.892406	-2.923222
		51.512161	-0.116215
		51.289406	1.075802
		53.409532	-3.000126
		53.478239	-2.258549
		
c	0 1 3 4 5 11 12 14 13 6 7 9 10 8 2 15	2496.70734450222	0.750329265549779	0	1	3	4	5	11	12	14	13	6	7	9	10	8	2	15		
		52.486125	-1.890507
		51.460852	-2.588139
		53.803895	-1.549931
		53.478239	-2.258549
		53.409532	-3.000126
		51.488224	-3.186893
		51.624837	-3.94495
		50.152266	-5.065556
		50.726024	-3.543949
		53.751959	-0.335941
		54.980766	-1.615849
		55.958426	-3.186893
		55.862982	-4.263554
		54.892406	-2.923222
		51.512161	-0.116215
		51.289406	1.075802
		
c	8 5 4 9 3 0 1 11 12 13 14 2 15 6 7 10	2464.124751659	0.7535875248341	8	5	4	9	3	0	1	11	12	13	14	2	15	6	7	10		
		54.892406	-2.923222
		53.409532	-3.000126
		53.478239	-2.258549
		55.958426	-3.186893
		53.803895	-1.549931
		52.486125	-1.890507
		51.460852	-2.588139
		51.488224	-3.186893
		51.624837	-3.94495
		50.726024	-3.543949
		50.152266	-5.065556
		51.512161	-0.116215
		51.289406	1.075802
		53.751959	-0.335941
		54.980766	-1.615849
		55.862982	-4.263554
		
c	5 6 9 10 8 7 3 4 0 1 11 12 14 13 2 15	1945.54298592482	0.805445701407518	5	6	9	10	8	7	3	4	0	1	11	12	14	13	2	15		
		53.409532	-3.000126
		53.751959	-0.335941
		55.958426	-3.186893
		55.862982	-4.263554
		54.892406	-2.923222
		54.980766	-1.615849
		53.803895	-1.549931
		53.478239	-2.258549
		52.486125	-1.890507
		51.460852	-2.588139
		51.488224	-3.186893
		51.624837	-3.94495
		50.152266	-5.065556
		50.726024	-3.543949
		51.512161	-0.116215
		51.289406	1.075802
		
c	6 7 9 10 8 4 5 1 14 13 2 3 0 11 12 15	2517.28795361892	0.748271204638108	6	7	9	10	8	4	5	1	14	13	2	3	0	11	12	15		
		53.751959	-0.335941
		54.980766	-1.615849
		55.958426	-3.186893
		55.862982	-4.263554
		54.892406	-2.923222
		53.478239	-2.258549
		53.409532	-3.000126
		51.460852	-2.588139
		50.152266	-5.065556
		50.726024	-3.543949
		51.512161	-0.116215
		53.803895	-1.549931
		52.486125	-1.890507
		51.488224	-3.186893
		51.624837	-3.94495
		51.289406	1.075802
		
c	1 11 12 14 13 2 7 9 10 8 6 4 5 3 0 15	2295.31821819251	0.770468178180749	1	11	12	14	13	2	7	9	10	8	6	4	5	3	0	15		
		51.460852	-2.588139
		51.488224	-3.186893
		51.624837	-3.94495
		50.152266	-5.065556
		50.726024	-3.543949
		51.512161	-0.116215
		54.980766	-1.615849
		55.958426	-3.186893
		55.862982	-4.263554
		54.892406	-2.923222
		53.751959	-0.335941
		53.478239	-2.258549
		53.409532	-3.000126
		53.803895	-1.549931
		52.486125	-1.890507
		51.289406	1.075802
		
c	12 2 6 7 0 11 3 9 10 8 4 5 1 14 13 15	2953.52366997594	0.704647633002406	12	2	6	7	0	11	3	9	10	8	4	5	1	14	13	15		
		51.624837	-3.94495
		51.512161	-0.116215
		53.751959	-0.335941
		54.980766	-1.615849
		52.486125	-1.890507
		51.488224	-3.186893
		53.803895	-1.549931
		55.958426	-3.186893
		55.862982	-4.263554
		54.892406	-2.923222
		53.478239	-2.258549
		53.409532	-3.000126
		51.460852	-2.588139
		50.152266	-5.065556
		50.726024	-3.543949
		51.289406	1.075802
		
c	1 11 12 13 14 2 3 5 6 7 9 10 8 4 0 15	2293.10835392245	0.770689164607755	1	11	12	13	14	2	3	5	6	7	9	10	8	4	0	15		
		51.460852	-2.588139
		51.488224	-3.186893
		51.624837	-3.94495
		50.726024	-3.543949
		50.152266	-5.065556
		51.512161	-0.116215
		53.803895	-1.549931
		53.409532	-3.000126
		53.751959	-0.335941
		54.980766	-1.615849
		55.958426	-3.186893
		55.862982	-4.263554
		54.892406	-2.923222
		53.478239	-2.258549
		52.486125	-1.890507
		51.289406	1.075802
		
c	5 0 1 4 2 3 6 7 9 10 8 12 14 13 11 15	2664.01410190985	0.733598589809015	5	0	1	4	2	3	6	7	9	10	8	12	14	13	11	15		
		53.409532	-3.000126
		52.486125	-1.890507
		51.460852	-2.588139
		53.478239	-2.258549
		51.512161	-0.116215
		53.803895	-1.549931
		53.751959	-0.335941
		54.980766	-1.615849
		55.958426	-3.186893
		55.862982	-4.263554
		54.892406	-2.923222
		51.624837	-3.94495
		50.152266	-5.065556
		50.726024	-3.543949
		51.488224	-3.186893
		51.289406	1.075802
		
c	0 1 11 12 14 13 9 8 5 6 10 7 3 4 2 15	2650.00079130434	0.734999920869566	0	1	11	12	14	13	9	8	5	6	10	7	3	4	2	15		
		52.486125	-1.890507
		51.460852	-2.588139
		51.488224	-3.186893
		51.624837	-3.94495
		50.152266	-5.065556
		50.726024	-3.543949
		55.958426	-3.186893
		54.892406	-2.923222
		53.409532	-3.000126
		53.751959	-0.335941
		55.862982	-4.263554
		54.980766	-1.615849
		53.803895	-1.549931
		53.478239	-2.258549
		51.512161	-0.116215
		51.289406	1.075802
		
c	4 11 3 5 0 1 6 7 9 10 8 12 14 13 2 15	2691.93280936026	0.730806719063974	4	11	3	5	0	1	6	7	9	10	8	12	14	13	2	15		
		53.478239	-2.258549
		51.488224	-3.186893
		53.803895	-1.549931
		53.409532	-3.000126
		52.486125	-1.890507
		51.460852	-2.588139
		53.751959	-0.335941
		54.980766	-1.615849
		55.958426	-3.186893
		55.862982	-4.263554
		54.892406	-2.923222
		51.624837	-3.94495
		50.152266	-5.065556
		50.726024	-3.543949
		51.512161	-0.116215
		51.289406	1.075802
		
c	10 8 4 5 1 14 13 11 6 3 7 9 0 12 2 15	2600.01558163974	0.739998441836026	10	8	4	5	1	14	13	11	6	3	7	9	0	12	2	15		
		55.862982	-4.263554
		54.892406	-2.923222
		53.478239	-2.258549
		53.409532	-3.000126
		51.460852	-2.588139
		50.152266	-5.065556
		50.726024	-3.543949
		51.488224	-3.186893
		53.751959	-0.335941
		53.803895	-1.549931
		54.980766	-1.615849
		55.958426	-3.186893
		52.486125	-1.890507
		51.624837	-3.94495
		51.512161	-0.116215
		51.289406	1.075802
		
c	10 8 6 4 5 3 0 1 11 12 9 7 14 13 2 15	2683.74742421519	0.731625257578481	10	8	6	4	5	3	0	1	11	12	9	7	14	13	2	15		
		55.862982	-4.263554
		54.892406	-2.923222
		53.751959	-0.335941
		53.478239	-2.258549
		53.409532	-3.000126
		53.803895	-1.549931
		52.486125	-1.890507
		51.460852	-2.588139
		51.488224	-3.186893
		51.624837	-3.94495
		55.958426	-3.186893
		54.980766	-1.615849
		50.152266	-5.065556
		50.726024	-3.543949
		51.512161	-0.116215
		51.289406	1.075802
		
c	5 6 3 4 0 1 11 12 14 13 2 15 7 9 10 8	2099.756022625	0.7900243977375	5	6	3	4	0	1	11	12	14	13	2	15	7	9	10	8		
		53.409532	-3.000126
		53.751959	-0.335941
		53.803895	-1.549931
		53.478239	-2.258549
		52.486125	-1.890507
		51.460852	-2.588139
		51.488224	-3.186893
		51.624837	-3.94495
		50.152266	-5.065556
		50.726024	-3.543949
		51.512161	-0.116215
		51.289406	1.075802
		54.980766	-1.615849
		55.958426	-3.186893
		55.862982	-4.263554
		54.892406	-2.923222
		
c	15 6 13 7 9 10 8 3 0 1 12 2 5 4 11 14	3082.1965877471	0.69178034122529	15	6	13	7	9	10	8	3	0	1	12	2	5	4	11	14		
		51.289406	1.075802
		53.751959	-0.335941
		50.726024	-3.543949
		54.980766	-1.615849
		55.958426	-3.186893
		55.862982	-4.263554
		54.892406	-2.923222
		53.803895	-1.549931
		52.486125	-1.890507
		51.460852	-2.588139
		51.624837	-3.94495
		51.512161	-0.116215
		53.409532	-3.000126
		53.478239	-2.258549
		51.488224	-3.186893
		50.152266	-5.065556
		
c	10 8 4 6 7 9 5 3 0 1 11 12 14 13 2 15	2142.35550721478	0.785764449278522	10	8	4	6	7	9	5	3	0	1	11	12	14	13	2	15		
		55.862982	-4.263554
		54.892406	-2.923222
		53.478239	-2.258549
		53.751959	-0.335941
		54.980766	-1.615849
		55.958426	-3.186893
		53.409532	-3.000126
		53.803895	-1.549931
		52.486125	-1.890507
		51.460852	-2.588139
		51.488224	-3.186893
		51.624837	-3.94495
		50.152266	-5.065556
		50.726024	-3.543949
		51.512161	-0.116215
		51.289406	1.075802
		
c	8 1 2 11 12 14 13 3 0 15 6 7 9 10 4 5	2896.33759608705	0.710366240391295	8	1	2	11	12	14	13	3	0	15	6	7	9	10	4	5		
		54.892406	-2.923222
		51.460852	-2.588139
		51.512161	-0.116215
		51.488224	-3.186893
		51.624837	-3.94495
		50.152266	-5.065556
		50.726024	-3.543949
		53.803895	-1.549931
		52.486125	-1.890507
		51.289406	1.075802
		53.751959	-0.335941
		54.980766	-1.615849
		55.958426	-3.186893
		55.862982	-4.263554
		53.478239	-2.258549
		53.409532	-3.000126
		
c	5 6 9 10 8 7 0 1 12 14 13 11 3 4 2 15	2355.13074065358	0.764486925934642	5	6	9	10	8	7	0	1	12	14	13	11	3	4	2	15		
		53.409532	-3.000126
		53.751959	-0.335941
		55.958426	-3.186893
		55.862982	-4.263554
		54.892406	-2.923222
		54.980766	-1.615849
		52.486125	-1.890507
		51.460852	-2.588139
		51.624837	-3.94495
		50.152266	-5.065556
		50.726024	-3.543949
		51.488224	-3.186893
		53.803895	-1.549931
		53.478239	-2.258549
		51.512161	-0.116215
		51.289406	1.075802
		
c	9 10 8 7 3 4 0 1 11 12 6 5 13 14 2 15	2222.37266979517	0.777762733020483	9	10	8	7	3	4	0	1	11	12	6	5	13	14	2	15		
		55.958426	-3.186893
		55.862982	-4.263554
		54.892406	-2.923222
		54.980766	-1.615849
		53.803895	-1.549931
		53.478239	-2.258549
		52.486125	-1.890507
		51.460852	-2.588139
		51.488224	-3.186893
		51.624837	-3.94495
		53.751959	-0.335941
		53.409532	-3.000126
		50.726024	-3.543949
		50.152266	-5.065556
		51.512161	-0.116215
		51.289406	1.075802
		
c	3 0 5 1 12 14 13 2 15 6 7 10 9 8 4 11	2461.25620521985	0.753874379478015	3	0	5	1	12	14	13	2	15	6	7	10	9	8	4	11		
		53.803895	-1.549931
		52.486125	-1.890507
		53.409532	-3.000126
		51.460852	-2.588139
		51.624837	-3.94495
		50.152266	-5.065556
		50.726024	-3.543949
		51.512161	-0.116215
		51.289406	1.075802
		53.751959	-0.335941
		54.980766	-1.615849
		55.862982	-4.263554
		55.958426	-3.186893
		54.892406	-2.923222
		53.478239	-2.258549
		51.488224	-3.186893
		
c	3 7 9 10 8 5 0 2 6 4 11 12 14 13 1 15	2269.40147739988	0.773059852260012	3	7	9	10	8	5	0	2	6	4	11	12	14	13	1	15		
		53.803895	-1.549931
		54.980766	-1.615849
		55.958426	-3.186893
		55.862982	-4.263554
		54.892406	-2.923222
		53.409532	-3.000126
		52.486125	-1.890507
		51.512161	-0.116215
		53.751959	-0.335941
		53.478239	-2.258549
		51.488224	-3.186893
		51.624837	-3.94495
		50.152266	-5.065556
		50.726024	-3.543949
		51.460852	-2.588139
		51.289406	1.075802
		
c	1 11 12 14 13 2 6 7 9 10 8 4 5 0 3 15	2238.1381035524	0.77618618964476	1	11	12	14	13	2	6	7	9	10	8	4	5	0	3	15		
		51.460852	-2.588139
		51.488224	-3.186893
		51.624837	-3.94495
		50.152266	-5.065556
		50.726024	-3.543949
		51.512161	-0.116215
		53.751959	-0.335941
		54.980766	-1.615849
		55.958426	-3.186893
		55.862982	-4.263554
		54.892406	-2.923222
		53.478239	-2.258549
		53.409532	-3.000126
		52.486125	-1.890507
		53.803895	-1.549931
		51.289406	1.075802
		
c	5 0 11 12 14 8 1 2 4 6 3 7 9 10 13 15	3326.09529275898	0.667390470724102	5	0	11	12	14	8	1	2	4	6	3	7	9	10	13	15		
		53.409532	-3.000126
		52.486125	-1.890507
		51.488224	-3.186893
		51.624837	-3.94495
		50.152266	-5.065556
		54.892406	-2.923222
		51.460852	-2.588139
		51.512161	-0.116215
		53.478239	-2.258549
		53.751959	-0.335941
		53.803895	-1.549931
		54.980766	-1.615849
		55.958426	-3.186893
		55.862982	-4.263554
		50.726024	-3.543949
		51.289406	1.075802
		
c	8 5 7 4 1 11 12 14 13 3 0 6 2 15 9 10	2847.28525054687	0.715271474945314	8	5	7	4	1	11	12	14	13	3	0	6	2	15	9	10		
		54.892406	-2.923222
		53.409532	-3.000126
		54.980766	-1.615849
		53.478239	-2.258549
		51.460852	-2.588139
		51.488224	-3.186893
		51.624837	-3.94495
		50.152266	-5.065556
		50.726024	-3.543949
		53.803895	-1.549931
		52.486125	-1.890507
		53.751959	-0.335941
		51.512161	-0.116215
		51.289406	1.075802
		55.958426	-3.186893
		55.862982	-4.263554
		
c	12 13 14 6 3 7 9 10 8 5 4 0 1 11 2 15	2098.64672019748	0.790135327980252	12	13	14	6	3	7	9	10	8	5	4	0	1	11	2	15		
		51.624837	-3.94495
		50.726024	-3.543949
		50.152266	-5.065556
		53.751959	-0.335941
		53.803895	-1.549931
		54.980766	-1.615849
		55.958426	-3.186893
		55.862982	-4.263554
		54.892406	-2.923222
		53.409532	-3.000126
		53.478239	-2.258549
		52.486125	-1.890507
		51.460852	-2.588139
		51.488224	-3.186893
		51.512161	-0.116215
		51.289406	1.075802
		
c	8 4 9 10 3 5 0 11 12 2 15 1 14 13 6 7	2748.43119995647	0.725156880004353	8	4	9	10	3	5	0	11	12	2	15	1	14	13	6	7		
		54.892406	-2.923222
		53.478239	-2.258549
		55.958426	-3.186893
		55.862982	-4.263554
		53.803895	-1.549931
		53.409532	-3.000126
		52.486125	-1.890507
		51.488224	-3.186893
		51.624837	-3.94495
		51.512161	-0.116215
		51.289406	1.075802
		51.460852	-2.588139
		50.152266	-5.065556
		50.726024	-3.543949
		53.751959	-0.335941
		54.980766	-1.615849
		
c	0 6 7 9 10 8 4 5 3 1 11 12 14 13 2 15	2018.63752159736	0.798136247840264	0	6	7	9	10	8	4	5	3	1	11	12	14	13	2	15		
		52.486125	-1.890507
		53.751959	-0.335941
		54.980766	-1.615849
		55.958426	-3.186893
		55.862982	-4.263554
		54.892406	-2.923222
		53.478239	-2.258549
		53.409532	-3.000126
		53.803895	-1.549931
		51.460852	-2.588139
		51.488224	-3.186893
		51.624837	-3.94495
		50.152266	-5.065556
		50.726024	-3.543949
		51.512161	-0.116215
		51.289406	1.075802
		
c	10 6 7 3 0 9 8 4 1 11 12 14 13 5 2 15	2764.01764685519	0.723598235314481	10	6	7	3	0	9	8	4	1	11	12	14	13	5	2	15		
		55.862982	-4.263554
		53.751959	-0.335941
		54.980766	-1.615849
		53.803895	-1.549931
		52.486125	-1.890507
		55.958426	-3.186893
		54.892406	-2.923222
		53.478239	-2.258549
		51.460852	-2.588139
		51.488224	-3.186893
		51.624837	-3.94495
		50.152266	-5.065556
		50.726024	-3.543949
		53.409532	-3.000126
		51.512161	-0.116215
		51.289406	1.075802
		
c	3 6 7 9 10 8 4 5 1 14 13 11 12 0 2 15	1937.25699456778	0.806274300543222	3	6	7	9	10	8	4	5	1	14	13	11	12	0	2	15		
		53.803895	-1.549931
		53.751959	-0.335941
		54.980766	-1.615849
		55.958426	-3.186893
		55.862982	-4.263554
		54.892406	-2.923222
		53.478239	-2.258549
		53.409532	-3.000126
		51.460852	-2.588139
		50.152266	-5.065556
		50.726024	-3.543949
		51.488224	-3.186893
		51.624837	-3.94495
		52.486125	-1.890507
		51.512161	-0.116215
		51.289406	1.075802
		
c	8 5 1 11 12 14 3 6 7 9 10 4 0 13 2 15	2563.35801998285	0.743664198001715	8	5	1	11	12	14	3	6	7	9	10	4	0	13	2	15		
		54.892406	-2.923222
		53.409532	-3.000126
		51.460852	-2.588139
		51.488224	-3.186893
		51.624837	-3.94495
		50.152266	-5.065556
		53.803895	-1.549931
		53.751959	-0.335941
		54.980766	-1.615849
		55.958426	-3.186893
		55.862982	-4.263554
		53.478239	-2.258549
		52.486125	-1.890507
		50.726024	-3.543949
		51.512161	-0.116215
		51.289406	1.075802
		
c	6 7 9 12 14 13 11 3 10 8 1 2 15 5 4 0	3057.26935451419	0.694273064548581	6	7	9	12	14	13	11	3	10	8	1	2	15	5	4	0		
		53.751959	-0.335941
		54.980766	-1.615849
		55.958426	-3.186893
		51.624837	-3.94495
		50.152266	-5.065556
		50.726024	-3.543949
		51.488224	-3.186893
		53.803895	-1.549931
		55.862982	-4.263554
		54.892406	-2.923222
		51.460852	-2.588139
		51.512161	-0.116215
		51.289406	1.075802
		53.409532	-3.000126
		53.478239	-2.258549
		52.486125	-1.890507
		
c	6 7 9 10 8 4 5 3 0 1 11 12 14 13 2 15	1845.90090033943	0.815409909966057	6	7	9	10	8	4	5	3	0	1	11	12	14	13	2	15		
		53.751959	-0.335941
		54.980766	-1.615849
		55.958426	-3.186893
		55.862982	-4.263554
		54.892406	-2.923222
		53.478239	-2.258549
		53.409532	-3.000126
		53.803895	-1.549931
		52.486125	-1.890507
		51.460852	-2.588139
		51.488224	-3.186893
		51.624837	-3.94495
		50.152266	-5.065556
		50.726024	-3.543949
		51.512161	-0.116215
		51.289406	1.075802
		
c	5 4 0 1 11 6 9 7 10 8 3 12 14 13 2 15	2517.55988679114	0.748244011320886	5	4	0	1	11	6	9	7	10	8	3	12	14	13	2	15		
		53.409532	-3.000126
		53.478239	-2.258549
		52.486125	-1.890507
		51.460852	-2.588139
		51.488224	-3.186893
		53.751959	-0.335941
		55.958426	-3.186893
		54.980766	-1.615849
		55.862982	-4.263554
		54.892406	-2.923222
		53.803895	-1.549931
		51.624837	-3.94495
		50.152266	-5.065556
		50.726024	-3.543949
		51.512161	-0.116215
		51.289406	1.075802
		
c	10 8 5 4 0 1 13 2 15 6 7 9 3 11 12 14	2409.64294467886	0.759035705532114	10	8	5	4	0	1	13	2	15	6	7	9	3	11	12	14		
		55.862982	-4.263554
		54.892406	-2.923222
		53.409532	-3.000126
		53.478239	-2.258549
		52.486125	-1.890507
		51.460852	-2.588139
		50.726024	-3.543949
		51.512161	-0.116215
		51.289406	1.075802
		53.751959	-0.335941
		54.980766	-1.615849
		55.958426	-3.186893
		53.803895	-1.549931
		51.488224	-3.186893
		51.624837	-3.94495
		50.152266	-5.065556
		
c	6 7 9 10 8 4 3 5 0 1 11 12 14 13 2 15	1833.78534641867	0.816621465358133	6	7	9	10	8	4	3	5	0	1	11	12	14	13	2	15		
		53.751959	-0.335941
		54.980766	-1.615849
		55.958426	-3.186893
		55.862982	-4.263554
		54.892406	-2.923222
		53.478239	-2.258549
		53.803895	-1.549931
		53.409532	-3.000126
		52.486125	-1.890507
		51.460852	-2.588139
		51.488224	-3.186893
		51.624837	-3.94495
		50.152266	-5.065556
		50.726024	-3.543949
		51.512161	-0.116215
		51.289406	1.075802
		
g82		1758.37881581719	0.824162118418281	0	6	3	7	9	10	8	5	4	0	1	11	12	14	13	2	15		
		53.751959	-0.335941
		53.803895	-1.549931
		54.980766	-1.615849
		55.958426	-3.186893
		55.862982	-4.263554
		54.892406	-2.923222
		53.409532	-3.000126
		53.478239	-2.258549
		52.486125	-1.890507
		51.460852	-2.588139
		51.488224	-3.186893
		51.624837	-3.94495
		50.152266	-5.065556
		50.726024	-3.543949
		51.512161	-0.116215
		51.289406	1.075802
		
g82		1764.36174716627	0.823563825283373	1	6	7	9	10	8	3	4	5	0	11	12	14	13	1	2	15		
		53.751959	-0.335941
		54.980766	-1.615849
		55.958426	-3.186893
		55.862982	-4.263554
		54.892406	-2.923222
		53.803895	-1.549931
		53.478239	-2.258549
		53.409532	-3.000126
		52.486125	-1.890507
		51.488224	-3.186893
		51.624837	-3.94495
		50.152266	-5.065556
		50.726024	-3.543949
		51.460852	-2.588139
		51.512161	-0.116215
		51.289406	1.075802
		
g82		1785.41447966156	0.821458552033844	2	9	10	8	7	5	6	3	4	0	1	11	12	14	13	2	15		
		55.958426	-3.186893
		55.862982	-4.263554
		54.892406	-2.923222
		54.980766	-1.615849
		53.409532	-3.000126
		53.751959	-0.335941
		53.803895	-1.549931
		53.478239	-2.258549
		52.486125	-1.890507
		51.460852	-2.588139
		51.488224	-3.186893
		51.624837	-3.94495
		50.152266	-5.065556
		50.726024	-3.543949
		51.512161	-0.116215
		51.289406	1.075802
		
g82		1787.2678443766	0.82127321556234	3	3	6	7	9	10	8	5	4	0	1	11	12	14	13	2	15		
		53.803895	-1.549931
		53.751959	-0.335941
		54.980766	-1.615849
		55.958426	-3.186893
		55.862982	-4.263554
		54.892406	-2.923222
		53.409532	-3.000126
		53.478239	-2.258549
		52.486125	-1.890507
		51.460852	-2.588139
		51.488224	-3.186893
		51.624837	-3.94495
		50.152266	-5.065556
		50.726024	-3.543949
		51.512161	-0.116215
		51.289406	1.075802
		
g82		1794.61235065558	0.820538764934442	4	6	7	10	9	8	3	4	5	0	1	11	12	14	13	2	15		
		53.751959	-0.335941
		54.980766	-1.615849
		55.862982	-4.263554
		55.958426	-3.186893
		54.892406	-2.923222
		53.803895	-1.549931
		53.478239	-2.258549
		53.409532	-3.000126
		52.486125	-1.890507
		51.460852	-2.588139
		51.488224	-3.186893
		51.624837	-3.94495
		50.152266	-5.065556
		50.726024	-3.543949
		51.512161	-0.116215
		51.289406	1.075802
		
g82		1797.80495121807	0.820219504878193	5	6	7	9	10	8	3	5	4	0	1	11	12	14	13	2	15		
		53.751959	-0.335941
		54.980766	-1.615849
		55.958426	-3.186893
		55.862982	-4.263554
		54.892406	-2.923222
		53.803895	-1.549931
		53.409532	-3.000126
		53.478239	-2.258549
		52.486125	-1.890507
		51.460852	-2.588139
		51.488224	-3.186893
		51.624837	-3.94495
		50.152266	-5.065556
		50.726024	-3.543949
		51.512161	-0.116215
		51.289406	1.075802
		
