c	10 8 3 4 6 7 9 5 0 1 11 12 14 13 2 15	2061.84745230425	0.793815254769575	10	8	3	4	6	7	9	5	0	1	11	12	14	13	2	15		
		55.862982	-4.263554
		54.892406	-2.923222
		53.803895	-1.549931
		53.478239	-2.258549
		53.751959	-0.335941
		54.980766	-1.615849
		55.958426	-3.186893
		53.409532	-3.000126
		52.486125	-1.890507
		51.460852	-2.588139
		51.488224	-3.186893
		51.624837	-3.94495
		50.152266	-5.065556
		50.726024	-3.543949
		51.512161	-0.116215
		51.289406	1.075802
		
c	5 3 4 0 14 1 11 12 13 2 15 6 7 9 8 10	2239.47228556013	0.776052771443987	5	3	4	0	14	1	11	12	13	2	15	6	7	9	8	10		
		53.409532	-3.000126
		53.803895	-1.549931
		53.478239	-2.258549
		52.486125	-1.890507
		50.152266	-5.065556
		51.460852	-2.588139
		51.488224	-3.186893
		51.624837	-3.94495
		50.726024	-3.543949
		51.512161	-0.116215
		51.289406	1.075802
		53.751959	-0.335941
		54.980766	-1.615849
		55.958426	-3.186893
		54.892406	-2.923222
		55.862982	-4.263554
		
c	1 6 7 9 10 8 3 0 5 4 11 12 14 13 2 15	2216.07102494481	0.778392897505519	1	6	7	9	10	8	3	0	5	4	11	12	14	13	2	15		
		51.460852	-2.588139
		53.751959	-0.335941
		54.980766	-1.615849
		55.958426	-3.186893
		55.862982	-4.263554
		54.892406	-2.923222
		53.803895	-1.549931
		52.486125	-1.890507
		53.409532	-3.000126
		53.478239	-2.258549
		51.488224	-3.186893
		51.624837	-3.94495
		50.152266	-5.065556
		50.726024	-3.543949
		51.512161	-0.116215
		51.289406	1.075802
		
c	11 6 3 7 9 10 8 5 4 0 1 13 12 14 2 15	2187.37049972529	0.781262950027471	11	6	3	7	9	10	8	5	4	0	1	13	12	14	2	15		
		51.488224	-3.186893
		53.751959	-0.335941
		53.803895	-1.549931
		54.980766	-1.615849
		55.958426	-3.186893
		55.862982	-4.263554
		54.892406	-2.923222
		53.409532	-3.000126
		53.478239	-2.258549
		52.486125	-1.890507
		51.460852	-2.588139
		50.726024	-3.543949
		51.624837	-3.94495
		50.152266	-5.065556
		51.512161	-0.116215
		51.289406	1.075802
		
c	13 2 12 14 15 0 1 11 6 7 9 10 8 3 5 4	2693.82927979495	0.730617072020505	13	2	12	14	15	0	1	11	6	7	9	10	8	3	5	4		
		50.726024	-3.543949
		51.512161	-0.116215
		51.624837	-3.94495
		50.152266	-5.065556
		51.289406	1.075802
		52.486125	-1.890507
		51.460852	-2.588139
		51.488224	-3.186893
		53.751959	-0.335941
		54.980766	-1.615849
		55.958426	-3.186893
		55.862982	-4.263554
		54.892406	-2.923222
		53.803895	-1.549931
		53.409532	-3.000126
		53.478239	-2.258549
		
c	2 9 10 8 7 5 6 3 12 0 1 11 4 14 13 15	3007.34107739368	0.699265892260632	2	9	10	8	7	5	6	3	12	0	1	11	4	14	13	15		
		51.512161	-0.116215
		55.958426	-3.186893
		55.862982	-4.263554
		54.892406	-2.923222
		54.980766	-1.615849
		53.409532	-3.000126
		53.751959	-0.335941
		53.803895	-1.549931
		51.624837	-3.94495
		52.486125	-1.890507
		51.460852	-2.588139
		51.488224	-3.186893
		53.478239	-2.258549
		50.152266	-5.065556
		50.726024	-3.543949
		51.289406	1.075802
		
c	7 9 5 0 11 12 14 13 2 15 6 10 8 3 4 1	2608.00859503716	0.739199140496284	7	9	5	0	11	12	14	13	2	15	6	10	8	3	4	1		
		54.980766	-1.615849
		55.958426	-3.186893
		53.409532	-3.000126
		52.486125	-1.890507
		51.488224	-3.186893
		51.624837	-3.94495
		50.152266	-5.065556
		50.726024	-3.543949
		51.512161	-0.116215
		51.289406	1.075802
		53.751959	-0.335941
		55.862982	-4.263554
		54.892406	-2.923222
		53.803895	-1.549931
		53.478239	-2.258549
		51.460852	-2.588139
		
c	0 1 5 11 12 14 13 2 15 6 7 9 10 8 3 4	2269.82312239772	0.773017687760228	0	1	5	11	12	14	13	2	15	6	7	9	10	8	3	4		
		52.486125	-1.890507
		51.460852	-2.588139
		53.409532	-3.000126
		51.488224	-3.186893
		51.624837	-3.94495
		50.152266	-5.065556
		50.726024	-3.543949
		51.512161	-0.116215
		51.289406	1.075802
		53.751959	-0.335941
		54.980766	-1.615849
		55.958426	-3.186893
		55.862982	-4.263554
		54.892406	-2.923222
		53.803895	-1.549931
		53.478239	-2.258549
		
c	6 7 9 10 8 3 4 2 0 1 11 13 12 14 5 15	2437.84643210599	0.756215356789401	6	7	9	10	8	3	4	2	0	1	11	13	12	14	5	15		
		53.751959	-0.335941
		54.980766	-1.615849
		55.958426	-3.186893
		55.862982	-4.263554
		54.892406	-2.923222
		53.803895	-1.549931
		53.478239	-2.258549
		51.512161	-0.116215
		52.486125	-1.890507
		51.460852	-2.588139
		51.488224	-3.186893
		50.726024	-3.543949
		51.624837	-3.94495
		50.152266	-5.065556
		53.409532	-3.000126
		51.289406	1.075802
		
c	5 12 11 14 13 2 15 6 7 9 10 8 3 4 0 1	2175.92400297607	0.782407599702393	5	12	11	14	13	2	15	6	7	9	10	8	3	4	0	1		
		53.409532	-3.000126
		51.624837	-3.94495
		51.488224	-3.186893
		50.152266	-5.065556
		50.726024	-3.543949
		51.512161	-0.116215
		51.289406	1.075802
		53.751959	-0.335941
		54.980766	-1.615849
		55.958426	-3.186893
		55.862982	-4.263554
		54.892406	-2.923222
		53.803895	-1.549931
		53.478239	-2.258549
		52.486125	-1.890507
		51.460852	-2.588139
		
c	12 14 13 1 0 6 7 9 10 8 3 5 4 11 2 15	2056.87449990138	0.794312550009862	12	14	13	1	0	6	7	9	10	8	3	5	4	11	2	15		
		51.624837	-3.94495
		50.152266	-5.065556
		50.726024	-3.543949
		51.460852	-2.588139
		52.486125	-1.890507
		53.751959	-0.335941
		54.980766	-1.615849
		55.958426	-3.186893
		55.862982	-4.263554
		54.892406	-2.923222
		53.803895	-1.549931
		53.409532	-3.000126
		53.478239	-2.258549
		51.488224	-3.186893
		51.512161	-0.116215
		51.289406	1.075802
		
c	6 7 9 10 8 3 4 5 0 11 12 1 13 14 2 15	1886.03236524147	0.811396763475853	6	7	9	10	8	3	4	5	0	11	12	1	13	14	2	15		
		53.751959	-0.335941
		54.980766	-1.615849
		55.958426	-3.186893
		55.862982	-4.263554
		54.892406	-2.923222
		53.803895	-1.549931
		53.478239	-2.258549
		53.409532	-3.000126
		52.486125	-1.890507
		51.488224	-3.186893
		51.624837	-3.94495
		51.460852	-2.588139
		50.726024	-3.543949
		50.152266	-5.065556
		51.512161	-0.116215
		51.289406	1.075802
		
c	11 12 14 1 2 15 6 5 13 7 9 10 8 3 4 0	2656.21953471556	0.734378046528444	11	12	14	1	2	15	6	5	13	7	9	10	8	3	4	0		
		51.488224	-3.186893
		51.624837	-3.94495
		50.152266	-5.065556
		51.460852	-2.588139
		51.512161	-0.116215
		51.289406	1.075802
		53.751959	-0.335941
		53.409532	-3.000126
		50.726024	-3.543949
		54.980766	-1.615849
		55.958426	-3.186893
		55.862982	-4.263554
		54.892406	-2.923222
		53.803895	-1.549931
		53.478239	-2.258549
		52.486125	-1.890507
		
c	11 12 1 3 5 4 0 13 14 6 7 9 10 8 2 15	2572.53491287725	0.742746508712275	11	12	1	3	5	4	0	13	14	6	7	9	10	8	2	15		
		51.488224	-3.186893
		51.624837	-3.94495
		51.460852	-2.588139
		53.803895	-1.549931
		53.409532	-3.000126
		53.478239	-2.258549
		52.486125	-1.890507
		50.726024	-3.543949
		50.152266	-5.065556
		53.751959	-0.335941
		54.980766	-1.615849
		55.958426	-3.186893
		55.862982	-4.263554
		54.892406	-2.923222
		51.512161	-0.116215
		51.289406	1.075802
		
c	11 14 13 2 15 6 7 0 12 1 9 10 8 3 4 5	2624.09976775499	0.737590023224501	11	14	13	2	15	6	7	0	12	1	9	10	8	3	4	5		
		51.488224	-3.186893
		50.152266	-5.065556
		50.726024	-3.543949
		51.512161	-0.116215
		51.289406	1.075802
		53.751959	-0.335941
		54.980766	-1.615849
		52.486125	-1.890507
		51.624837	-3.94495
		51.460852	-2.588139
		55.958426	-3.186893
		55.862982	-4.263554
		54.892406	-2.923222
		53.803895	-1.549931
		53.478239	-2.258549
		53.409532	-3.000126
		
c	7 9 10 8 5 6 3 4 0 1 11 12 14 13 2 15	1816.78660485524	0.818321339514476	7	9	10	8	5	6	3	4	0	1	11	12	14	13	2	15		
		54.980766	-1.615849
		55.958426	-3.186893
		55.862982	-4.263554
		54.892406	-2.923222
		53.409532	-3.000126
		53.751959	-0.335941
		53.803895	-1.549931
		53.478239	-2.258549
		52.486125	-1.890507
		51.460852	-2.588139
		51.488224	-3.186893
		51.624837	-3.94495
		50.152266	-5.065556
		50.726024	-3.543949
		51.512161	-0.116215
		51.289406	1.075802
		
c	5 0 11 12 14 13 2 15 6 7 9 10 8 3 4 1	2208.01274132126	0.779198725867874	5	0	11	12	14	13	2	15	6	7	9	10	8	3	4	1		
		53.409532	-3.000126
		52.486125	-1.890507
		51.488224	-3.186893
		51.624837	-3.94495
		50.152266	-5.065556
		50.726024	-3.543949
		51.512161	-0.116215
		51.289406	1.075802
		53.751959	-0.335941
		54.980766	-1.615849
		55.958426	-3.186893
		55.862982	-4.263554
		54.892406	-2.923222
		53.803895	-1.549931
		53.478239	-2.258549
		51.460852	-2.588139
		
c	3 5 4 0 1 11 12 13 14 2 15 6 7 9 8 10	2035.74966198365	0.796425033801635	3	5	4	0	1	11	12	13	14	2	15	6	7	9	8	10		
		53.803895	-1.549931
		53.409532	-3.000126
		53.478239	-2.258549
		52.486125	-1.890507
		51.460852	-2.588139
		51.488224	-3.186893
		51.624837	-3.94495
		50.726024	-3.543949
		50.152266	-5.065556
		51.512161	-0.116215
		51.289406	1.075802
		53.751959	-0.335941
		54.980766	-1.615849
		55.958426	-3.186893
		54.892406	-2.923222
		55.862982	-4.263554
		
c	10 8 3 4 6 7 9 5 0 11 12 14 13 1 2 15	2060.81635404161	0.793918364595839	10	8	3	4	6	7	9	5	0	11	12	14	13	1	2	15		
		55.862982	-4.263554
		54.892406	-2.923222
		53.803895	-1.549931
		53.478239	-2.258549
		53.751959	-0.335941
		54.980766	-1.615849
		55.958426	-3.186893
		53.409532	-3.000126
		52.486125	-1.890507
		51.488224	-3.186893
		51.624837	-3.94495
		50.152266	-5.065556
		50.726024	-3.543949
		51.460852	-2.588139
		51.512161	-0.116215
		51.289406	1.075802
		
c	4 5 6 2 9 10 8 3 0 1 11 13 12 14 7 15	3088.73552646216	0.691126447353784	4	5	6	2	9	10	8	3	0	1	11	13	12	14	7	15		
		53.478239	-2.258549
		53.409532	-3.000126
		53.751959	-0.335941
		51.512161	-0.116215
		55.958426	-3.186893
		55.862982	-4.263554
		54.892406	-2.923222
		53.803895	-1.549931
		52.486125	-1.890507
		51.460852	-2.588139
		51.488224	-3.186893
		50.726024	-3.543949
		51.624837	-3.94495
		50.152266	-5.065556
		54.980766	-1.615849
		51.289406	1.075802
		
c	6 3 7 9 10 8 5 4 0 1 13 11 12 14 2 15	1909.6927989069	0.80903072010931	6	3	7	9	10	8	5	4	0	1	13	11	12	14	2	15		
		53.751959	-0.335941
		53.803895	-1.549931
		54.980766	-1.615849
		55.958426	-3.186893
		55.862982	-4.263554
		54.892406	-2.923222
		53.409532	-3.000126
		53.478239	-2.258549
		52.486125	-1.890507
		51.460852	-2.588139
		50.726024	-3.543949
		51.488224	-3.186893
		51.624837	-3.94495
		50.152266	-5.065556
		51.512161	-0.116215
		51.289406	1.075802
		
c	10 8 5 4 0 1 13 11 12 14 2 15 6 7 9 3	2342.10085338524	0.765789914661476	10	8	5	4	0	1	13	11	12	14	2	15	6	7	9	3		
		55.862982	-4.263554
		54.892406	-2.923222
		53.409532	-3.000126
		53.478239	-2.258549
		52.486125	-1.890507
		51.460852	-2.588139
		50.726024	-3.543949
		51.488224	-3.186893
		51.624837	-3.94495
		50.152266	-5.065556
		51.512161	-0.116215
		51.289406	1.075802
		53.751959	-0.335941
		54.980766	-1.615849
		55.958426	-3.186893
		53.803895	-1.549931
		
c	1 2 15 0 11 6 7 9 10 8 3 4 5 12 14 13	2246.00128043644	0.775399871956356	1	2	15	0	11	6	7	9	10	8	3	4	5	12	14	13		
		51.460852	-2.588139
		51.512161	-0.116215
		51.289406	1.075802
		52.486125	-1.890507
		51.488224	-3.186893
		53.751959	-0.335941
		54.980766	-1.615849
		55.958426	-3.186893
		55.862982	-4.263554
		54.892406	-2.923222
		53.803895	-1.549931
		53.478239	-2.258549
		53.409532	-3.000126
		51.624837	-3.94495
		50.152266	-5.065556
		50.726024	-3.543949
		
c	6 7 9 10 8 3 4 5 11 12 0 1 13 14 2 15	2029.21479509231	0.797078520490769	6	7	9	10	8	3	4	5	11	12	0	1	13	14	2	15		
		53.751959	-0.335941
		54.980766	-1.615849
		55.958426	-3.186893
		55.862982	-4.263554
		54.892406	-2.923222
		53.803895	-1.549931
		53.478239	-2.258549
		53.409532	-3.000126
		51.488224	-3.186893
		51.624837	-3.94495
		52.486125	-1.890507
		51.460852	-2.588139
		50.726024	-3.543949
		50.152266	-5.065556
		51.512161	-0.116215
		51.289406	1.075802
		
c	9 10 8 7 13 11 12 14 1 2 15 6 3 4 5 0	2194.1475207599	0.78058524792401	9	10	8	7	13	11	12	14	1	2	15	6	3	4	5	0		
		55.958426	-3.186893
		55.862982	-4.263554
		54.892406	-2.923222
		54.980766	-1.615849
		50.726024	-3.543949
		51.488224	-3.186893
		51.624837	-3.94495
		50.152266	-5.065556
		51.460852	-2.588139
		51.512161	-0.116215
		51.289406	1.075802
		53.751959	-0.335941
		53.803895	-1.549931
		53.478239	-2.258549
		53.409532	-3.000126
		52.486125	-1.890507
		
c	8 5 0 11 12 14 13 2 15 6 7 9 10 3 4 1	2372.97176772438	0.762702823227562	8	5	0	11	12	14	13	2	15	6	7	9	10	3	4	1		
		54.892406	-2.923222
		53.409532	-3.000126
		52.486125	-1.890507
		51.488224	-3.186893
		51.624837	-3.94495
		50.152266	-5.065556
		50.726024	-3.543949
		51.512161	-0.116215
		51.289406	1.075802
		53.751959	-0.335941
		54.980766	-1.615849
		55.958426	-3.186893
		55.862982	-4.263554
		53.803895	-1.549931
		53.478239	-2.258549
		51.460852	-2.588139
		
c	4 3 5 0 1 11 12 13 14 2 15 6 7 9 8 10	2058.87738849457	0.794112261150543	4	3	5	0	1	11	12	13	14	2	15	6	7	9	8	10		
		53.478239	-2.258549
		53.803895	-1.549931
		53.409532	-3.000126
		52.486125	-1.890507
		51.460852	-2.588139
		51.488224	-3.186893
		51.624837	-3.94495
		50.726024	-3.543949
		50.152266	-5.065556
		51.512161	-0.116215
		51.289406	1.075802
		53.751959	-0.335941
		54.980766	-1.615849
		55.958426	-3.186893
		54.892406	-2.923222
		55.862982	-4.263554
		
c	6 14 13 2 15 7 9 10 8 3 4 12 1 11 5 0	2703.91939447095	0.729608060552905	6	14	13	2	15	7	9	10	8	3	4	12	1	11	5	0		
		53.751959	-0.335941
		50.152266	-5.065556
		50.726024	-3.543949
		51.512161	-0.116215
		51.289406	1.075802
		54.980766	-1.615849
		55.958426	-3.186893
		55.862982	-4.263554
		54.892406	-2.923222
		53.803895	-1.549931
		53.478239	-2.258549
		51.624837	-3.94495
		51.460852	-2.588139
		51.488224	-3.186893
		53.409532	-3.000126
		52.486125	-1.890507
		
c	9 14 13 11 12 1 2 15 6 7 10 8 3 4 5 0	2445.45303753566	0.755454696246433	9	14	13	11	12	1	2	15	6	7	10	8	3	4	5	0		
		55.958426	-3.186893
		50.152266	-5.065556
		50.726024	-3.543949
		51.488224	-3.186893
		51.624837	-3.94495
		51.460852	-2.588139
		51.512161	-0.116215
		51.289406	1.075802
		53.751959	-0.335941
		54.980766	-1.615849
		55.862982	-4.263554
		54.892406	-2.923222
		53.803895	-1.549931
		53.478239	-2.258549
		53.409532	-3.000126
		52.486125	-1.890507
		
c	14 9 10 7 3 2 0 8 5 6 4 15 1 11 12 13	3024.09840891351	0.697590159108649	14	9	10	7	3	2	0	8	5	6	4	15	1	11	12	13		
		50.152266	-5.065556
		55.958426	-3.186893
		55.862982	-4.263554
		54.980766	-1.615849
		53.803895	-1.549931
		51.512161	-0.116215
		52.486125	-1.890507
		54.892406	-2.923222
		53.409532	-3.000126
		53.751959	-0.335941
		53.478239	-2.258549
		51.289406	1.075802
		51.460852	-2.588139
		51.488224	-3.186893
		51.624837	-3.94495
		50.726024	-3.543949
		
c	4 0 1 11 6 7 9 10 8 5 3 12 14 13 2 15	2316.13197503575	0.768386802496425	4	0	1	11	6	7	9	10	8	5	3	12	14	13	2	15		
		53.478239	-2.258549
		52.486125	-1.890507
		51.460852	-2.588139
		51.488224	-3.186893
		53.751959	-0.335941
		54.980766	-1.615849
		55.958426	-3.186893
		55.862982	-4.263554
		54.892406	-2.923222
		53.409532	-3.000126
		53.803895	-1.549931
		51.624837	-3.94495
		50.152266	-5.065556
		50.726024	-3.543949
		51.512161	-0.116215
		51.289406	1.075802
		
c	0 1 11 12 14 13 2 8 5 4 9 10 7 3 15 6	2711.57959450472	0.728842040549528	0	1	11	12	14	13	2	8	5	4	9	10	7	3	15	6		
		52.486125	-1.890507
		51.460852	-2.588139
		51.488224	-3.186893
		51.624837	-3.94495
		50.152266	-5.065556
		50.726024	-3.543949
		51.512161	-0.116215
		54.892406	-2.923222
		53.409532	-3.000126
		53.478239	-2.258549
		55.958426	-3.186893
		55.862982	-4.263554
		54.980766	-1.615849
		53.803895	-1.549931
		51.289406	1.075802
		53.751959	-0.335941
		
c	4 0 3 1 7 9 10 8 6 11 5 12 14 13 2 15	2877.41519139419	0.712258480860581	4	0	3	1	7	9	10	8	6	11	5	12	14	13	2	15		
		53.478239	-2.258549
		52.486125	-1.890507
		53.803895	-1.549931
		51.460852	-2.588139
		54.980766	-1.615849
		55.958426	-3.186893
		55.862982	-4.263554
		54.892406	-2.923222
		53.751959	-0.335941
		51.488224	-3.186893
		53.409532	-3.000126
		51.624837	-3.94495
		50.152266	-5.065556
		50.726024	-3.543949
		51.512161	-0.116215
		51.289406	1.075802
		
c	5 0 13 11 12 14 1 2 15 6 7 9 10 8 3 4	2173.59906983946	0.782640093016054	5	0	13	11	12	14	1	2	15	6	7	9	10	8	3	4		
		53.409532	-3.000126
		52.486125	-1.890507
		50.726024	-3.543949
		51.488224	-3.186893
		51.624837	-3.94495
		50.152266	-5.065556
		51.460852	-2.588139
		51.512161	-0.116215
		51.289406	1.075802
		53.751959	-0.335941
		54.980766	-1.615849
		55.958426	-3.186893
		55.862982	-4.263554
		54.892406	-2.923222
		53.803895	-1.549931
		53.478239	-2.258549
		
c	15 6 7 9 10 8 3 4 12 5 1 14 13 0 11 2	2607.08832610025	0.739291167389975	15	6	7	9	10	8	3	4	12	5	1	14	13	0	11	2		
		51.289406	1.075802
		53.751959	-0.335941
		54.980766	-1.615849
		55.958426	-3.186893
		55.862982	-4.263554
		54.892406	-2.923222
		53.803895	-1.549931
		53.478239	-2.258549
		51.624837	-3.94495
		53.409532	-3.000126
		51.460852	-2.588139
		50.152266	-5.065556
		50.726024	-3.543949
		52.486125	-1.890507
		51.488224	-3.186893
		51.512161	-0.116215
		
c	2 8 7 10 9 3 4 5 6 0 1 11 12 14 13 15	2346.29893383442	0.765370106616558	2	8	7	10	9	3	4	5	6	0	1	11	12	14	13	15		
		51.512161	-0.116215
		54.892406	-2.923222
		54.980766	-1.615849
		55.862982	-4.263554
		55.958426	-3.186893
		53.803895	-1.549931
		53.478239	-2.258549
		53.409532	-3.000126
		53.751959	-0.335941
		52.486125	-1.890507
		51.460852	-2.588139
		51.488224	-3.186893
		51.624837	-3.94495
		50.152266	-5.065556
		50.726024	-3.543949
		51.289406	1.075802
		
c	10 9 6 7 8 3 4 5 0 1 11 12 14 13 2 15	1870.98442960428	0.812901557039572	10	9	6	7	8	3	4	5	0	1	11	12	14	13	2	15		
		55.862982	-4.263554
		55.958426	-3.186893
		53.751959	-0.335941
		54.980766	-1.615849
		54.892406	-2.923222
		53.803895	-1.549931
		53.478239	-2.258549
		53.409532	-3.000126
		52.486125	-1.890507
		51.460852	-2.588139
		51.488224	-3.186893
		51.624837	-3.94495
		50.152266	-5.065556
		50.726024	-3.543949
		51.512161	-0.116215
		51.289406	1.075802
		
c	8 6 7 9 10 5 4 0 3 1 11 12 14 13 2 15	2194.55984455045	0.780544015544955	8	6	7	9	10	5	4	0	3	1	11	12	14	13	2	15		
		54.892406	-2.923222
		53.751959	-0.335941
		54.980766	-1.615849
		55.958426	-3.186893
		55.862982	-4.263554
		53.409532	-3.000126
		53.478239	-2.258549
		52.486125	-1.890507
		53.803895	-1.549931
		51.460852	-2.588139
		51.488224	-3.186893
		51.624837	-3.94495
		50.152266	-5.065556
		50.726024	-3.543949
		51.512161	-0.116215
		51.289406	1.075802
		
c	4 5 11 12 14 1 8 7 10 9 3 6 0 13 2 15	2538.59956830297	0.746140043169703	4	5	11	12	14	1	8	7	10	9	3	6	0	13	2	15		
		53.478239	-2.258549
		53.409532	-3.000126
		51.488224	-3.186893
		51.624837	-3.94495
		50.152266	-5.065556
		51.460852	-2.588139
		54.892406	-2.923222
		54.980766	-1.615849
		55.862982	-4.263554
		55.958426	-3.186893
		53.803895	-1.549931
		53.751959	-0.335941
		52.486125	-1.890507
		50.726024	-3.543949
		51.512161	-0.116215
		51.289406	1.075802
		
c	3 7 9 10 8 5 4 0 6 1 11 12 14 13 2 15	2026.30261455335	0.797369738544665	3	7	9	10	8	5	4	0	6	1	11	12	14	13	2	15		
		53.803895	-1.549931
		54.980766	-1.615849
		55.958426	-3.186893
		55.862982	-4.263554
		54.892406	-2.923222
		53.409532	-3.000126
		53.478239	-2.258549
		52.486125	-1.890507
		53.751959	-0.335941
		51.460852	-2.588139
		51.488224	-3.186893
		51.624837	-3.94495
		50.152266	-5.065556
		50.726024	-3.543949
		51.512161	-0.116215
		51.289406	1.075802
		
c	3 4 0 1 11 12 14 13 2 6 7 9 10 8 5 15	2243.38940910345	0.775661059089655	3	4	0	1	11	12	14	13	2	6	7	9	10	8	5	15		
		53.803895	-1.549931
		53.478239	-2.258549
		52.486125	-1.890507
		51.460852	-2.588139
		51.488224	-3.186893
		51.624837	-3.94495
		50.152266	-5.065556
		50.726024	-3.543949
		51.512161	-0.116215
		53.751959	-0.335941
		54.980766	-1.615849
		55.958426	-3.186893
		55.862982	-4.263554
		54.892406	-2.923222
		53.409532	-3.000126
		51.289406	1.075802
		
c	15 6 8 3 5 4 0 1 2 7 9 10 11 12 14 13	2679.69822095062	0.732030177904938	15	6	8	3	5	4	0	1	2	7	9	10	11	12	14	13		
		51.289406	1.075802
		53.751959	-0.335941
		54.892406	-2.923222
		53.803895	-1.549931
		53.409532	-3.000126
		53.478239	-2.258549
		52.486125	-1.890507
		51.460852	-2.588139
		51.512161	-0.116215
		54.980766	-1.615849
		55.958426	-3.186893
		55.862982	-4.263554
		51.488224	-3.186893
		51.624837	-3.94495
		50.152266	-5.065556
		50.726024	-3.543949
		
c	15 6 7 9 10 8 3 4 5 1 12 0 11 14 13 2	2265.7639956814	0.77342360043186	15	6	7	9	10	8	3	4	5	1	12	0	11	14	13	2		
		51.289406	1.075802
		53.751959	-0.335941
		54.980766	-1.615849
		55.958426	-3.186893
		55.862982	-4.263554
		54.892406	-2.923222
		53.803895	-1.549931
		53.478239	-2.258549
		53.409532	-3.000126
		51.460852	-2.588139
		51.624837	-3.94495
		52.486125	-1.890507
		51.488224	-3.186893
		50.152266	-5.065556
		50.726024	-3.543949
		51.512161	-0.116215
		
c	2 15 13 11 12 14 1 6 7 9 10 8 3 4 5 0	2161.34040257004	0.783865959742996	2	15	13	11	12	14	1	6	7	9	10	8	3	4	5	0		
		51.512161	-0.116215
		51.289406	1.075802
		50.726024	-3.543949
		51.488224	-3.186893
		51.624837	-3.94495
		50.152266	-5.065556
		51.460852	-2.588139
		53.751959	-0.335941
		54.980766	-1.615849
		55.958426	-3.186893
		55.862982	-4.263554
		54.892406	-2.923222
		53.803895	-1.549931
		53.478239	-2.258549
		53.409532	-3.000126
		52.486125	-1.890507
		
c	12 14 3 4 10 8 6 7 9 5 0 1 11 13 2 15	2666.80732772601	0.733319267227399	12	14	3	4	10	8	6	7	9	5	0	1	11	13	2	15		
		51.624837	-3.94495
		50.152266	-5.065556
		53.803895	-1.549931
		53.478239	-2.258549
		55.862982	-4.263554
		54.892406	-2.923222
		53.751959	-0.335941
		54.980766	-1.615849
		55.958426	-3.186893
		53.409532	-3.000126
		52.486125	-1.890507
		51.460852	-2.588139
		51.488224	-3.186893
		50.726024	-3.543949
		51.512161	-0.116215
		51.289406	1.075802
		
c	7 10 8 3 4 6 9 5 0 1 11 12 14 13 2 15	2254.43852554163	0.774556147445837	7	10	8	3	4	6	9	5	0	1	11	12	14	13	2	15		
		54.980766	-1.615849
		55.862982	-4.263554
		54.892406	-2.923222
		53.803895	-1.549931
		53.478239	-2.258549
		53.751959	-0.335941
		55.958426	-3.186893
		53.409532	-3.000126
		52.486125	-1.890507
		51.460852	-2.588139
		51.488224	-3.186893
		51.624837	-3.94495
		50.152266	-5.065556
		50.726024	-3.543949
		51.512161	-0.116215
		51.289406	1.075802
		
c	10 8 3 4 5 6 7 9 1 14 13 0 11 12 2 15	2511.21166082077	0.748878833917923	10	8	3	4	5	6	7	9	1	14	13	0	11	12	2	15		
		55.862982	-4.263554
		54.892406	-2.923222
		53.803895	-1.549931
		53.478239	-2.258549
		53.409532	-3.000126
		53.751959	-0.335941
		54.980766	-1.615849
		55.958426	-3.186893
		51.460852	-2.588139
		50.152266	-5.065556
		50.726024	-3.543949
		52.486125	-1.890507
		51.488224	-3.186893
		51.624837	-3.94495
		51.512161	-0.116215
		51.289406	1.075802
		
c	2 6 7 8 10 9 3 4 5 0 1 11 12 14 13 15	2051.31360001623	0.794868639998377	2	6	7	8	10	9	3	4	5	0	1	11	12	14	13	15		
		51.512161	-0.116215
		53.751959	-0.335941
		54.980766	-1.615849
		54.892406	-2.923222
		55.862982	-4.263554
		55.958426	-3.186893
		53.803895	-1.549931
		53.478239	-2.258549
		53.409532	-3.000126
		52.486125	-1.890507
		51.460852	-2.588139
		51.488224	-3.186893
		51.624837	-3.94495
		50.152266	-5.065556
		50.726024	-3.543949
		51.289406	1.075802
		
c	11 12 14 13 1 2 9 10 8 7 5 6 3 4 0 15	2333.07795342922	0.766692204657078	11	12	14	13	1	2	9	10	8	7	5	6	3	4	0	15		
		51.488224	-3.186893
		51.624837	-3.94495
		50.152266	-5.065556
		50.726024	-3.543949
		51.460852	-2.588139
		51.512161	-0.116215
		55.958426	-3.186893
		55.862982	-4.263554
		54.892406	-2.923222
		54.980766	-1.615849
		53.409532	-3.000126
		53.751959	-0.335941
		53.803895	-1.549931
		53.478239	-2.258549
		52.486125	-1.890507
		51.289406	1.075802
		
c	14 11 12 6 7 9 10 8 3 4 5 0 13 1 2 15	2079.88372615565	0.792011627384436	14	11	12	6	7	9	10	8	3	4	5	0	13	1	2	15		
		50.152266	-5.065556
		51.488224	-3.186893
		51.624837	-3.94495
		53.751959	-0.335941
		54.980766	-1.615849
		55.958426	-3.186893
		55.862982	-4.263554
		54.892406	-2.923222
		53.803895	-1.549931
		53.478239	-2.258549
		53.409532	-3.000126
		52.486125	-1.890507
		50.726024	-3.543949
		51.460852	-2.588139
		51.512161	-0.116215
		51.289406	1.075802
		
c	7 5 6 3 10 9 8 4 0 11 12 14 13 1 2 15	2074.20060114747	0.792579939885253	7	5	6	3	10	9	8	4	0	11	12	14	13	1	2	15		
		54.980766	-1.615849
		53.409532	-3.000126
		53.751959	-0.335941
		53.803895	-1.549931
		55.862982	-4.263554
		55.958426	-3.186893
		54.892406	-2.923222
		53.478239	-2.258549
		52.486125	-1.890507
		51.488224	-3.186893
		51.624837	-3.94495
		50.152266	-5.065556
		50.726024	-3.543949
		51.460852	-2.588139
		51.512161	-0.116215
		51.289406	1.075802
		
c	13 2 15 6 7 9 10 8 3 4 12 1 11 5 0 14	2406.32632363881	0.759367367636119	13	2	15	6	7	9	10	8	3	4	12	1	11	5	0	14		
		50.726024	-3.543949
		51.512161	-0.116215
		51.289406	1.075802
		53.751959	-0.335941
		54.980766	-1.615849
		55.958426	-3.186893
		55.862982	-4.263554
		54.892406	-2.923222
		53.803895	-1.549931
		53.478239	-2.258549
		51.624837	-3.94495
		51.460852	-2.588139
		51.488224	-3.186893
		53.409532	-3.000126
		52.486125	-1.890507
		50.152266	-5.065556
		
c	11 5 8 3 4 0 1 12 13 14 2 15 6 7 9 10	2279.61926723151	0.772038073276849	11	5	8	3	4	0	1	12	13	14	2	15	6	7	9	10		
		51.488224	-3.186893
		53.409532	-3.000126
		54.892406	-2.923222
		53.803895	-1.549931
		53.478239	-2.258549
		52.486125	-1.890507
		51.460852	-2.588139
		51.624837	-3.94495
		50.726024	-3.543949
		50.152266	-5.065556
		51.512161	-0.116215
		51.289406	1.075802
		53.751959	-0.335941
		54.980766	-1.615849
		55.958426	-3.186893
		55.862982	-4.263554
		
c	6 7 9 10 8 3 4 5 1 12 0 11 14 13 2 15	2062.09464592546	0.793790535407454	6	7	9	10	8	3	4	5	1	12	0	11	14	13	2	15		
		53.751959	-0.335941
		54.980766	-1.615849
		55.958426	-3.186893
		55.862982	-4.263554
		54.892406	-2.923222
		53.803895	-1.549931
		53.478239	-2.258549
		53.409532	-3.000126
		51.460852	-2.588139
		51.624837	-3.94495
		52.486125	-1.890507
		51.488224	-3.186893
		50.152266	-5.065556
		50.726024	-3.543949
		51.512161	-0.116215
		51.289406	1.075802
		
c	10 11 12 14 3 4 8 6 7 9 5 0 1 13 2 15	2919.62329910235	0.708037670089765	10	11	12	14	3	4	8	6	7	9	5	0	1	13	2	15		
		55.862982	-4.263554
		51.488224	-3.186893
		51.624837	-3.94495
		50.152266	-5.065556
		53.803895	-1.549931
		53.478239	-2.258549
		54.892406	-2.923222
		53.751959	-0.335941
		54.980766	-1.615849
		55.958426	-3.186893
		53.409532	-3.000126
		52.486125	-1.890507
		51.460852	-2.588139
		50.726024	-3.543949
		51.512161	-0.116215
		51.289406	1.075802
		
c	7 10 9 3 15 6 8 4 5 0 1 11 12 14 13 2	2475.40579002169	0.752459420997831	7	10	9	3	15	6	8	4	5	0	1	11	12	14	13	2		
		54.980766	-1.615849
		55.862982	-4.263554
		55.958426	-3.186893
		53.803895	-1.549931
		51.289406	1.075802
		53.751959	-0.335941
		54.892406	-2.923222
		53.478239	-2.258549
		53.409532	-3.000126
		52.486125	-1.890507
		51.460852	-2.588139
		51.488224	-3.186893
		51.624837	-3.94495
		50.152266	-5.065556
		50.726024	-3.543949
		51.512161	-0.116215
		
c	8 3 4 5 0 9 10 6 7 11 12 14 13 1 2 15	2479.45083789062	0.752054916210938	8	3	4	5	0	9	10	6	7	11	12	14	13	1	2	15		
		54.892406	-2.923222
		53.803895	-1.549931
		53.478239	-2.258549
		53.409532	-3.000126
		52.486125	-1.890507
		55.958426	-3.186893
		55.862982	-4.263554
		53.751959	-0.335941
		54.980766	-1.615849
		51.488224	-3.186893
		51.624837	-3.94495
		50.152266	-5.065556
		50.726024	-3.543949
		51.460852	-2.588139
		51.512161	-0.116215
		51.289406	1.075802
		
c	1 11 12 8 5 3 4 14 13 2 15 9 10 7 6 0	2864.84974050534	0.713515025949466	1	11	12	8	5	3	4	14	13	2	15	9	10	7	6	0		
		51.460852	-2.588139
		51.488224	-3.186893
		51.624837	-3.94495
		54.892406	-2.923222
		53.409532	-3.000126
		53.803895	-1.549931
		53.478239	-2.258549
		50.152266	-5.065556
		50.726024	-3.543949
		51.512161	-0.116215
		51.289406	1.075802
		55.958426	-3.186893
		55.862982	-4.263554
		54.980766	-1.615849
		53.751959	-0.335941
		52.486125	-1.890507
		
c	10 8 5 4 0 1 11 12 14 13 2 15 6 7 9 3	2190.78687029553	0.780921312970447	10	8	5	4	0	1	11	12	14	13	2	15	6	7	9	3		
		55.862982	-4.263554
		54.892406	-2.923222
		53.409532	-3.000126
		53.478239	-2.258549
		52.486125	-1.890507
		51.460852	-2.588139
		51.488224	-3.186893
		51.624837	-3.94495
		50.152266	-5.065556
		50.726024	-3.543949
		51.512161	-0.116215
		51.289406	1.075802
		53.751959	-0.335941
		54.980766	-1.615849
		55.958426	-3.186893
		53.803895	-1.549931
		
c	14 1 2 15 6 7 9 3 10 8 5 4 0 11 12 13	2395.44103648932	0.760455896351067	14	1	2	15	6	7	9	3	10	8	5	4	0	11	12	13		
		50.152266	-5.065556
		51.460852	-2.588139
		51.512161	-0.116215
		51.289406	1.075802
		53.751959	-0.335941
		54.980766	-1.615849
		55.958426	-3.186893
		53.803895	-1.549931
		55.862982	-4.263554
		54.892406	-2.923222
		53.409532	-3.000126
		53.478239	-2.258549
		52.486125	-1.890507
		51.488224	-3.186893
		51.624837	-3.94495
		50.726024	-3.543949
		
c	4 5 6 7 9 1 14 13 0 2 15 10 8 3 12 11	3117.29616754832	0.688270383245168	4	5	6	7	9	1	14	13	0	2	15	10	8	3	12	11		
		53.478239	-2.258549
		53.409532	-3.000126
		53.751959	-0.335941
		54.980766	-1.615849
		55.958426	-3.186893
		51.460852	-2.588139
		50.152266	-5.065556
		50.726024	-3.543949
		52.486125	-1.890507
		51.512161	-0.116215
		51.289406	1.075802
		55.862982	-4.263554
		54.892406	-2.923222
		53.803895	-1.549931
		51.624837	-3.94495
		51.488224	-3.186893
		
c	10 8 5 4 0 1 11 13 12 14 2 15 6 7 9 3	2327.38936869908	0.767261063130092	10	8	5	4	0	1	11	13	12	14	2	15	6	7	9	3		
		55.862982	-4.263554
		54.892406	-2.923222
		53.409532	-3.000126
		53.478239	-2.258549
		52.486125	-1.890507
		51.460852	-2.588139
		51.488224	-3.186893
		50.726024	-3.543949
		51.624837	-3.94495
		50.152266	-5.065556
		51.512161	-0.116215
		51.289406	1.075802
		53.751959	-0.335941
		54.980766	-1.615849
		55.958426	-3.186893
		53.803895	-1.549931
		
c	14 0 11 15 6 7 9 10 8 3 4 5 1 12 13 2	2512.75974535432	0.748724025464568	14	0	11	15	6	7	9	10	8	3	4	5	1	12	13	2		
		50.152266	-5.065556
		52.486125	-1.890507
		51.488224	-3.186893
		51.289406	1.075802
		53.751959	-0.335941
		54.980766	-1.615849
		55.958426	-3.186893
		55.862982	-4.263554
		54.892406	-2.923222
		53.803895	-1.549931
		53.478239	-2.258549
		53.409532	-3.000126
		51.460852	-2.588139
		51.624837	-3.94495
		50.726024	-3.543949
		51.512161	-0.116215
		
c	5 4 0 1 11 12 13 14 2 15 6 7 9 10 8 3	2028.9745825887	0.79710254174113	5	4	0	1	11	12	13	14	2	15	6	7	9	10	8	3		
		53.409532	-3.000126
		53.478239	-2.258549
		52.486125	-1.890507
		51.460852	-2.588139
		51.488224	-3.186893
		51.624837	-3.94495
		50.726024	-3.543949
		50.152266	-5.065556
		51.512161	-0.116215
		51.289406	1.075802
		53.751959	-0.335941
		54.980766	-1.615849
		55.958426	-3.186893
		55.862982	-4.263554
		54.892406	-2.923222
		53.803895	-1.549931
		
c	11 12 14 13 1 0 6 7 9 10 8 3 5 4 2 15	1931.17926396121	0.806882073603879	11	12	14	13	1	0	6	7	9	10	8	3	5	4	2	15		
		51.488224	-3.186893
		51.624837	-3.94495
		50.152266	-5.065556
		50.726024	-3.543949
		51.460852	-2.588139
		52.486125	-1.890507
		53.751959	-0.335941
		54.980766	-1.615849
		55.958426	-3.186893
		55.862982	-4.263554
		54.892406	-2.923222
		53.803895	-1.549931
		53.409532	-3.000126
		53.478239	-2.258549
		51.512161	-0.116215
		51.289406	1.075802
		
c	9 10 8 5 3 6 4 0 1 11 12 14 13 2 15 7	2114.29310502192	0.788570689497808	9	10	8	5	3	6	4	0	1	11	12	14	13	2	15	7		
		55.958426	-3.186893
		55.862982	-4.263554
		54.892406	-2.923222
		53.409532	-3.000126
		53.803895	-1.549931
		53.751959	-0.335941
		53.478239	-2.258549
		52.486125	-1.890507
		51.460852	-2.588139
		51.488224	-3.186893
		51.624837	-3.94495
		50.152266	-5.065556
		50.726024	-3.543949
		51.512161	-0.116215
		51.289406	1.075802
		54.980766	-1.615849
		
c	1 11 13 2 8 3 5 4 0 15 6 7 9 10 12 14	2783.85873959974	0.721614126040026	1	11	13	2	8	3	5	4	0	15	6	7	9	10	12	14		
		51.460852	-2.588139
		51.488224	-3.186893
		50.726024	-3.543949
		51.512161	-0.116215
		54.892406	-2.923222
		53.803895	-1.549931
		53.409532	-3.000126
		53.478239	-2.258549
		52.486125	-1.890507
		51.289406	1.075802
		53.751959	-0.335941
		54.980766	-1.615849
		55.958426	-3.186893
		55.862982	-4.263554
		51.624837	-3.94495
		50.152266	-5.065556
		
c	0 1 2 15 6 7 9 10 8 5 4 11 12 14 13 3	2357.38181986205	0.764261818013795	0	1	2	15	6	7	9	10	8	5	4	11	12	14	13	3		
		52.486125	-1.890507
		51.460852	-2.588139
		51.512161	-0.116215
		51.289406	1.075802
		53.751959	-0.335941
		54.980766	-1.615849
		55.958426	-3.186893
		55.862982	-4.263554
		54.892406	-2.923222
		53.409532	-3.000126
		53.478239	-2.258549
		51.488224	-3.186893
		51.624837	-3.94495
		50.152266	-5.065556
		50.726024	-3.543949
		53.803895	-1.549931
		
c	11 12 14 1 8 7 10 9 3 4 5 6 0 13 2 15	2483.65372636009	0.751634627363991	11	12	14	1	8	7	10	9	3	4	5	6	0	13	2	15		
		51.488224	-3.186893
		51.624837	-3.94495
		50.152266	-5.065556
		51.460852	-2.588139
		54.892406	-2.923222
		54.980766	-1.615849
		55.862982	-4.263554
		55.958426	-3.186893
		53.803895	-1.549931
		53.478239	-2.258549
		53.409532	-3.000126
		53.751959	-0.335941
		52.486125	-1.890507
		50.726024	-3.543949
		51.512161	-0.116215
		51.289406	1.075802
		
c	7 9 10 8 6 3 4 0 1 11 5 12 14 13 2 15	2050.11803672427	0.794988196327573	7	9	10	8	6	3	4	0	1	11	5	12	14	13	2	15		
		54.980766	-1.615849
		55.958426	-3.186893
		55.862982	-4.263554
		54.892406	-2.923222
		53.751959	-0.335941
		53.803895	-1.549931
		53.478239	-2.258549
		52.486125	-1.890507
		51.460852	-2.588139
		51.488224	-3.186893
		53.409532	-3.000126
		51.624837	-3.94495
		50.152266	-5.065556
		50.726024	-3.543949
		51.512161	-0.116215
		51.289406	1.075802
		
c	2 15 6 7 9 10 8 3 5 4 0 1 11 12 14 13	1833.10833990359	0.816689166009641	2	15	6	7	9	10	8	3	5	4	0	1	11	12	14	13		
		51.512161	-0.116215
		51.289406	1.075802
		53.751959	-0.335941
		54.980766	-1.615849
		55.958426	-3.186893
		55.862982	-4.263554
		54.892406	-2.923222
		53.803895	-1.549931
		53.409532	-3.000126
		53.478239	-2.258549
		52.486125	-1.890507
		51.460852	-2.588139
		51.488224	-3.186893
		51.624837	-3.94495
		50.152266	-5.065556
		50.726024	-3.543949
		
c	5 1 14 13 4 11 12 6 7 9 10 8 3 0 2 15	2572.25963627629	0.742774036372371	5	1	14	13	4	11	12	6	7	9	10	8	3	0	2	15		
		53.409532	-3.000126
		51.460852	-2.588139
		50.152266	-5.065556
		50.726024	-3.543949
		53.478239	-2.258549
		51.488224	-3.186893
		51.624837	-3.94495
		53.751959	-0.335941
		54.980766	-1.615849
		55.958426	-3.186893
		55.862982	-4.263554
		54.892406	-2.923222
		53.803895	-1.549931
		52.486125	-1.890507
		51.512161	-0.116215
		51.289406	1.075802
		
c	12 14 13 9 10 8 4 0 1 6 7 3 5 11 2 15	2699.54325523941	0.730045674476059	12	14	13	9	10	8	4	0	1	6	7	3	5	11	2	15		
		51.624837	-3.94495
		50.152266	-5.065556
		50.726024	-3.543949
		55.958426	-3.186893
		55.862982	-4.263554
		54.892406	-2.923222
		53.478239	-2.258549
		52.486125	-1.890507
		51.460852	-2.588139
		53.751959	-0.335941
		54.980766	-1.615849
		53.803895	-1.549931
		53.409532	-3.000126
		51.488224	-3.186893
		51.512161	-0.116215
		51.289406	1.075802
		
c	15 6 7 9 10 8 3 4 5 0 1 11 12 14 13 2	1969.06219518485	0.803093780481515	15	6	7	9	10	8	3	4	5	0	1	11	12	14	13	2		
		51.289406	1.075802
		53.751959	-0.335941
		54.980766	-1.615849
		55.958426	-3.186893
		55.862982	-4.263554
		54.892406	-2.923222
		53.803895	-1.549931
		53.478239	-2.258549
		53.409532	-3.000126
		52.486125	-1.890507
		51.460852	-2.588139
		51.488224	-3.186893
		51.624837	-3.94495
		50.152266	-5.065556
		50.726024	-3.543949
		51.512161	-0.116215
		
c	0 9 8 3 5 4 1 11 12 13 14 2 15 6 7 10	2479.45932685984	0.752054067314016	0	9	8	3	5	4	1	11	12	13	14	2	15	6	7	10		
		52.486125	-1.890507
		55.958426	-3.186893
		54.892406	-2.923222
		53.803895	-1.549931
		53.409532	-3.000126
		53.478239	-2.258549
		51.460852	-2.588139
		51.488224	-3.186893
		51.624837	-3.94495
		50.726024	-3.543949
		50.152266	-5.065556
		51.512161	-0.116215
		51.289406	1.075802
		53.751959	-0.335941
		54.980766	-1.615849
		55.862982	-4.263554
		
c	13 11 12 14 1 2 15 6 7 9 10 8 3 4 5 0	1996.72890811339	0.800327109188661	13	11	12	14	1	2	15	6	7	9	10	8	3	4	5	0		
		50.726024	-3.543949
		51.488224	-3.186893
		51.624837	-3.94495
		50.152266	-5.065556
		51.460852	-2.588139
		51.512161	-0.116215
		51.289406	1.075802
		53.751959	-0.335941
		54.980766	-1.615849
		55.958426	-3.186893
		55.862982	-4.263554
		54.892406	-2.923222
		53.803895	-1.549931
		53.478239	-2.258549
		53.409532	-3.000126
		52.486125	-1.890507
		
c	12 8 7 10 9 3 4 5 6 0 1 11 14 13 2 15	2270.54071548136	0.772945928451864	12	8	7	10	9	3	4	5	6	0	1	11	14	13	2	15		
		51.624837	-3.94495
		54.892406	-2.923222
		54.980766	-1.615849
		55.862982	-4.263554
		55.958426	-3.186893
		53.803895	-1.549931
		53.478239	-2.258549
		53.409532	-3.000126
		53.751959	-0.335941
		52.486125	-1.890507
		51.460852	-2.588139
		51.488224	-3.186893
		50.152266	-5.065556
		50.726024	-3.543949
		51.512161	-0.116215
		51.289406	1.075802
		
c	15 3 4 0 1 11 8 10 9 6 7 5 12 13 14 2	2731.06661131003	0.726893338868997	15	3	4	0	1	11	8	10	9	6	7	5	12	13	14	2		
		51.289406	1.075802
		53.803895	-1.549931
		53.478239	-2.258549
		52.486125	-1.890507
		51.460852	-2.588139
		51.488224	-3.186893
		54.892406	-2.923222
		55.862982	-4.263554
		55.958426	-3.186893
		53.751959	-0.335941
		54.980766	-1.615849
		53.409532	-3.000126
		51.624837	-3.94495
		50.726024	-3.543949
		50.152266	-5.065556
		51.512161	-0.116215
		
c	1 0 2 15 6 7 9 10 8 5 4 11 12 14 13 3	2348.86450302059	0.765113549697941	1	0	2	15	6	7	9	10	8	5	4	11	12	14	13	3		
		51.460852	-2.588139
		52.486125	-1.890507
		51.512161	-0.116215
		51.289406	1.075802
		53.751959	-0.335941
		54.980766	-1.615849
		55.958426	-3.186893
		55.862982	-4.263554
		54.892406	-2.923222
		53.409532	-3.000126
		53.478239	-2.258549
		51.488224	-3.186893
		51.624837	-3.94495
		50.152266	-5.065556
		50.726024	-3.543949
		53.803895	-1.549931
		
c	8 3 4 5 0 2 9 10 7 6 1 11 12 14 13 15	2532.80135495955	0.746719864504045	8	3	4	5	0	2	9	10	7	6	1	11	12	14	13	15		
		54.892406	-2.923222
		53.803895	-1.549931
		53.478239	-2.258549
		53.409532	-3.000126
		52.486125	-1.890507
		51.512161	-0.116215
		55.958426	-3.186893
		55.862982	-4.263554
		54.980766	-1.615849
		53.751959	-0.335941
		51.460852	-2.588139
		51.488224	-3.186893
		51.624837	-3.94495
		50.152266	-5.065556
		50.726024	-3.543949
		51.289406	1.075802
		
c	4 0 6 14 3 10 8 7 9 5 1 11 12 13 2 15	2973.41898025378	0.702658101974622	4	0	6	14	3	10	8	7	9	5	1	11	12	13	2	15		
		53.478239	-2.258549
		52.486125	-1.890507
		53.751959	-0.335941
		50.152266	-5.065556
		53.803895	-1.549931
		55.862982	-4.263554
		54.892406	-2.923222
		54.980766	-1.615849
		55.958426	-3.186893
		53.409532	-3.000126
		51.460852	-2.588139
		51.488224	-3.186893
		51.624837	-3.94495
		50.726024	-3.543949
		51.512161	-0.116215
		51.289406	1.075802
		
c	7 5 6 3 4 9 10 8 0 11 12 1 13 14 2 15	2267.14171333899	0.773285828666101	7	5	6	3	4	9	10	8	0	11	12	1	13	14	2	15		
		54.980766	-1.615849
		53.409532	-3.000126
		53.751959	-0.335941
		53.803895	-1.549931
		53.478239	-2.258549
		55.958426	-3.186893
		55.862982	-4.263554
		54.892406	-2.923222
		52.486125	-1.890507
		51.488224	-3.186893
		51.624837	-3.94495
		51.460852	-2.588139
		50.726024	-3.543949
		50.152266	-5.065556
		51.512161	-0.116215
		51.289406	1.075802
		
c	2 15 6 7 10 8 3 4 9 5 0 1 11 12 14 13	2295.57907989027	0.770442092010973	2	15	6	7	10	8	3	4	9	5	0	1	11	12	14	13		
		51.512161	-0.116215
		51.289406	1.075802
		53.751959	-0.335941
		54.980766	-1.615849
		55.862982	-4.263554
		54.892406	-2.923222
		53.803895	-1.549931
		53.478239	-2.258549
		55.958426	-3.186893
		53.409532	-3.000126
		52.486125	-1.890507
		51.460852	-2.588139
		51.488224	-3.186893
		51.624837	-3.94495
		50.152266	-5.065556
		50.726024	-3.543949
		
c	14 13 2 9 10 8 3 4 5 6 7 0 11 12 1 15	2542.97946137386	0.745702053862614	14	13	2	9	10	8	3	4	5	6	7	0	11	12	1	15		
		50.152266	-5.065556
		50.726024	-3.543949
		51.512161	-0.116215
		55.958426	-3.186893
		55.862982	-4.263554
		54.892406	-2.923222
		53.803895	-1.549931
		53.478239	-2.258549
		53.409532	-3.000126
		53.751959	-0.335941
		54.980766	-1.615849
		52.486125	-1.890507
		51.488224	-3.186893
		51.624837	-3.94495
		51.460852	-2.588139
		51.289406	1.075802
		
c	7 13 11 12 14 1 2 15 6 9 10 8 3 4 5 0	2486.03298349421	0.751396701650579	7	13	11	12	14	1	2	15	6	9	10	8	3	4	5	0		
		54.980766	-1.615849
		50.726024	-3.543949
		51.488224	-3.186893
		51.624837	-3.94495
		50.152266	-5.065556
		51.460852	-2.588139
		51.512161	-0.116215
		51.289406	1.075802
		53.751959	-0.335941
		55.958426	-3.186893
		55.862982	-4.263554
		54.892406	-2.923222
		53.803895	-1.549931
		53.478239	-2.258549
		53.409532	-3.000126
		52.486125	-1.890507
		
c	5 6 3 4 1 11 12 14 13 2 7 8 10 9 0 15	2528.04880289559	0.747195119710441	5	6	3	4	1	11	12	14	13	2	7	8	10	9	0	15		
		53.409532	-3.000126
		53.751959	-0.335941
		53.803895	-1.549931
		53.478239	-2.258549
		51.460852	-2.588139
		51.488224	-3.186893
		51.624837	-3.94495
		50.152266	-5.065556
		50.726024	-3.543949
		51.512161	-0.116215
		54.980766	-1.615849
		54.892406	-2.923222
		55.862982	-4.263554
		55.958426	-3.186893
		52.486125	-1.890507
		51.289406	1.075802
		
c	12 11 14 13 2 15 6 7 9 10 8 3 5 4 0 1	2063.28035606033	0.793671964393967	12	11	14	13	2	15	6	7	9	10	8	3	5	4	0	1		
		51.624837	-3.94495
		51.488224	-3.186893
		50.152266	-5.065556
		50.726024	-3.543949
		51.512161	-0.116215
		51.289406	1.075802
		53.751959	-0.335941
		54.980766	-1.615849
		55.958426	-3.186893
		55.862982	-4.263554
		54.892406	-2.923222
		53.803895	-1.549931
		53.409532	-3.000126
		53.478239	-2.258549
		52.486125	-1.890507
		51.460852	-2.588139
		
c	3 4 5 0 1 11 12 14 13 2 10 9 8 7 6 15	2293.7185299049	0.77062814700951	3	4	5	0	1	11	12	14	13	2	10	9	8	7	6	15		
		53.803895	-1.549931
		53.478239	-2.258549
		53.409532	-3.000126
		52.486125	-1.890507
		51.460852	-2.588139
		51.488224	-3.186893
		51.624837	-3.94495
		50.152266	-5.065556
		50.726024	-3.543949
		51.512161	-0.116215
		55.862982	-4.263554
		55.958426	-3.186893
		54.892406	-2.923222
		54.980766	-1.615849
		53.751959	-0.335941
		51.289406	1.075802
		
c	6 7 8 10 9 3 4 5 0 1 11 12 14 13 2 15	1813.64591411997	0.818635408588003	6	7	8	10	9	3	4	5	0	1	11	12	14	13	2	15		
		53.751959	-0.335941
		54.980766	-1.615849
		54.892406	-2.923222
		55.862982	-4.263554
		55.958426	-3.186893
		53.803895	-1.549931
		53.478239	-2.258549
		53.409532	-3.000126
		52.486125	-1.890507
		51.460852	-2.588139
		51.488224	-3.186893
		51.624837	-3.94495
		50.152266	-5.065556
		50.726024	-3.543949
		51.512161	-0.116215
		51.289406	1.075802
		
c	6 7 5 1 14 13 4 11 12 9 10 8 3 0 2 15	2766.98778221491	0.723301221778509	6	7	5	1	14	13	4	11	12	9	10	8	3	0	2	15		
		53.751959	-0.335941
		54.980766	-1.615849
		53.409532	-3.000126
		51.460852	-2.588139
		50.152266	-5.065556
		50.726024	-3.543949
		53.478239	-2.258549
		51.488224	-3.186893
		51.624837	-3.94495
		55.958426	-3.186893
		55.862982	-4.263554
		54.892406	-2.923222
		53.803895	-1.549931
		52.486125	-1.890507
		51.512161	-0.116215
		51.289406	1.075802
		
c	1 7 13 11 12 14 2 15 6 9 10 8 3 4 5 0	2863.58301628786	0.713641698371214	1	7	13	11	12	14	2	15	6	9	10	8	3	4	5	0		
		51.460852	-2.588139
		54.980766	-1.615849
		50.726024	-3.543949
		51.488224	-3.186893
		51.624837	-3.94495
		50.152266	-5.065556
		51.512161	-0.116215
		51.289406	1.075802
		53.751959	-0.335941
		55.958426	-3.186893
		55.862982	-4.263554
		54.892406	-2.923222
		53.803895	-1.549931
		53.478239	-2.258549
		53.409532	-3.000126
		52.486125	-1.890507
		
c	9 0 10 8 7 5 6 3 4 1 11 12 14 13 2 15	2507.38846384281	0.749261153615719	9	0	10	8	7	5	6	3	4	1	11	12	14	13	2	15		
		55.958426	-3.186893
		52.486125	-1.890507
		55.862982	-4.263554
		54.892406	-2.923222
		54.980766	-1.615849
		53.409532	-3.000126
		53.751959	-0.335941
		53.803895	-1.549931
		53.478239	-2.258549
		51.460852	-2.588139
		51.488224	-3.186893
		51.624837	-3.94495
		50.152266	-5.065556
		50.726024	-3.543949
		51.512161	-0.116215
		51.289406	1.075802
		
c	4 6 7 9 12 14 1 2 15 10 8 3 5 0 11 13	2956.01475278047	0.704398524721953	4	6	7	9	12	14	1	2	15	10	8	3	5	0	11	13		
		53.478239	-2.258549
		53.751959	-0.335941
		54.980766	-1.615849
		55.958426	-3.186893
		51.624837	-3.94495
		50.152266	-5.065556
		51.460852	-2.588139
		51.512161	-0.116215
		51.289406	1.075802
		55.862982	-4.263554
		54.892406	-2.923222
		53.803895	-1.549931
		53.409532	-3.000126
		52.486125	-1.890507
		51.488224	-3.186893
		50.726024	-3.543949
		
c	6 7 9 10 8 3 4 5 0 1 11 12 14 13 2 15	1765.3928454289	0.82346071545711	6	7	9	10	8	3	4	5	0	1	11	12	14	13	2	15		
		53.751959	-0.335941
		54.980766	-1.615849
		55.958426	-3.186893
		55.862982	-4.263554
		54.892406	-2.923222
		53.803895	-1.549931
		53.478239	-2.258549
		53.409532	-3.000126
		52.486125	-1.890507
		51.460852	-2.588139
		51.488224	-3.186893
		51.624837	-3.94495
		50.152266	-5.065556
		50.726024	-3.543949
		51.512161	-0.116215
		51.289406	1.075802
		
g99		1758.37881581719	0.824162118418281	0	6	3	7	9	10	8	5	4	0	1	11	12	14	13	2	15		
		53.751959	-0.335941
		53.803895	-1.549931
		54.980766	-1.615849
		55.958426	-3.186893
		55.862982	-4.263554
		54.892406	-2.923222
		53.409532	-3.000126
		53.478239	-2.258549
		52.486125	-1.890507
		51.460852	-2.588139
		51.488224	-3.186893
		51.624837	-3.94495
		50.152266	-5.065556
		50.726024	-3.543949
		51.512161	-0.116215
		51.289406	1.075802
		
g99		1764.36174716627	0.823563825283373	1	6	7	9	10	8	3	4	5	0	11	12	14	13	1	2	15		
		53.751959	-0.335941
		54.980766	-1.615849
		55.958426	-3.186893
		55.862982	-4.263554
		54.892406	-2.923222
		53.803895	-1.549931
		53.478239	-2.258549
		53.409532	-3.000126
		52.486125	-1.890507
		51.488224	-3.186893
		51.624837	-3.94495
		50.152266	-5.065556
		50.726024	-3.543949
		51.460852	-2.588139
		51.512161	-0.116215
		51.289406	1.075802
		
g99		1767.93964020092	0.823206035979908	2	10	9	8	7	5	6	3	4	0	1	11	12	14	13	2	15		
		55.862982	-4.263554
		55.958426	-3.186893
		54.892406	-2.923222
		54.980766	-1.615849
		53.409532	-3.000126
		53.751959	-0.335941
		53.803895	-1.549931
		53.478239	-2.258549
		52.486125	-1.890507
		51.460852	-2.588139
		51.488224	-3.186893
		51.624837	-3.94495
		50.152266	-5.065556
		50.726024	-3.543949
		51.512161	-0.116215
		51.289406	1.075802
		
g99		1785.41447966156	0.821458552033844	3	9	10	8	7	5	6	3	4	0	1	11	12	14	13	2	15		
		55.958426	-3.186893
		55.862982	-4.263554
		54.892406	-2.923222
		54.980766	-1.615849
		53.409532	-3.000126
		53.751959	-0.335941
		53.803895	-1.549931
		53.478239	-2.258549
		52.486125	-1.890507
		51.460852	-2.588139
		51.488224	-3.186893
		51.624837	-3.94495
		50.152266	-5.065556
		50.726024	-3.543949
		51.512161	-0.116215
		51.289406	1.075802
		
g99		1787.2678443766	0.82127321556234	4	3	6	7	9	10	8	5	4	0	1	11	12	14	13	2	15		
		53.803895	-1.549931
		53.751959	-0.335941
		54.980766	-1.615849
		55.958426	-3.186893
		55.862982	-4.263554
		54.892406	-2.923222
		53.409532	-3.000126
		53.478239	-2.258549
		52.486125	-1.890507
		51.460852	-2.588139
		51.488224	-3.186893
		51.624837	-3.94495
		50.152266	-5.065556
		50.726024	-3.543949
		51.512161	-0.116215
		51.289406	1.075802
		
g99		1793.58125239295	0.820641874760705	5	6	7	10	9	8	3	4	5	0	11	12	14	13	1	2	15		
		53.751959	-0.335941
		54.980766	-1.615849
		55.862982	-4.263554
		55.958426	-3.186893
		54.892406	-2.923222
		53.803895	-1.549931
		53.478239	-2.258549
		53.409532	-3.000126
		52.486125	-1.890507
		51.488224	-3.186893
		51.624837	-3.94495
		50.152266	-5.065556
		50.726024	-3.543949
		51.460852	-2.588139
		51.512161	-0.116215
		51.289406	1.075802
		
