c	11 12 14 13 1 2 15 6 7 9 10 8 3 4 5 0	1912.25322074826	0.808774677925174	11	12	14	13	1	2	15	6	7	9	10	8	3	4	5	0		
		51.488224	-3.186893
		51.624837	-3.94495
		50.152266	-5.065556
		50.726024	-3.543949
		51.460852	-2.588139
		51.512161	-0.116215
		51.289406	1.075802
		53.751959	-0.335941
		54.980766	-1.615849
		55.958426	-3.186893
		55.862982	-4.263554
		54.892406	-2.923222
		53.803895	-1.549931
		53.478239	-2.258549
		53.409532	-3.000126
		52.486125	-1.890507
		
c	0 1 11 12 14 13 3 5 10 9 8 4 2 15 6 7	2433.8122516975	0.75661877483025	0	1	11	12	14	13	3	5	10	9	8	4	2	15	6	7		
		52.486125	-1.890507
		51.460852	-2.588139
		51.488224	-3.186893
		51.624837	-3.94495
		50.152266	-5.065556
		50.726024	-3.543949
		53.803895	-1.549931
		53.409532	-3.000126
		55.862982	-4.263554
		55.958426	-3.186893
		54.892406	-2.923222
		53.478239	-2.258549
		51.512161	-0.116215
		51.289406	1.075802
		53.751959	-0.335941
		54.980766	-1.615849
		
c	11 12 14 13 2 15 6 7 9 10 8 3 5 4 0 1	2046.21399928202	0.795378600071798	11	12	14	13	2	15	6	7	9	10	8	3	5	4	0	1		
		51.488224	-3.186893
		51.624837	-3.94495
		50.152266	-5.065556
		50.726024	-3.543949
		51.512161	-0.116215
		51.289406	1.075802
		53.751959	-0.335941
		54.980766	-1.615849
		55.958426	-3.186893
		55.862982	-4.263554
		54.892406	-2.923222
		53.803895	-1.549931
		53.409532	-3.000126
		53.478239	-2.258549
		52.486125	-1.890507
		51.460852	-2.588139
		
c	12 9 10 8 3 6 7 5 4 0 1 11 14 13 2 15	2268.97152168725	0.773102847831275	12	9	10	8	3	6	7	5	4	0	1	11	14	13	2	15		
		51.624837	-3.94495
		55.958426	-3.186893
		55.862982	-4.263554
		54.892406	-2.923222
		53.803895	-1.549931
		53.751959	-0.335941
		54.980766	-1.615849
		53.409532	-3.000126
		53.478239	-2.258549
		52.486125	-1.890507
		51.460852	-2.588139
		51.488224	-3.186893
		50.152266	-5.065556
		50.726024	-3.543949
		51.512161	-0.116215
		51.289406	1.075802
		
c	4 0 1 11 12 14 15 6 5 3 13 7 9 10 8 2	3170.32530230353	0.682967469769647	4	0	1	11	12	14	15	6	5	3	13	7	9	10	8	2		
		53.478239	-2.258549
		52.486125	-1.890507
		51.460852	-2.588139
		51.488224	-3.186893
		51.624837	-3.94495
		50.152266	-5.065556
		51.289406	1.075802
		53.751959	-0.335941
		53.409532	-3.000126
		53.803895	-1.549931
		50.726024	-3.543949
		54.980766	-1.615849
		55.958426	-3.186893
		55.862982	-4.263554
		54.892406	-2.923222
		51.512161	-0.116215
		
c	9 10 8 4 5 0 1 6 3 7 11 12 14 13 2 15	2280.42718864262	0.771957281135738	9	10	8	4	5	0	1	6	3	7	11	12	14	13	2	15		
		55.958426	-3.186893
		55.862982	-4.263554
		54.892406	-2.923222
		53.478239	-2.258549
		53.409532	-3.000126
		52.486125	-1.890507
		51.460852	-2.588139
		53.751959	-0.335941
		53.803895	-1.549931
		54.980766	-1.615849
		51.488224	-3.186893
		51.624837	-3.94495
		50.152266	-5.065556
		50.726024	-3.543949
		51.512161	-0.116215
		51.289406	1.075802
		
c	13 1 2 15 6 7 10 5 3 4 0 11 12 14 9 8	2724.29336574037	0.727570663425963	13	1	2	15	6	7	10	5	3	4	0	11	12	14	9	8		
		50.726024	-3.543949
		51.460852	-2.588139
		51.512161	-0.116215
		51.289406	1.075802
		53.751959	-0.335941
		54.980766	-1.615849
		55.862982	-4.263554
		53.409532	-3.000126
		53.803895	-1.549931
		53.478239	-2.258549
		52.486125	-1.890507
		51.488224	-3.186893
		51.624837	-3.94495
		50.152266	-5.065556
		55.958426	-3.186893
		54.892406	-2.923222
		
c	7 3 12 14 13 6 9 10 8 5 4 0 1 11 2 15	2432.50484985753	0.756749515014247	7	3	12	14	13	6	9	10	8	5	4	0	1	11	2	15		
		54.980766	-1.615849
		53.803895	-1.549931
		51.624837	-3.94495
		50.152266	-5.065556
		50.726024	-3.543949
		53.751959	-0.335941
		55.958426	-3.186893
		55.862982	-4.263554
		54.892406	-2.923222
		53.409532	-3.000126
		53.478239	-2.258549
		52.486125	-1.890507
		51.460852	-2.588139
		51.488224	-3.186893
		51.512161	-0.116215
		51.289406	1.075802
		
c	6 0 1 11 12 14 13 7 2 15 10 5 9 8 3 4	3192.35684265137	0.680764315734863	6	0	1	11	12	14	13	7	2	15	10	5	9	8	3	4		
		53.751959	-0.335941
		52.486125	-1.890507
		51.460852	-2.588139
		51.488224	-3.186893
		51.624837	-3.94495
		50.152266	-5.065556
		50.726024	-3.543949
		54.980766	-1.615849
		51.512161	-0.116215
		51.289406	1.075802
		55.862982	-4.263554
		53.409532	-3.000126
		55.958426	-3.186893
		54.892406	-2.923222
		53.803895	-1.549931
		53.478239	-2.258549
		
c	7 9 10 8 5 3 4 0 1 11 12 14 13 2 15 6	1952.10538323379	0.804789461676621	7	9	10	8	5	3	4	0	1	11	12	14	13	2	15	6		
		54.980766	-1.615849
		55.958426	-3.186893
		55.862982	-4.263554
		54.892406	-2.923222
		53.409532	-3.000126
		53.803895	-1.549931
		53.478239	-2.258549
		52.486125	-1.890507
		51.460852	-2.588139
		51.488224	-3.186893
		51.624837	-3.94495
		50.152266	-5.065556
		50.726024	-3.543949
		51.512161	-0.116215
		51.289406	1.075802
		53.751959	-0.335941
		
c	13 5 9 10 8 7 6 3 4 0 1 11 12 14 2 15	2152.17077236302	0.784782922763698	13	5	9	10	8	7	6	3	4	0	1	11	12	14	2	15		
		50.726024	-3.543949
		53.409532	-3.000126
		55.958426	-3.186893
		55.862982	-4.263554
		54.892406	-2.923222
		54.980766	-1.615849
		53.751959	-0.335941
		53.803895	-1.549931
		53.478239	-2.258549
		52.486125	-1.890507
		51.460852	-2.588139
		51.488224	-3.186893
		51.624837	-3.94495
		50.152266	-5.065556
		51.512161	-0.116215
		51.289406	1.075802
		
c	14 13 2 15 1 0 11 12 6 7 9 10 8 3 4 5	2151.72614225856	0.784827385774144	14	13	2	15	1	0	11	12	6	7	9	10	8	3	4	5		
		50.152266	-5.065556
		50.726024	-3.543949
		51.512161	-0.116215
		51.289406	1.075802
		51.460852	-2.588139
		52.486125	-1.890507
		51.488224	-3.186893
		51.624837	-3.94495
		53.751959	-0.335941
		54.980766	-1.615849
		55.958426	-3.186893
		55.862982	-4.263554
		54.892406	-2.923222
		53.803895	-1.549931
		53.478239	-2.258549
		53.409532	-3.000126
		
c	5 6 3 4 0 1 11 12 14 13 9 10 8 7 2 15	2314.8442689721	0.76851557310279	5	6	3	4	0	1	11	12	14	13	9	10	8	7	2	15		
		53.409532	-3.000126
		53.751959	-0.335941
		53.803895	-1.549931
		53.478239	-2.258549
		52.486125	-1.890507
		51.460852	-2.588139
		51.488224	-3.186893
		51.624837	-3.94495
		50.152266	-5.065556
		50.726024	-3.543949
		55.958426	-3.186893
		55.862982	-4.263554
		54.892406	-2.923222
		54.980766	-1.615849
		51.512161	-0.116215
		51.289406	1.075802
		
c	1 11 12 14 13 5 9 10 8 4 0 6 7 3 2 15	2293.06430134631	0.770693569865369	1	11	12	14	13	5	9	10	8	4	0	6	7	3	2	15		
		51.460852	-2.588139
		51.488224	-3.186893
		51.624837	-3.94495
		50.152266	-5.065556
		50.726024	-3.543949
		53.409532	-3.000126
		55.958426	-3.186893
		55.862982	-4.263554
		54.892406	-2.923222
		53.478239	-2.258549
		52.486125	-1.890507
		53.751959	-0.335941
		54.980766	-1.615849
		53.803895	-1.549931
		51.512161	-0.116215
		51.289406	1.075802
		
c	6 8 7 5 3 4 0 1 11 12 14 13 2 15 9 10	2294.00078146966	0.770599921853034	6	8	7	5	3	4	0	1	11	12	14	13	2	15	9	10		
		53.751959	-0.335941
		54.892406	-2.923222
		54.980766	-1.615849
		53.409532	-3.000126
		53.803895	-1.549931
		53.478239	-2.258549
		52.486125	-1.890507
		51.460852	-2.588139
		51.488224	-3.186893
		51.624837	-3.94495
		50.152266	-5.065556
		50.726024	-3.543949
		51.512161	-0.116215
		51.289406	1.075802
		55.958426	-3.186893
		55.862982	-4.263554
		
c	0 1 11 8 7 5 6 3 4 10 9 12 14 13 2 15	2638.82787598	0.736117212402	0	1	11	8	7	5	6	3	4	10	9	12	14	13	2	15		
		52.486125	-1.890507
		51.460852	-2.588139
		51.488224	-3.186893
		54.892406	-2.923222
		54.980766	-1.615849
		53.409532	-3.000126
		53.751959	-0.335941
		53.803895	-1.549931
		53.478239	-2.258549
		55.862982	-4.263554
		55.958426	-3.186893
		51.624837	-3.94495
		50.152266	-5.065556
		50.726024	-3.543949
		51.512161	-0.116215
		51.289406	1.075802
		
c	4 10 9 8 7 5 6 3 0 1 11 12 14 13 2 15	2038.90004373272	0.796109995626728	4	10	9	8	7	5	6	3	0	1	11	12	14	13	2	15		
		53.478239	-2.258549
		55.862982	-4.263554
		55.958426	-3.186893
		54.892406	-2.923222
		54.980766	-1.615849
		53.409532	-3.000126
		53.751959	-0.335941
		53.803895	-1.549931
		52.486125	-1.890507
		51.460852	-2.588139
		51.488224	-3.186893
		51.624837	-3.94495
		50.152266	-5.065556
		50.726024	-3.543949
		51.512161	-0.116215
		51.289406	1.075802
		
c	11 12 14 13 10 6 7 9 8 3 4 5 0 1 2 15	2472.22880135618	0.752777119864382	11	12	14	13	10	6	7	9	8	3	4	5	0	1	2	15		
		51.488224	-3.186893
		51.624837	-3.94495
		50.152266	-5.065556
		50.726024	-3.543949
		55.862982	-4.263554
		53.751959	-0.335941
		54.980766	-1.615849
		55.958426	-3.186893
		54.892406	-2.923222
		53.803895	-1.549931
		53.478239	-2.258549
		53.409532	-3.000126
		52.486125	-1.890507
		51.460852	-2.588139
		51.512161	-0.116215
		51.289406	1.075802
		
c	8 3 4 5 7 9 0 11 12 14 13 2 15 1 6 10	2738.06543780568	0.726193456219432	8	3	4	5	7	9	0	11	12	14	13	2	15	1	6	10		
		54.892406	-2.923222
		53.803895	-1.549931
		53.478239	-2.258549
		53.409532	-3.000126
		54.980766	-1.615849
		55.958426	-3.186893
		52.486125	-1.890507
		51.488224	-3.186893
		51.624837	-3.94495
		50.152266	-5.065556
		50.726024	-3.543949
		51.512161	-0.116215
		51.289406	1.075802
		51.460852	-2.588139
		53.751959	-0.335941
		55.862982	-4.263554
		
c	14 13 2 15 6 7 9 10 8 5 3 4 0 1 11 12	1930.29911058937	0.806970088941063	14	13	2	15	6	7	9	10	8	5	3	4	0	1	11	12		
		50.152266	-5.065556
		50.726024	-3.543949
		51.512161	-0.116215
		51.289406	1.075802
		53.751959	-0.335941
		54.980766	-1.615849
		55.958426	-3.186893
		55.862982	-4.263554
		54.892406	-2.923222
		53.409532	-3.000126
		53.803895	-1.549931
		53.478239	-2.258549
		52.486125	-1.890507
		51.460852	-2.588139
		51.488224	-3.186893
		51.624837	-3.94495
		
c	3 4 0 11 12 2 15 6 7 5 10 9 8 14 13 1	2615.97168057705	0.738402831942295	3	4	0	11	12	2	15	6	7	5	10	9	8	14	13	1		
		53.803895	-1.549931
		53.478239	-2.258549
		52.486125	-1.890507
		51.488224	-3.186893
		51.624837	-3.94495
		51.512161	-0.116215
		51.289406	1.075802
		53.751959	-0.335941
		54.980766	-1.615849
		53.409532	-3.000126
		55.862982	-4.263554
		55.958426	-3.186893
		54.892406	-2.923222
		50.152266	-5.065556
		50.726024	-3.543949
		51.460852	-2.588139
		
c	15 1 12 3 6 7 9 10 8 5 4 0 11 14 13 2	2281.99638003347	0.771800361996652	15	1	12	3	6	7	9	10	8	5	4	0	11	14	13	2		
		51.289406	1.075802
		51.460852	-2.588139
		51.624837	-3.94495
		53.803895	-1.549931
		53.751959	-0.335941
		54.980766	-1.615849
		55.958426	-3.186893
		55.862982	-4.263554
		54.892406	-2.923222
		53.409532	-3.000126
		53.478239	-2.258549
		52.486125	-1.890507
		51.488224	-3.186893
		50.152266	-5.065556
		50.726024	-3.543949
		51.512161	-0.116215
		
c	8 3 4 0 11 1 6 7 9 10 5 12 14 13 2 15	2318.52004019191	0.768147995980809	8	3	4	0	11	1	6	7	9	10	5	12	14	13	2	15		
		54.892406	-2.923222
		53.803895	-1.549931
		53.478239	-2.258549
		52.486125	-1.890507
		51.488224	-3.186893
		51.460852	-2.588139
		53.751959	-0.335941
		54.980766	-1.615849
		55.958426	-3.186893
		55.862982	-4.263554
		53.409532	-3.000126
		51.624837	-3.94495
		50.152266	-5.065556
		50.726024	-3.543949
		51.512161	-0.116215
		51.289406	1.075802
		
c	0 1 11 12 14 13 2 15 6 7 9 10 8 3 5 4	1974.75895724959	0.802524104275041	0	1	11	12	14	13	2	15	6	7	9	10	8	3	5	4		
		52.486125	-1.890507
		51.460852	-2.588139
		51.488224	-3.186893
		51.624837	-3.94495
		50.152266	-5.065556
		50.726024	-3.543949
		51.512161	-0.116215
		51.289406	1.075802
		53.751959	-0.335941
		54.980766	-1.615849
		55.958426	-3.186893
		55.862982	-4.263554
		54.892406	-2.923222
		53.803895	-1.549931
		53.409532	-3.000126
		53.478239	-2.258549
		
c	5 4 0 1 11 12 14 13 2 15 6 7 9 10 8 3	1982.55061275106	0.801744938724895	5	4	0	1	11	12	14	13	2	15	6	7	9	10	8	3		
		53.409532	-3.000126
		53.478239	-2.258549
		52.486125	-1.890507
		51.460852	-2.588139
		51.488224	-3.186893
		51.624837	-3.94495
		50.152266	-5.065556
		50.726024	-3.543949
		51.512161	-0.116215
		51.289406	1.075802
		53.751959	-0.335941
		54.980766	-1.615849
		55.958426	-3.186893
		55.862982	-4.263554
		54.892406	-2.923222
		53.803895	-1.549931
		
c	13 7 9 10 8 6 3 4 5 0 1 11 12 14 2 15	2235.10861471161	0.776489138528839	13	7	9	10	8	6	3	4	5	0	1	11	12	14	2	15		
		50.726024	-3.543949
		54.980766	-1.615849
		55.958426	-3.186893
		55.862982	-4.263554
		54.892406	-2.923222
		53.751959	-0.335941
		53.803895	-1.549931
		53.478239	-2.258549
		53.409532	-3.000126
		52.486125	-1.890507
		51.460852	-2.588139
		51.488224	-3.186893
		51.624837	-3.94495
		50.152266	-5.065556
		51.512161	-0.116215
		51.289406	1.075802
		
c	0 11 12 14 13 1 7 9 10 8 3 4 5 6 2 15	2132.66932380617	0.786733067619383	0	11	12	14	13	1	7	9	10	8	3	4	5	6	2	15		
		52.486125	-1.890507
		51.488224	-3.186893
		51.624837	-3.94495
		50.152266	-5.065556
		50.726024	-3.543949
		51.460852	-2.588139
		54.980766	-1.615849
		55.958426	-3.186893
		55.862982	-4.263554
		54.892406	-2.923222
		53.803895	-1.549931
		53.478239	-2.258549
		53.409532	-3.000126
		53.751959	-0.335941
		51.512161	-0.116215
		51.289406	1.075802
		
c	1 11 12 6 7 9 10 8 5 3 4 0 14 13 2 15	2196.47025002121	0.780352974997879	1	11	12	6	7	9	10	8	5	3	4	0	14	13	2	15		
		51.460852	-2.588139
		51.488224	-3.186893
		51.624837	-3.94495
		53.751959	-0.335941
		54.980766	-1.615849
		55.958426	-3.186893
		55.862982	-4.263554
		54.892406	-2.923222
		53.409532	-3.000126
		53.803895	-1.549931
		53.478239	-2.258549
		52.486125	-1.890507
		50.152266	-5.065556
		50.726024	-3.543949
		51.512161	-0.116215
		51.289406	1.075802
		
c	11 12 14 13 2 6 7 10 9 8 3 4 5 0 1 15	2171.20695063653	0.782879304936347	11	12	14	13	2	6	7	10	9	8	3	4	5	0	1	15		
		51.488224	-3.186893
		51.624837	-3.94495
		50.152266	-5.065556
		50.726024	-3.543949
		51.512161	-0.116215
		53.751959	-0.335941
		54.980766	-1.615849
		55.862982	-4.263554
		55.958426	-3.186893
		54.892406	-2.923222
		53.803895	-1.549931
		53.478239	-2.258549
		53.409532	-3.000126
		52.486125	-1.890507
		51.460852	-2.588139
		51.289406	1.075802
		
c	4 5 1 11 12 14 13 2 15 0 6 7 9 10 8 3	2092.41240722295	0.790758759277705	4	5	1	11	12	14	13	2	15	0	6	7	9	10	8	3		
		53.478239	-2.258549
		53.409532	-3.000126
		51.460852	-2.588139
		51.488224	-3.186893
		51.624837	-3.94495
		50.152266	-5.065556
		50.726024	-3.543949
		51.512161	-0.116215
		51.289406	1.075802
		52.486125	-1.890507
		53.751959	-0.335941
		54.980766	-1.615849
		55.958426	-3.186893
		55.862982	-4.263554
		54.892406	-2.923222
		53.803895	-1.549931
		
c	11 12 14 13 8 7 5 6 3 4 10 9 0 1 2 15	2565.33031839709	0.743466968160291	11	12	14	13	8	7	5	6	3	4	10	9	0	1	2	15		
		51.488224	-3.186893
		51.624837	-3.94495
		50.152266	-5.065556
		50.726024	-3.543949
		54.892406	-2.923222
		54.980766	-1.615849
		53.409532	-3.000126
		53.751959	-0.335941
		53.803895	-1.549931
		53.478239	-2.258549
		55.862982	-4.263554
		55.958426	-3.186893
		52.486125	-1.890507
		51.460852	-2.588139
		51.512161	-0.116215
		51.289406	1.075802
		
c	6 9 10 8 5 3 4 0 1 11 12 14 13 2 15 7	2268.72425271495	0.773127574728505	6	9	10	8	5	3	4	0	1	11	12	14	13	2	15	7		
		53.751959	-0.335941
		55.958426	-3.186893
		55.862982	-4.263554
		54.892406	-2.923222
		53.409532	-3.000126
		53.803895	-1.549931
		53.478239	-2.258549
		52.486125	-1.890507
		51.460852	-2.588139
		51.488224	-3.186893
		51.624837	-3.94495
		50.152266	-5.065556
		50.726024	-3.543949
		51.512161	-0.116215
		51.289406	1.075802
		54.980766	-1.615849
		
c	6 7 9 10 8 3 4 0 1 11 5 12 14 13 2 15	2069.89789646897	0.793010210353103	6	7	9	10	8	3	4	0	1	11	5	12	14	13	2	15		
		53.751959	-0.335941
		54.980766	-1.615849
		55.958426	-3.186893
		55.862982	-4.263554
		54.892406	-2.923222
		53.803895	-1.549931
		53.478239	-2.258549
		52.486125	-1.890507
		51.460852	-2.588139
		51.488224	-3.186893
		53.409532	-3.000126
		51.624837	-3.94495
		50.152266	-5.065556
		50.726024	-3.543949
		51.512161	-0.116215
		51.289406	1.075802
		
c	12 14 13 2 8 5 3 4 9 10 7 6 0 1 11 15	2650.81464722413	0.734918535277587	12	14	13	2	8	5	3	4	9	10	7	6	0	1	11	15		
		51.624837	-3.94495
		50.152266	-5.065556
		50.726024	-3.543949
		51.512161	-0.116215
		54.892406	-2.923222
		53.409532	-3.000126
		53.803895	-1.549931
		53.478239	-2.258549
		55.958426	-3.186893
		55.862982	-4.263554
		54.980766	-1.615849
		53.751959	-0.335941
		52.486125	-1.890507
		51.460852	-2.588139
		51.488224	-3.186893
		51.289406	1.075802
		
c	4 0 11 1 12 8 5 3 9 10 7 6 14 13 2 15	2696.11087243621	0.730388912756379	4	0	11	1	12	8	5	3	9	10	7	6	14	13	2	15		
		53.478239	-2.258549
		52.486125	-1.890507
		51.488224	-3.186893
		51.460852	-2.588139
		51.624837	-3.94495
		54.892406	-2.923222
		53.409532	-3.000126
		53.803895	-1.549931
		55.958426	-3.186893
		55.862982	-4.263554
		54.980766	-1.615849
		53.751959	-0.335941
		50.152266	-5.065556
		50.726024	-3.543949
		51.512161	-0.116215
		51.289406	1.075802
		
c	9 8 5 3 4 6 7 10 0 1 11 12 14 13 2 15	2206.55381484229	0.779344618515771	9	8	5	3	4	6	7	10	0	1	11	12	14	13	2	15		
		55.958426	-3.186893
		54.892406	-2.923222
		53.409532	-3.000126
		53.803895	-1.549931
		53.478239	-2.258549
		53.751959	-0.335941
		54.980766	-1.615849
		55.862982	-4.263554
		52.486125	-1.890507
		51.460852	-2.588139
		51.488224	-3.186893
		51.624837	-3.94495
		50.152266	-5.065556
		50.726024	-3.543949
		51.512161	-0.116215
		51.289406	1.075802
		
c	9 10 7 6 0 8 5 3 4 1 11 12 14 13 2 15	2171.14894180825	0.782885105819175	9	10	7	6	0	8	5	3	4	1	11	12	14	13	2	15		
		55.958426	-3.186893
		55.862982	-4.263554
		54.980766	-1.615849
		53.751959	-0.335941
		52.486125	-1.890507
		54.892406	-2.923222
		53.409532	-3.000126
		53.803895	-1.549931
		53.478239	-2.258549
		51.460852	-2.588139
		51.488224	-3.186893
		51.624837	-3.94495
		50.152266	-5.065556
		50.726024	-3.543949
		51.512161	-0.116215
		51.289406	1.075802
		
c	12 14 13 2 9 10 8 7 5 6 3 4 0 1 11 15	2475.02984320451	0.75249701567955	12	14	13	2	9	10	8	7	5	6	3	4	0	1	11	15		
		51.624837	-3.94495
		50.152266	-5.065556
		50.726024	-3.543949
		51.512161	-0.116215
		55.958426	-3.186893
		55.862982	-4.263554
		54.892406	-2.923222
		54.980766	-1.615849
		53.409532	-3.000126
		53.751959	-0.335941
		53.803895	-1.549931
		53.478239	-2.258549
		52.486125	-1.890507
		51.460852	-2.588139
		51.488224	-3.186893
		51.289406	1.075802
		
c	9 8 3 4 7 10 5 0 6 1 11 12 14 13 2 15	2321.92468820405	0.767807531179595	9	8	3	4	7	10	5	0	6	1	11	12	14	13	2	15		
		55.958426	-3.186893
		54.892406	-2.923222
		53.803895	-1.549931
		53.478239	-2.258549
		54.980766	-1.615849
		55.862982	-4.263554
		53.409532	-3.000126
		52.486125	-1.890507
		53.751959	-0.335941
		51.460852	-2.588139
		51.488224	-3.186893
		51.624837	-3.94495
		50.152266	-5.065556
		50.726024	-3.543949
		51.512161	-0.116215
		51.289406	1.075802
		
c	1 11 12 14 13 2 15 6 7 0 4 5 9 10 8 3	2273.55076663469	0.772644923336531	1	11	12	14	13	2	15	6	7	0	4	5	9	10	8	3		
		51.460852	-2.588139
		51.488224	-3.186893
		51.624837	-3.94495
		50.152266	-5.065556
		50.726024	-3.543949
		51.512161	-0.116215
		51.289406	1.075802
		53.751959	-0.335941
		54.980766	-1.615849
		52.486125	-1.890507
		53.478239	-2.258549
		53.409532	-3.000126
		55.958426	-3.186893
		55.862982	-4.263554
		54.892406	-2.923222
		53.803895	-1.549931
		
c	3 4 5 0 6 7 10 9 8 1 11 12 14 13 2 15	2077.83495263118	0.792216504736882	3	4	5	0	6	7	10	9	8	1	11	12	14	13	2	15		
		53.803895	-1.549931
		53.478239	-2.258549
		53.409532	-3.000126
		52.486125	-1.890507
		53.751959	-0.335941
		54.980766	-1.615849
		55.862982	-4.263554
		55.958426	-3.186893
		54.892406	-2.923222
		51.460852	-2.588139
		51.488224	-3.186893
		51.624837	-3.94495
		50.152266	-5.065556
		50.726024	-3.543949
		51.512161	-0.116215
		51.289406	1.075802
		
c	0 6 7 10 9 8 5 4 1 11 12 14 13 2 15 3	2231.29620367337	0.776870379632663	0	6	7	10	9	8	5	4	1	11	12	14	13	2	15	3		
		52.486125	-1.890507
		53.751959	-0.335941
		54.980766	-1.615849
		55.862982	-4.263554
		55.958426	-3.186893
		54.892406	-2.923222
		53.409532	-3.000126
		53.478239	-2.258549
		51.460852	-2.588139
		51.488224	-3.186893
		51.624837	-3.94495
		50.152266	-5.065556
		50.726024	-3.543949
		51.512161	-0.116215
		51.289406	1.075802
		53.803895	-1.549931
		
c	4 6 7 10 9 8 3 5 0 11 12 14 13 1 2 15	1920.43199916152	0.807956800083848	4	6	7	10	9	8	3	5	0	11	12	14	13	1	2	15		
		53.478239	-2.258549
		53.751959	-0.335941
		54.980766	-1.615849
		55.862982	-4.263554
		55.958426	-3.186893
		54.892406	-2.923222
		53.803895	-1.549931
		53.409532	-3.000126
		52.486125	-1.890507
		51.488224	-3.186893
		51.624837	-3.94495
		50.152266	-5.065556
		50.726024	-3.543949
		51.460852	-2.588139
		51.512161	-0.116215
		51.289406	1.075802
		
c	14 13 2 6 3 7 9 10 8 5 4 0 1 11 12 15	2089.71545709187	0.791028454290813	14	13	2	6	3	7	9	10	8	5	4	0	1	11	12	15		
		50.152266	-5.065556
		50.726024	-3.543949
		51.512161	-0.116215
		53.751959	-0.335941
		53.803895	-1.549931
		54.980766	-1.615849
		55.958426	-3.186893
		55.862982	-4.263554
		54.892406	-2.923222
		53.409532	-3.000126
		53.478239	-2.258549
		52.486125	-1.890507
		51.460852	-2.588139
		51.488224	-3.186893
		51.624837	-3.94495
		51.289406	1.075802
		
c	13 3 6 7 9 10 8 5 4 0 1 11 12 2 14 15	2601.67751468704	0.739832248531296	13	3	6	7	9	10	8	5	4	0	1	11	12	2	14	15		
		50.726024	-3.543949
		53.803895	-1.549931
		53.751959	-0.335941
		54.980766	-1.615849
		55.958426	-3.186893
		55.862982	-4.263554
		54.892406	-2.923222
		53.409532	-3.000126
		53.478239	-2.258549
		52.486125	-1.890507
		51.460852	-2.588139
		51.488224	-3.186893
		51.624837	-3.94495
		51.512161	-0.116215
		50.152266	-5.065556
		51.289406	1.075802
		
c	7 10 9 8 3 4 5 6 0 1 11 12 14 13 2 15	1862.81370237903	0.813718629762097	7	10	9	8	3	4	5	6	0	1	11	12	14	13	2	15		
		54.980766	-1.615849
		55.862982	-4.263554
		55.958426	-3.186893
		54.892406	-2.923222
		53.803895	-1.549931
		53.478239	-2.258549
		53.409532	-3.000126
		53.751959	-0.335941
		52.486125	-1.890507
		51.460852	-2.588139
		51.488224	-3.186893
		51.624837	-3.94495
		50.152266	-5.065556
		50.726024	-3.543949
		51.512161	-0.116215
		51.289406	1.075802
		
c	11 12 14 13 2 6 3 7 9 10 8 5 4 0 1 15	2134.97341579813	0.786502658420187	11	12	14	13	2	6	3	7	9	10	8	5	4	0	1	15		
		51.488224	-3.186893
		51.624837	-3.94495
		50.152266	-5.065556
		50.726024	-3.543949
		51.512161	-0.116215
		53.751959	-0.335941
		53.803895	-1.549931
		54.980766	-1.615849
		55.958426	-3.186893
		55.862982	-4.263554
		54.892406	-2.923222
		53.409532	-3.000126
		53.478239	-2.258549
		52.486125	-1.890507
		51.460852	-2.588139
		51.289406	1.075802
		
c	2 15 1 6 7 9 10 8 3 4 5 0 11 12 14 13	2039.27793349996	0.796072206650004	2	15	1	6	7	9	10	8	3	4	5	0	11	12	14	13		
		51.512161	-0.116215
		51.289406	1.075802
		51.460852	-2.588139
		53.751959	-0.335941
		54.980766	-1.615849
		55.958426	-3.186893
		55.862982	-4.263554
		54.892406	-2.923222
		53.803895	-1.549931
		53.478239	-2.258549
		53.409532	-3.000126
		52.486125	-1.890507
		51.488224	-3.186893
		51.624837	-3.94495
		50.152266	-5.065556
		50.726024	-3.543949
		
c	3 4 0 10 8 9 7 5 6 1 11 12 14 13 2 15	2399.16189151225	0.760083810848775	3	4	0	10	8	9	7	5	6	1	11	12	14	13	2	15		
		53.803895	-1.549931
		53.478239	-2.258549
		52.486125	-1.890507
		55.862982	-4.263554
		54.892406	-2.923222
		55.958426	-3.186893
		54.980766	-1.615849
		53.409532	-3.000126
		53.751959	-0.335941
		51.460852	-2.588139
		51.488224	-3.186893
		51.624837	-3.94495
		50.152266	-5.065556
		50.726024	-3.543949
		51.512161	-0.116215
		51.289406	1.075802
		
c	12 14 13 2 15 6 7 9 10 8 3 5 4 0 1 11	2033.22980735333	0.796677019264667	12	14	13	2	15	6	7	9	10	8	3	5	4	0	1	11		
		51.624837	-3.94495
		50.152266	-5.065556
		50.726024	-3.543949
		51.512161	-0.116215
		51.289406	1.075802
		53.751959	-0.335941
		54.980766	-1.615849
		55.958426	-3.186893
		55.862982	-4.263554
		54.892406	-2.923222
		53.803895	-1.549931
		53.409532	-3.000126
		53.478239	-2.258549
		52.486125	-1.890507
		51.460852	-2.588139
		51.488224	-3.186893
		
c	3 1 0 11 12 14 13 2 15 6 7 9 10 8 4 5	2252.66871344828	0.774733128655172	3	1	0	11	12	14	13	2	15	6	7	9	10	8	4	5		
		53.803895	-1.549931
		51.460852	-2.588139
		52.486125	-1.890507
		51.488224	-3.186893
		51.624837	-3.94495
		50.152266	-5.065556
		50.726024	-3.543949
		51.512161	-0.116215
		51.289406	1.075802
		53.751959	-0.335941
		54.980766	-1.615849
		55.958426	-3.186893
		55.862982	-4.263554
		54.892406	-2.923222
		53.478239	-2.258549
		53.409532	-3.000126
		
c	1 5 0 11 12 14 13 2 15 6 7 9 10 8 3 4	2201.05677974485	0.779894322025515	1	5	0	11	12	14	13	2	15	6	7	9	10	8	3	4		
		51.460852	-2.588139
		53.409532	-3.000126
		52.486125	-1.890507
		51.488224	-3.186893
		51.624837	-3.94495
		50.152266	-5.065556
		50.726024	-3.543949
		51.512161	-0.116215
		51.289406	1.075802
		53.751959	-0.335941
		54.980766	-1.615849
		55.958426	-3.186893
		55.862982	-4.263554
		54.892406	-2.923222
		53.803895	-1.549931
		53.478239	-2.258549
		
c	6 3 4 7 9 10 8 0 1 11 5 12 14 13 2 15	2175.06272245577	0.782493727754423	6	3	4	7	9	10	8	0	1	11	5	12	14	13	2	15		
		53.751959	-0.335941
		53.803895	-1.549931
		53.478239	-2.258549
		54.980766	-1.615849
		55.958426	-3.186893
		55.862982	-4.263554
		54.892406	-2.923222
		52.486125	-1.890507
		51.460852	-2.588139
		51.488224	-3.186893
		53.409532	-3.000126
		51.624837	-3.94495
		50.152266	-5.065556
		50.726024	-3.543949
		51.512161	-0.116215
		51.289406	1.075802
		
c	3 4 10 9 0 8 5 7 6 1 11 12 14 13 2 15	2655.09915957967	0.734490084042033	3	4	10	9	0	8	5	7	6	1	11	12	14	13	2	15		
		53.803895	-1.549931
		53.478239	-2.258549
		55.862982	-4.263554
		55.958426	-3.186893
		52.486125	-1.890507
		54.892406	-2.923222
		53.409532	-3.000126
		54.980766	-1.615849
		53.751959	-0.335941
		51.460852	-2.588139
		51.488224	-3.186893
		51.624837	-3.94495
		50.152266	-5.065556
		50.726024	-3.543949
		51.512161	-0.116215
		51.289406	1.075802
		
c	10 9 8 3 4 12 14 13 7 5 0 1 11 2 15 6	2507.15006001034	0.749284993998966	10	9	8	3	4	12	14	13	7	5	0	1	11	2	15	6		
		55.862982	-4.263554
		55.958426	-3.186893
		54.892406	-2.923222
		53.803895	-1.549931
		53.478239	-2.258549
		51.624837	-3.94495
		50.152266	-5.065556
		50.726024	-3.543949
		54.980766	-1.615849
		53.409532	-3.000126
		52.486125	-1.890507
		51.460852	-2.588139
		51.488224	-3.186893
		51.512161	-0.116215
		51.289406	1.075802
		53.751959	-0.335941
		
c	4 0 1 11 12 14 13 2 15 6 7 3 9 10 8 5	2192.90611252557	0.780709388747443	4	0	1	11	12	14	13	2	15	6	7	3	9	10	8	5		
		53.478239	-2.258549
		52.486125	-1.890507
		51.460852	-2.588139
		51.488224	-3.186893
		51.624837	-3.94495
		50.152266	-5.065556
		50.726024	-3.543949
		51.512161	-0.116215
		51.289406	1.075802
		53.751959	-0.335941
		54.980766	-1.615849
		53.803895	-1.549931
		55.958426	-3.186893
		55.862982	-4.263554
		54.892406	-2.923222
		53.409532	-3.000126
		
c	10 8 5 4 9 7 6 3 0 1 11 12 14 13 2 15	2036.72584926223	0.796327415073777	10	8	5	4	9	7	6	3	0	1	11	12	14	13	2	15		
		55.862982	-4.263554
		54.892406	-2.923222
		53.409532	-3.000126
		53.478239	-2.258549
		55.958426	-3.186893
		54.980766	-1.615849
		53.751959	-0.335941
		53.803895	-1.549931
		52.486125	-1.890507
		51.460852	-2.588139
		51.488224	-3.186893
		51.624837	-3.94495
		50.152266	-5.065556
		50.726024	-3.543949
		51.512161	-0.116215
		51.289406	1.075802
		
c	5 6 3 4 7 9 10 8 0 1 11 12 14 13 2 15	1987.06520572223	0.801293479427777	5	6	3	4	7	9	10	8	0	1	11	12	14	13	2	15		
		53.409532	-3.000126
		53.751959	-0.335941
		53.803895	-1.549931
		53.478239	-2.258549
		54.980766	-1.615849
		55.958426	-3.186893
		55.862982	-4.263554
		54.892406	-2.923222
		52.486125	-1.890507
		51.460852	-2.588139
		51.488224	-3.186893
		51.624837	-3.94495
		50.152266	-5.065556
		50.726024	-3.543949
		51.512161	-0.116215
		51.289406	1.075802
		
c	0 11 7 9 10 8 5 4 1 12 14 13 2 15 6 3	2449.91069274273	0.755008930725727	0	11	7	9	10	8	5	4	1	12	14	13	2	15	6	3		
		52.486125	-1.890507
		51.488224	-3.186893
		54.980766	-1.615849
		55.958426	-3.186893
		55.862982	-4.263554
		54.892406	-2.923222
		53.409532	-3.000126
		53.478239	-2.258549
		51.460852	-2.588139
		51.624837	-3.94495
		50.152266	-5.065556
		50.726024	-3.543949
		51.512161	-0.116215
		51.289406	1.075802
		53.751959	-0.335941
		53.803895	-1.549931
		
c	3 4 0 1 11 5 8 7 6 10 9 12 14 13 2 15	2504.51943535018	0.749548056464982	3	4	0	1	11	5	8	7	6	10	9	12	14	13	2	15		
		53.803895	-1.549931
		53.478239	-2.258549
		52.486125	-1.890507
		51.460852	-2.588139
		51.488224	-3.186893
		53.409532	-3.000126
		54.892406	-2.923222
		54.980766	-1.615849
		53.751959	-0.335941
		55.862982	-4.263554
		55.958426	-3.186893
		51.624837	-3.94495
		50.152266	-5.065556
		50.726024	-3.543949
		51.512161	-0.116215
		51.289406	1.075802
		
c	4 10 9 0 1 11 6 7 8 3 5 12 14 13 2 15	2595.66367248626	0.740433632751374	4	10	9	0	1	11	6	7	8	3	5	12	14	13	2	15		
		53.478239	-2.258549
		55.862982	-4.263554
		55.958426	-3.186893
		52.486125	-1.890507
		51.460852	-2.588139
		51.488224	-3.186893
		53.751959	-0.335941
		54.980766	-1.615849
		54.892406	-2.923222
		53.803895	-1.549931
		53.409532	-3.000126
		51.624837	-3.94495
		50.152266	-5.065556
		50.726024	-3.543949
		51.512161	-0.116215
		51.289406	1.075802
		
c	10 8 3 4 5 7 9 6 0 1 11 12 14 13 2 15	2087.98310867371	0.791201689132629	10	8	3	4	5	7	9	6	0	1	11	12	14	13	2	15		
		55.862982	-4.263554
		54.892406	-2.923222
		53.803895	-1.549931
		53.478239	-2.258549
		53.409532	-3.000126
		54.980766	-1.615849
		55.958426	-3.186893
		53.751959	-0.335941
		52.486125	-1.890507
		51.460852	-2.588139
		51.488224	-3.186893
		51.624837	-3.94495
		50.152266	-5.065556
		50.726024	-3.543949
		51.512161	-0.116215
		51.289406	1.075802
		
c	10 8 9 5 3 4 0 1 11 12 14 13 2 15 6 7	2135.3611550035	0.78646388449965	10	8	9	5	3	4	0	1	11	12	14	13	2	15	6	7		
		55.862982	-4.263554
		54.892406	-2.923222
		55.958426	-3.186893
		53.409532	-3.000126
		53.803895	-1.549931
		53.478239	-2.258549
		52.486125	-1.890507
		51.460852	-2.588139
		51.488224	-3.186893
		51.624837	-3.94495
		50.152266	-5.065556
		50.726024	-3.543949
		51.512161	-0.116215
		51.289406	1.075802
		53.751959	-0.335941
		54.980766	-1.615849
		
c	8 3 4 5 9 6 7 10 0 1 11 12 14 13 2 15	2475.56507247131	0.752443492752868	8	3	4	5	9	6	7	10	0	1	11	12	14	13	2	15		
		54.892406	-2.923222
		53.803895	-1.549931
		53.478239	-2.258549
		53.409532	-3.000126
		55.958426	-3.186893
		53.751959	-0.335941
		54.980766	-1.615849
		55.862982	-4.263554
		52.486125	-1.890507
		51.460852	-2.588139
		51.488224	-3.186893
		51.624837	-3.94495
		50.152266	-5.065556
		50.726024	-3.543949
		51.512161	-0.116215
		51.289406	1.075802
		
c	5 4 0 1 11 8 3 6 7 10 9 12 14 13 2 15	2490.85851156234	0.750914148843766	5	4	0	1	11	8	3	6	7	10	9	12	14	13	2	15		
		53.409532	-3.000126
		53.478239	-2.258549
		52.486125	-1.890507
		51.460852	-2.588139
		51.488224	-3.186893
		54.892406	-2.923222
		53.803895	-1.549931
		53.751959	-0.335941
		54.980766	-1.615849
		55.862982	-4.263554
		55.958426	-3.186893
		51.624837	-3.94495
		50.152266	-5.065556
		50.726024	-3.543949
		51.512161	-0.116215
		51.289406	1.075802
		
c	11 12 14 13 3 4 5 6 0 1 7 9 10 8 2 15	2571.63828128518	0.742836171871482	11	12	14	13	3	4	5	6	0	1	7	9	10	8	2	15		
		51.488224	-3.186893
		51.624837	-3.94495
		50.152266	-5.065556
		50.726024	-3.543949
		53.803895	-1.549931
		53.478239	-2.258549
		53.409532	-3.000126
		53.751959	-0.335941
		52.486125	-1.890507
		51.460852	-2.588139
		54.980766	-1.615849
		55.958426	-3.186893
		55.862982	-4.263554
		54.892406	-2.923222
		51.512161	-0.116215
		51.289406	1.075802
		
c	13 2 15 10 8 7 5 6 3 4 9 0 1 11 12 14	2774.93634735896	0.722506365264104	13	2	15	10	8	7	5	6	3	4	9	0	1	11	12	14		
		50.726024	-3.543949
		51.512161	-0.116215
		51.289406	1.075802
		55.862982	-4.263554
		54.892406	-2.923222
		54.980766	-1.615849
		53.409532	-3.000126
		53.751959	-0.335941
		53.803895	-1.549931
		53.478239	-2.258549
		55.958426	-3.186893
		52.486125	-1.890507
		51.460852	-2.588139
		51.488224	-3.186893
		51.624837	-3.94495
		50.152266	-5.065556
		
c	3 4 10 8 6 7 9 5 0 1 11 12 14 13 2 15	2286.31913480264	0.771368086519736	3	4	10	8	6	7	9	5	0	1	11	12	14	13	2	15		
		53.803895	-1.549931
		53.478239	-2.258549
		55.862982	-4.263554
		54.892406	-2.923222
		53.751959	-0.335941
		54.980766	-1.615849
		55.958426	-3.186893
		53.409532	-3.000126
		52.486125	-1.890507
		51.460852	-2.588139
		51.488224	-3.186893
		51.624837	-3.94495
		50.152266	-5.065556
		50.726024	-3.543949
		51.512161	-0.116215
		51.289406	1.075802
		
c	6 0 11 12 14 13 1 2 15 7 9 10 8 3 4 5	2100.55704585512	0.789944295414488	6	0	11	12	14	13	1	2	15	7	9	10	8	3	4	5		
		53.751959	-0.335941
		52.486125	-1.890507
		51.488224	-3.186893
		51.624837	-3.94495
		50.152266	-5.065556
		50.726024	-3.543949
		51.460852	-2.588139
		51.512161	-0.116215
		51.289406	1.075802
		54.980766	-1.615849
		55.958426	-3.186893
		55.862982	-4.263554
		54.892406	-2.923222
		53.803895	-1.549931
		53.478239	-2.258549
		53.409532	-3.000126
		
c	8 5 3 4 0 14 13 1 2 15 6 7 9 10 11 12	2482.14300477261	0.751785699522739	8	5	3	4	0	14	13	1	2	15	6	7	9	10	11	12		
		54.892406	-2.923222
		53.409532	-3.000126
		53.803895	-1.549931
		53.478239	-2.258549
		52.486125	-1.890507
		50.152266	-5.065556
		50.726024	-3.543949
		51.460852	-2.588139
		51.512161	-0.116215
		51.289406	1.075802
		53.751959	-0.335941
		54.980766	-1.615849
		55.958426	-3.186893
		55.862982	-4.263554
		51.488224	-3.186893
		51.624837	-3.94495
		
c	6 7 10 8 3 4 5 9 0 1 11 12 14 13 2 15	2296.24169919713	0.770375830080287	6	7	10	8	3	4	5	9	0	1	11	12	14	13	2	15		
		53.751959	-0.335941
		54.980766	-1.615849
		55.862982	-4.263554
		54.892406	-2.923222
		53.803895	-1.549931
		53.478239	-2.258549
		53.409532	-3.000126
		55.958426	-3.186893
		52.486125	-1.890507
		51.460852	-2.588139
		51.488224	-3.186893
		51.624837	-3.94495
		50.152266	-5.065556
		50.726024	-3.543949
		51.512161	-0.116215
		51.289406	1.075802
		
c	0 1 11 12 14 2 15 6 7 5 4 13 10 9 8 3	2792.14541580681	0.72078545841932	0	1	11	12	14	2	15	6	7	5	4	13	10	9	8	3		
		52.486125	-1.890507
		51.460852	-2.588139
		51.488224	-3.186893
		51.624837	-3.94495
		50.152266	-5.065556
		51.512161	-0.116215
		51.289406	1.075802
		53.751959	-0.335941
		54.980766	-1.615849
		53.409532	-3.000126
		53.478239	-2.258549
		50.726024	-3.543949
		55.862982	-4.263554
		55.958426	-3.186893
		54.892406	-2.923222
		53.803895	-1.549931
		
c	14 13 7 9 3 5 10 8 4 0 1 11 12 2 15 6	2688.3154246206	0.73116845753794	14	13	7	9	3	5	10	8	4	0	1	11	12	2	15	6		
		50.152266	-5.065556
		50.726024	-3.543949
		54.980766	-1.615849
		55.958426	-3.186893
		53.803895	-1.549931
		53.409532	-3.000126
		55.862982	-4.263554
		54.892406	-2.923222
		53.478239	-2.258549
		52.486125	-1.890507
		51.460852	-2.588139
		51.488224	-3.186893
		51.624837	-3.94495
		51.512161	-0.116215
		51.289406	1.075802
		53.751959	-0.335941
		
c	4 9 0 1 5 11 12 14 13 2 15 6 7 10 8 3	2866.8023427353	0.71331976572647	4	9	0	1	5	11	12	14	13	2	15	6	7	10	8	3		
		53.478239	-2.258549
		55.958426	-3.186893
		52.486125	-1.890507
		51.460852	-2.588139
		53.409532	-3.000126
		51.488224	-3.186893
		51.624837	-3.94495
		50.152266	-5.065556
		50.726024	-3.543949
		51.512161	-0.116215
		51.289406	1.075802
		53.751959	-0.335941
		54.980766	-1.615849
		55.862982	-4.263554
		54.892406	-2.923222
		53.803895	-1.549931
		
c	1 11 15 12 3 6 7 9 10 8 5 4 0 14 13 2	2619.12613731216	0.738087386268784	1	11	15	12	3	6	7	9	10	8	5	4	0	14	13	2		
		51.460852	-2.588139
		51.488224	-3.186893
		51.289406	1.075802
		51.624837	-3.94495
		53.803895	-1.549931
		53.751959	-0.335941
		54.980766	-1.615849
		55.958426	-3.186893
		55.862982	-4.263554
		54.892406	-2.923222
		53.409532	-3.000126
		53.478239	-2.258549
		52.486125	-1.890507
		50.152266	-5.065556
		50.726024	-3.543949
		51.512161	-0.116215
		
c	8 14 13 2 6 3 7 9 10 5 4 0 1 11 12 15	2618.81354958695	0.738118645041305	8	14	13	2	6	3	7	9	10	5	4	0	1	11	12	15		
		54.892406	-2.923222
		50.152266	-5.065556
		50.726024	-3.543949
		51.512161	-0.116215
		53.751959	-0.335941
		53.803895	-1.549931
		54.980766	-1.615849
		55.958426	-3.186893
		55.862982	-4.263554
		53.409532	-3.000126
		53.478239	-2.258549
		52.486125	-1.890507
		51.460852	-2.588139
		51.488224	-3.186893
		51.624837	-3.94495
		51.289406	1.075802
		
c	3 6 7 9 10 8 5 14 13 2 15 4 0 1 11 12	2277.22872237566	0.772277127762434	3	6	7	9	10	8	5	14	13	2	15	4	0	1	11	12		
		53.803895	-1.549931
		53.751959	-0.335941
		54.980766	-1.615849
		55.958426	-3.186893
		55.862982	-4.263554
		54.892406	-2.923222
		53.409532	-3.000126
		50.152266	-5.065556
		50.726024	-3.543949
		51.512161	-0.116215
		51.289406	1.075802
		53.478239	-2.258549
		52.486125	-1.890507
		51.460852	-2.588139
		51.488224	-3.186893
		51.624837	-3.94495
		
c	8 3 5 4 0 1 11 12 14 13 2 15 6 7 9 10	1950.62204298609	0.804937795701391	8	3	5	4	0	1	11	12	14	13	2	15	6	7	9	10		
		54.892406	-2.923222
		53.803895	-1.549931
		53.409532	-3.000126
		53.478239	-2.258549
		52.486125	-1.890507
		51.460852	-2.588139
		51.488224	-3.186893
		51.624837	-3.94495
		50.152266	-5.065556
		50.726024	-3.543949
		51.512161	-0.116215
		51.289406	1.075802
		53.751959	-0.335941
		54.980766	-1.615849
		55.958426	-3.186893
		55.862982	-4.263554
		
c	12 14 13 5 9 10 8 4 2 15 1 6 7 3 0 11	2740.8613983047	0.725913860169531	12	14	13	5	9	10	8	4	2	15	1	6	7	3	0	11		
		51.624837	-3.94495
		50.152266	-5.065556
		50.726024	-3.543949
		53.409532	-3.000126
		55.958426	-3.186893
		55.862982	-4.263554
		54.892406	-2.923222
		53.478239	-2.258549
		51.512161	-0.116215
		51.289406	1.075802
		51.460852	-2.588139
		53.751959	-0.335941
		54.980766	-1.615849
		53.803895	-1.549931
		52.486125	-1.890507
		51.488224	-3.186893
		
c	1 6 7 9 10 8 3 4 11 12 14 13 5 0 2 15	2285.9301874503	0.77140698125497	1	6	7	9	10	8	3	4	11	12	14	13	5	0	2	15		
		51.460852	-2.588139
		53.751959	-0.335941
		54.980766	-1.615849
		55.958426	-3.186893
		55.862982	-4.263554
		54.892406	-2.923222
		53.803895	-1.549931
		53.478239	-2.258549
		51.488224	-3.186893
		51.624837	-3.94495
		50.152266	-5.065556
		50.726024	-3.543949
		53.409532	-3.000126
		52.486125	-1.890507
		51.512161	-0.116215
		51.289406	1.075802
		
c	12 14 9 1 6 7 10 8 5 3 4 0 11 13 2 15	3142.1169354468	0.68578830645532	12	14	9	1	6	7	10	8	5	3	4	0	11	13	2	15		
		51.624837	-3.94495
		50.152266	-5.065556
		55.958426	-3.186893
		51.460852	-2.588139
		53.751959	-0.335941
		54.980766	-1.615849
		55.862982	-4.263554
		54.892406	-2.923222
		53.409532	-3.000126
		53.803895	-1.549931
		53.478239	-2.258549
		52.486125	-1.890507
		51.488224	-3.186893
		50.726024	-3.543949
		51.512161	-0.116215
		51.289406	1.075802
		
c	14 13 2 15 6 7 9 10 8 5 4 0 1 11 12 3	2106.71364310472	0.789328635689528	14	13	2	15	6	7	9	10	8	5	4	0	1	11	12	3		
		50.152266	-5.065556
		50.726024	-3.543949
		51.512161	-0.116215
		51.289406	1.075802
		53.751959	-0.335941
		54.980766	-1.615849
		55.958426	-3.186893
		55.862982	-4.263554
		54.892406	-2.923222
		53.409532	-3.000126
		53.478239	-2.258549
		52.486125	-1.890507
		51.460852	-2.588139
		51.488224	-3.186893
		51.624837	-3.94495
		53.803895	-1.549931
		
c	9 10 8 6 3 7 5 4 0 1 11 12 14 13 2 15	1853.21556506306	0.814678443493694	9	10	8	6	3	7	5	4	0	1	11	12	14	13	2	15		
		55.958426	-3.186893
		55.862982	-4.263554
		54.892406	-2.923222
		53.751959	-0.335941
		53.803895	-1.549931
		54.980766	-1.615849
		53.409532	-3.000126
		53.478239	-2.258549
		52.486125	-1.890507
		51.460852	-2.588139
		51.488224	-3.186893
		51.624837	-3.94495
		50.152266	-5.065556
		50.726024	-3.543949
		51.512161	-0.116215
		51.289406	1.075802
		
c	7 9 10 8 5 3 11 12 14 13 2 15 6 4 0 1	2261.99220571004	0.773800779428997	7	9	10	8	5	3	11	12	14	13	2	15	6	4	0	1		
		54.980766	-1.615849
		55.958426	-3.186893
		55.862982	-4.263554
		54.892406	-2.923222
		53.409532	-3.000126
		53.803895	-1.549931
		51.488224	-3.186893
		51.624837	-3.94495
		50.152266	-5.065556
		50.726024	-3.543949
		51.512161	-0.116215
		51.289406	1.075802
		53.751959	-0.335941
		53.478239	-2.258549
		52.486125	-1.890507
		51.460852	-2.588139
		
c	5 4 0 14 13 2 6 3 7 9 10 8 1 11 12 15	2523.92971841431	0.747607028158569	5	4	0	14	13	2	6	3	7	9	10	8	1	11	12	15		
		53.409532	-3.000126
		53.478239	-2.258549
		52.486125	-1.890507
		50.152266	-5.065556
		50.726024	-3.543949
		51.512161	-0.116215
		53.751959	-0.335941
		53.803895	-1.549931
		54.980766	-1.615849
		55.958426	-3.186893
		55.862982	-4.263554
		54.892406	-2.923222
		51.460852	-2.588139
		51.488224	-3.186893
		51.624837	-3.94495
		51.289406	1.075802
		
c	13 2 15 6 7 9 12 14 10 8 5 3 4 0 1 11	2985.88592573815	0.701411407426185	13	2	15	6	7	9	12	14	10	8	5	3	4	0	1	11		
		50.726024	-3.543949
		51.512161	-0.116215
		51.289406	1.075802
		53.751959	-0.335941
		54.980766	-1.615849
		55.958426	-3.186893
		51.624837	-3.94495
		50.152266	-5.065556
		55.862982	-4.263554
		54.892406	-2.923222
		53.409532	-3.000126
		53.803895	-1.549931
		53.478239	-2.258549
		52.486125	-1.890507
		51.460852	-2.588139
		51.488224	-3.186893
		
c	1 11 12 14 13 2 15 4 5 0 6 7 9 10 8 3	2089.79058412709	0.791020941587291	1	11	12	14	13	2	15	4	5	0	6	7	9	10	8	3		
		51.460852	-2.588139
		51.488224	-3.186893
		51.624837	-3.94495
		50.152266	-5.065556
		50.726024	-3.543949
		51.512161	-0.116215
		51.289406	1.075802
		53.478239	-2.258549
		53.409532	-3.000126
		52.486125	-1.890507
		53.751959	-0.335941
		54.980766	-1.615849
		55.958426	-3.186893
		55.862982	-4.263554
		54.892406	-2.923222
		53.803895	-1.549931
		
c	1 2 15 6 7 9 10 8 5 3 4 0 11 12 14 13	2005.38872864769	0.799461127135231	1	2	15	6	7	9	10	8	5	3	4	0	11	12	14	13		
		51.460852	-2.588139
		51.512161	-0.116215
		51.289406	1.075802
		53.751959	-0.335941
		54.980766	-1.615849
		55.958426	-3.186893
		55.862982	-4.263554
		54.892406	-2.923222
		53.409532	-3.000126
		53.803895	-1.549931
		53.478239	-2.258549
		52.486125	-1.890507
		51.488224	-3.186893
		51.624837	-3.94495
		50.152266	-5.065556
		50.726024	-3.543949
		
c	6 9 10 8 5 4 0 1 11 2 7 12 14 13 15 3	2985.75631759497	0.701424368240503	6	9	10	8	5	4	0	1	11	2	7	12	14	13	15	3		
		53.751959	-0.335941
		55.958426	-3.186893
		55.862982	-4.263554
		54.892406	-2.923222
		53.409532	-3.000126
		53.478239	-2.258549
		52.486125	-1.890507
		51.460852	-2.588139
		51.488224	-3.186893
		51.512161	-0.116215
		54.980766	-1.615849
		51.624837	-3.94495
		50.152266	-5.065556
		50.726024	-3.543949
		51.289406	1.075802
		53.803895	-1.549931
		
c	4 10 9 12 14 13 5 0 1 11 2 15 6 7 8 3	2729.69987940188	0.727030012059812	4	10	9	12	14	13	5	0	1	11	2	15	6	7	8	3		
		53.478239	-2.258549
		55.862982	-4.263554
		55.958426	-3.186893
		51.624837	-3.94495
		50.152266	-5.065556
		50.726024	-3.543949
		53.409532	-3.000126
		52.486125	-1.890507
		51.460852	-2.588139
		51.488224	-3.186893
		51.512161	-0.116215
		51.289406	1.075802
		53.751959	-0.335941
		54.980766	-1.615849
		54.892406	-2.923222
		53.803895	-1.549931
		
c	9 10 14 13 2 15 6 7 8 5 3 4 0 1 11 12	2367.42731719283	0.763257268280717	9	10	14	13	2	15	6	7	8	5	3	4	0	1	11	12		
		55.958426	-3.186893
		55.862982	-4.263554
		50.152266	-5.065556
		50.726024	-3.543949
		51.512161	-0.116215
		51.289406	1.075802
		53.751959	-0.335941
		54.980766	-1.615849
		54.892406	-2.923222
		53.409532	-3.000126
		53.803895	-1.549931
		53.478239	-2.258549
		52.486125	-1.890507
		51.460852	-2.588139
		51.488224	-3.186893
		51.624837	-3.94495
		
c	7 9 5 6 3 4 10 8 0 1 11 12 14 13 2 15	2325.41548645116	0.767458451354884	7	9	5	6	3	4	10	8	0	1	11	12	14	13	2	15		
		54.980766	-1.615849
		55.958426	-3.186893
		53.409532	-3.000126
		53.751959	-0.335941
		53.803895	-1.549931
		53.478239	-2.258549
		55.862982	-4.263554
		54.892406	-2.923222
		52.486125	-1.890507
		51.460852	-2.588139
		51.488224	-3.186893
		51.624837	-3.94495
		50.152266	-5.065556
		50.726024	-3.543949
		51.512161	-0.116215
		51.289406	1.075802
		
c	3 6 7 9 10 8 4 0 5 14 13 2 15 1 11 12	2201.23028996915	0.779876971003085	3	6	7	9	10	8	4	0	5	14	13	2	15	1	11	12		
		53.803895	-1.549931
		53.751959	-0.335941
		54.980766	-1.615849
		55.958426	-3.186893
		55.862982	-4.263554
		54.892406	-2.923222
		53.478239	-2.258549
		52.486125	-1.890507
		53.409532	-3.000126
		50.152266	-5.065556
		50.726024	-3.543949
		51.512161	-0.116215
		51.289406	1.075802
		51.460852	-2.588139
		51.488224	-3.186893
		51.624837	-3.94495
		
c	10 9 8 5 14 13 2 15 3 6 7 4 0 1 11 12	2283.81352526581	0.771618647473419	10	9	8	5	14	13	2	15	3	6	7	4	0	1	11	12		
		55.862982	-4.263554
		55.958426	-3.186893
		54.892406	-2.923222
		53.409532	-3.000126
		50.152266	-5.065556
		50.726024	-3.543949
		51.512161	-0.116215
		51.289406	1.075802
		53.803895	-1.549931
		53.751959	-0.335941
		54.980766	-1.615849
		53.478239	-2.258549
		52.486125	-1.890507
		51.460852	-2.588139
		51.488224	-3.186893
		51.624837	-3.94495
		
g93		1758.37881581719	0.824162118418281	0	6	3	7	9	10	8	5	4	0	1	11	12	14	13	2	15		
		53.751959	-0.335941
		53.803895	-1.549931
		54.980766	-1.615849
		55.958426	-3.186893
		55.862982	-4.263554
		54.892406	-2.923222
		53.409532	-3.000126
		53.478239	-2.258549
		52.486125	-1.890507
		51.460852	-2.588139
		51.488224	-3.186893
		51.624837	-3.94495
		50.152266	-5.065556
		50.726024	-3.543949
		51.512161	-0.116215
		51.289406	1.075802
		
g93		1764.36174716627	0.823563825283373	1	6	7	9	10	8	3	4	5	0	11	12	14	13	1	2	15		
		53.751959	-0.335941
		54.980766	-1.615849
		55.958426	-3.186893
		55.862982	-4.263554
		54.892406	-2.923222
		53.803895	-1.549931
		53.478239	-2.258549
		53.409532	-3.000126
		52.486125	-1.890507
		51.488224	-3.186893
		51.624837	-3.94495
		50.152266	-5.065556
		50.726024	-3.543949
		51.460852	-2.588139
		51.512161	-0.116215
		51.289406	1.075802
		
g93		1767.93964020092	0.823206035979908	2	10	9	8	7	5	6	3	4	0	1	11	12	14	13	2	15		
		55.862982	-4.263554
		55.958426	-3.186893
		54.892406	-2.923222
		54.980766	-1.615849
		53.409532	-3.000126
		53.751959	-0.335941
		53.803895	-1.549931
		53.478239	-2.258549
		52.486125	-1.890507
		51.460852	-2.588139
		51.488224	-3.186893
		51.624837	-3.94495
		50.152266	-5.065556
		50.726024	-3.543949
		51.512161	-0.116215
		51.289406	1.075802
		
g93		1785.41447966156	0.821458552033844	3	9	10	8	7	5	6	3	4	0	1	11	12	14	13	2	15		
		55.958426	-3.186893
		55.862982	-4.263554
		54.892406	-2.923222
		54.980766	-1.615849
		53.409532	-3.000126
		53.751959	-0.335941
		53.803895	-1.549931
		53.478239	-2.258549
		52.486125	-1.890507
		51.460852	-2.588139
		51.488224	-3.186893
		51.624837	-3.94495
		50.152266	-5.065556
		50.726024	-3.543949
		51.512161	-0.116215
		51.289406	1.075802
		
g93		1787.2678443766	0.82127321556234	4	3	6	7	9	10	8	5	4	0	1	11	12	14	13	2	15		
		53.803895	-1.549931
		53.751959	-0.335941
		54.980766	-1.615849
		55.958426	-3.186893
		55.862982	-4.263554
		54.892406	-2.923222
		53.409532	-3.000126
		53.478239	-2.258549
		52.486125	-1.890507
		51.460852	-2.588139
		51.488224	-3.186893
		51.624837	-3.94495
		50.152266	-5.065556
		50.726024	-3.543949
		51.512161	-0.116215
		51.289406	1.075802
		
g93		1793.58125239295	0.820641874760705	5	6	7	10	9	8	3	4	5	0	11	12	14	13	1	2	15		
		53.751959	-0.335941
		54.980766	-1.615849
		55.862982	-4.263554
		55.958426	-3.186893
		54.892406	-2.923222
		53.803895	-1.549931
		53.478239	-2.258549
		53.409532	-3.000126
		52.486125	-1.890507
		51.488224	-3.186893
		51.624837	-3.94495
		50.152266	-5.065556
		50.726024	-3.543949
		51.460852	-2.588139
		51.512161	-0.116215
		51.289406	1.075802
		
