c	11 12 14 8 7 3 10 9 6 4 5 0 1 13 2 15	2535.85065748445	0.746414934251555	11	12	14	8	7	3	10	9	6	4	5	0	1	13	2	15		
		51.488224	-3.186893
		51.624837	-3.94495
		50.152266	-5.065556
		54.892406	-2.923222
		54.980766	-1.615849
		53.803895	-1.549931
		55.862982	-4.263554
		55.958426	-3.186893
		53.751959	-0.335941
		53.478239	-2.258549
		53.409532	-3.000126
		52.486125	-1.890507
		51.460852	-2.588139
		50.726024	-3.543949
		51.512161	-0.116215
		51.289406	1.075802
		
c	8 7 6 3 4 5 0 11 12 10 9 14 13 1 2 15	2441.72184782394	0.755827815217606	8	7	6	3	4	5	0	11	12	10	9	14	13	1	2	15		
		54.892406	-2.923222
		54.980766	-1.615849
		53.751959	-0.335941
		53.803895	-1.549931
		53.478239	-2.258549
		53.409532	-3.000126
		52.486125	-1.890507
		51.488224	-3.186893
		51.624837	-3.94495
		55.862982	-4.263554
		55.958426	-3.186893
		50.152266	-5.065556
		50.726024	-3.543949
		51.460852	-2.588139
		51.512161	-0.116215
		51.289406	1.075802
		
c	4 10 9 6 7 8 3 5 0 1 11 12 14 13 2 15	2162.24138500448	0.783775861499552	4	10	9	6	7	8	3	5	0	1	11	12	14	13	2	15		
		53.478239	-2.258549
		55.862982	-4.263554
		55.958426	-3.186893
		53.751959	-0.335941
		54.980766	-1.615849
		54.892406	-2.923222
		53.803895	-1.549931
		53.409532	-3.000126
		52.486125	-1.890507
		51.460852	-2.588139
		51.488224	-3.186893
		51.624837	-3.94495
		50.152266	-5.065556
		50.726024	-3.543949
		51.512161	-0.116215
		51.289406	1.075802
		
c	6 3 10 9 8 7 4 5 0 11 12 14 13 1 2 15	1854.36650467885	0.814563349532115	6	3	10	9	8	7	4	5	0	11	12	14	13	1	2	15		
		53.751959	-0.335941
		53.803895	-1.549931
		55.862982	-4.263554
		55.958426	-3.186893
		54.892406	-2.923222
		54.980766	-1.615849
		53.478239	-2.258549
		53.409532	-3.000126
		52.486125	-1.890507
		51.488224	-3.186893
		51.624837	-3.94495
		50.152266	-5.065556
		50.726024	-3.543949
		51.460852	-2.588139
		51.512161	-0.116215
		51.289406	1.075802
		
c	12 14 13 5 10 9 6 7 11 1 2 8 3 4 0 15	3025.92757388365	0.697407242611635	12	14	13	5	10	9	6	7	11	1	2	8	3	4	0	15		
		51.624837	-3.94495
		50.152266	-5.065556
		50.726024	-3.543949
		53.409532	-3.000126
		55.862982	-4.263554
		55.958426	-3.186893
		53.751959	-0.335941
		54.980766	-1.615849
		51.488224	-3.186893
		51.460852	-2.588139
		51.512161	-0.116215
		54.892406	-2.923222
		53.803895	-1.549931
		53.478239	-2.258549
		52.486125	-1.890507
		51.289406	1.075802
		
c	9 8 7 4 10 3 6 2 5 0 1 11 12 14 13 15	2557.75880113449	0.744224119886551	9	8	7	4	10	3	6	2	5	0	1	11	12	14	13	15		
		55.958426	-3.186893
		54.892406	-2.923222
		54.980766	-1.615849
		53.478239	-2.258549
		55.862982	-4.263554
		53.803895	-1.549931
		53.751959	-0.335941
		51.512161	-0.116215
		53.409532	-3.000126
		52.486125	-1.890507
		51.460852	-2.588139
		51.488224	-3.186893
		51.624837	-3.94495
		50.152266	-5.065556
		50.726024	-3.543949
		51.289406	1.075802
		
c	10 8 7 3 6 9 4 5 0 11 12 1 14 13 2 15	2181.84829799054	0.781815170200946	10	8	7	3	6	9	4	5	0	11	12	1	14	13	2	15		
		55.862982	-4.263554
		54.892406	-2.923222
		54.980766	-1.615849
		53.803895	-1.549931
		53.751959	-0.335941
		55.958426	-3.186893
		53.478239	-2.258549
		53.409532	-3.000126
		52.486125	-1.890507
		51.488224	-3.186893
		51.624837	-3.94495
		51.460852	-2.588139
		50.152266	-5.065556
		50.726024	-3.543949
		51.512161	-0.116215
		51.289406	1.075802
		
c	6 4 2 5 0 1 11 12 14 13 10 9 8 7 3 15	2640.62951839365	0.735937048160635	6	4	2	5	0	1	11	12	14	13	10	9	8	7	3	15		
		53.751959	-0.335941
		53.478239	-2.258549
		51.512161	-0.116215
		53.409532	-3.000126
		52.486125	-1.890507
		51.460852	-2.588139
		51.488224	-3.186893
		51.624837	-3.94495
		50.152266	-5.065556
		50.726024	-3.543949
		55.862982	-4.263554
		55.958426	-3.186893
		54.892406	-2.923222
		54.980766	-1.615849
		53.803895	-1.549931
		51.289406	1.075802
		
c	9 8 7 3 6 4 2 5 0 1 11 12 14 13 10 15	2939.9083359839	0.70600916640161	9	8	7	3	6	4	2	5	0	1	11	12	14	13	10	15		
		55.958426	-3.186893
		54.892406	-2.923222
		54.980766	-1.615849
		53.803895	-1.549931
		53.751959	-0.335941
		53.478239	-2.258549
		51.512161	-0.116215
		53.409532	-3.000126
		52.486125	-1.890507
		51.460852	-2.588139
		51.488224	-3.186893
		51.624837	-3.94495
		50.152266	-5.065556
		50.726024	-3.543949
		55.862982	-4.263554
		51.289406	1.075802
		
c	0 12 14 13 9 10 8 7 6 3 4 5 11 1 2 15	2210.11108620646	0.778988891379354	0	12	14	13	9	10	8	7	6	3	4	5	11	1	2	15		
		52.486125	-1.890507
		51.624837	-3.94495
		50.152266	-5.065556
		50.726024	-3.543949
		55.958426	-3.186893
		55.862982	-4.263554
		54.892406	-2.923222
		54.980766	-1.615849
		53.751959	-0.335941
		53.803895	-1.549931
		53.478239	-2.258549
		53.409532	-3.000126
		51.488224	-3.186893
		51.460852	-2.588139
		51.512161	-0.116215
		51.289406	1.075802
		
c	3 5 0 1 11 12 14 13 9 10 8 7 4 2 6 15	2604.13660554247	0.739586339445753	3	5	0	1	11	12	14	13	9	10	8	7	4	2	6	15		
		53.803895	-1.549931
		53.409532	-3.000126
		52.486125	-1.890507
		51.460852	-2.588139
		51.488224	-3.186893
		51.624837	-3.94495
		50.152266	-5.065556
		50.726024	-3.543949
		55.958426	-3.186893
		55.862982	-4.263554
		54.892406	-2.923222
		54.980766	-1.615849
		53.478239	-2.258549
		51.512161	-0.116215
		53.751959	-0.335941
		51.289406	1.075802
		
c	6 11 12 7 3 4 5 0 9 10 8 14 13 1 2 15	2776.95647927278	0.722304352072722	6	11	12	7	3	4	5	0	9	10	8	14	13	1	2	15		
		53.751959	-0.335941
		51.488224	-3.186893
		51.624837	-3.94495
		54.980766	-1.615849
		53.803895	-1.549931
		53.478239	-2.258549
		53.409532	-3.000126
		52.486125	-1.890507
		55.958426	-3.186893
		55.862982	-4.263554
		54.892406	-2.923222
		50.152266	-5.065556
		50.726024	-3.543949
		51.460852	-2.588139
		51.512161	-0.116215
		51.289406	1.075802
		
c	5 0 9 10 8 11 12 14 13 1 2 4 7 3 6 15	2679.58408313784	0.732041591686217	5	0	9	10	8	11	12	14	13	1	2	4	7	3	6	15		
		53.409532	-3.000126
		52.486125	-1.890507
		55.958426	-3.186893
		55.862982	-4.263554
		54.892406	-2.923222
		51.488224	-3.186893
		51.624837	-3.94495
		50.152266	-5.065556
		50.726024	-3.543949
		51.460852	-2.588139
		51.512161	-0.116215
		53.478239	-2.258549
		54.980766	-1.615849
		53.803895	-1.549931
		53.751959	-0.335941
		51.289406	1.075802
		
c	0 9 10 8 3 4 5 6 11 12 7 14 13 1 2 15	2888.02578129955	0.711197421870045	0	9	10	8	3	4	5	6	11	12	7	14	13	1	2	15		
		52.486125	-1.890507
		55.958426	-3.186893
		55.862982	-4.263554
		54.892406	-2.923222
		53.803895	-1.549931
		53.478239	-2.258549
		53.409532	-3.000126
		53.751959	-0.335941
		51.488224	-3.186893
		51.624837	-3.94495
		54.980766	-1.615849
		50.152266	-5.065556
		50.726024	-3.543949
		51.460852	-2.588139
		51.512161	-0.116215
		51.289406	1.075802
		
c	13 1 2 12 4 10 9 8 7 3 6 5 0 11 14 15	2652.39180923145	0.734760819076855	13	1	2	12	4	10	9	8	7	3	6	5	0	11	14	15		
		50.726024	-3.543949
		51.460852	-2.588139
		51.512161	-0.116215
		51.624837	-3.94495
		53.478239	-2.258549
		55.862982	-4.263554
		55.958426	-3.186893
		54.892406	-2.923222
		54.980766	-1.615849
		53.803895	-1.549931
		53.751959	-0.335941
		53.409532	-3.000126
		52.486125	-1.890507
		51.488224	-3.186893
		50.152266	-5.065556
		51.289406	1.075802
		
c	6 9 10 8 7 12 14 13 3 4 5 0 11 1 2 15	2350.63471268823	0.764936528731177	6	9	10	8	7	12	14	13	3	4	5	0	11	1	2	15		
		53.751959	-0.335941
		55.958426	-3.186893
		55.862982	-4.263554
		54.892406	-2.923222
		54.980766	-1.615849
		51.624837	-3.94495
		50.152266	-5.065556
		50.726024	-3.543949
		53.803895	-1.549931
		53.478239	-2.258549
		53.409532	-3.000126
		52.486125	-1.890507
		51.488224	-3.186893
		51.460852	-2.588139
		51.512161	-0.116215
		51.289406	1.075802
		
c	7 6 1 9 10 8 3 4 11 12 14 2 5 0 13 15	3187.79186376072	0.681220813623928	7	6	1	9	10	8	3	4	11	12	14	2	5	0	13	15		
		54.980766	-1.615849
		53.751959	-0.335941
		51.460852	-2.588139
		55.958426	-3.186893
		55.862982	-4.263554
		54.892406	-2.923222
		53.803895	-1.549931
		53.478239	-2.258549
		51.488224	-3.186893
		51.624837	-3.94495
		50.152266	-5.065556
		51.512161	-0.116215
		53.409532	-3.000126
		52.486125	-1.890507
		50.726024	-3.543949
		51.289406	1.075802
		
c	5 0 12 11 14 13 10 9 8 7 6 3 4 1 2 15	2302.05951220569	0.769794048779431	5	0	12	11	14	13	10	9	8	7	6	3	4	1	2	15		
		53.409532	-3.000126
		52.486125	-1.890507
		51.624837	-3.94495
		51.488224	-3.186893
		50.152266	-5.065556
		50.726024	-3.543949
		55.862982	-4.263554
		55.958426	-3.186893
		54.892406	-2.923222
		54.980766	-1.615849
		53.751959	-0.335941
		53.803895	-1.549931
		53.478239	-2.258549
		51.460852	-2.588139
		51.512161	-0.116215
		51.289406	1.075802
		
c	8 7 10 9 6 3 4 5 0 11 12 14 13 1 2 15	1833.61218449317	0.816638781550683	8	7	10	9	6	3	4	5	0	11	12	14	13	1	2	15		
		54.892406	-2.923222
		54.980766	-1.615849
		55.862982	-4.263554
		55.958426	-3.186893
		53.751959	-0.335941
		53.803895	-1.549931
		53.478239	-2.258549
		53.409532	-3.000126
		52.486125	-1.890507
		51.488224	-3.186893
		51.624837	-3.94495
		50.152266	-5.065556
		50.726024	-3.543949
		51.460852	-2.588139
		51.512161	-0.116215
		51.289406	1.075802
		
c	6 9 10 7 8 3 4 5 0 1 11 12 14 13 2 15	1904.90046752007	0.809509953247993	6	9	10	7	8	3	4	5	0	1	11	12	14	13	2	15		
		53.751959	-0.335941
		55.958426	-3.186893
		55.862982	-4.263554
		54.980766	-1.615849
		54.892406	-2.923222
		53.803895	-1.549931
		53.478239	-2.258549
		53.409532	-3.000126
		52.486125	-1.890507
		51.460852	-2.588139
		51.488224	-3.186893
		51.624837	-3.94495
		50.152266	-5.065556
		50.726024	-3.543949
		51.512161	-0.116215
		51.289406	1.075802
		
c	11 12 14 13 2 10 9 8 7 6 3 4 5 0 1 15	2297.12421586048	0.770287578413952	11	12	14	13	2	10	9	8	7	6	3	4	5	0	1	15		
		51.488224	-3.186893
		51.624837	-3.94495
		50.152266	-5.065556
		50.726024	-3.543949
		51.512161	-0.116215
		55.862982	-4.263554
		55.958426	-3.186893
		54.892406	-2.923222
		54.980766	-1.615849
		53.751959	-0.335941
		53.803895	-1.549931
		53.478239	-2.258549
		53.409532	-3.000126
		52.486125	-1.890507
		51.460852	-2.588139
		51.289406	1.075802
		
c	1 5 0 11 12 14 13 10 9 8 7 4 6 3 2 15	2435.13967862098	0.756486032137902	1	5	0	11	12	14	13	10	9	8	7	4	6	3	2	15		
		51.460852	-2.588139
		53.409532	-3.000126
		52.486125	-1.890507
		51.488224	-3.186893
		51.624837	-3.94495
		50.152266	-5.065556
		50.726024	-3.543949
		55.862982	-4.263554
		55.958426	-3.186893
		54.892406	-2.923222
		54.980766	-1.615849
		53.478239	-2.258549
		53.751959	-0.335941
		53.803895	-1.549931
		51.512161	-0.116215
		51.289406	1.075802
		
c	6 3 5 1 2 11 12 14 13 10 9 7 8 4 0 15	2540.471665534	0.7459528334466	6	3	5	1	2	11	12	14	13	10	9	7	8	4	0	15		
		53.751959	-0.335941
		53.803895	-1.549931
		53.409532	-3.000126
		51.460852	-2.588139
		51.512161	-0.116215
		51.488224	-3.186893
		51.624837	-3.94495
		50.152266	-5.065556
		50.726024	-3.543949
		55.862982	-4.263554
		55.958426	-3.186893
		54.980766	-1.615849
		54.892406	-2.923222
		53.478239	-2.258549
		52.486125	-1.890507
		51.289406	1.075802
		
c	11 1 2 10 9 8 7 6 12 14 13 5 3 4 0 15	2667.00346592122	0.733299653407878	11	1	2	10	9	8	7	6	12	14	13	5	3	4	0	15		
		51.488224	-3.186893
		51.460852	-2.588139
		51.512161	-0.116215
		55.862982	-4.263554
		55.958426	-3.186893
		54.892406	-2.923222
		54.980766	-1.615849
		53.751959	-0.335941
		51.624837	-3.94495
		50.152266	-5.065556
		50.726024	-3.543949
		53.409532	-3.000126
		53.803895	-1.549931
		53.478239	-2.258549
		52.486125	-1.890507
		51.289406	1.075802
		
c	11 12 14 7 4 6 3 5 8 10 9 0 13 1 2 15	2664.10148684686	0.733589851315314	11	12	14	7	4	6	3	5	8	10	9	0	13	1	2	15		
		51.488224	-3.186893
		51.624837	-3.94495
		50.152266	-5.065556
		54.980766	-1.615849
		53.478239	-2.258549
		53.751959	-0.335941
		53.803895	-1.549931
		53.409532	-3.000126
		54.892406	-2.923222
		55.862982	-4.263554
		55.958426	-3.186893
		52.486125	-1.890507
		50.726024	-3.543949
		51.460852	-2.588139
		51.512161	-0.116215
		51.289406	1.075802
		
c	5 14 11 12 7 6 3 4 0 9 10 8 13 1 2 15	2886.64529118168	0.711335470881832	5	14	11	12	7	6	3	4	0	9	10	8	13	1	2	15		
		53.409532	-3.000126
		50.152266	-5.065556
		51.488224	-3.186893
		51.624837	-3.94495
		54.980766	-1.615849
		53.751959	-0.335941
		53.803895	-1.549931
		53.478239	-2.258549
		52.486125	-1.890507
		55.958426	-3.186893
		55.862982	-4.263554
		54.892406	-2.923222
		50.726024	-3.543949
		51.460852	-2.588139
		51.512161	-0.116215
		51.289406	1.075802
		
c	6 10 9 8 7 3 13 1 2 4 5 0 11 12 14 15	2658.97575179891	0.734102424820109	6	10	9	8	7	3	13	1	2	4	5	0	11	12	14	15		
		53.751959	-0.335941
		55.862982	-4.263554
		55.958426	-3.186893
		54.892406	-2.923222
		54.980766	-1.615849
		53.803895	-1.549931
		50.726024	-3.543949
		51.460852	-2.588139
		51.512161	-0.116215
		53.478239	-2.258549
		53.409532	-3.000126
		52.486125	-1.890507
		51.488224	-3.186893
		51.624837	-3.94495
		50.152266	-5.065556
		51.289406	1.075802
		
c	4 5 0 11 12 6 10 9 8 7 3 14 13 1 2 15	2419.29598203425	0.758070401796575	4	5	0	11	12	6	10	9	8	7	3	14	13	1	2	15		
		53.478239	-2.258549
		53.409532	-3.000126
		52.486125	-1.890507
		51.488224	-3.186893
		51.624837	-3.94495
		53.751959	-0.335941
		55.862982	-4.263554
		55.958426	-3.186893
		54.892406	-2.923222
		54.980766	-1.615849
		53.803895	-1.549931
		50.152266	-5.065556
		50.726024	-3.543949
		51.460852	-2.588139
		51.512161	-0.116215
		51.289406	1.075802
		
c	4 5 11 12 14 13 0 6 10 9 8 7 3 1 2 15	2300.63078386182	0.769936921613818	4	5	11	12	14	13	0	6	10	9	8	7	3	1	2	15		
		53.478239	-2.258549
		53.409532	-3.000126
		51.488224	-3.186893
		51.624837	-3.94495
		50.152266	-5.065556
		50.726024	-3.543949
		52.486125	-1.890507
		53.751959	-0.335941
		55.862982	-4.263554
		55.958426	-3.186893
		54.892406	-2.923222
		54.980766	-1.615849
		53.803895	-1.549931
		51.460852	-2.588139
		51.512161	-0.116215
		51.289406	1.075802
		
c	8 7 3 6 4 10 9 1 11 12 14 13 2 5 0 15	2604.95771425222	0.739504228574778	8	7	3	6	4	10	9	1	11	12	14	13	2	5	0	15		
		54.892406	-2.923222
		54.980766	-1.615849
		53.803895	-1.549931
		53.751959	-0.335941
		53.478239	-2.258549
		55.862982	-4.263554
		55.958426	-3.186893
		51.460852	-2.588139
		51.488224	-3.186893
		51.624837	-3.94495
		50.152266	-5.065556
		50.726024	-3.543949
		51.512161	-0.116215
		53.409532	-3.000126
		52.486125	-1.890507
		51.289406	1.075802
		
c	9 8 4 5 1 7 6 3 0 10 11 12 14 13 2 15	2935.69306312703	0.706430693687297	9	8	4	5	1	7	6	3	0	10	11	12	14	13	2	15		
		55.958426	-3.186893
		54.892406	-2.923222
		53.478239	-2.258549
		53.409532	-3.000126
		51.460852	-2.588139
		54.980766	-1.615849
		53.751959	-0.335941
		53.803895	-1.549931
		52.486125	-1.890507
		55.862982	-4.263554
		51.488224	-3.186893
		51.624837	-3.94495
		50.152266	-5.065556
		50.726024	-3.543949
		51.512161	-0.116215
		51.289406	1.075802
		
c	8 7 4 10 9 6 3 5 0 1 11 12 14 13 2 15	2104.37823467944	0.789562176532056	8	7	4	10	9	6	3	5	0	1	11	12	14	13	2	15		
		54.892406	-2.923222
		54.980766	-1.615849
		53.478239	-2.258549
		55.862982	-4.263554
		55.958426	-3.186893
		53.751959	-0.335941
		53.803895	-1.549931
		53.409532	-3.000126
		52.486125	-1.890507
		51.460852	-2.588139
		51.488224	-3.186893
		51.624837	-3.94495
		50.152266	-5.065556
		50.726024	-3.543949
		51.512161	-0.116215
		51.289406	1.075802
		
c	10 11 12 14 13 7 6 3 0 9 8 4 5 1 2 15	2935.2206524502	0.706477934754979	10	11	12	14	13	7	6	3	0	9	8	4	5	1	2	15		
		55.862982	-4.263554
		51.488224	-3.186893
		51.624837	-3.94495
		50.152266	-5.065556
		50.726024	-3.543949
		54.980766	-1.615849
		53.751959	-0.335941
		53.803895	-1.549931
		52.486125	-1.890507
		55.958426	-3.186893
		54.892406	-2.923222
		53.478239	-2.258549
		53.409532	-3.000126
		51.460852	-2.588139
		51.512161	-0.116215
		51.289406	1.075802
		
c	5 1 2 11 12 14 13 10 9 6 7 8 3 4 0 15	2719.99941326747	0.728000058673253	5	1	2	11	12	14	13	10	9	6	7	8	3	4	0	15		
		53.409532	-3.000126
		51.460852	-2.588139
		51.512161	-0.116215
		51.488224	-3.186893
		51.624837	-3.94495
		50.152266	-5.065556
		50.726024	-3.543949
		55.862982	-4.263554
		55.958426	-3.186893
		53.751959	-0.335941
		54.980766	-1.615849
		54.892406	-2.923222
		53.803895	-1.549931
		53.478239	-2.258549
		52.486125	-1.890507
		51.289406	1.075802
		
c	8 7 6 4 0 11 12 14 13 9 10 3 5 1 2 15	2509.79199393535	0.749020800606465	8	7	6	4	0	11	12	14	13	9	10	3	5	1	2	15		
		54.892406	-2.923222
		54.980766	-1.615849
		53.751959	-0.335941
		53.478239	-2.258549
		52.486125	-1.890507
		51.488224	-3.186893
		51.624837	-3.94495
		50.152266	-5.065556
		50.726024	-3.543949
		55.958426	-3.186893
		55.862982	-4.263554
		53.803895	-1.549931
		53.409532	-3.000126
		51.460852	-2.588139
		51.512161	-0.116215
		51.289406	1.075802
		
c	9 10 8 7 3 6 2 4 5 11 12 14 13 0 1 15	2242.24725697853	0.775775274302147	9	10	8	7	3	6	2	4	5	11	12	14	13	0	1	15		
		55.958426	-3.186893
		55.862982	-4.263554
		54.892406	-2.923222
		54.980766	-1.615849
		53.803895	-1.549931
		53.751959	-0.335941
		51.512161	-0.116215
		53.478239	-2.258549
		53.409532	-3.000126
		51.488224	-3.186893
		51.624837	-3.94495
		50.152266	-5.065556
		50.726024	-3.543949
		52.486125	-1.890507
		51.460852	-2.588139
		51.289406	1.075802
		
c	7 6 3 4 5 0 11 12 10 9 8 14 13 1 2 15	2366.26202456129	0.763373797543871	7	6	3	4	5	0	11	12	10	9	8	14	13	1	2	15		
		54.980766	-1.615849
		53.751959	-0.335941
		53.803895	-1.549931
		53.478239	-2.258549
		53.409532	-3.000126
		52.486125	-1.890507
		51.488224	-3.186893
		51.624837	-3.94495
		55.862982	-4.263554
		55.958426	-3.186893
		54.892406	-2.923222
		50.152266	-5.065556
		50.726024	-3.543949
		51.460852	-2.588139
		51.512161	-0.116215
		51.289406	1.075802
		
c	10 7 8 3 4 5 0 6 9 11 12 14 13 1 2 15	2365.74680987001	0.763425319012999	10	7	8	3	4	5	0	6	9	11	12	14	13	1	2	15		
		55.862982	-4.263554
		54.980766	-1.615849
		54.892406	-2.923222
		53.803895	-1.549931
		53.478239	-2.258549
		53.409532	-3.000126
		52.486125	-1.890507
		53.751959	-0.335941
		55.958426	-3.186893
		51.488224	-3.186893
		51.624837	-3.94495
		50.152266	-5.065556
		50.726024	-3.543949
		51.460852	-2.588139
		51.512161	-0.116215
		51.289406	1.075802
		
c	4 5 0 1 6 2 9 10 8 7 3 11 12 14 13 15	2771.05748995292	0.722894251004708	4	5	0	1	6	2	9	10	8	7	3	11	12	14	13	15		
		53.478239	-2.258549
		53.409532	-3.000126
		52.486125	-1.890507
		51.460852	-2.588139
		53.751959	-0.335941
		51.512161	-0.116215
		55.958426	-3.186893
		55.862982	-4.263554
		54.892406	-2.923222
		54.980766	-1.615849
		53.803895	-1.549931
		51.488224	-3.186893
		51.624837	-3.94495
		50.152266	-5.065556
		50.726024	-3.543949
		51.289406	1.075802
		
c	4 5 0 3 6 10 9 7 8 1 11 12 14 13 2 15	2174.08828697063	0.782591171302937	4	5	0	3	6	10	9	7	8	1	11	12	14	13	2	15		
		53.478239	-2.258549
		53.409532	-3.000126
		52.486125	-1.890507
		53.803895	-1.549931
		53.751959	-0.335941
		55.862982	-4.263554
		55.958426	-3.186893
		54.980766	-1.615849
		54.892406	-2.923222
		51.460852	-2.588139
		51.488224	-3.186893
		51.624837	-3.94495
		50.152266	-5.065556
		50.726024	-3.543949
		51.512161	-0.116215
		51.289406	1.075802
		
c	5 11 0 6 9 10 8 7 4 12 3 14 13 1 2 15	2784.89085783813	0.721510914216187	5	11	0	6	9	10	8	7	4	12	3	14	13	1	2	15		
		53.409532	-3.000126
		51.488224	-3.186893
		52.486125	-1.890507
		53.751959	-0.335941
		55.958426	-3.186893
		55.862982	-4.263554
		54.892406	-2.923222
		54.980766	-1.615849
		53.478239	-2.258549
		51.624837	-3.94495
		53.803895	-1.549931
		50.152266	-5.065556
		50.726024	-3.543949
		51.460852	-2.588139
		51.512161	-0.116215
		51.289406	1.075802
		
c	7 3 6 10 9 4 5 11 12 14 13 2 0 1 8 15	2934.75570615191	0.706524429384809	7	3	6	10	9	4	5	11	12	14	13	2	0	1	8	15		
		54.980766	-1.615849
		53.803895	-1.549931
		53.751959	-0.335941
		55.862982	-4.263554
		55.958426	-3.186893
		53.478239	-2.258549
		53.409532	-3.000126
		51.488224	-3.186893
		51.624837	-3.94495
		50.152266	-5.065556
		50.726024	-3.543949
		51.512161	-0.116215
		52.486125	-1.890507
		51.460852	-2.588139
		54.892406	-2.923222
		51.289406	1.075802
		
c	5 10 9 8 7 6 4 0 11 12 14 13 3 1 2 15	2358.64094467008	0.764135905532992	5	10	9	8	7	6	4	0	11	12	14	13	3	1	2	15		
		53.409532	-3.000126
		55.862982	-4.263554
		55.958426	-3.186893
		54.892406	-2.923222
		54.980766	-1.615849
		53.751959	-0.335941
		53.478239	-2.258549
		52.486125	-1.890507
		51.488224	-3.186893
		51.624837	-3.94495
		50.152266	-5.065556
		50.726024	-3.543949
		53.803895	-1.549931
		51.460852	-2.588139
		51.512161	-0.116215
		51.289406	1.075802
		
c	12 14 13 1 2 0 10 9 8 7 3 6 4 5 11 15	2325.6140769237	0.76743859230763	12	14	13	1	2	0	10	9	8	7	3	6	4	5	11	15		
		51.624837	-3.94495
		50.152266	-5.065556
		50.726024	-3.543949
		51.460852	-2.588139
		51.512161	-0.116215
		52.486125	-1.890507
		55.862982	-4.263554
		55.958426	-3.186893
		54.892406	-2.923222
		54.980766	-1.615849
		53.803895	-1.549931
		53.751959	-0.335941
		53.478239	-2.258549
		53.409532	-3.000126
		51.488224	-3.186893
		51.289406	1.075802
		
c	5 0 11 12 6 3 10 9 8 7 4 14 13 1 2 15	2379.30353914553	0.762069646085447	5	0	11	12	6	3	10	9	8	7	4	14	13	1	2	15		
		53.409532	-3.000126
		52.486125	-1.890507
		51.488224	-3.186893
		51.624837	-3.94495
		53.751959	-0.335941
		53.803895	-1.549931
		55.862982	-4.263554
		55.958426	-3.186893
		54.892406	-2.923222
		54.980766	-1.615849
		53.478239	-2.258549
		50.152266	-5.065556
		50.726024	-3.543949
		51.460852	-2.588139
		51.512161	-0.116215
		51.289406	1.075802
		
c	9 10 8 7 6 11 12 14 13 3 4 5 0 1 2 15	2112.11766871293	0.788788233128707	9	10	8	7	6	11	12	14	13	3	4	5	0	1	2	15		
		55.958426	-3.186893
		55.862982	-4.263554
		54.892406	-2.923222
		54.980766	-1.615849
		53.751959	-0.335941
		51.488224	-3.186893
		51.624837	-3.94495
		50.152266	-5.065556
		50.726024	-3.543949
		53.803895	-1.549931
		53.478239	-2.258549
		53.409532	-3.000126
		52.486125	-1.890507
		51.460852	-2.588139
		51.512161	-0.116215
		51.289406	1.075802
		
c	12 14 13 9 10 8 7 6 3 4 5 11 1 2 0 15	2359.69833564341	0.764030166435659	12	14	13	9	10	8	7	6	3	4	5	11	1	2	0	15		
		51.624837	-3.94495
		50.152266	-5.065556
		50.726024	-3.543949
		55.958426	-3.186893
		55.862982	-4.263554
		54.892406	-2.923222
		54.980766	-1.615849
		53.751959	-0.335941
		53.803895	-1.549931
		53.478239	-2.258549
		53.409532	-3.000126
		51.488224	-3.186893
		51.460852	-2.588139
		51.512161	-0.116215
		52.486125	-1.890507
		51.289406	1.075802
		
c	8 7 4 5 0 3 6 10 9 11 12 14 13 1 2 15	2294.58598108202	0.770541401891798	8	7	4	5	0	3	6	10	9	11	12	14	13	1	2	15		
		54.892406	-2.923222
		54.980766	-1.615849
		53.478239	-2.258549
		53.409532	-3.000126
		52.486125	-1.890507
		53.803895	-1.549931
		53.751959	-0.335941
		55.862982	-4.263554
		55.958426	-3.186893
		51.488224	-3.186893
		51.624837	-3.94495
		50.152266	-5.065556
		50.726024	-3.543949
		51.460852	-2.588139
		51.512161	-0.116215
		51.289406	1.075802
		
c	14 11 0 13 10 9 8 7 4 6 3 5 1 2 12 15	2904.53295171634	0.709546704828366	14	11	0	13	10	9	8	7	4	6	3	5	1	2	12	15		
		50.152266	-5.065556
		51.488224	-3.186893
		52.486125	-1.890507
		50.726024	-3.543949
		55.862982	-4.263554
		55.958426	-3.186893
		54.892406	-2.923222
		54.980766	-1.615849
		53.478239	-2.258549
		53.751959	-0.335941
		53.803895	-1.549931
		53.409532	-3.000126
		51.460852	-2.588139
		51.512161	-0.116215
		51.624837	-3.94495
		51.289406	1.075802
		
c	9 8 7 3 14 13 10 6 2 4 5 11 12 0 1 15	3227.86549391931	0.677213450608069	9	8	7	3	14	13	10	6	2	4	5	11	12	0	1	15		
		55.958426	-3.186893
		54.892406	-2.923222
		54.980766	-1.615849
		53.803895	-1.549931
		50.152266	-5.065556
		50.726024	-3.543949
		55.862982	-4.263554
		53.751959	-0.335941
		51.512161	-0.116215
		53.478239	-2.258549
		53.409532	-3.000126
		51.488224	-3.186893
		51.624837	-3.94495
		52.486125	-1.890507
		51.460852	-2.588139
		51.289406	1.075802
		
c	14 13 2 9 10 8 7 6 3 4 5 0 11 12 1 15	2225.65684881387	0.777434315118613	14	13	2	9	10	8	7	6	3	4	5	0	11	12	1	15		
		50.152266	-5.065556
		50.726024	-3.543949
		51.512161	-0.116215
		55.958426	-3.186893
		55.862982	-4.263554
		54.892406	-2.923222
		54.980766	-1.615849
		53.751959	-0.335941
		53.803895	-1.549931
		53.478239	-2.258549
		53.409532	-3.000126
		52.486125	-1.890507
		51.488224	-3.186893
		51.624837	-3.94495
		51.460852	-2.588139
		51.289406	1.075802
		
c	9 8 7 3 5 0 6 11 1 2 4 10 12 14 13 15	2936.10638562215	0.706389361437785	9	8	7	3	5	0	6	11	1	2	4	10	12	14	13	15		
		55.958426	-3.186893
		54.892406	-2.923222
		54.980766	-1.615849
		53.803895	-1.549931
		53.409532	-3.000126
		52.486125	-1.890507
		53.751959	-0.335941
		51.488224	-3.186893
		51.460852	-2.588139
		51.512161	-0.116215
		53.478239	-2.258549
		55.862982	-4.263554
		51.624837	-3.94495
		50.152266	-5.065556
		50.726024	-3.543949
		51.289406	1.075802
		
c	11 12 14 13 9 4 10 6 7 8 3 5 0 1 2 15	2872.08691068242	0.712791308931758	11	12	14	13	9	4	10	6	7	8	3	5	0	1	2	15		
		51.488224	-3.186893
		51.624837	-3.94495
		50.152266	-5.065556
		50.726024	-3.543949
		55.958426	-3.186893
		53.478239	-2.258549
		55.862982	-4.263554
		53.751959	-0.335941
		54.980766	-1.615849
		54.892406	-2.923222
		53.803895	-1.549931
		53.409532	-3.000126
		52.486125	-1.890507
		51.460852	-2.588139
		51.512161	-0.116215
		51.289406	1.075802
		
c	5 0 1 11 12 14 13 2 9 10 8 7 6 3 4 15	2362.3604800736	0.76376395199264	5	0	1	11	12	14	13	2	9	10	8	7	6	3	4	15		
		53.409532	-3.000126
		52.486125	-1.890507
		51.460852	-2.588139
		51.488224	-3.186893
		51.624837	-3.94495
		50.152266	-5.065556
		50.726024	-3.543949
		51.512161	-0.116215
		55.958426	-3.186893
		55.862982	-4.263554
		54.892406	-2.923222
		54.980766	-1.615849
		53.751959	-0.335941
		53.803895	-1.549931
		53.478239	-2.258549
		51.289406	1.075802
		
c	0 1 11 12 14 10 8 7 6 3 4 5 13 9 2 15	3111.75284543002	0.688824715456998	0	1	11	12	14	10	8	7	6	3	4	5	13	9	2	15		
		52.486125	-1.890507
		51.460852	-2.588139
		51.488224	-3.186893
		51.624837	-3.94495
		50.152266	-5.065556
		55.862982	-4.263554
		54.892406	-2.923222
		54.980766	-1.615849
		53.751959	-0.335941
		53.803895	-1.549931
		53.478239	-2.258549
		53.409532	-3.000126
		50.726024	-3.543949
		55.958426	-3.186893
		51.512161	-0.116215
		51.289406	1.075802
		
c	7 6 3 4 5 11 1 2 10 9 8 0 12 14 13 15	2600.48968585063	0.739951031414937	7	6	3	4	5	11	1	2	10	9	8	0	12	14	13	15		
		54.980766	-1.615849
		53.751959	-0.335941
		53.803895	-1.549931
		53.478239	-2.258549
		53.409532	-3.000126
		51.488224	-3.186893
		51.460852	-2.588139
		51.512161	-0.116215
		55.862982	-4.263554
		55.958426	-3.186893
		54.892406	-2.923222
		52.486125	-1.890507
		51.624837	-3.94495
		50.152266	-5.065556
		50.726024	-3.543949
		51.289406	1.075802
		
c	6 3 4 11 12 14 13 2 9 10 8 7 5 0 1 15	2510.26602308515	0.748973397691485	6	3	4	11	12	14	13	2	9	10	8	7	5	0	1	15		
		53.751959	-0.335941
		53.803895	-1.549931
		53.478239	-2.258549
		51.488224	-3.186893
		51.624837	-3.94495
		50.152266	-5.065556
		50.726024	-3.543949
		51.512161	-0.116215
		55.958426	-3.186893
		55.862982	-4.263554
		54.892406	-2.923222
		54.980766	-1.615849
		53.409532	-3.000126
		52.486125	-1.890507
		51.460852	-2.588139
		51.289406	1.075802
		
c	4 5 0 3 6 10 8 11 12 9 7 14 13 1 2 15	3024.4071346135	0.69755928653865	4	5	0	3	6	10	8	11	12	9	7	14	13	1	2	15		
		53.478239	-2.258549
		53.409532	-3.000126
		52.486125	-1.890507
		53.803895	-1.549931
		53.751959	-0.335941
		55.862982	-4.263554
		54.892406	-2.923222
		51.488224	-3.186893
		51.624837	-3.94495
		55.958426	-3.186893
		54.980766	-1.615849
		50.152266	-5.065556
		50.726024	-3.543949
		51.460852	-2.588139
		51.512161	-0.116215
		51.289406	1.075802
		
c	8 7 6 3 4 1 9 10 11 12 14 2 5 0 13 15	3254.76070971219	0.674523929028781	8	7	6	3	4	1	9	10	11	12	14	2	5	0	13	15		
		54.892406	-2.923222
		54.980766	-1.615849
		53.751959	-0.335941
		53.803895	-1.549931
		53.478239	-2.258549
		51.460852	-2.588139
		55.958426	-3.186893
		55.862982	-4.263554
		51.488224	-3.186893
		51.624837	-3.94495
		50.152266	-5.065556
		51.512161	-0.116215
		53.409532	-3.000126
		52.486125	-1.890507
		50.726024	-3.543949
		51.289406	1.075802
		
c	4 5 0 6 11 12 8 7 3 10 9 14 13 1 2 15	2808.61071528548	0.719138928471452	4	5	0	6	11	12	8	7	3	10	9	14	13	1	2	15		
		53.478239	-2.258549
		53.409532	-3.000126
		52.486125	-1.890507
		53.751959	-0.335941
		51.488224	-3.186893
		51.624837	-3.94495
		54.892406	-2.923222
		54.980766	-1.615849
		53.803895	-1.549931
		55.862982	-4.263554
		55.958426	-3.186893
		50.152266	-5.065556
		50.726024	-3.543949
		51.460852	-2.588139
		51.512161	-0.116215
		51.289406	1.075802
		
c	0 13 10 9 8 7 4 6 3 5 1 11 12 14 2 15	2520.86377334795	0.747913622665205	0	13	10	9	8	7	4	6	3	5	1	11	12	14	2	15		
		52.486125	-1.890507
		50.726024	-3.543949
		55.862982	-4.263554
		55.958426	-3.186893
		54.892406	-2.923222
		54.980766	-1.615849
		53.478239	-2.258549
		53.751959	-0.335941
		53.803895	-1.549931
		53.409532	-3.000126
		51.460852	-2.588139
		51.488224	-3.186893
		51.624837	-3.94495
		50.152266	-5.065556
		51.512161	-0.116215
		51.289406	1.075802
		
c	11 12 14 13 10 2 1 9 8 7 6 3 4 5 0 15	3085.16093690353	0.691483906309647	11	12	14	13	10	2	1	9	8	7	6	3	4	5	0	15		
		51.488224	-3.186893
		51.624837	-3.94495
		50.152266	-5.065556
		50.726024	-3.543949
		55.862982	-4.263554
		51.512161	-0.116215
		51.460852	-2.588139
		55.958426	-3.186893
		54.892406	-2.923222
		54.980766	-1.615849
		53.751959	-0.335941
		53.803895	-1.549931
		53.478239	-2.258549
		53.409532	-3.000126
		52.486125	-1.890507
		51.289406	1.075802
		
c	14 13 10 8 7 3 2 9 6 4 5 0 1 11 12 15	3039.23965483179	0.696076034516821	14	13	10	8	7	3	2	9	6	4	5	0	1	11	12	15		
		50.152266	-5.065556
		50.726024	-3.543949
		55.862982	-4.263554
		54.892406	-2.923222
		54.980766	-1.615849
		53.803895	-1.549931
		51.512161	-0.116215
		55.958426	-3.186893
		53.751959	-0.335941
		53.478239	-2.258549
		53.409532	-3.000126
		52.486125	-1.890507
		51.460852	-2.588139
		51.488224	-3.186893
		51.624837	-3.94495
		51.289406	1.075802
		
c	6 7 8 1 11 10 9 3 4 5 0 12 14 13 2 15	2542.09494472038	0.745790505527962	6	7	8	1	11	10	9	3	4	5	0	12	14	13	2	15		
		53.751959	-0.335941
		54.980766	-1.615849
		54.892406	-2.923222
		51.460852	-2.588139
		51.488224	-3.186893
		55.862982	-4.263554
		55.958426	-3.186893
		53.803895	-1.549931
		53.478239	-2.258549
		53.409532	-3.000126
		52.486125	-1.890507
		51.624837	-3.94495
		50.152266	-5.065556
		50.726024	-3.543949
		51.512161	-0.116215
		51.289406	1.075802
		
c	13 10 9 8 7 6 3 4 0 1 5 11 12 14 2 15	2514.42356987274	0.748557643012726	13	10	9	8	7	6	3	4	0	1	5	11	12	14	2	15		
		50.726024	-3.543949
		55.862982	-4.263554
		55.958426	-3.186893
		54.892406	-2.923222
		54.980766	-1.615849
		53.751959	-0.335941
		53.803895	-1.549931
		53.478239	-2.258549
		52.486125	-1.890507
		51.460852	-2.588139
		53.409532	-3.000126
		51.488224	-3.186893
		51.624837	-3.94495
		50.152266	-5.065556
		51.512161	-0.116215
		51.289406	1.075802
		
c	12 14 13 10 9 8 7 11 0 4 6 3 5 1 2 15	2600.73157896977	0.739926842103023	12	14	13	10	9	8	7	11	0	4	6	3	5	1	2	15		
		51.624837	-3.94495
		50.152266	-5.065556
		50.726024	-3.543949
		55.862982	-4.263554
		55.958426	-3.186893
		54.892406	-2.923222
		54.980766	-1.615849
		51.488224	-3.186893
		52.486125	-1.890507
		53.478239	-2.258549
		53.751959	-0.335941
		53.803895	-1.549931
		53.409532	-3.000126
		51.460852	-2.588139
		51.512161	-0.116215
		51.289406	1.075802
		
c	2 9 10 8 7 6 3 4 5 0 11 1 12 14 13 15	2213.79207001461	0.778620792998539	2	9	10	8	7	6	3	4	5	0	11	1	12	14	13	15		
		51.512161	-0.116215
		55.958426	-3.186893
		55.862982	-4.263554
		54.892406	-2.923222
		54.980766	-1.615849
		53.751959	-0.335941
		53.803895	-1.549931
		53.478239	-2.258549
		53.409532	-3.000126
		52.486125	-1.890507
		51.488224	-3.186893
		51.460852	-2.588139
		51.624837	-3.94495
		50.152266	-5.065556
		50.726024	-3.543949
		51.289406	1.075802
		
c	13 7 4 6 3 5 1 2 0 11 12 14 10 9 8 15	3215.22830273431	0.678477169726569	13	7	4	6	3	5	1	2	0	11	12	14	10	9	8	15		
		50.726024	-3.543949
		54.980766	-1.615849
		53.478239	-2.258549
		53.751959	-0.335941
		53.803895	-1.549931
		53.409532	-3.000126
		51.460852	-2.588139
		51.512161	-0.116215
		52.486125	-1.890507
		51.488224	-3.186893
		51.624837	-3.94495
		50.152266	-5.065556
		55.862982	-4.263554
		55.958426	-3.186893
		54.892406	-2.923222
		51.289406	1.075802
		
c	12 14 3 4 5 0 11 13 6 9 10 8 7 1 2 15	2769.82233219006	0.723017766780994	12	14	3	4	5	0	11	13	6	9	10	8	7	1	2	15		
		51.624837	-3.94495
		50.152266	-5.065556
		53.803895	-1.549931
		53.478239	-2.258549
		53.409532	-3.000126
		52.486125	-1.890507
		51.488224	-3.186893
		50.726024	-3.543949
		53.751959	-0.335941
		55.958426	-3.186893
		55.862982	-4.263554
		54.892406	-2.923222
		54.980766	-1.615849
		51.460852	-2.588139
		51.512161	-0.116215
		51.289406	1.075802
		
c	13 2 0 10 9 8 7 3 6 4 5 14 11 12 1 15	2478.97962254088	0.752102037745912	13	2	0	10	9	8	7	3	6	4	5	14	11	12	1	15		
		50.726024	-3.543949
		51.512161	-0.116215
		52.486125	-1.890507
		55.862982	-4.263554
		55.958426	-3.186893
		54.892406	-2.923222
		54.980766	-1.615849
		53.803895	-1.549931
		53.751959	-0.335941
		53.478239	-2.258549
		53.409532	-3.000126
		50.152266	-5.065556
		51.488224	-3.186893
		51.624837	-3.94495
		51.460852	-2.588139
		51.289406	1.075802
		
c	7 2 10 9 8 6 3 4 5 0 1 11 12 14 13 15	2522.94969555473	0.747705030444527	7	2	10	9	8	6	3	4	5	0	1	11	12	14	13	15		
		54.980766	-1.615849
		51.512161	-0.116215
		55.862982	-4.263554
		55.958426	-3.186893
		54.892406	-2.923222
		53.751959	-0.335941
		53.803895	-1.549931
		53.478239	-2.258549
		53.409532	-3.000126
		52.486125	-1.890507
		51.460852	-2.588139
		51.488224	-3.186893
		51.624837	-3.94495
		50.152266	-5.065556
		50.726024	-3.543949
		51.289406	1.075802
		
c	12 14 13 1 2 9 10 8 7 6 3 4 5 0 11 15	2320.76668329649	0.767923331670351	12	14	13	1	2	9	10	8	7	6	3	4	5	0	11	15		
		51.624837	-3.94495
		50.152266	-5.065556
		50.726024	-3.543949
		51.460852	-2.588139
		51.512161	-0.116215
		55.958426	-3.186893
		55.862982	-4.263554
		54.892406	-2.923222
		54.980766	-1.615849
		53.751959	-0.335941
		53.803895	-1.549931
		53.478239	-2.258549
		53.409532	-3.000126
		52.486125	-1.890507
		51.488224	-3.186893
		51.289406	1.075802
		
c	6 9 7 3 4 5 0 10 8 11 12 14 13 1 2 15	2465.81242731348	0.753418757268652	6	9	7	3	4	5	0	10	8	11	12	14	13	1	2	15		
		53.751959	-0.335941
		55.958426	-3.186893
		54.980766	-1.615849
		53.803895	-1.549931
		53.478239	-2.258549
		53.409532	-3.000126
		52.486125	-1.890507
		55.862982	-4.263554
		54.892406	-2.923222
		51.488224	-3.186893
		51.624837	-3.94495
		50.152266	-5.065556
		50.726024	-3.543949
		51.460852	-2.588139
		51.512161	-0.116215
		51.289406	1.075802
		
c	6 4 0 11 9 10 8 7 1 13 2 3 5 12 14 15	3146.89806535858	0.685310193464142	6	4	0	11	9	10	8	7	1	13	2	3	5	12	14	15		
		53.751959	-0.335941
		53.478239	-2.258549
		52.486125	-1.890507
		51.488224	-3.186893
		55.958426	-3.186893
		55.862982	-4.263554
		54.892406	-2.923222
		54.980766	-1.615849
		51.460852	-2.588139
		50.726024	-3.543949
		51.512161	-0.116215
		53.803895	-1.549931
		53.409532	-3.000126
		51.624837	-3.94495
		50.152266	-5.065556
		51.289406	1.075802
		
c	5 0 1 11 8 7 3 6 10 9 4 12 14 13 2 15	2543.41558089589	0.745658441910411	5	0	1	11	8	7	3	6	10	9	4	12	14	13	2	15		
		53.409532	-3.000126
		52.486125	-1.890507
		51.460852	-2.588139
		51.488224	-3.186893
		54.892406	-2.923222
		54.980766	-1.615849
		53.803895	-1.549931
		53.751959	-0.335941
		55.862982	-4.263554
		55.958426	-3.186893
		53.478239	-2.258549
		51.624837	-3.94495
		50.152266	-5.065556
		50.726024	-3.543949
		51.512161	-0.116215
		51.289406	1.075802
		
c	4 5 0 12 14 13 9 10 8 7 6 3 11 1 2 15	2343.91295868245	0.765608704131755	4	5	0	12	14	13	9	10	8	7	6	3	11	1	2	15		
		53.478239	-2.258549
		53.409532	-3.000126
		52.486125	-1.890507
		51.624837	-3.94495
		50.152266	-5.065556
		50.726024	-3.543949
		55.958426	-3.186893
		55.862982	-4.263554
		54.892406	-2.923222
		54.980766	-1.615849
		53.751959	-0.335941
		53.803895	-1.549931
		51.488224	-3.186893
		51.460852	-2.588139
		51.512161	-0.116215
		51.289406	1.075802
		
c	5 0 1 6 2 9 10 8 7 3 11 12 14 13 4 15	3042.80643598079	0.695719356401922	5	0	1	6	2	9	10	8	7	3	11	12	14	13	4	15		
		53.409532	-3.000126
		52.486125	-1.890507
		51.460852	-2.588139
		53.751959	-0.335941
		51.512161	-0.116215
		55.958426	-3.186893
		55.862982	-4.263554
		54.892406	-2.923222
		54.980766	-1.615849
		53.803895	-1.549931
		51.488224	-3.186893
		51.624837	-3.94495
		50.152266	-5.065556
		50.726024	-3.543949
		53.478239	-2.258549
		51.289406	1.075802
		
c	9 7 6 3 4 5 0 10 8 11 12 14 13 1 2 15	2268.95939371137	0.773104060628863	9	7	6	3	4	5	0	10	8	11	12	14	13	1	2	15		
		55.958426	-3.186893
		54.980766	-1.615849
		53.751959	-0.335941
		53.803895	-1.549931
		53.478239	-2.258549
		53.409532	-3.000126
		52.486125	-1.890507
		55.862982	-4.263554
		54.892406	-2.923222
		51.488224	-3.186893
		51.624837	-3.94495
		50.152266	-5.065556
		50.726024	-3.543949
		51.460852	-2.588139
		51.512161	-0.116215
		51.289406	1.075802
		
c	8 1 2 11 12 14 13 5 10 9 6 7 3 4 0 15	2792.51787026215	0.720748212973785	8	1	2	11	12	14	13	5	10	9	6	7	3	4	0	15		
		54.892406	-2.923222
		51.460852	-2.588139
		51.512161	-0.116215
		51.488224	-3.186893
		51.624837	-3.94495
		50.152266	-5.065556
		50.726024	-3.543949
		53.409532	-3.000126
		55.862982	-4.263554
		55.958426	-3.186893
		53.751959	-0.335941
		54.980766	-1.615849
		53.803895	-1.549931
		53.478239	-2.258549
		52.486125	-1.890507
		51.289406	1.075802
		
c	5 8 7 4 10 9 6 3 0 1 11 12 14 13 2 15	2185.6137463132	0.78143862536868	5	8	7	4	10	9	6	3	0	1	11	12	14	13	2	15		
		53.409532	-3.000126
		54.892406	-2.923222
		54.980766	-1.615849
		53.478239	-2.258549
		55.862982	-4.263554
		55.958426	-3.186893
		53.751959	-0.335941
		53.803895	-1.549931
		52.486125	-1.890507
		51.460852	-2.588139
		51.488224	-3.186893
		51.624837	-3.94495
		50.152266	-5.065556
		50.726024	-3.543949
		51.512161	-0.116215
		51.289406	1.075802
		
c	13 5 0 1 9 10 8 7 6 3 4 11 12 14 2 15	2572.3231106152	0.74276768893848	13	5	0	1	9	10	8	7	6	3	4	11	12	14	2	15		
		50.726024	-3.543949
		53.409532	-3.000126
		52.486125	-1.890507
		51.460852	-2.588139
		55.958426	-3.186893
		55.862982	-4.263554
		54.892406	-2.923222
		54.980766	-1.615849
		53.751959	-0.335941
		53.803895	-1.549931
		53.478239	-2.258549
		51.488224	-3.186893
		51.624837	-3.94495
		50.152266	-5.065556
		51.512161	-0.116215
		51.289406	1.075802
		
c	8 7 3 6 10 9 4 5 11 12 14 13 2 0 1 15	2410.31662829877	0.758968337170123	8	7	3	6	10	9	4	5	11	12	14	13	2	0	1	15		
		54.892406	-2.923222
		54.980766	-1.615849
		53.803895	-1.549931
		53.751959	-0.335941
		55.862982	-4.263554
		55.958426	-3.186893
		53.478239	-2.258549
		53.409532	-3.000126
		51.488224	-3.186893
		51.624837	-3.94495
		50.152266	-5.065556
		50.726024	-3.543949
		51.512161	-0.116215
		52.486125	-1.890507
		51.460852	-2.588139
		51.289406	1.075802
		
c	11 3 4 5 0 9 10 8 7 6 12 14 13 1 2 15	2369.04925086349	0.763095074913651	11	3	4	5	0	9	10	8	7	6	12	14	13	1	2	15		
		51.488224	-3.186893
		53.803895	-1.549931
		53.478239	-2.258549
		53.409532	-3.000126
		52.486125	-1.890507
		55.958426	-3.186893
		55.862982	-4.263554
		54.892406	-2.923222
		54.980766	-1.615849
		53.751959	-0.335941
		51.624837	-3.94495
		50.152266	-5.065556
		50.726024	-3.543949
		51.460852	-2.588139
		51.512161	-0.116215
		51.289406	1.075802
		
c	9 4 5 0 11 12 14 13 1 2 10 6 7 8 3 15	2863.57298826259	0.713642701173741	9	4	5	0	11	12	14	13	1	2	10	6	7	8	3	15		
		55.958426	-3.186893
		53.478239	-2.258549
		53.409532	-3.000126
		52.486125	-1.890507
		51.488224	-3.186893
		51.624837	-3.94495
		50.152266	-5.065556
		50.726024	-3.543949
		51.460852	-2.588139
		51.512161	-0.116215
		55.862982	-4.263554
		53.751959	-0.335941
		54.980766	-1.615849
		54.892406	-2.923222
		53.803895	-1.549931
		51.289406	1.075802
		
c	11 12 3 6 10 9 8 7 14 13 1 2 5 0 4 15	2888.11896337534	0.711188103662466	11	12	3	6	10	9	8	7	14	13	1	2	5	0	4	15		
		51.488224	-3.186893
		51.624837	-3.94495
		53.803895	-1.549931
		53.751959	-0.335941
		55.862982	-4.263554
		55.958426	-3.186893
		54.892406	-2.923222
		54.980766	-1.615849
		50.152266	-5.065556
		50.726024	-3.543949
		51.460852	-2.588139
		51.512161	-0.116215
		53.409532	-3.000126
		52.486125	-1.890507
		53.478239	-2.258549
		51.289406	1.075802
		
c	5 10 9 6 7 8 3 4 1 0 11 12 14 13 2 15	2305.12256019819	0.769487743980181	5	10	9	6	7	8	3	4	1	0	11	12	14	13	2	15		
		53.409532	-3.000126
		55.862982	-4.263554
		55.958426	-3.186893
		53.751959	-0.335941
		54.980766	-1.615849
		54.892406	-2.923222
		53.803895	-1.549931
		53.478239	-2.258549
		51.460852	-2.588139
		52.486125	-1.890507
		51.488224	-3.186893
		51.624837	-3.94495
		50.152266	-5.065556
		50.726024	-3.543949
		51.512161	-0.116215
		51.289406	1.075802
		
c	8 7 6 3 11 12 1 9 10 4 5 0 14 13 2 15	2601.86811744606	0.739813188255394	8	7	6	3	11	12	1	9	10	4	5	0	14	13	2	15		
		54.892406	-2.923222
		54.980766	-1.615849
		53.751959	-0.335941
		53.803895	-1.549931
		51.488224	-3.186893
		51.624837	-3.94495
		51.460852	-2.588139
		55.958426	-3.186893
		55.862982	-4.263554
		53.478239	-2.258549
		53.409532	-3.000126
		52.486125	-1.890507
		50.152266	-5.065556
		50.726024	-3.543949
		51.512161	-0.116215
		51.289406	1.075802
		
c	7 3 6 4 10 9 8 5 0 11 12 14 13 1 2 15	1982.09032839635	0.801790967160365	7	3	6	4	10	9	8	5	0	11	12	14	13	1	2	15		
		54.980766	-1.615849
		53.803895	-1.549931
		53.751959	-0.335941
		53.478239	-2.258549
		55.862982	-4.263554
		55.958426	-3.186893
		54.892406	-2.923222
		53.409532	-3.000126
		52.486125	-1.890507
		51.488224	-3.186893
		51.624837	-3.94495
		50.152266	-5.065556
		50.726024	-3.543949
		51.460852	-2.588139
		51.512161	-0.116215
		51.289406	1.075802
		
c	12 6 10 9 8 7 3 4 5 0 11 14 13 1 2 15	2150.59191654748	0.784940808345252	12	6	10	9	8	7	3	4	5	0	11	14	13	1	2	15		
		51.624837	-3.94495
		53.751959	-0.335941
		55.862982	-4.263554
		55.958426	-3.186893
		54.892406	-2.923222
		54.980766	-1.615849
		53.803895	-1.549931
		53.478239	-2.258549
		53.409532	-3.000126
		52.486125	-1.890507
		51.488224	-3.186893
		50.152266	-5.065556
		50.726024	-3.543949
		51.460852	-2.588139
		51.512161	-0.116215
		51.289406	1.075802
		
c	6 3 4 5 0 11 12 10 9 8 7 14 13 1 2 15	2329.12285095087	0.767087714904913	6	3	4	5	0	11	12	10	9	8	7	14	13	1	2	15		
		53.751959	-0.335941
		53.803895	-1.549931
		53.478239	-2.258549
		53.409532	-3.000126
		52.486125	-1.890507
		51.488224	-3.186893
		51.624837	-3.94495
		55.862982	-4.263554
		55.958426	-3.186893
		54.892406	-2.923222
		54.980766	-1.615849
		50.152266	-5.065556
		50.726024	-3.543949
		51.460852	-2.588139
		51.512161	-0.116215
		51.289406	1.075802
		
c	7 6 3 4 5 0 1 11 12 14 13 10 9 8 2 15	2268.84073114166	0.773115926885834	7	6	3	4	5	0	1	11	12	14	13	10	9	8	2	15		
		54.980766	-1.615849
		53.751959	-0.335941
		53.803895	-1.549931
		53.478239	-2.258549
		53.409532	-3.000126
		52.486125	-1.890507
		51.460852	-2.588139
		51.488224	-3.186893
		51.624837	-3.94495
		50.152266	-5.065556
		50.726024	-3.543949
		55.862982	-4.263554
		55.958426	-3.186893
		54.892406	-2.923222
		51.512161	-0.116215
		51.289406	1.075802
		
c	9 8 7 6 3 10 2 4 5 11 12 14 13 0 1 15	2778.94938912028	0.722105061087972	9	8	7	6	3	10	2	4	5	11	12	14	13	0	1	15		
		55.958426	-3.186893
		54.892406	-2.923222
		54.980766	-1.615849
		53.751959	-0.335941
		53.803895	-1.549931
		55.862982	-4.263554
		51.512161	-0.116215
		53.478239	-2.258549
		53.409532	-3.000126
		51.488224	-3.186893
		51.624837	-3.94495
		50.152266	-5.065556
		50.726024	-3.543949
		52.486125	-1.890507
		51.460852	-2.588139
		51.289406	1.075802
		
c	4 5 11 12 14 13 1 2 10 9 8 7 6 3 0 15	2360.18067878752	0.763981932121248	4	5	11	12	14	13	1	2	10	9	8	7	6	3	0	15		
		53.478239	-2.258549
		53.409532	-3.000126
		51.488224	-3.186893
		51.624837	-3.94495
		50.152266	-5.065556
		50.726024	-3.543949
		51.460852	-2.588139
		51.512161	-0.116215
		55.862982	-4.263554
		55.958426	-3.186893
		54.892406	-2.923222
		54.980766	-1.615849
		53.751959	-0.335941
		53.803895	-1.549931
		52.486125	-1.890507
		51.289406	1.075802
		
c	7 3 6 10 5 0 1 11 12 14 13 9 8 4 2 15	2706.73790510397	0.729326209489603	7	3	6	10	5	0	1	11	12	14	13	9	8	4	2	15		
		54.980766	-1.615849
		53.803895	-1.549931
		53.751959	-0.335941
		55.862982	-4.263554
		53.409532	-3.000126
		52.486125	-1.890507
		51.460852	-2.588139
		51.488224	-3.186893
		51.624837	-3.94495
		50.152266	-5.065556
		50.726024	-3.543949
		55.958426	-3.186893
		54.892406	-2.923222
		53.478239	-2.258549
		51.512161	-0.116215
		51.289406	1.075802
		
g179		1613.67648029291	0.838632351970709	0	10	9	8	7	6	3	4	5	0	11	12	14	13	1	2	15		
		55.862982	-4.263554
		55.958426	-3.186893
		54.892406	-2.923222
		54.980766	-1.615849
		53.751959	-0.335941
		53.803895	-1.549931
		53.478239	-2.258549
		53.409532	-3.000126
		52.486125	-1.890507
		51.488224	-3.186893
		51.624837	-3.94495
		50.152266	-5.065556
		50.726024	-3.543949
		51.460852	-2.588139
		51.512161	-0.116215
		51.289406	1.075802
		
g179		1614.70757855554	0.838529242144446	1	10	9	8	7	6	3	4	5	0	1	11	12	14	13	2	15		
		55.862982	-4.263554
		55.958426	-3.186893
		54.892406	-2.923222
		54.980766	-1.615849
		53.751959	-0.335941
		53.803895	-1.549931
		53.478239	-2.258549
		53.409532	-3.000126
		52.486125	-1.890507
		51.460852	-2.588139
		51.488224	-3.186893
		51.624837	-3.94495
		50.152266	-5.065556
		50.726024	-3.543949
		51.512161	-0.116215
		51.289406	1.075802
		
g179		1631.15131975355	0.836884868024645	2	9	10	8	7	6	3	4	5	0	11	12	14	13	1	2	15		
		55.958426	-3.186893
		55.862982	-4.263554
		54.892406	-2.923222
		54.980766	-1.615849
		53.751959	-0.335941
		53.803895	-1.549931
		53.478239	-2.258549
		53.409532	-3.000126
		52.486125	-1.890507
		51.488224	-3.186893
		51.624837	-3.94495
		50.152266	-5.065556
		50.726024	-3.543949
		51.460852	-2.588139
		51.512161	-0.116215
		51.289406	1.075802
		
g179		1632.18241801618	0.836781758198382	3	9	10	8	7	6	3	4	5	0	1	11	12	14	13	2	15		
		55.958426	-3.186893
		55.862982	-4.263554
		54.892406	-2.923222
		54.980766	-1.615849
		53.751959	-0.335941
		53.803895	-1.549931
		53.478239	-2.258549
		53.409532	-3.000126
		52.486125	-1.890507
		51.460852	-2.588139
		51.488224	-3.186893
		51.624837	-3.94495
		50.152266	-5.065556
		50.726024	-3.543949
		51.512161	-0.116215
		51.289406	1.075802
		
g179		1656.09836620198	0.834390163379802	4	10	9	8	7	3	6	4	5	0	11	12	14	13	1	2	15		
		55.862982	-4.263554
		55.958426	-3.186893
		54.892406	-2.923222
		54.980766	-1.615849
		53.803895	-1.549931
		53.751959	-0.335941
		53.478239	-2.258549
		53.409532	-3.000126
		52.486125	-1.890507
		51.488224	-3.186893
		51.624837	-3.94495
		50.152266	-5.065556
		50.726024	-3.543949
		51.460852	-2.588139
		51.512161	-0.116215
		51.289406	1.075802
		
g179		1657.12946446462	0.834287053553538	5	10	9	8	7	3	6	4	5	0	1	11	12	14	13	2	15		
		55.862982	-4.263554
		55.958426	-3.186893
		54.892406	-2.923222
		54.980766	-1.615849
		53.803895	-1.549931
		53.751959	-0.335941
		53.478239	-2.258549
		53.409532	-3.000126
		52.486125	-1.890507
		51.460852	-2.588139
		51.488224	-3.186893
		51.624837	-3.94495
		50.152266	-5.065556
		50.726024	-3.543949
		51.512161	-0.116215
		51.289406	1.075802
		
