c	13 10 9 6 1 11 15 2 14 5 12 0 3 4 8 7	3269.00722218916	0.673099277781084	13	10	9	6	1	11	15	2	14	5	12	0	3	4	8	7		
		50.726024	-3.543949
		55.862982	-4.263554
		55.958426	-3.186893
		53.751959	-0.335941
		51.460852	-2.588139
		51.488224	-3.186893
		51.289406	1.075802
		51.512161	-0.116215
		50.152266	-5.065556
		53.409532	-3.000126
		51.624837	-3.94495
		52.486125	-1.890507
		53.803895	-1.549931
		53.478239	-2.258549
		54.892406	-2.923222
		54.980766	-1.615849
		
c	6 1 15 11 0 14 13 3 4 9 8 7 10 5 2 12	3400.09380672235	0.659990619327765	6	1	15	11	0	14	13	3	4	9	8	7	10	5	2	12		
		53.751959	-0.335941
		51.460852	-2.588139
		51.289406	1.075802
		51.488224	-3.186893
		52.486125	-1.890507
		50.152266	-5.065556
		50.726024	-3.543949
		53.803895	-1.549931
		53.478239	-2.258549
		55.958426	-3.186893
		54.892406	-2.923222
		54.980766	-1.615849
		55.862982	-4.263554
		53.409532	-3.000126
		51.512161	-0.116215
		51.624837	-3.94495
		
c	0 4 2 9 6 15 1 14 11 3 5 12 13 8 7 10	3626.20288028419	0.637379711971581	0	4	2	9	6	15	1	14	11	3	5	12	13	8	7	10		
		52.486125	-1.890507
		53.478239	-2.258549
		51.512161	-0.116215
		55.958426	-3.186893
		53.751959	-0.335941
		51.289406	1.075802
		51.460852	-2.588139
		50.152266	-5.065556
		51.488224	-3.186893
		53.803895	-1.549931
		53.409532	-3.000126
		51.624837	-3.94495
		50.726024	-3.543949
		54.892406	-2.923222
		54.980766	-1.615849
		55.862982	-4.263554
		
c	7 10 5 11 0 4 9 12 14 8 3 6 1 15 2 13	3565.20814128385	0.643479185871615	7	10	5	11	0	4	9	12	14	8	3	6	1	15	2	13		
		54.980766	-1.615849
		55.862982	-4.263554
		53.409532	-3.000126
		51.488224	-3.186893
		52.486125	-1.890507
		53.478239	-2.258549
		55.958426	-3.186893
		51.624837	-3.94495
		50.152266	-5.065556
		54.892406	-2.923222
		53.803895	-1.549931
		53.751959	-0.335941
		51.460852	-2.588139
		51.289406	1.075802
		51.512161	-0.116215
		50.726024	-3.543949
		
c	11 0 3 5 14 12 13 2 1 15 6 4 9 8 7 10	2851.05842606468	0.714894157393533	11	0	3	5	14	12	13	2	1	15	6	4	9	8	7	10		
		51.488224	-3.186893
		52.486125	-1.890507
		53.803895	-1.549931
		53.409532	-3.000126
		50.152266	-5.065556
		51.624837	-3.94495
		50.726024	-3.543949
		51.512161	-0.116215
		51.460852	-2.588139
		51.289406	1.075802
		53.751959	-0.335941
		53.478239	-2.258549
		55.958426	-3.186893
		54.892406	-2.923222
		54.980766	-1.615849
		55.862982	-4.263554
		
c	14 11 0 5 12 13 2 1 15 3 8 7 10 9 4 6	2700.46717413609	0.729953282586391	14	11	0	5	12	13	2	1	15	3	8	7	10	9	4	6		
		50.152266	-5.065556
		51.488224	-3.186893
		52.486125	-1.890507
		53.409532	-3.000126
		51.624837	-3.94495
		50.726024	-3.543949
		51.512161	-0.116215
		51.460852	-2.588139
		51.289406	1.075802
		53.803895	-1.549931
		54.892406	-2.923222
		54.980766	-1.615849
		55.862982	-4.263554
		55.958426	-3.186893
		53.478239	-2.258549
		53.751959	-0.335941
		
c	15 0 7 9 8 10 6 5 4 3 11 2 13 14 1 12	2752.9647895619	0.72470352104381	15	0	7	9	8	10	6	5	4	3	11	2	13	14	1	12		
		51.289406	1.075802
		52.486125	-1.890507
		54.980766	-1.615849
		55.958426	-3.186893
		54.892406	-2.923222
		55.862982	-4.263554
		53.751959	-0.335941
		53.409532	-3.000126
		53.478239	-2.258549
		53.803895	-1.549931
		51.488224	-3.186893
		51.512161	-0.116215
		50.726024	-3.543949
		50.152266	-5.065556
		51.460852	-2.588139
		51.624837	-3.94495
		
c	6 1 11 15 2 14 13 5 12 0 3 4 9 8 7 10	2791.56031611378	0.720843968388622	6	1	11	15	2	14	13	5	12	0	3	4	9	8	7	10		
		53.751959	-0.335941
		51.460852	-2.588139
		51.488224	-3.186893
		51.289406	1.075802
		51.512161	-0.116215
		50.152266	-5.065556
		50.726024	-3.543949
		53.409532	-3.000126
		51.624837	-3.94495
		52.486125	-1.890507
		53.803895	-1.549931
		53.478239	-2.258549
		55.958426	-3.186893
		54.892406	-2.923222
		54.980766	-1.615849
		55.862982	-4.263554
		
c	9 5 0 4 6 3 11 2 1 15 7 8 10 12 14 13	3100.59626720817	0.689940373279183	9	5	0	4	6	3	11	2	1	15	7	8	10	12	14	13		
		55.958426	-3.186893
		53.409532	-3.000126
		52.486125	-1.890507
		53.478239	-2.258549
		53.751959	-0.335941
		53.803895	-1.549931
		51.488224	-3.186893
		51.512161	-0.116215
		51.460852	-2.588139
		51.289406	1.075802
		54.980766	-1.615849
		54.892406	-2.923222
		55.862982	-4.263554
		51.624837	-3.94495
		50.152266	-5.065556
		50.726024	-3.543949
		
c	3 1 12 14 13 5 2 15 10 9 0 6 4 11 8 7	3426.56671947353	0.657343328052647	3	1	12	14	13	5	2	15	10	9	0	6	4	11	8	7		
		53.803895	-1.549931
		51.460852	-2.588139
		51.624837	-3.94495
		50.152266	-5.065556
		50.726024	-3.543949
		53.409532	-3.000126
		51.512161	-0.116215
		51.289406	1.075802
		55.862982	-4.263554
		55.958426	-3.186893
		52.486125	-1.890507
		53.751959	-0.335941
		53.478239	-2.258549
		51.488224	-3.186893
		54.892406	-2.923222
		54.980766	-1.615849
		
c	7 10 9 5 0 4 1 12 14 13 11 8 15 2 3 6	2800.43985476536	0.719956014523464	7	10	9	5	0	4	1	12	14	13	11	8	15	2	3	6		
		54.980766	-1.615849
		55.862982	-4.263554
		55.958426	-3.186893
		53.409532	-3.000126
		52.486125	-1.890507
		53.478239	-2.258549
		51.460852	-2.588139
		51.624837	-3.94495
		50.152266	-5.065556
		50.726024	-3.543949
		51.488224	-3.186893
		54.892406	-2.923222
		51.289406	1.075802
		51.512161	-0.116215
		53.803895	-1.549931
		53.751959	-0.335941
		
c	9 0 3 6 4 15 11 7 8 10 1 12 14 13 5 2	3498.49061999683	0.650150938000317	9	0	3	6	4	15	11	7	8	10	1	12	14	13	5	2		
		55.958426	-3.186893
		52.486125	-1.890507
		53.803895	-1.549931
		53.751959	-0.335941
		53.478239	-2.258549
		51.289406	1.075802
		51.488224	-3.186893
		54.980766	-1.615849
		54.892406	-2.923222
		55.862982	-4.263554
		51.460852	-2.588139
		51.624837	-3.94495
		50.152266	-5.065556
		50.726024	-3.543949
		53.409532	-3.000126
		51.512161	-0.116215
		
c	12 14 13 11 0 4 8 7 10 9 5 6 3 2 15 1	2316.63350191196	0.768336649808804	12	14	13	11	0	4	8	7	10	9	5	6	3	2	15	1		
		51.624837	-3.94495
		50.152266	-5.065556
		50.726024	-3.543949
		51.488224	-3.186893
		52.486125	-1.890507
		53.478239	-2.258549
		54.892406	-2.923222
		54.980766	-1.615849
		55.862982	-4.263554
		55.958426	-3.186893
		53.409532	-3.000126
		53.751959	-0.335941
		53.803895	-1.549931
		51.512161	-0.116215
		51.289406	1.075802
		51.460852	-2.588139
		
c	1 14 11 3 5 0 4 2 9 6 15 13 12 8 7 10	3523.13484653443	0.647686515346557	1	14	11	3	5	0	4	2	9	6	15	13	12	8	7	10		
		51.460852	-2.588139
		50.152266	-5.065556
		51.488224	-3.186893
		53.803895	-1.549931
		53.409532	-3.000126
		52.486125	-1.890507
		53.478239	-2.258549
		51.512161	-0.116215
		55.958426	-3.186893
		53.751959	-0.335941
		51.289406	1.075802
		50.726024	-3.543949
		51.624837	-3.94495
		54.892406	-2.923222
		54.980766	-1.615849
		55.862982	-4.263554
		
c	6 4 9 8 7 10 5 12 14 13 1 15 11 0 2 3	2844.53161476434	0.715546838523565	6	4	9	8	7	10	5	12	14	13	1	15	11	0	2	3		
		53.751959	-0.335941
		53.478239	-2.258549
		55.958426	-3.186893
		54.892406	-2.923222
		54.980766	-1.615849
		55.862982	-4.263554
		53.409532	-3.000126
		51.624837	-3.94495
		50.152266	-5.065556
		50.726024	-3.543949
		51.460852	-2.588139
		51.289406	1.075802
		51.488224	-3.186893
		52.486125	-1.890507
		51.512161	-0.116215
		53.803895	-1.549931
		
c	3 11 15 8 7 10 9 5 0 4 6 2 13 14 1 12	3009.53927557986	0.699046072442014	3	11	15	8	7	10	9	5	0	4	6	2	13	14	1	12		
		53.803895	-1.549931
		51.488224	-3.186893
		51.289406	1.075802
		54.892406	-2.923222
		54.980766	-1.615849
		55.862982	-4.263554
		55.958426	-3.186893
		53.409532	-3.000126
		52.486125	-1.890507
		53.478239	-2.258549
		53.751959	-0.335941
		51.512161	-0.116215
		50.726024	-3.543949
		50.152266	-5.065556
		51.460852	-2.588139
		51.624837	-3.94495
		
c	6 10 7 9 3 4 8 5 12 14 13 1 15 11 0 2	2810.6853408059	0.71893146591941	6	10	7	9	3	4	8	5	12	14	13	1	15	11	0	2		
		53.751959	-0.335941
		55.862982	-4.263554
		54.980766	-1.615849
		55.958426	-3.186893
		53.803895	-1.549931
		53.478239	-2.258549
		54.892406	-2.923222
		53.409532	-3.000126
		51.624837	-3.94495
		50.152266	-5.065556
		50.726024	-3.543949
		51.460852	-2.588139
		51.289406	1.075802
		51.488224	-3.186893
		52.486125	-1.890507
		51.512161	-0.116215
		
c	15 0 3 6 4 7 10 5 13 14 2 8 1 12 11 9	3506.49016825475	0.649350983174525	15	0	3	6	4	7	10	5	13	14	2	8	1	12	11	9		
		51.289406	1.075802
		52.486125	-1.890507
		53.803895	-1.549931
		53.751959	-0.335941
		53.478239	-2.258549
		54.980766	-1.615849
		55.862982	-4.263554
		53.409532	-3.000126
		50.726024	-3.543949
		50.152266	-5.065556
		51.512161	-0.116215
		54.892406	-2.923222
		51.460852	-2.588139
		51.624837	-3.94495
		51.488224	-3.186893
		55.958426	-3.186893
		
c	2 15 11 4 7 9 8 10 6 3 1 12 14 13 0 5	2638.65304695586	0.736134695304414	2	15	11	4	7	9	8	10	6	3	1	12	14	13	0	5		
		51.512161	-0.116215
		51.289406	1.075802
		51.488224	-3.186893
		53.478239	-2.258549
		54.980766	-1.615849
		55.958426	-3.186893
		54.892406	-2.923222
		55.862982	-4.263554
		53.751959	-0.335941
		53.803895	-1.549931
		51.460852	-2.588139
		51.624837	-3.94495
		50.152266	-5.065556
		50.726024	-3.543949
		52.486125	-1.890507
		53.409532	-3.000126
		
c	4 6 10 7 9 8 15 5 14 13 1 3 0 11 2 12	3437.15602728436	0.656284397271564	4	6	10	7	9	8	15	5	14	13	1	3	0	11	2	12		
		53.478239	-2.258549
		53.751959	-0.335941
		55.862982	-4.263554
		54.980766	-1.615849
		55.958426	-3.186893
		54.892406	-2.923222
		51.289406	1.075802
		53.409532	-3.000126
		50.152266	-5.065556
		50.726024	-3.543949
		51.460852	-2.588139
		53.803895	-1.549931
		52.486125	-1.890507
		51.488224	-3.186893
		51.512161	-0.116215
		51.624837	-3.94495
		
c	0 14 13 1 15 4 3 9 10 8 6 7 11 2 5 12	3165.04769339878	0.683495230660122	0	14	13	1	15	4	3	9	10	8	6	7	11	2	5	12		
		52.486125	-1.890507
		50.152266	-5.065556
		50.726024	-3.543949
		51.460852	-2.588139
		51.289406	1.075802
		53.478239	-2.258549
		53.803895	-1.549931
		55.958426	-3.186893
		55.862982	-4.263554
		54.892406	-2.923222
		53.751959	-0.335941
		54.980766	-1.615849
		51.488224	-3.186893
		51.512161	-0.116215
		53.409532	-3.000126
		51.624837	-3.94495
		
c	14 13 1 15 11 7 9 8 5 12 6 3 0 4 10 2	3355.28134656744	0.664471865343256	14	13	1	15	11	7	9	8	5	12	6	3	0	4	10	2		
		50.152266	-5.065556
		50.726024	-3.543949
		51.460852	-2.588139
		51.289406	1.075802
		51.488224	-3.186893
		54.980766	-1.615849
		55.958426	-3.186893
		54.892406	-2.923222
		53.409532	-3.000126
		51.624837	-3.94495
		53.751959	-0.335941
		53.803895	-1.549931
		52.486125	-1.890507
		53.478239	-2.258549
		55.862982	-4.263554
		51.512161	-0.116215
		
c	13 2 1 15 11 0 6 14 12 7 9 5 4 3 8 10	3221.7438562756	0.67782561437244	13	2	1	15	11	0	6	14	12	7	9	5	4	3	8	10		
		50.726024	-3.543949
		51.512161	-0.116215
		51.460852	-2.588139
		51.289406	1.075802
		51.488224	-3.186893
		52.486125	-1.890507
		53.751959	-0.335941
		50.152266	-5.065556
		51.624837	-3.94495
		54.980766	-1.615849
		55.958426	-3.186893
		53.409532	-3.000126
		53.478239	-2.258549
		53.803895	-1.549931
		54.892406	-2.923222
		55.862982	-4.263554
		
c	13 1 15 11 0 4 9 7 3 6 2 12 14 8 10 5	3216.72997918241	0.678327002081759	13	1	15	11	0	4	9	7	3	6	2	12	14	8	10	5		
		50.726024	-3.543949
		51.460852	-2.588139
		51.289406	1.075802
		51.488224	-3.186893
		52.486125	-1.890507
		53.478239	-2.258549
		55.958426	-3.186893
		54.980766	-1.615849
		53.803895	-1.549931
		53.751959	-0.335941
		51.512161	-0.116215
		51.624837	-3.94495
		50.152266	-5.065556
		54.892406	-2.923222
		55.862982	-4.263554
		53.409532	-3.000126
		
c	13 0 12 7 9 5 8 10 14 2 1 15 11 3 6 4	3762.93090411374	0.623706909588626	13	0	12	7	9	5	8	10	14	2	1	15	11	3	6	4		
		50.726024	-3.543949
		52.486125	-1.890507
		51.624837	-3.94495
		54.980766	-1.615849
		55.958426	-3.186893
		53.409532	-3.000126
		54.892406	-2.923222
		55.862982	-4.263554
		50.152266	-5.065556
		51.512161	-0.116215
		51.460852	-2.588139
		51.289406	1.075802
		51.488224	-3.186893
		53.803895	-1.549931
		53.751959	-0.335941
		53.478239	-2.258549
		
c	1 14 11 3 5 12 13 2 6 4 9 8 7 0 10 15	3546.0837245866	0.64539162754134	1	14	11	3	5	12	13	2	6	4	9	8	7	0	10	15		
		51.460852	-2.588139
		50.152266	-5.065556
		51.488224	-3.186893
		53.803895	-1.549931
		53.409532	-3.000126
		51.624837	-3.94495
		50.726024	-3.543949
		51.512161	-0.116215
		53.751959	-0.335941
		53.478239	-2.258549
		55.958426	-3.186893
		54.892406	-2.923222
		54.980766	-1.615849
		52.486125	-1.890507
		55.862982	-4.263554
		51.289406	1.075802
		
c	0 12 5 4 9 6 1 11 15 2 14 13 3 8 7 10	3037.5633230911	0.69624366769089	0	12	5	4	9	6	1	11	15	2	14	13	3	8	7	10		
		52.486125	-1.890507
		51.624837	-3.94495
		53.409532	-3.000126
		53.478239	-2.258549
		55.958426	-3.186893
		53.751959	-0.335941
		51.460852	-2.588139
		51.488224	-3.186893
		51.289406	1.075802
		51.512161	-0.116215
		50.152266	-5.065556
		50.726024	-3.543949
		53.803895	-1.549931
		54.892406	-2.923222
		54.980766	-1.615849
		55.862982	-4.263554
		
c	9 10 8 6 7 0 11 2 5 13 12 1 4 15 14 3	3475.35428760162	0.652464571239838	9	10	8	6	7	0	11	2	5	13	12	1	4	15	14	3		
		55.958426	-3.186893
		55.862982	-4.263554
		54.892406	-2.923222
		53.751959	-0.335941
		54.980766	-1.615849
		52.486125	-1.890507
		51.488224	-3.186893
		51.512161	-0.116215
		53.409532	-3.000126
		50.726024	-3.543949
		51.624837	-3.94495
		51.460852	-2.588139
		53.478239	-2.258549
		51.289406	1.075802
		50.152266	-5.065556
		53.803895	-1.549931
		
c	6 3 1 11 0 8 15 5 12 14 13 4 9 2 7 10	3896.21546425065	0.610378453574935	6	3	1	11	0	8	15	5	12	14	13	4	9	2	7	10		
		53.751959	-0.335941
		53.803895	-1.549931
		51.460852	-2.588139
		51.488224	-3.186893
		52.486125	-1.890507
		54.892406	-2.923222
		51.289406	1.075802
		53.409532	-3.000126
		51.624837	-3.94495
		50.152266	-5.065556
		50.726024	-3.543949
		53.478239	-2.258549
		55.958426	-3.186893
		51.512161	-0.116215
		54.980766	-1.615849
		55.862982	-4.263554
		
c	12 14 10 8 3 6 15 7 1 13 11 0 4 9 5 2	3623.20705211467	0.637679294788533	12	14	10	8	3	6	15	7	1	13	11	0	4	9	5	2		
		51.624837	-3.94495
		50.152266	-5.065556
		55.862982	-4.263554
		54.892406	-2.923222
		53.803895	-1.549931
		53.751959	-0.335941
		51.289406	1.075802
		54.980766	-1.615849
		51.460852	-2.588139
		50.726024	-3.543949
		51.488224	-3.186893
		52.486125	-1.890507
		53.478239	-2.258549
		55.958426	-3.186893
		53.409532	-3.000126
		51.512161	-0.116215
		
c	10 9 6 1 11 15 2 14 13 5 12 0 3 4 8 7	2732.713739871	0.7267286260129	10	9	6	1	11	15	2	14	13	5	12	0	3	4	8	7		
		55.862982	-4.263554
		55.958426	-3.186893
		53.751959	-0.335941
		51.460852	-2.588139
		51.488224	-3.186893
		51.289406	1.075802
		51.512161	-0.116215
		50.152266	-5.065556
		50.726024	-3.543949
		53.409532	-3.000126
		51.624837	-3.94495
		52.486125	-1.890507
		53.803895	-1.549931
		53.478239	-2.258549
		54.892406	-2.923222
		54.980766	-1.615849
		
c	1 12 14 13 11 0 4 9 7 5 10 8 3 6 15 2	2399.99813087411	0.760000186912589	1	12	14	13	11	0	4	9	7	5	10	8	3	6	15	2		
		51.460852	-2.588139
		51.624837	-3.94495
		50.152266	-5.065556
		50.726024	-3.543949
		51.488224	-3.186893
		52.486125	-1.890507
		53.478239	-2.258549
		55.958426	-3.186893
		54.980766	-1.615849
		53.409532	-3.000126
		55.862982	-4.263554
		54.892406	-2.923222
		53.803895	-1.549931
		53.751959	-0.335941
		51.289406	1.075802
		51.512161	-0.116215
		
c	13 12 11 9 7 5 4 10 8 15 1 14 0 3 6 2	3262.18318687743	0.673781681312257	13	12	11	9	7	5	4	10	8	15	1	14	0	3	6	2		
		50.726024	-3.543949
		51.624837	-3.94495
		51.488224	-3.186893
		55.958426	-3.186893
		54.980766	-1.615849
		53.409532	-3.000126
		53.478239	-2.258549
		55.862982	-4.263554
		54.892406	-2.923222
		51.289406	1.075802
		51.460852	-2.588139
		50.152266	-5.065556
		52.486125	-1.890507
		53.803895	-1.549931
		53.751959	-0.335941
		51.512161	-0.116215
		
c	5 4 3 8 15 11 0 6 1 2 14 13 12 9 7 10	3254.94382253948	0.674505617746052	5	4	3	8	15	11	0	6	1	2	14	13	12	9	7	10		
		53.409532	-3.000126
		53.478239	-2.258549
		53.803895	-1.549931
		54.892406	-2.923222
		51.289406	1.075802
		51.488224	-3.186893
		52.486125	-1.890507
		53.751959	-0.335941
		51.460852	-2.588139
		51.512161	-0.116215
		50.152266	-5.065556
		50.726024	-3.543949
		51.624837	-3.94495
		55.958426	-3.186893
		54.980766	-1.615849
		55.862982	-4.263554
		
c	14 11 0 3 8 6 1 5 4 2 15 13 12 9 7 10	3021.26012209128	0.697873987790872	14	11	0	3	8	6	1	5	4	2	15	13	12	9	7	10		
		50.152266	-5.065556
		51.488224	-3.186893
		52.486125	-1.890507
		53.803895	-1.549931
		54.892406	-2.923222
		53.751959	-0.335941
		51.460852	-2.588139
		53.409532	-3.000126
		53.478239	-2.258549
		51.512161	-0.116215
		51.289406	1.075802
		50.726024	-3.543949
		51.624837	-3.94495
		55.958426	-3.186893
		54.980766	-1.615849
		55.862982	-4.263554
		
c	13 12 9 7 11 1 15 6 2 14 0 5 4 3 8 10	3215.9774417848	0.67840225582152	13	12	9	7	11	1	15	6	2	14	0	5	4	3	8	10		
		50.726024	-3.543949
		51.624837	-3.94495
		55.958426	-3.186893
		54.980766	-1.615849
		51.488224	-3.186893
		51.460852	-2.588139
		51.289406	1.075802
		53.751959	-0.335941
		51.512161	-0.116215
		50.152266	-5.065556
		52.486125	-1.890507
		53.409532	-3.000126
		53.478239	-2.258549
		53.803895	-1.549931
		54.892406	-2.923222
		55.862982	-4.263554
		
c	1 15 11 0 3 6 8 7 10 5 12 14 13 2 4 9	3009.20255158296	0.699079744841704	1	15	11	0	3	6	8	7	10	5	12	14	13	2	4	9		
		51.460852	-2.588139
		51.289406	1.075802
		51.488224	-3.186893
		52.486125	-1.890507
		53.803895	-1.549931
		53.751959	-0.335941
		54.892406	-2.923222
		54.980766	-1.615849
		55.862982	-4.263554
		53.409532	-3.000126
		51.624837	-3.94495
		50.152266	-5.065556
		50.726024	-3.543949
		51.512161	-0.116215
		53.478239	-2.258549
		55.958426	-3.186893
		
c	6 4 5 3 14 15 8 12 13 2 11 1 0 7 9 10	3287.69242803971	0.671230757196029	6	4	5	3	14	15	8	12	13	2	11	1	0	7	9	10		
		53.751959	-0.335941
		53.478239	-2.258549
		53.409532	-3.000126
		53.803895	-1.549931
		50.152266	-5.065556
		51.289406	1.075802
		54.892406	-2.923222
		51.624837	-3.94495
		50.726024	-3.543949
		51.512161	-0.116215
		51.488224	-3.186893
		51.460852	-2.588139
		52.486125	-1.890507
		54.980766	-1.615849
		55.958426	-3.186893
		55.862982	-4.263554
		
c	14 13 11 0 4 12 2 15 8 5 6 3 1 9 7 10	3073.82833010492	0.692617166989508	14	13	11	0	4	12	2	15	8	5	6	3	1	9	7	10		
		50.152266	-5.065556
		50.726024	-3.543949
		51.488224	-3.186893
		52.486125	-1.890507
		53.478239	-2.258549
		51.624837	-3.94495
		51.512161	-0.116215
		51.289406	1.075802
		54.892406	-2.923222
		53.409532	-3.000126
		53.751959	-0.335941
		53.803895	-1.549931
		51.460852	-2.588139
		55.958426	-3.186893
		54.980766	-1.615849
		55.862982	-4.263554
		
c	1 0 7 9 2 11 15 8 10 6 4 5 3 12 14 13	3437.51473694958	0.656248526305042	1	0	7	9	2	11	15	8	10	6	4	5	3	12	14	13		
		51.460852	-2.588139
		52.486125	-1.890507
		54.980766	-1.615849
		55.958426	-3.186893
		51.512161	-0.116215
		51.488224	-3.186893
		51.289406	1.075802
		54.892406	-2.923222
		55.862982	-4.263554
		53.751959	-0.335941
		53.478239	-2.258549
		53.409532	-3.000126
		53.803895	-1.549931
		51.624837	-3.94495
		50.152266	-5.065556
		50.726024	-3.543949
		
c	5 1 13 14 11 0 3 6 4 7 10 15 2 8 12 9	3493.10747743183	0.650689252256817	5	1	13	14	11	0	3	6	4	7	10	15	2	8	12	9		
		53.409532	-3.000126
		51.460852	-2.588139
		50.726024	-3.543949
		50.152266	-5.065556
		51.488224	-3.186893
		52.486125	-1.890507
		53.803895	-1.549931
		53.751959	-0.335941
		53.478239	-2.258549
		54.980766	-1.615849
		55.862982	-4.263554
		51.289406	1.075802
		51.512161	-0.116215
		54.892406	-2.923222
		51.624837	-3.94495
		55.958426	-3.186893
		
c	8 6 3 1 5 0 4 2 15 14 13 12 11 9 7 10	2938.67890300493	0.706132109699507	8	6	3	1	5	0	4	2	15	14	13	12	11	9	7	10		
		54.892406	-2.923222
		53.751959	-0.335941
		53.803895	-1.549931
		51.460852	-2.588139
		53.409532	-3.000126
		52.486125	-1.890507
		53.478239	-2.258549
		51.512161	-0.116215
		51.289406	1.075802
		50.152266	-5.065556
		50.726024	-3.543949
		51.624837	-3.94495
		51.488224	-3.186893
		55.958426	-3.186893
		54.980766	-1.615849
		55.862982	-4.263554
		
c	10 5 13 14 15 2 8 1 12 7 9 11 0 3 6 4	3693.51311072121	0.630648688927879	10	5	13	14	15	2	8	1	12	7	9	11	0	3	6	4		
		55.862982	-4.263554
		53.409532	-3.000126
		50.726024	-3.543949
		50.152266	-5.065556
		51.289406	1.075802
		51.512161	-0.116215
		54.892406	-2.923222
		51.460852	-2.588139
		51.624837	-3.94495
		54.980766	-1.615849
		55.958426	-3.186893
		51.488224	-3.186893
		52.486125	-1.890507
		53.803895	-1.549931
		53.751959	-0.335941
		53.478239	-2.258549
		
c	8 6 15 3 14 12 13 2 11 1 0 7 9 10 4 5	3058.70222210457	0.694129777789543	8	6	15	3	14	12	13	2	11	1	0	7	9	10	4	5		
		54.892406	-2.923222
		53.751959	-0.335941
		51.289406	1.075802
		53.803895	-1.549931
		50.152266	-5.065556
		51.624837	-3.94495
		50.726024	-3.543949
		51.512161	-0.116215
		51.488224	-3.186893
		51.460852	-2.588139
		52.486125	-1.890507
		54.980766	-1.615849
		55.958426	-3.186893
		55.862982	-4.263554
		53.478239	-2.258549
		53.409532	-3.000126
		
c	8 7 10 5 12 14 13 2 1 15 11 0 3 6 4 9	2838.24016837539	0.716175983162461	8	7	10	5	12	14	13	2	1	15	11	0	3	6	4	9		
		54.892406	-2.923222
		54.980766	-1.615849
		55.862982	-4.263554
		53.409532	-3.000126
		51.624837	-3.94495
		50.152266	-5.065556
		50.726024	-3.543949
		51.512161	-0.116215
		51.460852	-2.588139
		51.289406	1.075802
		51.488224	-3.186893
		52.486125	-1.890507
		53.803895	-1.549931
		53.751959	-0.335941
		53.478239	-2.258549
		55.958426	-3.186893
		
c	0 3 6 4 2 12 14 13 1 15 11 7 9 8 10 5	2940.5411155704	0.70594588844296	0	3	6	4	2	12	14	13	1	15	11	7	9	8	10	5		
		52.486125	-1.890507
		53.803895	-1.549931
		53.751959	-0.335941
		53.478239	-2.258549
		51.512161	-0.116215
		51.624837	-3.94495
		50.152266	-5.065556
		50.726024	-3.543949
		51.460852	-2.588139
		51.289406	1.075802
		51.488224	-3.186893
		54.980766	-1.615849
		55.958426	-3.186893
		54.892406	-2.923222
		55.862982	-4.263554
		53.409532	-3.000126
		
c	4 2 15 8 14 13 11 1 0 9 7 10 5 12 3 6	3355.42323326536	0.664457676673464	4	2	15	8	14	13	11	1	0	9	7	10	5	12	3	6		
		53.478239	-2.258549
		51.512161	-0.116215
		51.289406	1.075802
		54.892406	-2.923222
		50.152266	-5.065556
		50.726024	-3.543949
		51.488224	-3.186893
		51.460852	-2.588139
		52.486125	-1.890507
		55.958426	-3.186893
		54.980766	-1.615849
		55.862982	-4.263554
		53.409532	-3.000126
		51.624837	-3.94495
		53.803895	-1.549931
		53.751959	-0.335941
		
c	8 5 6 0 3 11 1 4 2 15 13 14 9 7 10 12	3488.39587850854	0.651160412149146	8	5	6	0	3	11	1	4	2	15	13	14	9	7	10	12		
		54.892406	-2.923222
		53.409532	-3.000126
		53.751959	-0.335941
		52.486125	-1.890507
		53.803895	-1.549931
		51.488224	-3.186893
		51.460852	-2.588139
		53.478239	-2.258549
		51.512161	-0.116215
		51.289406	1.075802
		50.726024	-3.543949
		50.152266	-5.065556
		55.958426	-3.186893
		54.980766	-1.615849
		55.862982	-4.263554
		51.624837	-3.94495
		
c	5 12 0 3 4 7 9 10 8 15 1 13 14 11 6 2	2842.26803850048	0.715773196149952	5	12	0	3	4	7	9	10	8	15	1	13	14	11	6	2		
		53.409532	-3.000126
		51.624837	-3.94495
		52.486125	-1.890507
		53.803895	-1.549931
		53.478239	-2.258549
		54.980766	-1.615849
		55.958426	-3.186893
		55.862982	-4.263554
		54.892406	-2.923222
		51.289406	1.075802
		51.460852	-2.588139
		50.726024	-3.543949
		50.152266	-5.065556
		51.488224	-3.186893
		53.751959	-0.335941
		51.512161	-0.116215
		
c	9 0 3 5 12 14 13 1 15 11 4 7 8 6 10 2	3417.13458324656	0.658286541675344	9	0	3	5	12	14	13	1	15	11	4	7	8	6	10	2		
		55.958426	-3.186893
		52.486125	-1.890507
		53.803895	-1.549931
		53.409532	-3.000126
		51.624837	-3.94495
		50.152266	-5.065556
		50.726024	-3.543949
		51.460852	-2.588139
		51.289406	1.075802
		51.488224	-3.186893
		53.478239	-2.258549
		54.980766	-1.615849
		54.892406	-2.923222
		53.751959	-0.335941
		55.862982	-4.263554
		51.512161	-0.116215
		
c	9 8 15 2 1 11 0 10 5 4 3 14 12 13 6 7	3159.89446161587	0.684010553838413	9	8	15	2	1	11	0	10	5	4	3	14	12	13	6	7		
		55.958426	-3.186893
		54.892406	-2.923222
		51.289406	1.075802
		51.512161	-0.116215
		51.460852	-2.588139
		51.488224	-3.186893
		52.486125	-1.890507
		55.862982	-4.263554
		53.409532	-3.000126
		53.478239	-2.258549
		53.803895	-1.549931
		50.152266	-5.065556
		51.624837	-3.94495
		50.726024	-3.543949
		53.751959	-0.335941
		54.980766	-1.615849
		
c	3 1 11 0 4 13 14 12 2 15 7 9 8 10 6 5	2918.78670177372	0.708121329822628	3	1	11	0	4	13	14	12	2	15	7	9	8	10	6	5		
		53.803895	-1.549931
		51.460852	-2.588139
		51.488224	-3.186893
		52.486125	-1.890507
		53.478239	-2.258549
		50.726024	-3.543949
		50.152266	-5.065556
		51.624837	-3.94495
		51.512161	-0.116215
		51.289406	1.075802
		54.980766	-1.615849
		55.958426	-3.186893
		54.892406	-2.923222
		55.862982	-4.263554
		53.751959	-0.335941
		53.409532	-3.000126
		
c	6 4 12 0 7 10 1 11 2 15 13 14 8 3 5 9	3389.98274090242	0.661001725909758	6	4	12	0	7	10	1	11	2	15	13	14	8	3	5	9		
		53.751959	-0.335941
		53.478239	-2.258549
		51.624837	-3.94495
		52.486125	-1.890507
		54.980766	-1.615849
		55.862982	-4.263554
		51.460852	-2.588139
		51.488224	-3.186893
		51.512161	-0.116215
		51.289406	1.075802
		50.726024	-3.543949
		50.152266	-5.065556
		54.892406	-2.923222
		53.803895	-1.549931
		53.409532	-3.000126
		55.958426	-3.186893
		
c	7 9 8 10 6 14 12 13 2 15 5 3 1 11 0 4	2924.47521462183	0.707552478537817	7	9	8	10	6	14	12	13	2	15	5	3	1	11	0	4		
		54.980766	-1.615849
		55.958426	-3.186893
		54.892406	-2.923222
		55.862982	-4.263554
		53.751959	-0.335941
		50.152266	-5.065556
		51.624837	-3.94495
		50.726024	-3.543949
		51.512161	-0.116215
		51.289406	1.075802
		53.409532	-3.000126
		53.803895	-1.549931
		51.460852	-2.588139
		51.488224	-3.186893
		52.486125	-1.890507
		53.478239	-2.258549
		
c	9 14 12 13 2 15 8 5 6 3 1 11 0 4 7 10	3122.69219491946	0.687730780508054	9	14	12	13	2	15	8	5	6	3	1	11	0	4	7	10		
		55.958426	-3.186893
		50.152266	-5.065556
		51.624837	-3.94495
		50.726024	-3.543949
		51.512161	-0.116215
		51.289406	1.075802
		54.892406	-2.923222
		53.409532	-3.000126
		53.751959	-0.335941
		53.803895	-1.549931
		51.460852	-2.588139
		51.488224	-3.186893
		52.486125	-1.890507
		53.478239	-2.258549
		54.980766	-1.615849
		55.862982	-4.263554
		
c	7 1 12 14 13 11 0 4 9 8 15 2 10 5 3 6	3137.28284037477	0.686271715962523	7	1	12	14	13	11	0	4	9	8	15	2	10	5	3	6		
		54.980766	-1.615849
		51.460852	-2.588139
		51.624837	-3.94495
		50.152266	-5.065556
		50.726024	-3.543949
		51.488224	-3.186893
		52.486125	-1.890507
		53.478239	-2.258549
		55.958426	-3.186893
		54.892406	-2.923222
		51.289406	1.075802
		51.512161	-0.116215
		55.862982	-4.263554
		53.409532	-3.000126
		53.803895	-1.549931
		53.751959	-0.335941
		
c	8 4 6 3 7 10 9 5 0 1 11 2 15 13 14 12	2276.62053323469	0.772337946676531	8	4	6	3	7	10	9	5	0	1	11	2	15	13	14	12		
		54.892406	-2.923222
		53.478239	-2.258549
		53.751959	-0.335941
		53.803895	-1.549931
		54.980766	-1.615849
		55.862982	-4.263554
		55.958426	-3.186893
		53.409532	-3.000126
		52.486125	-1.890507
		51.460852	-2.588139
		51.488224	-3.186893
		51.512161	-0.116215
		51.289406	1.075802
		50.726024	-3.543949
		50.152266	-5.065556
		51.624837	-3.94495
		
c	0 3 6 4 14 12 13 2 15 8 5 1 11 9 7 10	3146.31232687159	0.685368767312841	0	3	6	4	14	12	13	2	15	8	5	1	11	9	7	10		
		52.486125	-1.890507
		53.803895	-1.549931
		53.751959	-0.335941
		53.478239	-2.258549
		50.152266	-5.065556
		51.624837	-3.94495
		50.726024	-3.543949
		51.512161	-0.116215
		51.289406	1.075802
		54.892406	-2.923222
		53.409532	-3.000126
		51.460852	-2.588139
		51.488224	-3.186893
		55.958426	-3.186893
		54.980766	-1.615849
		55.862982	-4.263554
		
c	14 13 1 15 3 6 4 9 8 7 10 2 11 0 5 12	2952.17295322424	0.704782704677577	14	13	1	15	3	6	4	9	8	7	10	2	11	0	5	12		
		50.152266	-5.065556
		50.726024	-3.543949
		51.460852	-2.588139
		51.289406	1.075802
		53.803895	-1.549931
		53.751959	-0.335941
		53.478239	-2.258549
		55.958426	-3.186893
		54.892406	-2.923222
		54.980766	-1.615849
		55.862982	-4.263554
		51.512161	-0.116215
		51.488224	-3.186893
		52.486125	-1.890507
		53.409532	-3.000126
		51.624837	-3.94495
		
c	3 7 1 12 14 13 11 0 4 9 5 8 6 10 15 2	3263.42464623782	0.673657535376218	3	7	1	12	14	13	11	0	4	9	5	8	6	10	15	2		
		53.803895	-1.549931
		54.980766	-1.615849
		51.460852	-2.588139
		51.624837	-3.94495
		50.152266	-5.065556
		50.726024	-3.543949
		51.488224	-3.186893
		52.486125	-1.890507
		53.478239	-2.258549
		55.958426	-3.186893
		53.409532	-3.000126
		54.892406	-2.923222
		53.751959	-0.335941
		55.862982	-4.263554
		51.289406	1.075802
		51.512161	-0.116215
		
c	8 10 7 2 1 11 15 0 5 12 13 14 3 6 4 9	3010.57929817587	0.698942070182413	8	10	7	2	1	11	15	0	5	12	13	14	3	6	4	9		
		54.892406	-2.923222
		55.862982	-4.263554
		54.980766	-1.615849
		51.512161	-0.116215
		51.460852	-2.588139
		51.488224	-3.186893
		51.289406	1.075802
		52.486125	-1.890507
		53.409532	-3.000126
		51.624837	-3.94495
		50.726024	-3.543949
		50.152266	-5.065556
		53.803895	-1.549931
		53.751959	-0.335941
		53.478239	-2.258549
		55.958426	-3.186893
		
c	5 0 4 15 11 3 6 9 8 7 10 12 14 13 1 2	2987.33819572499	0.701266180427501	5	0	4	15	11	3	6	9	8	7	10	12	14	13	1	2		
		53.409532	-3.000126
		52.486125	-1.890507
		53.478239	-2.258549
		51.289406	1.075802
		51.488224	-3.186893
		53.803895	-1.549931
		53.751959	-0.335941
		55.958426	-3.186893
		54.892406	-2.923222
		54.980766	-1.615849
		55.862982	-4.263554
		51.624837	-3.94495
		50.152266	-5.065556
		50.726024	-3.543949
		51.460852	-2.588139
		51.512161	-0.116215
		
c	9 6 1 11 15 2 14 13 5 12 0 3 4 8 7 10	2858.51631410768	0.714148368589232	9	6	1	11	15	2	14	13	5	12	0	3	4	8	7	10		
		55.958426	-3.186893
		53.751959	-0.335941
		51.460852	-2.588139
		51.488224	-3.186893
		51.289406	1.075802
		51.512161	-0.116215
		50.152266	-5.065556
		50.726024	-3.543949
		53.409532	-3.000126
		51.624837	-3.94495
		52.486125	-1.890507
		53.803895	-1.549931
		53.478239	-2.258549
		54.892406	-2.923222
		54.980766	-1.615849
		55.862982	-4.263554
		
c	3 6 4 8 1 5 0 2 15 14 13 12 11 9 7 10	2921.68829931171	0.707831170068829	3	6	4	8	1	5	0	2	15	14	13	12	11	9	7	10		
		53.803895	-1.549931
		53.751959	-0.335941
		53.478239	-2.258549
		54.892406	-2.923222
		51.460852	-2.588139
		53.409532	-3.000126
		52.486125	-1.890507
		51.512161	-0.116215
		51.289406	1.075802
		50.152266	-5.065556
		50.726024	-3.543949
		51.624837	-3.94495
		51.488224	-3.186893
		55.958426	-3.186893
		54.980766	-1.615849
		55.862982	-4.263554
		
c	8 15 2 1 11 5 12 14 13 0 3 7 10 9 4 6	2689.82635303062	0.731017364696938	8	15	2	1	11	5	12	14	13	0	3	7	10	9	4	6		
		54.892406	-2.923222
		51.289406	1.075802
		51.512161	-0.116215
		51.460852	-2.588139
		51.488224	-3.186893
		53.409532	-3.000126
		51.624837	-3.94495
		50.152266	-5.065556
		50.726024	-3.543949
		52.486125	-1.890507
		53.803895	-1.549931
		54.980766	-1.615849
		55.862982	-4.263554
		55.958426	-3.186893
		53.478239	-2.258549
		53.751959	-0.335941
		
c	5 14 13 0 7 3 6 4 2 15 8 12 1 11 9 10	3261.86463515275	0.673813536484726	5	14	13	0	7	3	6	4	2	15	8	12	1	11	9	10		
		53.409532	-3.000126
		50.152266	-5.065556
		50.726024	-3.543949
		52.486125	-1.890507
		54.980766	-1.615849
		53.803895	-1.549931
		53.751959	-0.335941
		53.478239	-2.258549
		51.512161	-0.116215
		51.289406	1.075802
		54.892406	-2.923222
		51.624837	-3.94495
		51.460852	-2.588139
		51.488224	-3.186893
		55.958426	-3.186893
		55.862982	-4.263554
		
c	12 14 13 2 1 9 8 15 11 0 10 5 4 3 6 7	3313.32060545102	0.668667939454898	12	14	13	2	1	9	8	15	11	0	10	5	4	3	6	7		
		51.624837	-3.94495
		50.152266	-5.065556
		50.726024	-3.543949
		51.512161	-0.116215
		51.460852	-2.588139
		55.958426	-3.186893
		54.892406	-2.923222
		51.289406	1.075802
		51.488224	-3.186893
		52.486125	-1.890507
		55.862982	-4.263554
		53.409532	-3.000126
		53.478239	-2.258549
		53.803895	-1.549931
		53.751959	-0.335941
		54.980766	-1.615849
		
c	2 11 1 4 15 13 14 0 6 9 8 7 10 5 3 12	3165.85644012865	0.683414355987135	2	11	1	4	15	13	14	0	6	9	8	7	10	5	3	12		
		51.512161	-0.116215
		51.488224	-3.186893
		51.460852	-2.588139
		53.478239	-2.258549
		51.289406	1.075802
		50.726024	-3.543949
		50.152266	-5.065556
		52.486125	-1.890507
		53.751959	-0.335941
		55.958426	-3.186893
		54.892406	-2.923222
		54.980766	-1.615849
		55.862982	-4.263554
		53.409532	-3.000126
		53.803895	-1.549931
		51.624837	-3.94495
		
c	11 1 15 0 7 9 8 10 6 4 5 12 13 14 3 2	2927.81917260155	0.707218082739845	11	1	15	0	7	9	8	10	6	4	5	12	13	14	3	2		
		51.488224	-3.186893
		51.460852	-2.588139
		51.289406	1.075802
		52.486125	-1.890507
		54.980766	-1.615849
		55.958426	-3.186893
		54.892406	-2.923222
		55.862982	-4.263554
		53.751959	-0.335941
		53.478239	-2.258549
		53.409532	-3.000126
		51.624837	-3.94495
		50.726024	-3.543949
		50.152266	-5.065556
		53.803895	-1.549931
		51.512161	-0.116215
		
c	3 7 9 10 8 15 5 1 13 14 11 0 6 4 2 12	2950.38729864215	0.704961270135785	3	7	9	10	8	15	5	1	13	14	11	0	6	4	2	12		
		53.803895	-1.549931
		54.980766	-1.615849
		55.958426	-3.186893
		55.862982	-4.263554
		54.892406	-2.923222
		51.289406	1.075802
		53.409532	-3.000126
		51.460852	-2.588139
		50.726024	-3.543949
		50.152266	-5.065556
		51.488224	-3.186893
		52.486125	-1.890507
		53.751959	-0.335941
		53.478239	-2.258549
		51.512161	-0.116215
		51.624837	-3.94495
		
c	1 11 0 10 5 4 12 13 14 3 8 7 15 2 6 9	3184.2342762405	0.68157657237595	1	11	0	10	5	4	12	13	14	3	8	7	15	2	6	9		
		51.460852	-2.588139
		51.488224	-3.186893
		52.486125	-1.890507
		55.862982	-4.263554
		53.409532	-3.000126
		53.478239	-2.258549
		51.624837	-3.94495
		50.726024	-3.543949
		50.152266	-5.065556
		53.803895	-1.549931
		54.892406	-2.923222
		54.980766	-1.615849
		51.289406	1.075802
		51.512161	-0.116215
		53.751959	-0.335941
		55.958426	-3.186893
		
c	15 2 1 11 0 10 5 4 9 8 7 12 13 14 3 6	2852.33765554208	0.714766234445792	15	2	1	11	0	10	5	4	9	8	7	12	13	14	3	6		
		51.289406	1.075802
		51.512161	-0.116215
		51.460852	-2.588139
		51.488224	-3.186893
		52.486125	-1.890507
		55.862982	-4.263554
		53.409532	-3.000126
		53.478239	-2.258549
		55.958426	-3.186893
		54.892406	-2.923222
		54.980766	-1.615849
		51.624837	-3.94495
		50.726024	-3.543949
		50.152266	-5.065556
		53.803895	-1.549931
		53.751959	-0.335941
		
c	1 12 14 13 0 6 11 15 2 7 9 5 4 3 8 10	2728.84967595331	0.727115032404669	1	12	14	13	0	6	11	15	2	7	9	5	4	3	8	10		
		51.460852	-2.588139
		51.624837	-3.94495
		50.152266	-5.065556
		50.726024	-3.543949
		52.486125	-1.890507
		53.751959	-0.335941
		51.488224	-3.186893
		51.289406	1.075802
		51.512161	-0.116215
		54.980766	-1.615849
		55.958426	-3.186893
		53.409532	-3.000126
		53.478239	-2.258549
		53.803895	-1.549931
		54.892406	-2.923222
		55.862982	-4.263554
		
c	12 4 6 3 7 10 9 5 0 1 11 2 15 13 14 8	2713.99748613027	0.728600251386973	12	4	6	3	7	10	9	5	0	1	11	2	15	13	14	8		
		51.624837	-3.94495
		53.478239	-2.258549
		53.751959	-0.335941
		53.803895	-1.549931
		54.980766	-1.615849
		55.862982	-4.263554
		55.958426	-3.186893
		53.409532	-3.000126
		52.486125	-1.890507
		51.460852	-2.588139
		51.488224	-3.186893
		51.512161	-0.116215
		51.289406	1.075802
		50.726024	-3.543949
		50.152266	-5.065556
		54.892406	-2.923222
		
c	7 9 5 4 3 15 11 8 10 6 1 12 14 13 0 2	3115.83989360638	0.688416010639362	7	9	5	4	3	15	11	8	10	6	1	12	14	13	0	2		
		54.980766	-1.615849
		55.958426	-3.186893
		53.409532	-3.000126
		53.478239	-2.258549
		53.803895	-1.549931
		51.289406	1.075802
		51.488224	-3.186893
		54.892406	-2.923222
		55.862982	-4.263554
		53.751959	-0.335941
		51.460852	-2.588139
		51.624837	-3.94495
		50.152266	-5.065556
		50.726024	-3.543949
		52.486125	-1.890507
		51.512161	-0.116215
		
c	7 9 3 4 8 5 12 14 15 11 10 6 1 13 0 2	3559.73228457396	0.644026771542604	7	9	3	4	8	5	12	14	15	11	10	6	1	13	0	2		
		54.980766	-1.615849
		55.958426	-3.186893
		53.803895	-1.549931
		53.478239	-2.258549
		54.892406	-2.923222
		53.409532	-3.000126
		51.624837	-3.94495
		50.152266	-5.065556
		51.289406	1.075802
		51.488224	-3.186893
		55.862982	-4.263554
		53.751959	-0.335941
		51.460852	-2.588139
		50.726024	-3.543949
		52.486125	-1.890507
		51.512161	-0.116215
		
c	13 14 3 8 9 15 2 1 11 0 7 12 10 6 4 5	3576.28998483699	0.642371001516301	13	14	3	8	9	15	2	1	11	0	7	12	10	6	4	5		
		50.726024	-3.543949
		50.152266	-5.065556
		53.803895	-1.549931
		54.892406	-2.923222
		55.958426	-3.186893
		51.289406	1.075802
		51.512161	-0.116215
		51.460852	-2.588139
		51.488224	-3.186893
		52.486125	-1.890507
		54.980766	-1.615849
		51.624837	-3.94495
		55.862982	-4.263554
		53.751959	-0.335941
		53.478239	-2.258549
		53.409532	-3.000126
		
c	4 7 9 8 10 6 3 1 5 12 14 13 15 11 0 2	2934.3476570534	0.70656523429466	4	7	9	8	10	6	3	1	5	12	14	13	15	11	0	2		
		53.478239	-2.258549
		54.980766	-1.615849
		55.958426	-3.186893
		54.892406	-2.923222
		55.862982	-4.263554
		53.751959	-0.335941
		53.803895	-1.549931
		51.460852	-2.588139
		53.409532	-3.000126
		51.624837	-3.94495
		50.152266	-5.065556
		50.726024	-3.543949
		51.289406	1.075802
		51.488224	-3.186893
		52.486125	-1.890507
		51.512161	-0.116215
		
c	5 13 12 2 1 11 0 4 6 10 7 9 8 15 14 3	3475.82682442111	0.652417317557889	5	13	12	2	1	11	0	4	6	10	7	9	8	15	14	3		
		53.409532	-3.000126
		50.726024	-3.543949
		51.624837	-3.94495
		51.512161	-0.116215
		51.460852	-2.588139
		51.488224	-3.186893
		52.486125	-1.890507
		53.478239	-2.258549
		53.751959	-0.335941
		55.862982	-4.263554
		54.980766	-1.615849
		55.958426	-3.186893
		54.892406	-2.923222
		51.289406	1.075802
		50.152266	-5.065556
		53.803895	-1.549931
		
c	2 1 15 11 0 3 14 13 5 9 7 12 6 4 8 10	3515.57468807266	0.648442531192734	2	1	15	11	0	3	14	13	5	9	7	12	6	4	8	10		
		51.512161	-0.116215
		51.460852	-2.588139
		51.289406	1.075802
		51.488224	-3.186893
		52.486125	-1.890507
		53.803895	-1.549931
		50.152266	-5.065556
		50.726024	-3.543949
		53.409532	-3.000126
		55.958426	-3.186893
		54.980766	-1.615849
		51.624837	-3.94495
		53.751959	-0.335941
		53.478239	-2.258549
		54.892406	-2.923222
		55.862982	-4.263554
		
c	2 6 1 11 15 14 13 0 12 7 9 5 4 3 8 10	3087.26174465562	0.691273825534439	2	6	1	11	15	14	13	0	12	7	9	5	4	3	8	10		
		51.512161	-0.116215
		53.751959	-0.335941
		51.460852	-2.588139
		51.488224	-3.186893
		51.289406	1.075802
		50.152266	-5.065556
		50.726024	-3.543949
		52.486125	-1.890507
		51.624837	-3.94495
		54.980766	-1.615849
		55.958426	-3.186893
		53.409532	-3.000126
		53.478239	-2.258549
		53.803895	-1.549931
		54.892406	-2.923222
		55.862982	-4.263554
		
c	2 14 13 0 12 6 10 7 9 3 4 8 5 1 15 11	3343.45184672457	0.665654815327543	2	14	13	0	12	6	10	7	9	3	4	8	5	1	15	11		
		51.512161	-0.116215
		50.152266	-5.065556
		50.726024	-3.543949
		52.486125	-1.890507
		51.624837	-3.94495
		53.751959	-0.335941
		55.862982	-4.263554
		54.980766	-1.615849
		55.958426	-3.186893
		53.803895	-1.549931
		53.478239	-2.258549
		54.892406	-2.923222
		53.409532	-3.000126
		51.460852	-2.588139
		51.289406	1.075802
		51.488224	-3.186893
		
c	13 5 9 7 12 2 1 15 11 0 3 6 4 8 10 14	3561.33015594126	0.643866984405874	13	5	9	7	12	2	1	15	11	0	3	6	4	8	10	14		
		50.726024	-3.543949
		53.409532	-3.000126
		55.958426	-3.186893
		54.980766	-1.615849
		51.624837	-3.94495
		51.512161	-0.116215
		51.460852	-2.588139
		51.289406	1.075802
		51.488224	-3.186893
		52.486125	-1.890507
		53.803895	-1.549931
		53.751959	-0.335941
		53.478239	-2.258549
		54.892406	-2.923222
		55.862982	-4.263554
		50.152266	-5.065556
		
c	5 12 14 13 1 7 8 3 6 11 15 2 0 4 9 10	2657.38716373471	0.734261283626529	5	12	14	13	1	7	8	3	6	11	15	2	0	4	9	10		
		53.409532	-3.000126
		51.624837	-3.94495
		50.152266	-5.065556
		50.726024	-3.543949
		51.460852	-2.588139
		54.980766	-1.615849
		54.892406	-2.923222
		53.803895	-1.549931
		53.751959	-0.335941
		51.488224	-3.186893
		51.289406	1.075802
		51.512161	-0.116215
		52.486125	-1.890507
		53.478239	-2.258549
		55.958426	-3.186893
		55.862982	-4.263554
		
c	3 6 13 1 11 15 2 14 9 8 5 12 0 4 7 10	3189.75645331138	0.681024354668862	3	6	13	1	11	15	2	14	9	8	5	12	0	4	7	10		
		53.803895	-1.549931
		53.751959	-0.335941
		50.726024	-3.543949
		51.460852	-2.588139
		51.488224	-3.186893
		51.289406	1.075802
		51.512161	-0.116215
		50.152266	-5.065556
		55.958426	-3.186893
		54.892406	-2.923222
		53.409532	-3.000126
		51.624837	-3.94495
		52.486125	-1.890507
		53.478239	-2.258549
		54.980766	-1.615849
		55.862982	-4.263554
		
c	0 3 8 7 9 10 15 5 1 13 14 11 6 4 2 12	3201.83443985763	0.679816556014237	0	3	8	7	9	10	15	5	1	13	14	11	6	4	2	12		
		52.486125	-1.890507
		53.803895	-1.549931
		54.892406	-2.923222
		54.980766	-1.615849
		55.958426	-3.186893
		55.862982	-4.263554
		51.289406	1.075802
		53.409532	-3.000126
		51.460852	-2.588139
		50.726024	-3.543949
		50.152266	-5.065556
		51.488224	-3.186893
		53.751959	-0.335941
		53.478239	-2.258549
		51.512161	-0.116215
		51.624837	-3.94495
		
c	0 6 2 11 1 15 7 9 3 10 5 8 14 13 12 4	3538.00635564468	0.646199364435532	0	6	2	11	1	15	7	9	3	10	5	8	14	13	12	4		
		52.486125	-1.890507
		53.751959	-0.335941
		51.512161	-0.116215
		51.488224	-3.186893
		51.460852	-2.588139
		51.289406	1.075802
		54.980766	-1.615849
		55.958426	-3.186893
		53.803895	-1.549931
		55.862982	-4.263554
		53.409532	-3.000126
		54.892406	-2.923222
		50.152266	-5.065556
		50.726024	-3.543949
		51.624837	-3.94495
		53.478239	-2.258549
		
c	14 11 0 3 10 9 6 1 15 2 13 5 12 4 8 7	3034.66662179519	0.696533337820481	14	11	0	3	10	9	6	1	15	2	13	5	12	4	8	7		
		50.152266	-5.065556
		51.488224	-3.186893
		52.486125	-1.890507
		53.803895	-1.549931
		55.862982	-4.263554
		55.958426	-3.186893
		53.751959	-0.335941
		51.460852	-2.588139
		51.289406	1.075802
		51.512161	-0.116215
		50.726024	-3.543949
		53.409532	-3.000126
		51.624837	-3.94495
		53.478239	-2.258549
		54.892406	-2.923222
		54.980766	-1.615849
		
c	6 7 0 11 2 5 14 13 3 4 15 8 12 1 9 10	3869.81468634938	0.613018531365062	6	7	0	11	2	5	14	13	3	4	15	8	12	1	9	10		
		53.751959	-0.335941
		54.980766	-1.615849
		52.486125	-1.890507
		51.488224	-3.186893
		51.512161	-0.116215
		53.409532	-3.000126
		50.152266	-5.065556
		50.726024	-3.543949
		53.803895	-1.549931
		53.478239	-2.258549
		51.289406	1.075802
		54.892406	-2.923222
		51.624837	-3.94495
		51.460852	-2.588139
		55.958426	-3.186893
		55.862982	-4.263554
		
c	15 8 12 1 11 9 14 13 4 3 10 6 7 0 2 5	4165.0115655825	0.58349884344175	15	8	12	1	11	9	14	13	4	3	10	6	7	0	2	5		
		51.289406	1.075802
		54.892406	-2.923222
		51.624837	-3.94495
		51.460852	-2.588139
		51.488224	-3.186893
		55.958426	-3.186893
		50.152266	-5.065556
		50.726024	-3.543949
		53.478239	-2.258549
		53.803895	-1.549931
		55.862982	-4.263554
		53.751959	-0.335941
		54.980766	-1.615849
		52.486125	-1.890507
		51.512161	-0.116215
		53.409532	-3.000126
		
c	5 4 7 9 10 8 15 1 13 14 11 0 3 6 2 12	2624.54150523228	0.737545849476772	5	4	7	9	10	8	15	1	13	14	11	0	3	6	2	12		
		53.409532	-3.000126
		53.478239	-2.258549
		54.980766	-1.615849
		55.958426	-3.186893
		55.862982	-4.263554
		54.892406	-2.923222
		51.289406	1.075802
		51.460852	-2.588139
		50.726024	-3.543949
		50.152266	-5.065556
		51.488224	-3.186893
		52.486125	-1.890507
		53.803895	-1.549931
		53.751959	-0.335941
		51.512161	-0.116215
		51.624837	-3.94495
		
c	0 2 1 11 10 5 4 12 13 14 3 8 7 15 6 9	3415.90764586473	0.658409235413527	0	2	1	11	10	5	4	12	13	14	3	8	7	15	6	9		
		52.486125	-1.890507
		51.512161	-0.116215
		51.460852	-2.588139
		51.488224	-3.186893
		55.862982	-4.263554
		53.409532	-3.000126
		53.478239	-2.258549
		51.624837	-3.94495
		50.726024	-3.543949
		50.152266	-5.065556
		53.803895	-1.549931
		54.892406	-2.923222
		54.980766	-1.615849
		51.289406	1.075802
		53.751959	-0.335941
		55.958426	-3.186893
		
c	0 3 4 8 7 6 1 11 15 2 14 13 12 5 9 10	2503.57668473002	0.749642331526998	0	3	4	8	7	6	1	11	15	2	14	13	12	5	9	10		
		52.486125	-1.890507
		53.803895	-1.549931
		53.478239	-2.258549
		54.892406	-2.923222
		54.980766	-1.615849
		53.751959	-0.335941
		51.460852	-2.588139
		51.488224	-3.186893
		51.289406	1.075802
		51.512161	-0.116215
		50.152266	-5.065556
		50.726024	-3.543949
		51.624837	-3.94495
		53.409532	-3.000126
		55.958426	-3.186893
		55.862982	-4.263554
		
c	11 0 4 9 7 10 8 15 5 1 13 14 3 6 2 12	3375.57069361838	0.662442930638162	11	0	4	9	7	10	8	15	5	1	13	14	3	6	2	12		
		51.488224	-3.186893
		52.486125	-1.890507
		53.478239	-2.258549
		55.958426	-3.186893
		54.980766	-1.615849
		55.862982	-4.263554
		54.892406	-2.923222
		51.289406	1.075802
		53.409532	-3.000126
		51.460852	-2.588139
		50.726024	-3.543949
		50.152266	-5.065556
		53.803895	-1.549931
		53.751959	-0.335941
		51.512161	-0.116215
		51.624837	-3.94495
		
g10		2435.51364850131	0.756448635149869	0	8	7	10	9	5	0	4	6	3	11	2	15	13	14	1	12		
		54.892406	-2.923222
		54.980766	-1.615849
		55.862982	-4.263554
		55.958426	-3.186893
		53.409532	-3.000126
		52.486125	-1.890507
		53.478239	-2.258549
		53.751959	-0.335941
		53.803895	-1.549931
		51.488224	-3.186893
		51.512161	-0.116215
		51.289406	1.075802
		50.726024	-3.543949
		50.152266	-5.065556
		51.460852	-2.588139
		51.624837	-3.94495
		
g10		2544.46687539071	0.745553312460929	1	7	8	3	6	1	11	15	2	14	13	0	12	5	4	9	10		
		54.980766	-1.615849
		54.892406	-2.923222
		53.803895	-1.549931
		53.751959	-0.335941
		51.460852	-2.588139
		51.488224	-3.186893
		51.289406	1.075802
		51.512161	-0.116215
		50.152266	-5.065556
		50.726024	-3.543949
		52.486125	-1.890507
		51.624837	-3.94495
		53.409532	-3.000126
		53.478239	-2.258549
		55.958426	-3.186893
		55.862982	-4.263554
		
g10		2603.73455785153	0.739626544214847	2	14	12	13	2	11	1	15	0	7	9	8	10	6	4	5	3		
		50.152266	-5.065556
		51.624837	-3.94495
		50.726024	-3.543949
		51.512161	-0.116215
		51.488224	-3.186893
		51.460852	-2.588139
		51.289406	1.075802
		52.486125	-1.890507
		54.980766	-1.615849
		55.958426	-3.186893
		54.892406	-2.923222
		55.862982	-4.263554
		53.751959	-0.335941
		53.478239	-2.258549
		53.409532	-3.000126
		53.803895	-1.549931
		
g10		2626.35664964212	0.737364335035788	3	15	8	7	10	9	5	0	4	6	3	12	14	13	2	1	11		
		51.289406	1.075802
		54.892406	-2.923222
		54.980766	-1.615849
		55.862982	-4.263554
		55.958426	-3.186893
		53.409532	-3.000126
		52.486125	-1.890507
		53.478239	-2.258549
		53.751959	-0.335941
		53.803895	-1.549931
		51.624837	-3.94495
		50.152266	-5.065556
		50.726024	-3.543949
		51.512161	-0.116215
		51.460852	-2.588139
		51.488224	-3.186893
		
g10		2635.38972756036	0.736461027243964	4	13	14	12	2	11	1	15	0	7	9	8	10	6	4	5	3		
		50.726024	-3.543949
		50.152266	-5.065556
		51.624837	-3.94495
		51.512161	-0.116215
		51.488224	-3.186893
		51.460852	-2.588139
		51.289406	1.075802
		52.486125	-1.890507
		54.980766	-1.615849
		55.958426	-3.186893
		54.892406	-2.923222
		55.862982	-4.263554
		53.751959	-0.335941
		53.478239	-2.258549
		53.409532	-3.000126
		53.803895	-1.549931
		
g10		2638.12863251076	0.736187136748924	5	1	12	14	13	11	0	4	9	8	15	2	3	6	5	7	10		
		51.460852	-2.588139
		51.624837	-3.94495
		50.152266	-5.065556
		50.726024	-3.543949
		51.488224	-3.186893
		52.486125	-1.890507
		53.478239	-2.258549
		55.958426	-3.186893
		54.892406	-2.923222
		51.289406	1.075802
		51.512161	-0.116215
		53.803895	-1.549931
		53.751959	-0.335941
		53.409532	-3.000126
		54.980766	-1.615849
		55.862982	-4.263554
		
