c	4 0 1 11 12 14 13 3 6 7 9 10 8 5 2 15	2138.51418568166	0.786148581431834	4	0	1	11	12	14	13	3	6	7	9	10	8	5	2	15		
		53.478239	-2.258549
		52.486125	-1.890507
		51.460852	-2.588139
		51.488224	-3.186893
		51.624837	-3.94495
		50.152266	-5.065556
		50.726024	-3.543949
		53.803895	-1.549931
		53.751959	-0.335941
		54.980766	-1.615849
		55.958426	-3.186893
		55.862982	-4.263554
		54.892406	-2.923222
		53.409532	-3.000126
		51.512161	-0.116215
		51.289406	1.075802
		
c	15 6 7 9 10 8 5 3 4 0 1 11 12 14 13 2	2025.60573949547	0.797439426050453	15	6	7	9	10	8	5	3	4	0	1	11	12	14	13	2		
		51.289406	1.075802
		53.751959	-0.335941
		54.980766	-1.615849
		55.958426	-3.186893
		55.862982	-4.263554
		54.892406	-2.923222
		53.409532	-3.000126
		53.803895	-1.549931
		53.478239	-2.258549
		52.486125	-1.890507
		51.460852	-2.588139
		51.488224	-3.186893
		51.624837	-3.94495
		50.152266	-5.065556
		50.726024	-3.543949
		51.512161	-0.116215
		
c	5 0 1 8 12 14 13 7 9 10 11 6 3 4 2 15	3310.61435226242	0.668938564773758	5	0	1	8	12	14	13	7	9	10	11	6	3	4	2	15		
		53.409532	-3.000126
		52.486125	-1.890507
		51.460852	-2.588139
		54.892406	-2.923222
		51.624837	-3.94495
		50.152266	-5.065556
		50.726024	-3.543949
		54.980766	-1.615849
		55.958426	-3.186893
		55.862982	-4.263554
		51.488224	-3.186893
		53.751959	-0.335941
		53.803895	-1.549931
		53.478239	-2.258549
		51.512161	-0.116215
		51.289406	1.075802
		
c	0 14 1 11 12 3 6 7 10 9 8 4 5 13 2 15	2430.29550188851	0.756970449811149	0	14	1	11	12	3	6	7	10	9	8	4	5	13	2	15		
		52.486125	-1.890507
		50.152266	-5.065556
		51.460852	-2.588139
		51.488224	-3.186893
		51.624837	-3.94495
		53.803895	-1.549931
		53.751959	-0.335941
		54.980766	-1.615849
		55.862982	-4.263554
		55.958426	-3.186893
		54.892406	-2.923222
		53.478239	-2.258549
		53.409532	-3.000126
		50.726024	-3.543949
		51.512161	-0.116215
		51.289406	1.075802
		
c	5 4 3 6 7 9 10 8 14 15 1 11 12 0 13 2	2700.02838964329	0.729997161035671	5	4	3	6	7	9	10	8	14	15	1	11	12	0	13	2		
		53.409532	-3.000126
		53.478239	-2.258549
		53.803895	-1.549931
		53.751959	-0.335941
		54.980766	-1.615849
		55.958426	-3.186893
		55.862982	-4.263554
		54.892406	-2.923222
		50.152266	-5.065556
		51.289406	1.075802
		51.460852	-2.588139
		51.488224	-3.186893
		51.624837	-3.94495
		52.486125	-1.890507
		50.726024	-3.543949
		51.512161	-0.116215
		
c	11 14 15 6 7 9 10 8 5 3 4 0 1 12 13 2	2470.95470779238	0.752904529220762	11	14	15	6	7	9	10	8	5	3	4	0	1	12	13	2		
		51.488224	-3.186893
		50.152266	-5.065556
		51.289406	1.075802
		53.751959	-0.335941
		54.980766	-1.615849
		55.958426	-3.186893
		55.862982	-4.263554
		54.892406	-2.923222
		53.409532	-3.000126
		53.803895	-1.549931
		53.478239	-2.258549
		52.486125	-1.890507
		51.460852	-2.588139
		51.624837	-3.94495
		50.726024	-3.543949
		51.512161	-0.116215
		
c	8 5 0 1 11 3 4 14 13 6 7 9 10 12 2 15	2937.2724677379	0.706272753226211	8	5	0	1	11	3	4	14	13	6	7	9	10	12	2	15		
		54.892406	-2.923222
		53.409532	-3.000126
		52.486125	-1.890507
		51.460852	-2.588139
		51.488224	-3.186893
		53.803895	-1.549931
		53.478239	-2.258549
		50.152266	-5.065556
		50.726024	-3.543949
		53.751959	-0.335941
		54.980766	-1.615849
		55.958426	-3.186893
		55.862982	-4.263554
		51.624837	-3.94495
		51.512161	-0.116215
		51.289406	1.075802
		
c	12 14 13 5 4 3 6 7 9 10 8 0 1 11 2 15	2048.435169158	0.7951564830842	12	14	13	5	4	3	6	7	9	10	8	0	1	11	2	15		
		51.624837	-3.94495
		50.152266	-5.065556
		50.726024	-3.543949
		53.409532	-3.000126
		53.478239	-2.258549
		53.803895	-1.549931
		53.751959	-0.335941
		54.980766	-1.615849
		55.958426	-3.186893
		55.862982	-4.263554
		54.892406	-2.923222
		52.486125	-1.890507
		51.460852	-2.588139
		51.488224	-3.186893
		51.512161	-0.116215
		51.289406	1.075802
		
c	1 11 14 13 6 3 7 9 10 8 5 0 4 2 15 12	2432.81819720104	0.756718180279896	1	11	14	13	6	3	7	9	10	8	5	0	4	2	15	12		
		51.460852	-2.588139
		51.488224	-3.186893
		50.152266	-5.065556
		50.726024	-3.543949
		53.751959	-0.335941
		53.803895	-1.549931
		54.980766	-1.615849
		55.958426	-3.186893
		55.862982	-4.263554
		54.892406	-2.923222
		53.409532	-3.000126
		52.486125	-1.890507
		53.478239	-2.258549
		51.512161	-0.116215
		51.289406	1.075802
		51.624837	-3.94495
		
c	0 14 15 6 7 9 10 8 5 3 4 1 11 12 13 2	2602.1725807802	0.73978274192198	0	14	15	6	7	9	10	8	5	3	4	1	11	12	13	2		
		52.486125	-1.890507
		50.152266	-5.065556
		51.289406	1.075802
		53.751959	-0.335941
		54.980766	-1.615849
		55.958426	-3.186893
		55.862982	-4.263554
		54.892406	-2.923222
		53.409532	-3.000126
		53.803895	-1.549931
		53.478239	-2.258549
		51.460852	-2.588139
		51.488224	-3.186893
		51.624837	-3.94495
		50.726024	-3.543949
		51.512161	-0.116215
		
c	10 8 5 4 3 0 1 11 12 13 15 6 7 9 14 2	2845.39804535184	0.715460195464816	10	8	5	4	3	0	1	11	12	13	15	6	7	9	14	2		
		55.862982	-4.263554
		54.892406	-2.923222
		53.409532	-3.000126
		53.478239	-2.258549
		53.803895	-1.549931
		52.486125	-1.890507
		51.460852	-2.588139
		51.488224	-3.186893
		51.624837	-3.94495
		50.726024	-3.543949
		51.289406	1.075802
		53.751959	-0.335941
		54.980766	-1.615849
		55.958426	-3.186893
		50.152266	-5.065556
		51.512161	-0.116215
		
c	0 4 1 12 3 2 15 6 7 10 9 8 5 11 14 13	2618.05148128937	0.738194851871063	0	4	1	12	3	2	15	6	7	10	9	8	5	11	14	13		
		52.486125	-1.890507
		53.478239	-2.258549
		51.460852	-2.588139
		51.624837	-3.94495
		53.803895	-1.549931
		51.512161	-0.116215
		51.289406	1.075802
		53.751959	-0.335941
		54.980766	-1.615849
		55.862982	-4.263554
		55.958426	-3.186893
		54.892406	-2.923222
		53.409532	-3.000126
		51.488224	-3.186893
		50.152266	-5.065556
		50.726024	-3.543949
		
c	6 7 9 10 8 5 3 4 0 1 11 12 14 13 2 15	1821.93638973953	0.817806361026047	6	7	9	10	8	5	3	4	0	1	11	12	14	13	2	15		
		53.751959	-0.335941
		54.980766	-1.615849
		55.958426	-3.186893
		55.862982	-4.263554
		54.892406	-2.923222
		53.409532	-3.000126
		53.803895	-1.549931
		53.478239	-2.258549
		52.486125	-1.890507
		51.460852	-2.588139
		51.488224	-3.186893
		51.624837	-3.94495
		50.152266	-5.065556
		50.726024	-3.543949
		51.512161	-0.116215
		51.289406	1.075802
		
c	7 2 4 3 6 10 9 8 5 0 1 11 12 14 13 15	2478.99204277832	0.752100795722168	7	2	4	3	6	10	9	8	5	0	1	11	12	14	13	15		
		54.980766	-1.615849
		51.512161	-0.116215
		53.478239	-2.258549
		53.803895	-1.549931
		53.751959	-0.335941
		55.862982	-4.263554
		55.958426	-3.186893
		54.892406	-2.923222
		53.409532	-3.000126
		52.486125	-1.890507
		51.460852	-2.588139
		51.488224	-3.186893
		51.624837	-3.94495
		50.152266	-5.065556
		50.726024	-3.543949
		51.289406	1.075802
		
c	1 3 4 0 11 12 14 13 5 6 7 9 10 8 2 15	2444.07999421766	0.755592000578234	1	3	4	0	11	12	14	13	5	6	7	9	10	8	2	15		
		51.460852	-2.588139
		53.803895	-1.549931
		53.478239	-2.258549
		52.486125	-1.890507
		51.488224	-3.186893
		51.624837	-3.94495
		50.152266	-5.065556
		50.726024	-3.543949
		53.409532	-3.000126
		53.751959	-0.335941
		54.980766	-1.615849
		55.958426	-3.186893
		55.862982	-4.263554
		54.892406	-2.923222
		51.512161	-0.116215
		51.289406	1.075802
		
c	12 14 9 10 8 5 4 3 0 1 11 13 2 6 15 7	2962.07184636066	0.703792815363934	12	14	9	10	8	5	4	3	0	1	11	13	2	6	15	7		
		51.624837	-3.94495
		50.152266	-5.065556
		55.958426	-3.186893
		55.862982	-4.263554
		54.892406	-2.923222
		53.409532	-3.000126
		53.478239	-2.258549
		53.803895	-1.549931
		52.486125	-1.890507
		51.460852	-2.588139
		51.488224	-3.186893
		50.726024	-3.543949
		51.512161	-0.116215
		53.751959	-0.335941
		51.289406	1.075802
		54.980766	-1.615849
		
c	3 4 0 1 13 9 10 6 7 8 5 11 12 14 2 15	2719.92199217703	0.728007800782297	3	4	0	1	13	9	10	6	7	8	5	11	12	14	2	15		
		53.803895	-1.549931
		53.478239	-2.258549
		52.486125	-1.890507
		51.460852	-2.588139
		50.726024	-3.543949
		55.958426	-3.186893
		55.862982	-4.263554
		53.751959	-0.335941
		54.980766	-1.615849
		54.892406	-2.923222
		53.409532	-3.000126
		51.488224	-3.186893
		51.624837	-3.94495
		50.152266	-5.065556
		51.512161	-0.116215
		51.289406	1.075802
		
c	7 9 13 5 4 3 6 10 8 0 1 11 12 14 2 15	2842.79319422758	0.715720680577242	7	9	13	5	4	3	6	10	8	0	1	11	12	14	2	15		
		54.980766	-1.615849
		55.958426	-3.186893
		50.726024	-3.543949
		53.409532	-3.000126
		53.478239	-2.258549
		53.803895	-1.549931
		53.751959	-0.335941
		55.862982	-4.263554
		54.892406	-2.923222
		52.486125	-1.890507
		51.460852	-2.588139
		51.488224	-3.186893
		51.624837	-3.94495
		50.152266	-5.065556
		51.512161	-0.116215
		51.289406	1.075802
		
c	4 2 3 6 7 10 9 8 5 0 1 11 12 14 13 15	2303.55382453716	0.769644617546284	4	2	3	6	7	10	9	8	5	0	1	11	12	14	13	15		
		53.478239	-2.258549
		51.512161	-0.116215
		53.803895	-1.549931
		53.751959	-0.335941
		54.980766	-1.615849
		55.862982	-4.263554
		55.958426	-3.186893
		54.892406	-2.923222
		53.409532	-3.000126
		52.486125	-1.890507
		51.460852	-2.588139
		51.488224	-3.186893
		51.624837	-3.94495
		50.152266	-5.065556
		50.726024	-3.543949
		51.289406	1.075802
		
c	14 7 9 10 3 4 6 8 5 0 1 11 12 13 2 15	2443.63557067408	0.755636442932592	14	7	9	10	3	4	6	8	5	0	1	11	12	13	2	15		
		50.152266	-5.065556
		54.980766	-1.615849
		55.958426	-3.186893
		55.862982	-4.263554
		53.803895	-1.549931
		53.478239	-2.258549
		53.751959	-0.335941
		54.892406	-2.923222
		53.409532	-3.000126
		52.486125	-1.890507
		51.460852	-2.588139
		51.488224	-3.186893
		51.624837	-3.94495
		50.726024	-3.543949
		51.512161	-0.116215
		51.289406	1.075802
		
c	10 7 9 8 5 6 3 4 0 1 11 12 14 13 2 15	1925.11433963128	0.807488566036872	10	7	9	8	5	6	3	4	0	1	11	12	14	13	2	15		
		55.862982	-4.263554
		54.980766	-1.615849
		55.958426	-3.186893
		54.892406	-2.923222
		53.409532	-3.000126
		53.751959	-0.335941
		53.803895	-1.549931
		53.478239	-2.258549
		52.486125	-1.890507
		51.460852	-2.588139
		51.488224	-3.186893
		51.624837	-3.94495
		50.152266	-5.065556
		50.726024	-3.543949
		51.512161	-0.116215
		51.289406	1.075802
		
c	0 9 10 8 7 5 6 3 4 1 11 12 14 13 2 15	2169.36985042386	0.783063014957614	0	9	10	8	7	5	6	3	4	1	11	12	14	13	2	15		
		52.486125	-1.890507
		55.958426	-3.186893
		55.862982	-4.263554
		54.892406	-2.923222
		54.980766	-1.615849
		53.409532	-3.000126
		53.751959	-0.335941
		53.803895	-1.549931
		53.478239	-2.258549
		51.460852	-2.588139
		51.488224	-3.186893
		51.624837	-3.94495
		50.152266	-5.065556
		50.726024	-3.543949
		51.512161	-0.116215
		51.289406	1.075802
		
c	13 15 6 7 9 10 8 5 3 4 0 1 11 12 14 2	2353.831032249	0.7646168967751	13	15	6	7	9	10	8	5	3	4	0	1	11	12	14	2		
		50.726024	-3.543949
		51.289406	1.075802
		53.751959	-0.335941
		54.980766	-1.615849
		55.958426	-3.186893
		55.862982	-4.263554
		54.892406	-2.923222
		53.409532	-3.000126
		53.803895	-1.549931
		53.478239	-2.258549
		52.486125	-1.890507
		51.460852	-2.588139
		51.488224	-3.186893
		51.624837	-3.94495
		50.152266	-5.065556
		51.512161	-0.116215
		
c	8 5 3 4 0 1 11 14 13 6 7 9 10 12 2 15	2530.2627928748	0.74697372071252	8	5	3	4	0	1	11	14	13	6	7	9	10	12	2	15		
		54.892406	-2.923222
		53.409532	-3.000126
		53.803895	-1.549931
		53.478239	-2.258549
		52.486125	-1.890507
		51.460852	-2.588139
		51.488224	-3.186893
		50.152266	-5.065556
		50.726024	-3.543949
		53.751959	-0.335941
		54.980766	-1.615849
		55.958426	-3.186893
		55.862982	-4.263554
		51.624837	-3.94495
		51.512161	-0.116215
		51.289406	1.075802
		
c	11 12 14 13 5 4 3 6 7 9 10 8 0 1 2 15	2020.11071227661	0.797988928772339	11	12	14	13	5	4	3	6	7	9	10	8	0	1	2	15		
		51.488224	-3.186893
		51.624837	-3.94495
		50.152266	-5.065556
		50.726024	-3.543949
		53.409532	-3.000126
		53.478239	-2.258549
		53.803895	-1.549931
		53.751959	-0.335941
		54.980766	-1.615849
		55.958426	-3.186893
		55.862982	-4.263554
		54.892406	-2.923222
		52.486125	-1.890507
		51.460852	-2.588139
		51.512161	-0.116215
		51.289406	1.075802
		
c	0 3 4 5 1 11 12 14 13 2 6 7 9 10 8 15	2376.01695886798	0.762398304113202	0	3	4	5	1	11	12	14	13	2	6	7	9	10	8	15		
		52.486125	-1.890507
		53.803895	-1.549931
		53.478239	-2.258549
		53.409532	-3.000126
		51.460852	-2.588139
		51.488224	-3.186893
		51.624837	-3.94495
		50.152266	-5.065556
		50.726024	-3.543949
		51.512161	-0.116215
		53.751959	-0.335941
		54.980766	-1.615849
		55.958426	-3.186893
		55.862982	-4.263554
		54.892406	-2.923222
		51.289406	1.075802
		
c	5 4 3 6 7 9 10 8 0 1 11 12 14 13 2 15	1844.43579025575	0.815556420974425	5	4	3	6	7	9	10	8	0	1	11	12	14	13	2	15		
		53.409532	-3.000126
		53.478239	-2.258549
		53.803895	-1.549931
		53.751959	-0.335941
		54.980766	-1.615849
		55.958426	-3.186893
		55.862982	-4.263554
		54.892406	-2.923222
		52.486125	-1.890507
		51.460852	-2.588139
		51.488224	-3.186893
		51.624837	-3.94495
		50.152266	-5.065556
		50.726024	-3.543949
		51.512161	-0.116215
		51.289406	1.075802
		
c	2 14 7 9 10 8 5 6 3 4 0 1 11 12 13 15	2566.01322338215	0.743398677661785	2	14	7	9	10	8	5	6	3	4	0	1	11	12	13	15		
		51.512161	-0.116215
		50.152266	-5.065556
		54.980766	-1.615849
		55.958426	-3.186893
		55.862982	-4.263554
		54.892406	-2.923222
		53.409532	-3.000126
		53.751959	-0.335941
		53.803895	-1.549931
		53.478239	-2.258549
		52.486125	-1.890507
		51.460852	-2.588139
		51.488224	-3.186893
		51.624837	-3.94495
		50.726024	-3.543949
		51.289406	1.075802
		
c	9 3 6 7 8 4 5 0 1 11 12 14 13 10 2 15	2666.32015007921	0.733367984992079	9	3	6	7	8	4	5	0	1	11	12	14	13	10	2	15		
		55.958426	-3.186893
		53.803895	-1.549931
		53.751959	-0.335941
		54.980766	-1.615849
		54.892406	-2.923222
		53.478239	-2.258549
		53.409532	-3.000126
		52.486125	-1.890507
		51.460852	-2.588139
		51.488224	-3.186893
		51.624837	-3.94495
		50.152266	-5.065556
		50.726024	-3.543949
		55.862982	-4.263554
		51.512161	-0.116215
		51.289406	1.075802
		
c	6 4 3 7 9 10 8 5 0 1 11 12 14 13 2 15	1831.94616985944	0.816805383014056	6	4	3	7	9	10	8	5	0	1	11	12	14	13	2	15		
		53.751959	-0.335941
		53.478239	-2.258549
		53.803895	-1.549931
		54.980766	-1.615849
		55.958426	-3.186893
		55.862982	-4.263554
		54.892406	-2.923222
		53.409532	-3.000126
		52.486125	-1.890507
		51.460852	-2.588139
		51.488224	-3.186893
		51.624837	-3.94495
		50.152266	-5.065556
		50.726024	-3.543949
		51.512161	-0.116215
		51.289406	1.075802
		
c	12 14 13 2 8 5 6 1 11 15 7 10 9 4 3 0	3160.10914618731	0.683989085381269	12	14	13	2	8	5	6	1	11	15	7	10	9	4	3	0		
		51.624837	-3.94495
		50.152266	-5.065556
		50.726024	-3.543949
		51.512161	-0.116215
		54.892406	-2.923222
		53.409532	-3.000126
		53.751959	-0.335941
		51.460852	-2.588139
		51.488224	-3.186893
		51.289406	1.075802
		54.980766	-1.615849
		55.862982	-4.263554
		55.958426	-3.186893
		53.478239	-2.258549
		53.803895	-1.549931
		52.486125	-1.890507
		
c	8 0 14 1 11 12 3 6 7 10 9 4 5 13 2 15	2705.72507168806	0.729427492831194	8	0	14	1	11	12	3	6	7	10	9	4	5	13	2	15		
		54.892406	-2.923222
		52.486125	-1.890507
		50.152266	-5.065556
		51.460852	-2.588139
		51.488224	-3.186893
		51.624837	-3.94495
		53.803895	-1.549931
		53.751959	-0.335941
		54.980766	-1.615849
		55.862982	-4.263554
		55.958426	-3.186893
		53.478239	-2.258549
		53.409532	-3.000126
		50.726024	-3.543949
		51.512161	-0.116215
		51.289406	1.075802
		
c	11 12 14 13 2 7 9 10 8 4 3 6 5 0 1 15	2354.09945019674	0.764590054980326	11	12	14	13	2	7	9	10	8	4	3	6	5	0	1	15		
		51.488224	-3.186893
		51.624837	-3.94495
		50.152266	-5.065556
		50.726024	-3.543949
		51.512161	-0.116215
		54.980766	-1.615849
		55.958426	-3.186893
		55.862982	-4.263554
		54.892406	-2.923222
		53.478239	-2.258549
		53.803895	-1.549931
		53.751959	-0.335941
		53.409532	-3.000126
		52.486125	-1.890507
		51.460852	-2.588139
		51.289406	1.075802
		
c	11 14 13 2 15 7 10 12 8 5 6 3 9 4 0 1	3353.06441569538	0.664693558430462	11	14	13	2	15	7	10	12	8	5	6	3	9	4	0	1		
		51.488224	-3.186893
		50.152266	-5.065556
		50.726024	-3.543949
		51.512161	-0.116215
		51.289406	1.075802
		54.980766	-1.615849
		55.862982	-4.263554
		51.624837	-3.94495
		54.892406	-2.923222
		53.409532	-3.000126
		53.751959	-0.335941
		53.803895	-1.549931
		55.958426	-3.186893
		53.478239	-2.258549
		52.486125	-1.890507
		51.460852	-2.588139
		
c	10 8 5 0 1 11 12 14 13 6 3 4 2 7 9 15	2893.5198379372	0.71064801620628	10	8	5	0	1	11	12	14	13	6	3	4	2	7	9	15		
		55.862982	-4.263554
		54.892406	-2.923222
		53.409532	-3.000126
		52.486125	-1.890507
		51.460852	-2.588139
		51.488224	-3.186893
		51.624837	-3.94495
		50.152266	-5.065556
		50.726024	-3.543949
		53.751959	-0.335941
		53.803895	-1.549931
		53.478239	-2.258549
		51.512161	-0.116215
		54.980766	-1.615849
		55.958426	-3.186893
		51.289406	1.075802
		
c	15 6 11 12 14 13 3 7 9 10 8 4 5 0 2 1	2492.94643184824	0.750705356815176	15	6	11	12	14	13	3	7	9	10	8	4	5	0	2	1		
		51.289406	1.075802
		53.751959	-0.335941
		51.488224	-3.186893
		51.624837	-3.94495
		50.152266	-5.065556
		50.726024	-3.543949
		53.803895	-1.549931
		54.980766	-1.615849
		55.958426	-3.186893
		55.862982	-4.263554
		54.892406	-2.923222
		53.478239	-2.258549
		53.409532	-3.000126
		52.486125	-1.890507
		51.512161	-0.116215
		51.460852	-2.588139
		
c	5 4 0 1 11 12 14 3 6 13 2 7 9 10 8 15	3003.60831251097	0.699639168748903	5	4	0	1	11	12	14	3	6	13	2	7	9	10	8	15		
		53.409532	-3.000126
		53.478239	-2.258549
		52.486125	-1.890507
		51.460852	-2.588139
		51.488224	-3.186893
		51.624837	-3.94495
		50.152266	-5.065556
		53.803895	-1.549931
		53.751959	-0.335941
		50.726024	-3.543949
		51.512161	-0.116215
		54.980766	-1.615849
		55.958426	-3.186893
		55.862982	-4.263554
		54.892406	-2.923222
		51.289406	1.075802
		
c	12 14 2 15 6 7 10 9 8 4 3 11 13 1 5 0	2519.51707834803	0.748048292165197	12	14	2	15	6	7	10	9	8	4	3	11	13	1	5	0		
		51.624837	-3.94495
		50.152266	-5.065556
		51.512161	-0.116215
		51.289406	1.075802
		53.751959	-0.335941
		54.980766	-1.615849
		55.862982	-4.263554
		55.958426	-3.186893
		54.892406	-2.923222
		53.478239	-2.258549
		53.803895	-1.549931
		51.488224	-3.186893
		50.726024	-3.543949
		51.460852	-2.588139
		53.409532	-3.000126
		52.486125	-1.890507
		
c	5 6 3 4 0 7 10 9 8 1 11 12 14 13 2 15	2217.62967997856	0.778237032002144	5	6	3	4	0	7	10	9	8	1	11	12	14	13	2	15		
		53.409532	-3.000126
		53.751959	-0.335941
		53.803895	-1.549931
		53.478239	-2.258549
		52.486125	-1.890507
		54.980766	-1.615849
		55.862982	-4.263554
		55.958426	-3.186893
		54.892406	-2.923222
		51.460852	-2.588139
		51.488224	-3.186893
		51.624837	-3.94495
		50.152266	-5.065556
		50.726024	-3.543949
		51.512161	-0.116215
		51.289406	1.075802
		
c	9 10 8 5 4 0 1 11 12 14 13 2 3 6 7 15	2274.3840187967	0.77256159812033	9	10	8	5	4	0	1	11	12	14	13	2	3	6	7	15		
		55.958426	-3.186893
		55.862982	-4.263554
		54.892406	-2.923222
		53.409532	-3.000126
		53.478239	-2.258549
		52.486125	-1.890507
		51.460852	-2.588139
		51.488224	-3.186893
		51.624837	-3.94495
		50.152266	-5.065556
		50.726024	-3.543949
		51.512161	-0.116215
		53.803895	-1.549931
		53.751959	-0.335941
		54.980766	-1.615849
		51.289406	1.075802
		
c	8 3 4 5 0 7 9 10 6 1 11 12 14 13 2 15	2263.50397657891	0.773649602342109	8	3	4	5	0	7	9	10	6	1	11	12	14	13	2	15		
		54.892406	-2.923222
		53.803895	-1.549931
		53.478239	-2.258549
		53.409532	-3.000126
		52.486125	-1.890507
		54.980766	-1.615849
		55.958426	-3.186893
		55.862982	-4.263554
		53.751959	-0.335941
		51.460852	-2.588139
		51.488224	-3.186893
		51.624837	-3.94495
		50.152266	-5.065556
		50.726024	-3.543949
		51.512161	-0.116215
		51.289406	1.075802
		
c	6 7 9 10 8 5 1 11 12 14 13 2 3 4 0 15	2240.95856798341	0.775904143201659	6	7	9	10	8	5	1	11	12	14	13	2	3	4	0	15		
		53.751959	-0.335941
		54.980766	-1.615849
		55.958426	-3.186893
		55.862982	-4.263554
		54.892406	-2.923222
		53.409532	-3.000126
		51.460852	-2.588139
		51.488224	-3.186893
		51.624837	-3.94495
		50.152266	-5.065556
		50.726024	-3.543949
		51.512161	-0.116215
		53.803895	-1.549931
		53.478239	-2.258549
		52.486125	-1.890507
		51.289406	1.075802
		
c	0 7 10 6 9 8 3 4 5 1 11 12 14 13 2 15	2462.72352031399	0.753727647968601	0	7	10	6	9	8	3	4	5	1	11	12	14	13	2	15		
		52.486125	-1.890507
		54.980766	-1.615849
		55.862982	-4.263554
		53.751959	-0.335941
		55.958426	-3.186893
		54.892406	-2.923222
		53.803895	-1.549931
		53.478239	-2.258549
		53.409532	-3.000126
		51.460852	-2.588139
		51.488224	-3.186893
		51.624837	-3.94495
		50.152266	-5.065556
		50.726024	-3.543949
		51.512161	-0.116215
		51.289406	1.075802
		
c	0 1 11 2 4 3 6 7 10 9 8 5 12 14 13 15	2329.82593340505	0.767017406659495	0	1	11	2	4	3	6	7	10	9	8	5	12	14	13	15		
		52.486125	-1.890507
		51.460852	-2.588139
		51.488224	-3.186893
		51.512161	-0.116215
		53.478239	-2.258549
		53.803895	-1.549931
		53.751959	-0.335941
		54.980766	-1.615849
		55.862982	-4.263554
		55.958426	-3.186893
		54.892406	-2.923222
		53.409532	-3.000126
		51.624837	-3.94495
		50.152266	-5.065556
		50.726024	-3.543949
		51.289406	1.075802
		
c	7 9 10 8 5 6 3 4 0 1 11 12 14 13 2 15	1816.78660485524	0.818321339514476	7	9	10	8	5	6	3	4	0	1	11	12	14	13	2	15		
		54.980766	-1.615849
		55.958426	-3.186893
		55.862982	-4.263554
		54.892406	-2.923222
		53.409532	-3.000126
		53.751959	-0.335941
		53.803895	-1.549931
		53.478239	-2.258549
		52.486125	-1.890507
		51.460852	-2.588139
		51.488224	-3.186893
		51.624837	-3.94495
		50.152266	-5.065556
		50.726024	-3.543949
		51.512161	-0.116215
		51.289406	1.075802
		
c	10 9 8 5 4 13 3 11 12 14 6 7 0 1 2 15	2938.92895795278	0.706107104204722	10	9	8	5	4	13	3	11	12	14	6	7	0	1	2	15		
		55.862982	-4.263554
		55.958426	-3.186893
		54.892406	-2.923222
		53.409532	-3.000126
		53.478239	-2.258549
		50.726024	-3.543949
		53.803895	-1.549931
		51.488224	-3.186893
		51.624837	-3.94495
		50.152266	-5.065556
		53.751959	-0.335941
		54.980766	-1.615849
		52.486125	-1.890507
		51.460852	-2.588139
		51.512161	-0.116215
		51.289406	1.075802
		
c	4 0 12 13 2 7 9 3 10 8 5 1 11 14 6 15	3301.43497568098	0.669856502431902	4	0	12	13	2	7	9	3	10	8	5	1	11	14	6	15		
		53.478239	-2.258549
		52.486125	-1.890507
		51.624837	-3.94495
		50.726024	-3.543949
		51.512161	-0.116215
		54.980766	-1.615849
		55.958426	-3.186893
		53.803895	-1.549931
		55.862982	-4.263554
		54.892406	-2.923222
		53.409532	-3.000126
		51.460852	-2.588139
		51.488224	-3.186893
		50.152266	-5.065556
		53.751959	-0.335941
		51.289406	1.075802
		
c	5 14 13 1 4 3 6 7 9 10 8 0 11 12 2 15	2320.17559597895	0.767982440402105	5	14	13	1	4	3	6	7	9	10	8	0	11	12	2	15		
		53.409532	-3.000126
		50.152266	-5.065556
		50.726024	-3.543949
		51.460852	-2.588139
		53.478239	-2.258549
		53.803895	-1.549931
		53.751959	-0.335941
		54.980766	-1.615849
		55.958426	-3.186893
		55.862982	-4.263554
		54.892406	-2.923222
		52.486125	-1.890507
		51.488224	-3.186893
		51.624837	-3.94495
		51.512161	-0.116215
		51.289406	1.075802
		
c	13 2 6 5 15 7 10 9 8 4 3 11 12 14 1 0	2965.96211363607	0.703403788636393	13	2	6	5	15	7	10	9	8	4	3	11	12	14	1	0		
		50.726024	-3.543949
		51.512161	-0.116215
		53.751959	-0.335941
		53.409532	-3.000126
		51.289406	1.075802
		54.980766	-1.615849
		55.862982	-4.263554
		55.958426	-3.186893
		54.892406	-2.923222
		53.478239	-2.258549
		53.803895	-1.549931
		51.488224	-3.186893
		51.624837	-3.94495
		50.152266	-5.065556
		51.460852	-2.588139
		52.486125	-1.890507
		
c	10 8 11 12 14 13 2 3 5 6 7 9 0 4 1 15	2985.44416649715	0.701455583350285	10	8	11	12	14	13	2	3	5	6	7	9	0	4	1	15		
		55.862982	-4.263554
		54.892406	-2.923222
		51.488224	-3.186893
		51.624837	-3.94495
		50.152266	-5.065556
		50.726024	-3.543949
		51.512161	-0.116215
		53.803895	-1.549931
		53.409532	-3.000126
		53.751959	-0.335941
		54.980766	-1.615849
		55.958426	-3.186893
		52.486125	-1.890507
		53.478239	-2.258549
		51.460852	-2.588139
		51.289406	1.075802
		
c	14 13 5 4 3 6 7 15 10 9 8 0 1 11 12 2	2789.20403763583	0.721079596236417	14	13	5	4	3	6	7	15	10	9	8	0	1	11	12	2		
		50.152266	-5.065556
		50.726024	-3.543949
		53.409532	-3.000126
		53.478239	-2.258549
		53.803895	-1.549931
		53.751959	-0.335941
		54.980766	-1.615849
		51.289406	1.075802
		55.862982	-4.263554
		55.958426	-3.186893
		54.892406	-2.923222
		52.486125	-1.890507
		51.460852	-2.588139
		51.488224	-3.186893
		51.624837	-3.94495
		51.512161	-0.116215
		
c	1 11 12 14 8 5 6 3 4 0 7 9 10 13 2 15	2828.52361818972	0.717147638181028	1	11	12	14	8	5	6	3	4	0	7	9	10	13	2	15		
		51.460852	-2.588139
		51.488224	-3.186893
		51.624837	-3.94495
		50.152266	-5.065556
		54.892406	-2.923222
		53.409532	-3.000126
		53.751959	-0.335941
		53.803895	-1.549931
		53.478239	-2.258549
		52.486125	-1.890507
		54.980766	-1.615849
		55.958426	-3.186893
		55.862982	-4.263554
		50.726024	-3.543949
		51.512161	-0.116215
		51.289406	1.075802
		
c	5 6 7 10 3 9 4 0 8 1 11 12 14 13 2 15	2879.8119601212	0.71201880398788	5	6	7	10	3	9	4	0	8	1	11	12	14	13	2	15		
		53.409532	-3.000126
		53.751959	-0.335941
		54.980766	-1.615849
		55.862982	-4.263554
		53.803895	-1.549931
		55.958426	-3.186893
		53.478239	-2.258549
		52.486125	-1.890507
		54.892406	-2.923222
		51.460852	-2.588139
		51.488224	-3.186893
		51.624837	-3.94495
		50.152266	-5.065556
		50.726024	-3.543949
		51.512161	-0.116215
		51.289406	1.075802
		
c	2 4 3 6 7 10 9 8 5 0 1 11 12 14 13 15	2090.11252025549	0.790988747974451	2	4	3	6	7	10	9	8	5	0	1	11	12	14	13	15		
		51.512161	-0.116215
		53.478239	-2.258549
		53.803895	-1.549931
		53.751959	-0.335941
		54.980766	-1.615849
		55.862982	-4.263554
		55.958426	-3.186893
		54.892406	-2.923222
		53.409532	-3.000126
		52.486125	-1.890507
		51.460852	-2.588139
		51.488224	-3.186893
		51.624837	-3.94495
		50.152266	-5.065556
		50.726024	-3.543949
		51.289406	1.075802
		
c	10 9 8 5 6 3 4 0 1 11 12 14 13 2 15 7	2100.20289981996	0.789979710018004	10	9	8	5	6	3	4	0	1	11	12	14	13	2	15	7		
		55.862982	-4.263554
		55.958426	-3.186893
		54.892406	-2.923222
		53.409532	-3.000126
		53.751959	-0.335941
		53.803895	-1.549931
		53.478239	-2.258549
		52.486125	-1.890507
		51.460852	-2.588139
		51.488224	-3.186893
		51.624837	-3.94495
		50.152266	-5.065556
		50.726024	-3.543949
		51.512161	-0.116215
		51.289406	1.075802
		54.980766	-1.615849
		
c	6 3 4 0 1 11 12 14 13 2 7 9 10 8 5 15	2312.41336417341	0.768758663582659	6	3	4	0	1	11	12	14	13	2	7	9	10	8	5	15		
		53.751959	-0.335941
		53.803895	-1.549931
		53.478239	-2.258549
		52.486125	-1.890507
		51.460852	-2.588139
		51.488224	-3.186893
		51.624837	-3.94495
		50.152266	-5.065556
		50.726024	-3.543949
		51.512161	-0.116215
		54.980766	-1.615849
		55.958426	-3.186893
		55.862982	-4.263554
		54.892406	-2.923222
		53.409532	-3.000126
		51.289406	1.075802
		
c	0 1 2 4 3 6 7 9 10 8 5 11 12 14 13 15	2277.80830790432	0.772219169209568	0	1	2	4	3	6	7	9	10	8	5	11	12	14	13	15		
		52.486125	-1.890507
		51.460852	-2.588139
		51.512161	-0.116215
		53.478239	-2.258549
		53.803895	-1.549931
		53.751959	-0.335941
		54.980766	-1.615849
		55.958426	-3.186893
		55.862982	-4.263554
		54.892406	-2.923222
		53.409532	-3.000126
		51.488224	-3.186893
		51.624837	-3.94495
		50.152266	-5.065556
		50.726024	-3.543949
		51.289406	1.075802
		
c	8 3 6 7 9 10 0 14 13 2 15 5 4 1 11 12	2552.56231618946	0.744743768381054	8	3	6	7	9	10	0	14	13	2	15	5	4	1	11	12		
		54.892406	-2.923222
		53.803895	-1.549931
		53.751959	-0.335941
		54.980766	-1.615849
		55.958426	-3.186893
		55.862982	-4.263554
		52.486125	-1.890507
		50.152266	-5.065556
		50.726024	-3.543949
		51.512161	-0.116215
		51.289406	1.075802
		53.409532	-3.000126
		53.478239	-2.258549
		51.460852	-2.588139
		51.488224	-3.186893
		51.624837	-3.94495
		
c	12 14 13 5 4 3 6 7 10 9 8 0 1 11 2 15	2077.65467438469	0.792234532561531	12	14	13	5	4	3	6	7	10	9	8	0	1	11	2	15		
		51.624837	-3.94495
		50.152266	-5.065556
		50.726024	-3.543949
		53.409532	-3.000126
		53.478239	-2.258549
		53.803895	-1.549931
		53.751959	-0.335941
		54.980766	-1.615849
		55.862982	-4.263554
		55.958426	-3.186893
		54.892406	-2.923222
		52.486125	-1.890507
		51.460852	-2.588139
		51.488224	-3.186893
		51.512161	-0.116215
		51.289406	1.075802
		
c	15 6 3 7 10 9 8 5 4 0 1 11 12 14 13 2	1991.26767079982	0.800873232920018	15	6	3	7	10	9	8	5	4	0	1	11	12	14	13	2		
		51.289406	1.075802
		53.751959	-0.335941
		53.803895	-1.549931
		54.980766	-1.615849
		55.862982	-4.263554
		55.958426	-3.186893
		54.892406	-2.923222
		53.409532	-3.000126
		53.478239	-2.258549
		52.486125	-1.890507
		51.460852	-2.588139
		51.488224	-3.186893
		51.624837	-3.94495
		50.152266	-5.065556
		50.726024	-3.543949
		51.512161	-0.116215
		
c	7 9 8 5 6 3 4 0 11 12 14 13 10 1 2 15	2699.78218408664	0.730021781591336	7	9	8	5	6	3	4	0	11	12	14	13	10	1	2	15		
		54.980766	-1.615849
		55.958426	-3.186893
		54.892406	-2.923222
		53.409532	-3.000126
		53.751959	-0.335941
		53.803895	-1.549931
		53.478239	-2.258549
		52.486125	-1.890507
		51.488224	-3.186893
		51.624837	-3.94495
		50.152266	-5.065556
		50.726024	-3.543949
		55.862982	-4.263554
		51.460852	-2.588139
		51.512161	-0.116215
		51.289406	1.075802
		
c	3 6 7 9 10 8 0 14 13 2 15 5 4 1 11 12	2409.61325343939	0.759038674656061	3	6	7	9	10	8	0	14	13	2	15	5	4	1	11	12		
		53.803895	-1.549931
		53.751959	-0.335941
		54.980766	-1.615849
		55.958426	-3.186893
		55.862982	-4.263554
		54.892406	-2.923222
		52.486125	-1.890507
		50.152266	-5.065556
		50.726024	-3.543949
		51.512161	-0.116215
		51.289406	1.075802
		53.409532	-3.000126
		53.478239	-2.258549
		51.460852	-2.588139
		51.488224	-3.186893
		51.624837	-3.94495
		
c	14 7 10 9 8 4 3 2 15 6 5 0 1 11 12 13	2467.82405235489	0.753217594764511	14	7	10	9	8	4	3	2	15	6	5	0	1	11	12	13		
		50.152266	-5.065556
		54.980766	-1.615849
		55.862982	-4.263554
		55.958426	-3.186893
		54.892406	-2.923222
		53.478239	-2.258549
		53.803895	-1.549931
		51.512161	-0.116215
		51.289406	1.075802
		53.751959	-0.335941
		53.409532	-3.000126
		52.486125	-1.890507
		51.460852	-2.588139
		51.488224	-3.186893
		51.624837	-3.94495
		50.726024	-3.543949
		
c	1 6 7 9 10 8 5 4 3 0 11 12 14 13 2 15	2075.21057225932	0.792478942774068	1	6	7	9	10	8	5	4	3	0	11	12	14	13	2	15		
		51.460852	-2.588139
		53.751959	-0.335941
		54.980766	-1.615849
		55.958426	-3.186893
		55.862982	-4.263554
		54.892406	-2.923222
		53.409532	-3.000126
		53.478239	-2.258549
		53.803895	-1.549931
		52.486125	-1.890507
		51.488224	-3.186893
		51.624837	-3.94495
		50.152266	-5.065556
		50.726024	-3.543949
		51.512161	-0.116215
		51.289406	1.075802
		
c	12 14 15 6 3 7 10 9 8 5 4 0 1 11 13 2	2350.10980362118	0.764989019637882	12	14	15	6	3	7	10	9	8	5	4	0	1	11	13	2		
		51.624837	-3.94495
		50.152266	-5.065556
		51.289406	1.075802
		53.751959	-0.335941
		53.803895	-1.549931
		54.980766	-1.615849
		55.862982	-4.263554
		55.958426	-3.186893
		54.892406	-2.923222
		53.409532	-3.000126
		53.478239	-2.258549
		52.486125	-1.890507
		51.460852	-2.588139
		51.488224	-3.186893
		50.726024	-3.543949
		51.512161	-0.116215
		
c	1 11 5 4 3 6 12 0 2 15 7 9 10 8 14 13	2674.51863836865	0.732548136163135	1	11	5	4	3	6	12	0	2	15	7	9	10	8	14	13		
		51.460852	-2.588139
		51.488224	-3.186893
		53.409532	-3.000126
		53.478239	-2.258549
		53.803895	-1.549931
		53.751959	-0.335941
		51.624837	-3.94495
		52.486125	-1.890507
		51.512161	-0.116215
		51.289406	1.075802
		54.980766	-1.615849
		55.958426	-3.186893
		55.862982	-4.263554
		54.892406	-2.923222
		50.152266	-5.065556
		50.726024	-3.543949
		
c	3 7 9 10 8 5 4 0 1 11 12 14 13 6 2 15	2074.27715268087	0.792572284731913	3	7	9	10	8	5	4	0	1	11	12	14	13	6	2	15		
		53.803895	-1.549931
		54.980766	-1.615849
		55.958426	-3.186893
		55.862982	-4.263554
		54.892406	-2.923222
		53.409532	-3.000126
		53.478239	-2.258549
		52.486125	-1.890507
		51.460852	-2.588139
		51.488224	-3.186893
		51.624837	-3.94495
		50.152266	-5.065556
		50.726024	-3.543949
		53.751959	-0.335941
		51.512161	-0.116215
		51.289406	1.075802
		
c	5 0 1 10 7 9 8 6 3 4 11 12 14 13 2 15	2494.43475751124	0.750556524248876	5	0	1	10	7	9	8	6	3	4	11	12	14	13	2	15		
		53.409532	-3.000126
		52.486125	-1.890507
		51.460852	-2.588139
		55.862982	-4.263554
		54.980766	-1.615849
		55.958426	-3.186893
		54.892406	-2.923222
		53.751959	-0.335941
		53.803895	-1.549931
		53.478239	-2.258549
		51.488224	-3.186893
		51.624837	-3.94495
		50.152266	-5.065556
		50.726024	-3.543949
		51.512161	-0.116215
		51.289406	1.075802
		
c	4 3 0 6 7 9 10 8 5 1 11 12 14 13 2 15	2021.64250942932	0.797835749057068	4	3	0	6	7	9	10	8	5	1	11	12	14	13	2	15		
		53.478239	-2.258549
		53.803895	-1.549931
		52.486125	-1.890507
		53.751959	-0.335941
		54.980766	-1.615849
		55.958426	-3.186893
		55.862982	-4.263554
		54.892406	-2.923222
		53.409532	-3.000126
		51.460852	-2.588139
		51.488224	-3.186893
		51.624837	-3.94495
		50.152266	-5.065556
		50.726024	-3.543949
		51.512161	-0.116215
		51.289406	1.075802
		
c	9 8 6 7 10 3 4 5 0 1 11 12 14 13 2 15	2074.14373024132	0.792585626975868	9	8	6	7	10	3	4	5	0	1	11	12	14	13	2	15		
		55.958426	-3.186893
		54.892406	-2.923222
		53.751959	-0.335941
		54.980766	-1.615849
		55.862982	-4.263554
		53.803895	-1.549931
		53.478239	-2.258549
		53.409532	-3.000126
		52.486125	-1.890507
		51.460852	-2.588139
		51.488224	-3.186893
		51.624837	-3.94495
		50.152266	-5.065556
		50.726024	-3.543949
		51.512161	-0.116215
		51.289406	1.075802
		
c	7 10 1 11 12 14 13 3 6 9 8 4 5 0 2 15	2560.60090347883	0.743939909652117	7	10	1	11	12	14	13	3	6	9	8	4	5	0	2	15		
		54.980766	-1.615849
		55.862982	-4.263554
		51.460852	-2.588139
		51.488224	-3.186893
		51.624837	-3.94495
		50.152266	-5.065556
		50.726024	-3.543949
		53.803895	-1.549931
		53.751959	-0.335941
		55.958426	-3.186893
		54.892406	-2.923222
		53.478239	-2.258549
		53.409532	-3.000126
		52.486125	-1.890507
		51.512161	-0.116215
		51.289406	1.075802
		
c	9 10 8 5 4 3 0 1 11 12 14 13 2 6 15 7	2395.87455271039	0.760412544728961	9	10	8	5	4	3	0	1	11	12	14	13	2	6	15	7		
		55.958426	-3.186893
		55.862982	-4.263554
		54.892406	-2.923222
		53.409532	-3.000126
		53.478239	-2.258549
		53.803895	-1.549931
		52.486125	-1.890507
		51.460852	-2.588139
		51.488224	-3.186893
		51.624837	-3.94495
		50.152266	-5.065556
		50.726024	-3.543949
		51.512161	-0.116215
		53.751959	-0.335941
		51.289406	1.075802
		54.980766	-1.615849
		
c	0 1 9 10 8 5 4 3 11 12 14 13 2 6 15 7	2987.82382948434	0.701217617051566	0	1	9	10	8	5	4	3	11	12	14	13	2	6	15	7		
		52.486125	-1.890507
		51.460852	-2.588139
		55.958426	-3.186893
		55.862982	-4.263554
		54.892406	-2.923222
		53.409532	-3.000126
		53.478239	-2.258549
		53.803895	-1.549931
		51.488224	-3.186893
		51.624837	-3.94495
		50.152266	-5.065556
		50.726024	-3.543949
		51.512161	-0.116215
		53.751959	-0.335941
		51.289406	1.075802
		54.980766	-1.615849
		
c	2 4 7 10 1 11 12 14 13 3 6 9 8 5 0 15	2941.44695771898	0.705855304228102	2	4	7	10	1	11	12	14	13	3	6	9	8	5	0	15		
		51.512161	-0.116215
		53.478239	-2.258549
		54.980766	-1.615849
		55.862982	-4.263554
		51.460852	-2.588139
		51.488224	-3.186893
		51.624837	-3.94495
		50.152266	-5.065556
		50.726024	-3.543949
		53.803895	-1.549931
		53.751959	-0.335941
		55.958426	-3.186893
		54.892406	-2.923222
		53.409532	-3.000126
		52.486125	-1.890507
		51.289406	1.075802
		
c	12 14 4 3 6 7 9 10 8 5 0 1 11 13 2 15	2136.00976289732	0.786399023710268	12	14	4	3	6	7	9	10	8	5	0	1	11	13	2	15		
		51.624837	-3.94495
		50.152266	-5.065556
		53.478239	-2.258549
		53.803895	-1.549931
		53.751959	-0.335941
		54.980766	-1.615849
		55.958426	-3.186893
		55.862982	-4.263554
		54.892406	-2.923222
		53.409532	-3.000126
		52.486125	-1.890507
		51.460852	-2.588139
		51.488224	-3.186893
		50.726024	-3.543949
		51.512161	-0.116215
		51.289406	1.075802
		
c	3 6 7 8 9 10 5 4 0 1 11 12 14 13 2 15	1826.53315370827	0.817346684629173	3	6	7	8	9	10	5	4	0	1	11	12	14	13	2	15		
		53.803895	-1.549931
		53.751959	-0.335941
		54.980766	-1.615849
		54.892406	-2.923222
		55.958426	-3.186893
		55.862982	-4.263554
		53.409532	-3.000126
		53.478239	-2.258549
		52.486125	-1.890507
		51.460852	-2.588139
		51.488224	-3.186893
		51.624837	-3.94495
		50.152266	-5.065556
		50.726024	-3.543949
		51.512161	-0.116215
		51.289406	1.075802
		
c	13 1 0 9 10 4 3 6 7 8 5 11 12 14 2 15	2450.48726108407	0.754951273891593	13	1	0	9	10	4	3	6	7	8	5	11	12	14	2	15		
		50.726024	-3.543949
		51.460852	-2.588139
		52.486125	-1.890507
		55.958426	-3.186893
		55.862982	-4.263554
		53.478239	-2.258549
		53.803895	-1.549931
		53.751959	-0.335941
		54.980766	-1.615849
		54.892406	-2.923222
		53.409532	-3.000126
		51.488224	-3.186893
		51.624837	-3.94495
		50.152266	-5.065556
		51.512161	-0.116215
		51.289406	1.075802
		
c	1 11 12 14 13 3 6 7 9 10 8 4 5 0 2 15	1951.67072783566	0.804832927216434	1	11	12	14	13	3	6	7	9	10	8	4	5	0	2	15		
		51.460852	-2.588139
		51.488224	-3.186893
		51.624837	-3.94495
		50.152266	-5.065556
		50.726024	-3.543949
		53.803895	-1.549931
		53.751959	-0.335941
		54.980766	-1.615849
		55.958426	-3.186893
		55.862982	-4.263554
		54.892406	-2.923222
		53.478239	-2.258549
		53.409532	-3.000126
		52.486125	-1.890507
		51.512161	-0.116215
		51.289406	1.075802
		
c	7 10 9 5 6 8 3 4 0 1 11 12 14 13 2 15	2125.57742401186	0.787442257598814	7	10	9	5	6	8	3	4	0	1	11	12	14	13	2	15		
		54.980766	-1.615849
		55.862982	-4.263554
		55.958426	-3.186893
		53.409532	-3.000126
		53.751959	-0.335941
		54.892406	-2.923222
		53.803895	-1.549931
		53.478239	-2.258549
		52.486125	-1.890507
		51.460852	-2.588139
		51.488224	-3.186893
		51.624837	-3.94495
		50.152266	-5.065556
		50.726024	-3.543949
		51.512161	-0.116215
		51.289406	1.075802
		
c	3 4 0 1 11 12 14 13 2 8 5 6 7 10 9 15	2729.67990788309	0.727032009211691	3	4	0	1	11	12	14	13	2	8	5	6	7	10	9	15		
		53.803895	-1.549931
		53.478239	-2.258549
		52.486125	-1.890507
		51.460852	-2.588139
		51.488224	-3.186893
		51.624837	-3.94495
		50.152266	-5.065556
		50.726024	-3.543949
		51.512161	-0.116215
		54.892406	-2.923222
		53.409532	-3.000126
		53.751959	-0.335941
		54.980766	-1.615849
		55.862982	-4.263554
		55.958426	-3.186893
		51.289406	1.075802
		
c	11 12 14 15 6 3 7 10 9 8 5 4 0 1 13 2	2380.25776864495	0.761974223135504	11	12	14	15	6	3	7	10	9	8	5	4	0	1	13	2		
		51.488224	-3.186893
		51.624837	-3.94495
		50.152266	-5.065556
		51.289406	1.075802
		53.751959	-0.335941
		53.803895	-1.549931
		54.980766	-1.615849
		55.862982	-4.263554
		55.958426	-3.186893
		54.892406	-2.923222
		53.409532	-3.000126
		53.478239	-2.258549
		52.486125	-1.890507
		51.460852	-2.588139
		50.726024	-3.543949
		51.512161	-0.116215
		
c	8 3 11 7 10 9 4 2 15 6 5 0 1 12 14 13	2847.7532039705	0.71522467960295	8	3	11	7	10	9	4	2	15	6	5	0	1	12	14	13		
		54.892406	-2.923222
		53.803895	-1.549931
		51.488224	-3.186893
		54.980766	-1.615849
		55.862982	-4.263554
		55.958426	-3.186893
		53.478239	-2.258549
		51.512161	-0.116215
		51.289406	1.075802
		53.751959	-0.335941
		53.409532	-3.000126
		52.486125	-1.890507
		51.460852	-2.588139
		51.624837	-3.94495
		50.152266	-5.065556
		50.726024	-3.543949
		
c	0 3 6 7 10 9 8 4 5 1 11 12 14 13 2 15	1944.71260599429	0.805528739400571	0	3	6	7	10	9	8	4	5	1	11	12	14	13	2	15		
		52.486125	-1.890507
		53.803895	-1.549931
		53.751959	-0.335941
		54.980766	-1.615849
		55.862982	-4.263554
		55.958426	-3.186893
		54.892406	-2.923222
		53.478239	-2.258549
		53.409532	-3.000126
		51.460852	-2.588139
		51.488224	-3.186893
		51.624837	-3.94495
		50.152266	-5.065556
		50.726024	-3.543949
		51.512161	-0.116215
		51.289406	1.075802
		
c	11 12 10 9 8 5 6 3 4 0 1 14 13 2 15 7	2575.58519686561	0.742441480313439	11	12	10	9	8	5	6	3	4	0	1	14	13	2	15	7		
		51.488224	-3.186893
		51.624837	-3.94495
		55.862982	-4.263554
		55.958426	-3.186893
		54.892406	-2.923222
		53.409532	-3.000126
		53.751959	-0.335941
		53.803895	-1.549931
		53.478239	-2.258549
		52.486125	-1.890507
		51.460852	-2.588139
		50.152266	-5.065556
		50.726024	-3.543949
		51.512161	-0.116215
		51.289406	1.075802
		54.980766	-1.615849
		
c	0 1 11 12 14 13 5 4 3 6 7 9 10 8 2 15	2034.09713370038	0.796590286629962	0	1	11	12	14	13	5	4	3	6	7	9	10	8	2	15		
		52.486125	-1.890507
		51.460852	-2.588139
		51.488224	-3.186893
		51.624837	-3.94495
		50.152266	-5.065556
		50.726024	-3.543949
		53.409532	-3.000126
		53.478239	-2.258549
		53.803895	-1.549931
		53.751959	-0.335941
		54.980766	-1.615849
		55.958426	-3.186893
		55.862982	-4.263554
		54.892406	-2.923222
		51.512161	-0.116215
		51.289406	1.075802
		
c	7 9 10 8 0 1 5 4 11 12 14 13 2 15 3 6	2363.59304415193	0.763640695584807	7	9	10	8	0	1	5	4	11	12	14	13	2	15	3	6		
		54.980766	-1.615849
		55.958426	-3.186893
		55.862982	-4.263554
		54.892406	-2.923222
		52.486125	-1.890507
		51.460852	-2.588139
		53.409532	-3.000126
		53.478239	-2.258549
		51.488224	-3.186893
		51.624837	-3.94495
		50.152266	-5.065556
		50.726024	-3.543949
		51.512161	-0.116215
		51.289406	1.075802
		53.803895	-1.549931
		53.751959	-0.335941
		
c	10 8 0 14 13 2 15 5 4 6 7 9 11 12 1 3	2987.53929099325	0.701246070900675	10	8	0	14	13	2	15	5	4	6	7	9	11	12	1	3		
		55.862982	-4.263554
		54.892406	-2.923222
		52.486125	-1.890507
		50.152266	-5.065556
		50.726024	-3.543949
		51.512161	-0.116215
		51.289406	1.075802
		53.409532	-3.000126
		53.478239	-2.258549
		53.751959	-0.335941
		54.980766	-1.615849
		55.958426	-3.186893
		51.488224	-3.186893
		51.624837	-3.94495
		51.460852	-2.588139
		53.803895	-1.549931
		
c	1 11 0 2 4 3 6 7 9 10 8 5 12 14 13 15	2269.26472138465	0.773073527861535	1	11	0	2	4	3	6	7	9	10	8	5	12	14	13	15		
		51.460852	-2.588139
		51.488224	-3.186893
		52.486125	-1.890507
		51.512161	-0.116215
		53.478239	-2.258549
		53.803895	-1.549931
		53.751959	-0.335941
		54.980766	-1.615849
		55.958426	-3.186893
		55.862982	-4.263554
		54.892406	-2.923222
		53.409532	-3.000126
		51.624837	-3.94495
		50.152266	-5.065556
		50.726024	-3.543949
		51.289406	1.075802
		
c	7 9 10 8 5 11 12 13 1 3 6 0 14 2 15 4	2657.69947016421	0.734230052983579	7	9	10	8	5	11	12	13	1	3	6	0	14	2	15	4		
		54.980766	-1.615849
		55.958426	-3.186893
		55.862982	-4.263554
		54.892406	-2.923222
		53.409532	-3.000126
		51.488224	-3.186893
		51.624837	-3.94495
		50.726024	-3.543949
		51.460852	-2.588139
		53.803895	-1.549931
		53.751959	-0.335941
		52.486125	-1.890507
		50.152266	-5.065556
		51.512161	-0.116215
		51.289406	1.075802
		53.478239	-2.258549
		
c	6 3 7 9 10 8 5 0 1 11 4 2 15 12 14 13	2255.29581320838	0.774470418679162	6	3	7	9	10	8	5	0	1	11	4	2	15	12	14	13		
		53.751959	-0.335941
		53.803895	-1.549931
		54.980766	-1.615849
		55.958426	-3.186893
		55.862982	-4.263554
		54.892406	-2.923222
		53.409532	-3.000126
		52.486125	-1.890507
		51.460852	-2.588139
		51.488224	-3.186893
		53.478239	-2.258549
		51.512161	-0.116215
		51.289406	1.075802
		51.624837	-3.94495
		50.152266	-5.065556
		50.726024	-3.543949
		
c	5 6 4 3 7 9 10 8 0 1 11 12 14 13 2 15	1996.22177025491	0.800377822974509	5	6	4	3	7	9	10	8	0	1	11	12	14	13	2	15		
		53.409532	-3.000126
		53.751959	-0.335941
		53.478239	-2.258549
		53.803895	-1.549931
		54.980766	-1.615849
		55.958426	-3.186893
		55.862982	-4.263554
		54.892406	-2.923222
		52.486125	-1.890507
		51.460852	-2.588139
		51.488224	-3.186893
		51.624837	-3.94495
		50.152266	-5.065556
		50.726024	-3.543949
		51.512161	-0.116215
		51.289406	1.075802
		
c	1 11 12 4 3 0 6 7 9 10 8 5 14 13 2 15	2246.0748286506	0.77539251713494	1	11	12	4	3	0	6	7	9	10	8	5	14	13	2	15		
		51.460852	-2.588139
		51.488224	-3.186893
		51.624837	-3.94495
		53.478239	-2.258549
		53.803895	-1.549931
		52.486125	-1.890507
		53.751959	-0.335941
		54.980766	-1.615849
		55.958426	-3.186893
		55.862982	-4.263554
		54.892406	-2.923222
		53.409532	-3.000126
		50.152266	-5.065556
		50.726024	-3.543949
		51.512161	-0.116215
		51.289406	1.075802
		
c	9 10 8 5 3 4 6 7 0 1 11 12 14 13 2 15	1970.25183483896	0.802974816516104	9	10	8	5	3	4	6	7	0	1	11	12	14	13	2	15		
		55.958426	-3.186893
		55.862982	-4.263554
		54.892406	-2.923222
		53.409532	-3.000126
		53.803895	-1.549931
		53.478239	-2.258549
		53.751959	-0.335941
		54.980766	-1.615849
		52.486125	-1.890507
		51.460852	-2.588139
		51.488224	-3.186893
		51.624837	-3.94495
		50.152266	-5.065556
		50.726024	-3.543949
		51.512161	-0.116215
		51.289406	1.075802
		
c	8 3 4 5 0 1 13 15 6 7 9 10 11 12 14 2	2715.6170878931	0.72843829121069	8	3	4	5	0	1	13	15	6	7	9	10	11	12	14	2		
		54.892406	-2.923222
		53.803895	-1.549931
		53.478239	-2.258549
		53.409532	-3.000126
		52.486125	-1.890507
		51.460852	-2.588139
		50.726024	-3.543949
		51.289406	1.075802
		53.751959	-0.335941
		54.980766	-1.615849
		55.958426	-3.186893
		55.862982	-4.263554
		51.488224	-3.186893
		51.624837	-3.94495
		50.152266	-5.065556
		51.512161	-0.116215
		
g67		1758.37881581719	0.824162118418281	0	6	3	7	9	10	8	5	4	0	1	11	12	14	13	2	15		
		53.751959	-0.335941
		53.803895	-1.549931
		54.980766	-1.615849
		55.958426	-3.186893
		55.862982	-4.263554
		54.892406	-2.923222
		53.409532	-3.000126
		53.478239	-2.258549
		52.486125	-1.890507
		51.460852	-2.588139
		51.488224	-3.186893
		51.624837	-3.94495
		50.152266	-5.065556
		50.726024	-3.543949
		51.512161	-0.116215
		51.289406	1.075802
		
g67		1785.41447966156	0.821458552033844	1	9	10	8	7	5	6	3	4	0	1	11	12	14	13	2	15		
		55.958426	-3.186893
		55.862982	-4.263554
		54.892406	-2.923222
		54.980766	-1.615849
		53.409532	-3.000126
		53.751959	-0.335941
		53.803895	-1.549931
		53.478239	-2.258549
		52.486125	-1.890507
		51.460852	-2.588139
		51.488224	-3.186893
		51.624837	-3.94495
		50.152266	-5.065556
		50.726024	-3.543949
		51.512161	-0.116215
		51.289406	1.075802
		
g67		1794.61235065558	0.820538764934442	2	6	7	10	9	8	3	4	5	0	1	11	12	14	13	2	15		
		53.751959	-0.335941
		54.980766	-1.615849
		55.862982	-4.263554
		55.958426	-3.186893
		54.892406	-2.923222
		53.803895	-1.549931
		53.478239	-2.258549
		53.409532	-3.000126
		52.486125	-1.890507
		51.460852	-2.588139
		51.488224	-3.186893
		51.624837	-3.94495
		50.152266	-5.065556
		50.726024	-3.543949
		51.512161	-0.116215
		51.289406	1.075802
		
g67		1799.11680105574	0.820088319894426	3	3	6	7	9	10	8	4	5	0	1	11	12	14	13	2	15		
		53.803895	-1.549931
		53.751959	-0.335941
		54.980766	-1.615849
		55.958426	-3.186893
		55.862982	-4.263554
		54.892406	-2.923222
		53.478239	-2.258549
		53.409532	-3.000126
		52.486125	-1.890507
		51.460852	-2.588139
		51.488224	-3.186893
		51.624837	-3.94495
		50.152266	-5.065556
		50.726024	-3.543949
		51.512161	-0.116215
		51.289406	1.075802
		
g67		1801.63983787112	0.819836016212888	4	6	7	9	10	8	5	4	3	0	1	11	12	14	13	2	15		
		53.751959	-0.335941
		54.980766	-1.615849
		55.958426	-3.186893
		55.862982	-4.263554
		54.892406	-2.923222
		53.409532	-3.000126
		53.478239	-2.258549
		53.803895	-1.549931
		52.486125	-1.890507
		51.460852	-2.588139
		51.488224	-3.186893
		51.624837	-3.94495
		50.152266	-5.065556
		50.726024	-3.543949
		51.512161	-0.116215
		51.289406	1.075802
		
g67		1810.39557088752	0.818960442911248	5	4	3	6	7	9	10	8	5	0	1	11	12	14	13	2	15		
		53.478239	-2.258549
		53.803895	-1.549931
		53.751959	-0.335941
		54.980766	-1.615849
		55.958426	-3.186893
		55.862982	-4.263554
		54.892406	-2.923222
		53.409532	-3.000126
		52.486125	-1.890507
		51.460852	-2.588139
		51.488224	-3.186893
		51.624837	-3.94495
		50.152266	-5.065556
		50.726024	-3.543949
		51.512161	-0.116215
		51.289406	1.075802
		
