c	12 14 13 2 15 6 8 7 9 11 4 3 10 5 0 1	2987.91218181946	0.701208781818054	12	14	13	2	15	6	8	7	9	11	4	3	10	5	0	1		
		51.624837	-3.94495
		50.152266	-5.065556
		50.726024	-3.543949
		51.512161	-0.116215
		51.289406	1.075802
		53.751959	-0.335941
		54.892406	-2.923222
		54.980766	-1.615849
		55.958426	-3.186893
		51.488224	-3.186893
		53.478239	-2.258549
		53.803895	-1.549931
		55.862982	-4.263554
		53.409532	-3.000126
		52.486125	-1.890507
		51.460852	-2.588139
		
c	6 3 7 10 9 8 2 15 11 0 12 14 13 1 4 5	2394.47126063201	0.760552873936799	6	3	7	10	9	8	2	15	11	0	12	14	13	1	4	5		
		53.751959	-0.335941
		53.803895	-1.549931
		54.980766	-1.615849
		55.862982	-4.263554
		55.958426	-3.186893
		54.892406	-2.923222
		51.512161	-0.116215
		51.289406	1.075802
		51.488224	-3.186893
		52.486125	-1.890507
		51.624837	-3.94495
		50.152266	-5.065556
		50.726024	-3.543949
		51.460852	-2.588139
		53.478239	-2.258549
		53.409532	-3.000126
		
c	2 15 6 14 13 5 12 1 11 0 7 8 10 9 4 3	2713.22392368952	0.728677607631048	2	15	6	14	13	5	12	1	11	0	7	8	10	9	4	3		
		51.512161	-0.116215
		51.289406	1.075802
		53.751959	-0.335941
		50.152266	-5.065556
		50.726024	-3.543949
		53.409532	-3.000126
		51.624837	-3.94495
		51.460852	-2.588139
		51.488224	-3.186893
		52.486125	-1.890507
		54.980766	-1.615849
		54.892406	-2.923222
		55.862982	-4.263554
		55.958426	-3.186893
		53.478239	-2.258549
		53.803895	-1.549931
		
c	10 5 1 2 15 0 12 14 13 11 4 6 3 7 8 9	2344.21377848641	0.765578622151359	10	5	1	2	15	0	12	14	13	11	4	6	3	7	8	9		
		55.862982	-4.263554
		53.409532	-3.000126
		51.460852	-2.588139
		51.512161	-0.116215
		51.289406	1.075802
		52.486125	-1.890507
		51.624837	-3.94495
		50.152266	-5.065556
		50.726024	-3.543949
		51.488224	-3.186893
		53.478239	-2.258549
		53.751959	-0.335941
		53.803895	-1.549931
		54.980766	-1.615849
		54.892406	-2.923222
		55.958426	-3.186893
		
c	4 3 8 10 9 5 7 6 0 1 11 12 14 13 2 15	2096.95192720888	0.790304807279112	4	3	8	10	9	5	7	6	0	1	11	12	14	13	2	15		
		53.478239	-2.258549
		53.803895	-1.549931
		54.892406	-2.923222
		55.862982	-4.263554
		55.958426	-3.186893
		53.409532	-3.000126
		54.980766	-1.615849
		53.751959	-0.335941
		52.486125	-1.890507
		51.460852	-2.588139
		51.488224	-3.186893
		51.624837	-3.94495
		50.152266	-5.065556
		50.726024	-3.543949
		51.512161	-0.116215
		51.289406	1.075802
		
c	6 3 7 10 9 8 5 11 12 14 13 2 15 1 0 4	2165.32827013813	0.783467172986187	6	3	7	10	9	8	5	11	12	14	13	2	15	1	0	4		
		53.751959	-0.335941
		53.803895	-1.549931
		54.980766	-1.615849
		55.862982	-4.263554
		55.958426	-3.186893
		54.892406	-2.923222
		53.409532	-3.000126
		51.488224	-3.186893
		51.624837	-3.94495
		50.152266	-5.065556
		50.726024	-3.543949
		51.512161	-0.116215
		51.289406	1.075802
		51.460852	-2.588139
		52.486125	-1.890507
		53.478239	-2.258549
		
c	14 13 2 15 5 12 1 11 0 7 8 10 9 4 6 3	2377.21967478054	0.762278032521946	14	13	2	15	5	12	1	11	0	7	8	10	9	4	6	3		
		50.152266	-5.065556
		50.726024	-3.543949
		51.512161	-0.116215
		51.289406	1.075802
		53.409532	-3.000126
		51.624837	-3.94495
		51.460852	-2.588139
		51.488224	-3.186893
		52.486125	-1.890507
		54.980766	-1.615849
		54.892406	-2.923222
		55.862982	-4.263554
		55.958426	-3.186893
		53.478239	-2.258549
		53.751959	-0.335941
		53.803895	-1.549931
		
c	8 10 0 1 11 12 14 13 2 15 6 7 9 5 4 3	2400.08304330161	0.759991695669839	8	10	0	1	11	12	14	13	2	15	6	7	9	5	4	3		
		54.892406	-2.923222
		55.862982	-4.263554
		52.486125	-1.890507
		51.460852	-2.588139
		51.488224	-3.186893
		51.624837	-3.94495
		50.152266	-5.065556
		50.726024	-3.543949
		51.512161	-0.116215
		51.289406	1.075802
		53.751959	-0.335941
		54.980766	-1.615849
		55.958426	-3.186893
		53.409532	-3.000126
		53.478239	-2.258549
		53.803895	-1.549931
		
c	6 2 15 0 4 3 14 13 1 7 10 9 8 5 11 12	2665.41817922609	0.733458182077391	6	2	15	0	4	3	14	13	1	7	10	9	8	5	11	12		
		53.751959	-0.335941
		51.512161	-0.116215
		51.289406	1.075802
		52.486125	-1.890507
		53.478239	-2.258549
		53.803895	-1.549931
		50.152266	-5.065556
		50.726024	-3.543949
		51.460852	-2.588139
		54.980766	-1.615849
		55.862982	-4.263554
		55.958426	-3.186893
		54.892406	-2.923222
		53.409532	-3.000126
		51.488224	-3.186893
		51.624837	-3.94495
		
c	4 3 7 6 11 0 12 10 9 8 5 14 13 1 2 15	2680.40163066	0.731959836934	4	3	7	6	11	0	12	10	9	8	5	14	13	1	2	15		
		53.478239	-2.258549
		53.803895	-1.549931
		54.980766	-1.615849
		53.751959	-0.335941
		51.488224	-3.186893
		52.486125	-1.890507
		51.624837	-3.94495
		55.862982	-4.263554
		55.958426	-3.186893
		54.892406	-2.923222
		53.409532	-3.000126
		50.152266	-5.065556
		50.726024	-3.543949
		51.460852	-2.588139
		51.512161	-0.116215
		51.289406	1.075802
		
c	1 14 13 0 9 10 8 4 6 3 7 5 11 12 2 15	2499.69260901692	0.750030739098308	1	14	13	0	9	10	8	4	6	3	7	5	11	12	2	15		
		51.460852	-2.588139
		50.152266	-5.065556
		50.726024	-3.543949
		52.486125	-1.890507
		55.958426	-3.186893
		55.862982	-4.263554
		54.892406	-2.923222
		53.478239	-2.258549
		53.751959	-0.335941
		53.803895	-1.549931
		54.980766	-1.615849
		53.409532	-3.000126
		51.488224	-3.186893
		51.624837	-3.94495
		51.512161	-0.116215
		51.289406	1.075802
		
c	5 11 12 14 13 1 2 10 9 8 4 3 7 6 0 15	2526.09997021628	0.747390002978372	5	11	12	14	13	1	2	10	9	8	4	3	7	6	0	15		
		53.409532	-3.000126
		51.488224	-3.186893
		51.624837	-3.94495
		50.152266	-5.065556
		50.726024	-3.543949
		51.460852	-2.588139
		51.512161	-0.116215
		55.862982	-4.263554
		55.958426	-3.186893
		54.892406	-2.923222
		53.478239	-2.258549
		53.803895	-1.549931
		54.980766	-1.615849
		53.751959	-0.335941
		52.486125	-1.890507
		51.289406	1.075802
		
c	6 3 7 10 9 8 5 11 12 14 13 1 2 15 0 4	2051.95924311144	0.794804075688856	6	3	7	10	9	8	5	11	12	14	13	1	2	15	0	4		
		53.751959	-0.335941
		53.803895	-1.549931
		54.980766	-1.615849
		55.862982	-4.263554
		55.958426	-3.186893
		54.892406	-2.923222
		53.409532	-3.000126
		51.488224	-3.186893
		51.624837	-3.94495
		50.152266	-5.065556
		50.726024	-3.543949
		51.460852	-2.588139
		51.512161	-0.116215
		51.289406	1.075802
		52.486125	-1.890507
		53.478239	-2.258549
		
c	14 13 1 0 6 8 11 7 9 10 5 2 3 4 12 15	3224.67464067783	0.677532535932217	14	13	1	0	6	8	11	7	9	10	5	2	3	4	12	15		
		50.152266	-5.065556
		50.726024	-3.543949
		51.460852	-2.588139
		52.486125	-1.890507
		53.751959	-0.335941
		54.892406	-2.923222
		51.488224	-3.186893
		54.980766	-1.615849
		55.958426	-3.186893
		55.862982	-4.263554
		53.409532	-3.000126
		51.512161	-0.116215
		53.803895	-1.549931
		53.478239	-2.258549
		51.624837	-3.94495
		51.289406	1.075802
		
c	2 15 11 0 4 3 6 7 10 9 8 5 12 14 13 1	2104.10146923242	0.789589853076758	2	15	11	0	4	3	6	7	10	9	8	5	12	14	13	1		
		51.512161	-0.116215
		51.289406	1.075802
		51.488224	-3.186893
		52.486125	-1.890507
		53.478239	-2.258549
		53.803895	-1.549931
		53.751959	-0.335941
		54.980766	-1.615849
		55.862982	-4.263554
		55.958426	-3.186893
		54.892406	-2.923222
		53.409532	-3.000126
		51.624837	-3.94495
		50.152266	-5.065556
		50.726024	-3.543949
		51.460852	-2.588139
		
c	3 7 10 9 8 5 4 11 0 12 14 13 1 6 2 15	2313.93955397933	0.768606044602067	3	7	10	9	8	5	4	11	0	12	14	13	1	6	2	15		
		53.803895	-1.549931
		54.980766	-1.615849
		55.862982	-4.263554
		55.958426	-3.186893
		54.892406	-2.923222
		53.409532	-3.000126
		53.478239	-2.258549
		51.488224	-3.186893
		52.486125	-1.890507
		51.624837	-3.94495
		50.152266	-5.065556
		50.726024	-3.543949
		51.460852	-2.588139
		53.751959	-0.335941
		51.512161	-0.116215
		51.289406	1.075802
		
c	4 3 6 8 7 2 15 11 0 5 1 12 14 13 9 10	2754.7239183804	0.72452760816196	4	3	6	8	7	2	15	11	0	5	1	12	14	13	9	10		
		53.478239	-2.258549
		53.803895	-1.549931
		53.751959	-0.335941
		54.892406	-2.923222
		54.980766	-1.615849
		51.512161	-0.116215
		51.289406	1.075802
		51.488224	-3.186893
		52.486125	-1.890507
		53.409532	-3.000126
		51.460852	-2.588139
		51.624837	-3.94495
		50.152266	-5.065556
		50.726024	-3.543949
		55.958426	-3.186893
		55.862982	-4.263554
		
c	1 11 12 14 13 2 6 8 7 9 10 5 4 15 0 3	2474.63372779411	0.752536627220589	1	11	12	14	13	2	6	8	7	9	10	5	4	15	0	3		
		51.460852	-2.588139
		51.488224	-3.186893
		51.624837	-3.94495
		50.152266	-5.065556
		50.726024	-3.543949
		51.512161	-0.116215
		53.751959	-0.335941
		54.892406	-2.923222
		54.980766	-1.615849
		55.958426	-3.186893
		55.862982	-4.263554
		53.409532	-3.000126
		53.478239	-2.258549
		51.289406	1.075802
		52.486125	-1.890507
		53.803895	-1.549931
		
c	5 1 12 14 13 11 0 4 3 6 8 7 10 9 2 15	2279.77908964822	0.772022091035178	5	1	12	14	13	11	0	4	3	6	8	7	10	9	2	15		
		53.409532	-3.000126
		51.460852	-2.588139
		51.624837	-3.94495
		50.152266	-5.065556
		50.726024	-3.543949
		51.488224	-3.186893
		52.486125	-1.890507
		53.478239	-2.258549
		53.803895	-1.549931
		53.751959	-0.335941
		54.892406	-2.923222
		54.980766	-1.615849
		55.862982	-4.263554
		55.958426	-3.186893
		51.512161	-0.116215
		51.289406	1.075802
		
c	9 8 5 11 12 14 13 1 2 15 0 4 6 7 10 3	2350.75380492116	0.764924619507884	9	8	5	11	12	14	13	1	2	15	0	4	6	7	10	3		
		55.958426	-3.186893
		54.892406	-2.923222
		53.409532	-3.000126
		51.488224	-3.186893
		51.624837	-3.94495
		50.152266	-5.065556
		50.726024	-3.543949
		51.460852	-2.588139
		51.512161	-0.116215
		51.289406	1.075802
		52.486125	-1.890507
		53.478239	-2.258549
		53.751959	-0.335941
		54.980766	-1.615849
		55.862982	-4.263554
		53.803895	-1.549931
		
c	8 1 11 12 14 13 2 15 0 7 9 10 4 6 3 5	2472.81875806523	0.752718124193477	8	1	11	12	14	13	2	15	0	7	9	10	4	6	3	5		
		54.892406	-2.923222
		51.460852	-2.588139
		51.488224	-3.186893
		51.624837	-3.94495
		50.152266	-5.065556
		50.726024	-3.543949
		51.512161	-0.116215
		51.289406	1.075802
		52.486125	-1.890507
		54.980766	-1.615849
		55.958426	-3.186893
		55.862982	-4.263554
		53.478239	-2.258549
		53.751959	-0.335941
		53.803895	-1.549931
		53.409532	-3.000126
		
c	2 15 13 11 1 0 4 3 6 7 10 9 8 5 12 14	2017.41968337839	0.798258031662161	2	15	13	11	1	0	4	3	6	7	10	9	8	5	12	14		
		51.512161	-0.116215
		51.289406	1.075802
		50.726024	-3.543949
		51.488224	-3.186893
		51.460852	-2.588139
		52.486125	-1.890507
		53.478239	-2.258549
		53.803895	-1.549931
		53.751959	-0.335941
		54.980766	-1.615849
		55.862982	-4.263554
		55.958426	-3.186893
		54.892406	-2.923222
		53.409532	-3.000126
		51.624837	-3.94495
		50.152266	-5.065556
		
c	6 3 7 8 15 12 9 10 0 4 5 11 14 13 1 2	3061.83331932878	0.693816668067122	6	3	7	8	15	12	9	10	0	4	5	11	14	13	1	2		
		53.751959	-0.335941
		53.803895	-1.549931
		54.980766	-1.615849
		54.892406	-2.923222
		51.289406	1.075802
		51.624837	-3.94495
		55.958426	-3.186893
		55.862982	-4.263554
		52.486125	-1.890507
		53.478239	-2.258549
		53.409532	-3.000126
		51.488224	-3.186893
		50.152266	-5.065556
		50.726024	-3.543949
		51.460852	-2.588139
		51.512161	-0.116215
		
c	1 2 14 13 15 5 12 11 0 7 8 10 9 4 6 3	2832.99559867753	0.716700440132247	1	2	14	13	15	5	12	11	0	7	8	10	9	4	6	3		
		51.460852	-2.588139
		51.512161	-0.116215
		50.152266	-5.065556
		50.726024	-3.543949
		51.289406	1.075802
		53.409532	-3.000126
		51.624837	-3.94495
		51.488224	-3.186893
		52.486125	-1.890507
		54.980766	-1.615849
		54.892406	-2.923222
		55.862982	-4.263554
		55.958426	-3.186893
		53.478239	-2.258549
		53.751959	-0.335941
		53.803895	-1.549931
		
c	7 5 11 14 1 2 15 0 12 13 4 6 3 8 10 9	2494.73584187924	0.750526415812076	7	5	11	14	1	2	15	0	12	13	4	6	3	8	10	9		
		54.980766	-1.615849
		53.409532	-3.000126
		51.488224	-3.186893
		50.152266	-5.065556
		51.460852	-2.588139
		51.512161	-0.116215
		51.289406	1.075802
		52.486125	-1.890507
		51.624837	-3.94495
		50.726024	-3.543949
		53.478239	-2.258549
		53.751959	-0.335941
		53.803895	-1.549931
		54.892406	-2.923222
		55.862982	-4.263554
		55.958426	-3.186893
		
c	11 12 14 13 2 15 0 5 1 7 8 10 9 4 6 3	2469.28048200873	0.753071951799127	11	12	14	13	2	15	0	5	1	7	8	10	9	4	6	3		
		51.488224	-3.186893
		51.624837	-3.94495
		50.152266	-5.065556
		50.726024	-3.543949
		51.512161	-0.116215
		51.289406	1.075802
		52.486125	-1.890507
		53.409532	-3.000126
		51.460852	-2.588139
		54.980766	-1.615849
		54.892406	-2.923222
		55.862982	-4.263554
		55.958426	-3.186893
		53.478239	-2.258549
		53.751959	-0.335941
		53.803895	-1.549931
		
c	9 14 13 1 0 10 8 4 6 3 7 5 11 12 2 15	2875.86303509948	0.712413696490052	9	14	13	1	0	10	8	4	6	3	7	5	11	12	2	15		
		55.958426	-3.186893
		50.152266	-5.065556
		50.726024	-3.543949
		51.460852	-2.588139
		52.486125	-1.890507
		55.862982	-4.263554
		54.892406	-2.923222
		53.478239	-2.258549
		53.751959	-0.335941
		53.803895	-1.549931
		54.980766	-1.615849
		53.409532	-3.000126
		51.488224	-3.186893
		51.624837	-3.94495
		51.512161	-0.116215
		51.289406	1.075802
		
c	2 15 0 11 12 14 13 1 4 7 8 6 10 9 5 3	2431.48410320398	0.756851589679602	2	15	0	11	12	14	13	1	4	7	8	6	10	9	5	3		
		51.512161	-0.116215
		51.289406	1.075802
		52.486125	-1.890507
		51.488224	-3.186893
		51.624837	-3.94495
		50.152266	-5.065556
		50.726024	-3.543949
		51.460852	-2.588139
		53.478239	-2.258549
		54.980766	-1.615849
		54.892406	-2.923222
		53.751959	-0.335941
		55.862982	-4.263554
		55.958426	-3.186893
		53.409532	-3.000126
		53.803895	-1.549931
		
c	11 13 2 12 5 0 4 6 3 7 10 8 9 14 1 15	2987.65070455405	0.701234929544595	11	13	2	12	5	0	4	6	3	7	10	8	9	14	1	15		
		51.488224	-3.186893
		50.726024	-3.543949
		51.512161	-0.116215
		51.624837	-3.94495
		53.409532	-3.000126
		52.486125	-1.890507
		53.478239	-2.258549
		53.751959	-0.335941
		53.803895	-1.549931
		54.980766	-1.615849
		55.862982	-4.263554
		54.892406	-2.923222
		55.958426	-3.186893
		50.152266	-5.065556
		51.460852	-2.588139
		51.289406	1.075802
		
c	7 8 6 10 9 5 11 12 14 13 1 2 15 0 4 3	2343.89556766283	0.765610443233717	7	8	6	10	9	5	11	12	14	13	1	2	15	0	4	3		
		54.980766	-1.615849
		54.892406	-2.923222
		53.751959	-0.335941
		55.862982	-4.263554
		55.958426	-3.186893
		53.409532	-3.000126
		51.488224	-3.186893
		51.624837	-3.94495
		50.152266	-5.065556
		50.726024	-3.543949
		51.460852	-2.588139
		51.512161	-0.116215
		51.289406	1.075802
		52.486125	-1.890507
		53.478239	-2.258549
		53.803895	-1.549931
		
c	1 11 12 14 13 2 15 6 8 7 9 0 4 3 10 5	2614.79549189887	0.738520450810113	1	11	12	14	13	2	15	6	8	7	9	0	4	3	10	5		
		51.460852	-2.588139
		51.488224	-3.186893
		51.624837	-3.94495
		50.152266	-5.065556
		50.726024	-3.543949
		51.512161	-0.116215
		51.289406	1.075802
		53.751959	-0.335941
		54.892406	-2.923222
		54.980766	-1.615849
		55.958426	-3.186893
		52.486125	-1.890507
		53.478239	-2.258549
		53.803895	-1.549931
		55.862982	-4.263554
		53.409532	-3.000126
		
c	4 9 11 12 14 13 1 2 0 3 6 8 7 10 5 15	2944.66790103394	0.705533209896606	4	9	11	12	14	13	1	2	0	3	6	8	7	10	5	15		
		53.478239	-2.258549
		55.958426	-3.186893
		51.488224	-3.186893
		51.624837	-3.94495
		50.152266	-5.065556
		50.726024	-3.543949
		51.460852	-2.588139
		51.512161	-0.116215
		52.486125	-1.890507
		53.803895	-1.549931
		53.751959	-0.335941
		54.892406	-2.923222
		54.980766	-1.615849
		55.862982	-4.263554
		53.409532	-3.000126
		51.289406	1.075802
		
c	4 6 5 12 14 13 1 0 3 11 2 15 7 10 8 9	2680.66560126593	0.731933439873407	4	6	5	12	14	13	1	0	3	11	2	15	7	10	8	9		
		53.478239	-2.258549
		53.751959	-0.335941
		53.409532	-3.000126
		51.624837	-3.94495
		50.152266	-5.065556
		50.726024	-3.543949
		51.460852	-2.588139
		52.486125	-1.890507
		53.803895	-1.549931
		51.488224	-3.186893
		51.512161	-0.116215
		51.289406	1.075802
		54.980766	-1.615849
		55.862982	-4.263554
		54.892406	-2.923222
		55.958426	-3.186893
		
c	4 11 12 14 13 1 2 15 0 6 3 7 10 9 8 5	2129.78620176997	0.787021379823003	4	11	12	14	13	1	2	15	0	6	3	7	10	9	8	5		
		53.478239	-2.258549
		51.488224	-3.186893
		51.624837	-3.94495
		50.152266	-5.065556
		50.726024	-3.543949
		51.460852	-2.588139
		51.512161	-0.116215
		51.289406	1.075802
		52.486125	-1.890507
		53.751959	-0.335941
		53.803895	-1.549931
		54.980766	-1.615849
		55.862982	-4.263554
		55.958426	-3.186893
		54.892406	-2.923222
		53.409532	-3.000126
		
c	8 7 9 10 6 5 1 11 12 14 13 2 15 0 4 3	2200.87758874605	0.779912241125395	8	7	9	10	6	5	1	11	12	14	13	2	15	0	4	3		
		54.892406	-2.923222
		54.980766	-1.615849
		55.958426	-3.186893
		55.862982	-4.263554
		53.751959	-0.335941
		53.409532	-3.000126
		51.460852	-2.588139
		51.488224	-3.186893
		51.624837	-3.94495
		50.152266	-5.065556
		50.726024	-3.543949
		51.512161	-0.116215
		51.289406	1.075802
		52.486125	-1.890507
		53.478239	-2.258549
		53.803895	-1.549931
		
c	11 12 14 13 2 15 1 0 4 6 3 7 10 9 8 5	2081.72912836384	0.791827087163616	11	12	14	13	2	15	1	0	4	6	3	7	10	9	8	5		
		51.488224	-3.186893
		51.624837	-3.94495
		50.152266	-5.065556
		50.726024	-3.543949
		51.512161	-0.116215
		51.289406	1.075802
		51.460852	-2.588139
		52.486125	-1.890507
		53.478239	-2.258549
		53.751959	-0.335941
		53.803895	-1.549931
		54.980766	-1.615849
		55.862982	-4.263554
		55.958426	-3.186893
		54.892406	-2.923222
		53.409532	-3.000126
		
c	8 1 11 5 12 14 4 2 15 3 7 9 10 6 0 13	3216.19820909153	0.678380179090847	8	1	11	5	12	14	4	2	15	3	7	9	10	6	0	13		
		54.892406	-2.923222
		51.460852	-2.588139
		51.488224	-3.186893
		53.409532	-3.000126
		51.624837	-3.94495
		50.152266	-5.065556
		53.478239	-2.258549
		51.512161	-0.116215
		51.289406	1.075802
		53.803895	-1.549931
		54.980766	-1.615849
		55.958426	-3.186893
		55.862982	-4.263554
		53.751959	-0.335941
		52.486125	-1.890507
		50.726024	-3.543949
		
c	9 8 5 4 3 6 11 0 12 14 13 1 2 15 7 10	2413.94525877269	0.758605474122731	9	8	5	4	3	6	11	0	12	14	13	1	2	15	7	10		
		55.958426	-3.186893
		54.892406	-2.923222
		53.409532	-3.000126
		53.478239	-2.258549
		53.803895	-1.549931
		53.751959	-0.335941
		51.488224	-3.186893
		52.486125	-1.890507
		51.624837	-3.94495
		50.152266	-5.065556
		50.726024	-3.543949
		51.460852	-2.588139
		51.512161	-0.116215
		51.289406	1.075802
		54.980766	-1.615849
		55.862982	-4.263554
		
c	5 11 12 14 13 1 2 3 15 0 4 8 7 9 10 6	2618.32521508738	0.738167478491262	5	11	12	14	13	1	2	3	15	0	4	8	7	9	10	6		
		53.409532	-3.000126
		51.488224	-3.186893
		51.624837	-3.94495
		50.152266	-5.065556
		50.726024	-3.543949
		51.460852	-2.588139
		51.512161	-0.116215
		53.803895	-1.549931
		51.289406	1.075802
		52.486125	-1.890507
		53.478239	-2.258549
		54.892406	-2.923222
		54.980766	-1.615849
		55.958426	-3.186893
		55.862982	-4.263554
		53.751959	-0.335941
		
c	6 3 5 0 1 11 12 14 13 4 7 10 9 8 2 15	2216.57620042252	0.778342379957748	6	3	5	0	1	11	12	14	13	4	7	10	9	8	2	15		
		53.751959	-0.335941
		53.803895	-1.549931
		53.409532	-3.000126
		52.486125	-1.890507
		51.460852	-2.588139
		51.488224	-3.186893
		51.624837	-3.94495
		50.152266	-5.065556
		50.726024	-3.543949
		53.478239	-2.258549
		54.980766	-1.615849
		55.862982	-4.263554
		55.958426	-3.186893
		54.892406	-2.923222
		51.512161	-0.116215
		51.289406	1.075802
		
c	4 11 12 14 13 1 2 15 8 7 9 10 6 5 0 3	2533.94639008181	0.746605360991819	4	11	12	14	13	1	2	15	8	7	9	10	6	5	0	3		
		53.478239	-2.258549
		51.488224	-3.186893
		51.624837	-3.94495
		50.152266	-5.065556
		50.726024	-3.543949
		51.460852	-2.588139
		51.512161	-0.116215
		51.289406	1.075802
		54.892406	-2.923222
		54.980766	-1.615849
		55.958426	-3.186893
		55.862982	-4.263554
		53.751959	-0.335941
		53.409532	-3.000126
		52.486125	-1.890507
		53.803895	-1.549931
		
c	5 12 1 14 13 2 15 6 7 10 9 8 11 0 4 3	2521.52168112677	0.747847831887323	5	12	1	14	13	2	15	6	7	10	9	8	11	0	4	3		
		53.409532	-3.000126
		51.624837	-3.94495
		51.460852	-2.588139
		50.152266	-5.065556
		50.726024	-3.543949
		51.512161	-0.116215
		51.289406	1.075802
		53.751959	-0.335941
		54.980766	-1.615849
		55.862982	-4.263554
		55.958426	-3.186893
		54.892406	-2.923222
		51.488224	-3.186893
		52.486125	-1.890507
		53.478239	-2.258549
		53.803895	-1.549931
		
c	10 9 5 11 12 14 13 1 2 15 0 4 6 3 8 7	2091.04363355387	0.790895636644613	10	9	5	11	12	14	13	1	2	15	0	4	6	3	8	7		
		55.862982	-4.263554
		55.958426	-3.186893
		53.409532	-3.000126
		51.488224	-3.186893
		51.624837	-3.94495
		50.152266	-5.065556
		50.726024	-3.543949
		51.460852	-2.588139
		51.512161	-0.116215
		51.289406	1.075802
		52.486125	-1.890507
		53.478239	-2.258549
		53.751959	-0.335941
		53.803895	-1.549931
		54.892406	-2.923222
		54.980766	-1.615849
		
c	5 11 12 14 13 1 2 15 0 4 7 8 6 10 9 3	2434.76710884723	0.756523289115277	5	11	12	14	13	1	2	15	0	4	7	8	6	10	9	3		
		53.409532	-3.000126
		51.488224	-3.186893
		51.624837	-3.94495
		50.152266	-5.065556
		50.726024	-3.543949
		51.460852	-2.588139
		51.512161	-0.116215
		51.289406	1.075802
		52.486125	-1.890507
		53.478239	-2.258549
		54.980766	-1.615849
		54.892406	-2.923222
		53.751959	-0.335941
		55.862982	-4.263554
		55.958426	-3.186893
		53.803895	-1.549931
		
c	0 4 3 6 8 7 10 9 5 12 14 1 11 13 2 15	2179.76075350115	0.782023924649885	0	4	3	6	8	7	10	9	5	12	14	1	11	13	2	15		
		52.486125	-1.890507
		53.478239	-2.258549
		53.803895	-1.549931
		53.751959	-0.335941
		54.892406	-2.923222
		54.980766	-1.615849
		55.862982	-4.263554
		55.958426	-3.186893
		53.409532	-3.000126
		51.624837	-3.94495
		50.152266	-5.065556
		51.460852	-2.588139
		51.488224	-3.186893
		50.726024	-3.543949
		51.512161	-0.116215
		51.289406	1.075802
		
c	1 7 10 9 8 11 12 14 13 2 15 0 4 3 6 5	2534.66477199737	0.746533522800263	1	7	10	9	8	11	12	14	13	2	15	0	4	3	6	5		
		51.460852	-2.588139
		54.980766	-1.615849
		55.862982	-4.263554
		55.958426	-3.186893
		54.892406	-2.923222
		51.488224	-3.186893
		51.624837	-3.94495
		50.152266	-5.065556
		50.726024	-3.543949
		51.512161	-0.116215
		51.289406	1.075802
		52.486125	-1.890507
		53.478239	-2.258549
		53.803895	-1.549931
		53.751959	-0.335941
		53.409532	-3.000126
		
c	8 5 6 3 0 1 11 12 14 13 4 7 10 9 2 15	2472.27158538734	0.752772841461266	8	5	6	3	0	1	11	12	14	13	4	7	10	9	2	15		
		54.892406	-2.923222
		53.409532	-3.000126
		53.751959	-0.335941
		53.803895	-1.549931
		52.486125	-1.890507
		51.460852	-2.588139
		51.488224	-3.186893
		51.624837	-3.94495
		50.152266	-5.065556
		50.726024	-3.543949
		53.478239	-2.258549
		54.980766	-1.615849
		55.862982	-4.263554
		55.958426	-3.186893
		51.512161	-0.116215
		51.289406	1.075802
		
c	11 4 12 14 13 1 2 15 8 7 9 10 6 5 0 3	2714.89339532475	0.728510660467525	11	4	12	14	13	1	2	15	8	7	9	10	6	5	0	3		
		51.488224	-3.186893
		53.478239	-2.258549
		51.624837	-3.94495
		50.152266	-5.065556
		50.726024	-3.543949
		51.460852	-2.588139
		51.512161	-0.116215
		51.289406	1.075802
		54.892406	-2.923222
		54.980766	-1.615849
		55.958426	-3.186893
		55.862982	-4.263554
		53.751959	-0.335941
		53.409532	-3.000126
		52.486125	-1.890507
		53.803895	-1.549931
		
c	11 0 4 3 6 8 7 10 9 5 13 1 2 15 12 14	2429.13334603389	0.757086665396611	11	0	4	3	6	8	7	10	9	5	13	1	2	15	12	14		
		51.488224	-3.186893
		52.486125	-1.890507
		53.478239	-2.258549
		53.803895	-1.549931
		53.751959	-0.335941
		54.892406	-2.923222
		54.980766	-1.615849
		55.862982	-4.263554
		55.958426	-3.186893
		53.409532	-3.000126
		50.726024	-3.543949
		51.460852	-2.588139
		51.512161	-0.116215
		51.289406	1.075802
		51.624837	-3.94495
		50.152266	-5.065556
		
c	15 0 1 11 12 14 13 2 6 8 7 9 10 5 4 3	2176.80302641997	0.782319697358003	15	0	1	11	12	14	13	2	6	8	7	9	10	5	4	3		
		51.289406	1.075802
		52.486125	-1.890507
		51.460852	-2.588139
		51.488224	-3.186893
		51.624837	-3.94495
		50.152266	-5.065556
		50.726024	-3.543949
		51.512161	-0.116215
		53.751959	-0.335941
		54.892406	-2.923222
		54.980766	-1.615849
		55.958426	-3.186893
		55.862982	-4.263554
		53.409532	-3.000126
		53.478239	-2.258549
		53.803895	-1.549931
		
c	1 2 15 0 4 3 6 7 10 9 14 13 11 8 5 12	2797.95284468227	0.720204715531773	1	2	15	0	4	3	6	7	10	9	14	13	11	8	5	12		
		51.460852	-2.588139
		51.512161	-0.116215
		51.289406	1.075802
		52.486125	-1.890507
		53.478239	-2.258549
		53.803895	-1.549931
		53.751959	-0.335941
		54.980766	-1.615849
		55.862982	-4.263554
		55.958426	-3.186893
		50.152266	-5.065556
		50.726024	-3.543949
		51.488224	-3.186893
		54.892406	-2.923222
		53.409532	-3.000126
		51.624837	-3.94495
		
c	7 10 9 5 12 14 1 11 13 2 0 4 3 6 8 15	2653.38505709684	0.734661494290316	7	10	9	5	12	14	1	11	13	2	0	4	3	6	8	15		
		54.980766	-1.615849
		55.862982	-4.263554
		55.958426	-3.186893
		53.409532	-3.000126
		51.624837	-3.94495
		50.152266	-5.065556
		51.460852	-2.588139
		51.488224	-3.186893
		50.726024	-3.543949
		51.512161	-0.116215
		52.486125	-1.890507
		53.478239	-2.258549
		53.803895	-1.549931
		53.751959	-0.335941
		54.892406	-2.923222
		51.289406	1.075802
		
c	3 1 2 15 8 7 9 10 5 11 12 14 13 0 4 6	2637.83475807302	0.736216524192698	3	1	2	15	8	7	9	10	5	11	12	14	13	0	4	6		
		53.803895	-1.549931
		51.460852	-2.588139
		51.512161	-0.116215
		51.289406	1.075802
		54.892406	-2.923222
		54.980766	-1.615849
		55.958426	-3.186893
		55.862982	-4.263554
		53.409532	-3.000126
		51.488224	-3.186893
		51.624837	-3.94495
		50.152266	-5.065556
		50.726024	-3.543949
		52.486125	-1.890507
		53.478239	-2.258549
		53.751959	-0.335941
		
c	1 2 0 4 3 6 8 7 10 9 5 12 14 11 13 15	2432.15399907253	0.756784600092747	1	2	0	4	3	6	8	7	10	9	5	12	14	11	13	15		
		51.460852	-2.588139
		51.512161	-0.116215
		52.486125	-1.890507
		53.478239	-2.258549
		53.803895	-1.549931
		53.751959	-0.335941
		54.892406	-2.923222
		54.980766	-1.615849
		55.862982	-4.263554
		55.958426	-3.186893
		53.409532	-3.000126
		51.624837	-3.94495
		50.152266	-5.065556
		51.488224	-3.186893
		50.726024	-3.543949
		51.289406	1.075802
		
c	7 10 9 5 11 12 14 13 1 2 15 0 4 6 3 8	2200.69122088964	0.779930877911036	7	10	9	5	11	12	14	13	1	2	15	0	4	6	3	8		
		54.980766	-1.615849
		55.862982	-4.263554
		55.958426	-3.186893
		53.409532	-3.000126
		51.488224	-3.186893
		51.624837	-3.94495
		50.152266	-5.065556
		50.726024	-3.543949
		51.460852	-2.588139
		51.512161	-0.116215
		51.289406	1.075802
		52.486125	-1.890507
		53.478239	-2.258549
		53.751959	-0.335941
		53.803895	-1.549931
		54.892406	-2.923222
		
c	13 1 2 15 4 7 10 9 8 5 11 12 6 3 0 14	2590.49678770604	0.740950321229396	13	1	2	15	4	7	10	9	8	5	11	12	6	3	0	14		
		50.726024	-3.543949
		51.460852	-2.588139
		51.512161	-0.116215
		51.289406	1.075802
		53.478239	-2.258549
		54.980766	-1.615849
		55.862982	-4.263554
		55.958426	-3.186893
		54.892406	-2.923222
		53.409532	-3.000126
		51.488224	-3.186893
		51.624837	-3.94495
		53.751959	-0.335941
		53.803895	-1.549931
		52.486125	-1.890507
		50.152266	-5.065556
		
c	14 13 1 2 15 0 4 6 3 7 10 9 8 5 11 12	2000.74726438689	0.799925273561311	14	13	1	2	15	0	4	6	3	7	10	9	8	5	11	12		
		50.152266	-5.065556
		50.726024	-3.543949
		51.460852	-2.588139
		51.512161	-0.116215
		51.289406	1.075802
		52.486125	-1.890507
		53.478239	-2.258549
		53.751959	-0.335941
		53.803895	-1.549931
		54.980766	-1.615849
		55.862982	-4.263554
		55.958426	-3.186893
		54.892406	-2.923222
		53.409532	-3.000126
		51.488224	-3.186893
		51.624837	-3.94495
		
c	0 1 14 13 4 6 3 7 10 8 9 11 12 2 15 5	2852.36279054306	0.714763720945694	0	1	14	13	4	6	3	7	10	8	9	11	12	2	15	5		
		52.486125	-1.890507
		51.460852	-2.588139
		50.152266	-5.065556
		50.726024	-3.543949
		53.478239	-2.258549
		53.751959	-0.335941
		53.803895	-1.549931
		54.980766	-1.615849
		55.862982	-4.263554
		54.892406	-2.923222
		55.958426	-3.186893
		51.488224	-3.186893
		51.624837	-3.94495
		51.512161	-0.116215
		51.289406	1.075802
		53.409532	-3.000126
		
c	4 3 8 7 9 10 6 5 11 12 14 13 1 2 15 0	2214.09840395447	0.778590159604553	4	3	8	7	9	10	6	5	11	12	14	13	1	2	15	0		
		53.478239	-2.258549
		53.803895	-1.549931
		54.892406	-2.923222
		54.980766	-1.615849
		55.958426	-3.186893
		55.862982	-4.263554
		53.751959	-0.335941
		53.409532	-3.000126
		51.488224	-3.186893
		51.624837	-3.94495
		50.152266	-5.065556
		50.726024	-3.543949
		51.460852	-2.588139
		51.512161	-0.116215
		51.289406	1.075802
		52.486125	-1.890507
		
c	2 15 4 7 10 9 8 5 11 12 6 3 0 1 14 13	2448.88157270133	0.755111842729867	2	15	4	7	10	9	8	5	11	12	6	3	0	1	14	13		
		51.512161	-0.116215
		51.289406	1.075802
		53.478239	-2.258549
		54.980766	-1.615849
		55.862982	-4.263554
		55.958426	-3.186893
		54.892406	-2.923222
		53.409532	-3.000126
		51.488224	-3.186893
		51.624837	-3.94495
		53.751959	-0.335941
		53.803895	-1.549931
		52.486125	-1.890507
		51.460852	-2.588139
		50.152266	-5.065556
		50.726024	-3.543949
		
c	5 0 1 11 12 14 13 4 6 3 7 10 9 8 2 15	2200.46409938247	0.779953590061753	5	0	1	11	12	14	13	4	6	3	7	10	9	8	2	15		
		53.409532	-3.000126
		52.486125	-1.890507
		51.460852	-2.588139
		51.488224	-3.186893
		51.624837	-3.94495
		50.152266	-5.065556
		50.726024	-3.543949
		53.478239	-2.258549
		53.751959	-0.335941
		53.803895	-1.549931
		54.980766	-1.615849
		55.862982	-4.263554
		55.958426	-3.186893
		54.892406	-2.923222
		51.512161	-0.116215
		51.289406	1.075802
		
c	8 5 11 12 14 13 2 15 0 1 7 10 9 4 6 3	2599.10931301212	0.740089068698788	8	5	11	12	14	13	2	15	0	1	7	10	9	4	6	3		
		54.892406	-2.923222
		53.409532	-3.000126
		51.488224	-3.186893
		51.624837	-3.94495
		50.152266	-5.065556
		50.726024	-3.543949
		51.512161	-0.116215
		51.289406	1.075802
		52.486125	-1.890507
		51.460852	-2.588139
		54.980766	-1.615849
		55.862982	-4.263554
		55.958426	-3.186893
		53.478239	-2.258549
		53.751959	-0.335941
		53.803895	-1.549931
		
c	11 12 14 13 2 15 4 7 9 8 6 5 1 0 3 10	2641.65411089065	0.735834588910935	11	12	14	13	2	15	4	7	9	8	6	5	1	0	3	10		
		51.488224	-3.186893
		51.624837	-3.94495
		50.152266	-5.065556
		50.726024	-3.543949
		51.512161	-0.116215
		51.289406	1.075802
		53.478239	-2.258549
		54.980766	-1.615849
		55.958426	-3.186893
		54.892406	-2.923222
		53.751959	-0.335941
		53.409532	-3.000126
		51.460852	-2.588139
		52.486125	-1.890507
		53.803895	-1.549931
		55.862982	-4.263554
		
c	1 11 2 15 0 13 7 9 10 8 4 6 3 5 12 14	2521.64239027017	0.747835760972983	1	11	2	15	0	13	7	9	10	8	4	6	3	5	12	14		
		51.460852	-2.588139
		51.488224	-3.186893
		51.512161	-0.116215
		51.289406	1.075802
		52.486125	-1.890507
		50.726024	-3.543949
		54.980766	-1.615849
		55.958426	-3.186893
		55.862982	-4.263554
		54.892406	-2.923222
		53.478239	-2.258549
		53.751959	-0.335941
		53.803895	-1.549931
		53.409532	-3.000126
		51.624837	-3.94495
		50.152266	-5.065556
		
c	0 6 7 10 9 14 13 1 11 2 15 4 3 8 5 12	2740.2284465111	0.72597715534889	0	6	7	10	9	14	13	1	11	2	15	4	3	8	5	12		
		52.486125	-1.890507
		53.751959	-0.335941
		54.980766	-1.615849
		55.862982	-4.263554
		55.958426	-3.186893
		50.152266	-5.065556
		50.726024	-3.543949
		51.460852	-2.588139
		51.488224	-3.186893
		51.512161	-0.116215
		51.289406	1.075802
		53.478239	-2.258549
		53.803895	-1.549931
		54.892406	-2.923222
		53.409532	-3.000126
		51.624837	-3.94495
		
c	0 1 11 12 14 13 2 6 8 7 9 10 5 4 15 3	2537.9454918702	0.74620545081298	0	1	11	12	14	13	2	6	8	7	9	10	5	4	15	3		
		52.486125	-1.890507
		51.460852	-2.588139
		51.488224	-3.186893
		51.624837	-3.94495
		50.152266	-5.065556
		50.726024	-3.543949
		51.512161	-0.116215
		53.751959	-0.335941
		54.892406	-2.923222
		54.980766	-1.615849
		55.958426	-3.186893
		55.862982	-4.263554
		53.409532	-3.000126
		53.478239	-2.258549
		51.289406	1.075802
		53.803895	-1.549931
		
c	9 14 13 1 0 6 2 15 11 4 3 7 10 8 5 12	2943.64828130319	0.705635171869682	9	14	13	1	0	6	2	15	11	4	3	7	10	8	5	12		
		55.958426	-3.186893
		50.152266	-5.065556
		50.726024	-3.543949
		51.460852	-2.588139
		52.486125	-1.890507
		53.751959	-0.335941
		51.512161	-0.116215
		51.289406	1.075802
		51.488224	-3.186893
		53.478239	-2.258549
		53.803895	-1.549931
		54.980766	-1.615849
		55.862982	-4.263554
		54.892406	-2.923222
		53.409532	-3.000126
		51.624837	-3.94495
		
c	12 14 13 4 7 10 9 8 5 6 3 11 1 2 15 0	2426.1609443164	0.75738390556836	12	14	13	4	7	10	9	8	5	6	3	11	1	2	15	0		
		51.624837	-3.94495
		50.152266	-5.065556
		50.726024	-3.543949
		53.478239	-2.258549
		54.980766	-1.615849
		55.862982	-4.263554
		55.958426	-3.186893
		54.892406	-2.923222
		53.409532	-3.000126
		53.751959	-0.335941
		53.803895	-1.549931
		51.488224	-3.186893
		51.460852	-2.588139
		51.512161	-0.116215
		51.289406	1.075802
		52.486125	-1.890507
		
c	2 1 12 14 15 0 4 13 11 6 3 7 10 9 8 5	2735.71411729542	0.726428588270458	2	1	12	14	15	0	4	13	11	6	3	7	10	9	8	5		
		51.512161	-0.116215
		51.460852	-2.588139
		51.624837	-3.94495
		50.152266	-5.065556
		51.289406	1.075802
		52.486125	-1.890507
		53.478239	-2.258549
		50.726024	-3.543949
		51.488224	-3.186893
		53.751959	-0.335941
		53.803895	-1.549931
		54.980766	-1.615849
		55.862982	-4.263554
		55.958426	-3.186893
		54.892406	-2.923222
		53.409532	-3.000126
		
c	3 7 11 12 14 13 1 6 5 0 4 10 9 8 2 15	2704.90480101587	0.729509519898413	3	7	11	12	14	13	1	6	5	0	4	10	9	8	2	15		
		53.803895	-1.549931
		54.980766	-1.615849
		51.488224	-3.186893
		51.624837	-3.94495
		50.152266	-5.065556
		50.726024	-3.543949
		51.460852	-2.588139
		53.751959	-0.335941
		53.409532	-3.000126
		52.486125	-1.890507
		53.478239	-2.258549
		55.862982	-4.263554
		55.958426	-3.186893
		54.892406	-2.923222
		51.512161	-0.116215
		51.289406	1.075802
		
c	4 13 1 2 15 11 0 3 6 7 10 9 8 5 12 14	2444.6226925488	0.75553773074512	4	13	1	2	15	11	0	3	6	7	10	9	8	5	12	14		
		53.478239	-2.258549
		50.726024	-3.543949
		51.460852	-2.588139
		51.512161	-0.116215
		51.289406	1.075802
		51.488224	-3.186893
		52.486125	-1.890507
		53.803895	-1.549931
		53.751959	-0.335941
		54.980766	-1.615849
		55.862982	-4.263554
		55.958426	-3.186893
		54.892406	-2.923222
		53.409532	-3.000126
		51.624837	-3.94495
		50.152266	-5.065556
		
c	4 7 10 9 8 5 11 12 6 3 0 1 14 13 2 15	2371.29810352453	0.762870189647547	4	7	10	9	8	5	11	12	6	3	0	1	14	13	2	15		
		53.478239	-2.258549
		54.980766	-1.615849
		55.862982	-4.263554
		55.958426	-3.186893
		54.892406	-2.923222
		53.409532	-3.000126
		51.488224	-3.186893
		51.624837	-3.94495
		53.751959	-0.335941
		53.803895	-1.549931
		52.486125	-1.890507
		51.460852	-2.588139
		50.152266	-5.065556
		50.726024	-3.543949
		51.512161	-0.116215
		51.289406	1.075802
		
c	0 4 3 6 8 7 10 9 5 12 14 13 1 2 15 11	2266.83116586097	0.773316883413903	0	4	3	6	8	7	10	9	5	12	14	13	1	2	15	11		
		52.486125	-1.890507
		53.478239	-2.258549
		53.803895	-1.549931
		53.751959	-0.335941
		54.892406	-2.923222
		54.980766	-1.615849
		55.862982	-4.263554
		55.958426	-3.186893
		53.409532	-3.000126
		51.624837	-3.94495
		50.152266	-5.065556
		50.726024	-3.543949
		51.460852	-2.588139
		51.512161	-0.116215
		51.289406	1.075802
		51.488224	-3.186893
		
c	7 9 10 8 4 6 3 5 12 1 11 14 13 2 15 0	2084.62769854336	0.791537230145664	7	9	10	8	4	6	3	5	12	1	11	14	13	2	15	0		
		54.980766	-1.615849
		55.958426	-3.186893
		55.862982	-4.263554
		54.892406	-2.923222
		53.478239	-2.258549
		53.751959	-0.335941
		53.803895	-1.549931
		53.409532	-3.000126
		51.624837	-3.94495
		51.460852	-2.588139
		51.488224	-3.186893
		50.152266	-5.065556
		50.726024	-3.543949
		51.512161	-0.116215
		51.289406	1.075802
		52.486125	-1.890507
		
c	7 10 9 14 13 1 11 2 15 0 4 3 6 8 5 12	2569.54879923463	0.743045120076537	7	10	9	14	13	1	11	2	15	0	4	3	6	8	5	12		
		54.980766	-1.615849
		55.862982	-4.263554
		55.958426	-3.186893
		50.152266	-5.065556
		50.726024	-3.543949
		51.460852	-2.588139
		51.488224	-3.186893
		51.512161	-0.116215
		51.289406	1.075802
		52.486125	-1.890507
		53.478239	-2.258549
		53.803895	-1.549931
		53.751959	-0.335941
		54.892406	-2.923222
		53.409532	-3.000126
		51.624837	-3.94495
		
c	0 1 7 10 9 8 5 11 12 14 13 2 15 4 6 3	2525.7476569207	0.74742523430793	0	1	7	10	9	8	5	11	12	14	13	2	15	4	6	3		
		52.486125	-1.890507
		51.460852	-2.588139
		54.980766	-1.615849
		55.862982	-4.263554
		55.958426	-3.186893
		54.892406	-2.923222
		53.409532	-3.000126
		51.488224	-3.186893
		51.624837	-3.94495
		50.152266	-5.065556
		50.726024	-3.543949
		51.512161	-0.116215
		51.289406	1.075802
		53.478239	-2.258549
		53.751959	-0.335941
		53.803895	-1.549931
		
c	13 3 6 7 10 9 8 5 4 12 11 14 1 0 2 15	2292.25656438508	0.770774343561492	13	3	6	7	10	9	8	5	4	12	11	14	1	0	2	15		
		50.726024	-3.543949
		53.803895	-1.549931
		53.751959	-0.335941
		54.980766	-1.615849
		55.862982	-4.263554
		55.958426	-3.186893
		54.892406	-2.923222
		53.409532	-3.000126
		53.478239	-2.258549
		51.624837	-3.94495
		51.488224	-3.186893
		50.152266	-5.065556
		51.460852	-2.588139
		52.486125	-1.890507
		51.512161	-0.116215
		51.289406	1.075802
		
c	15 0 4 6 3 7 10 9 8 5 1 11 12 14 13 2	2120.02994177466	0.787997005822534	15	0	4	6	3	7	10	9	8	5	1	11	12	14	13	2		
		51.289406	1.075802
		52.486125	-1.890507
		53.478239	-2.258549
		53.751959	-0.335941
		53.803895	-1.549931
		54.980766	-1.615849
		55.862982	-4.263554
		55.958426	-3.186893
		54.892406	-2.923222
		53.409532	-3.000126
		51.460852	-2.588139
		51.488224	-3.186893
		51.624837	-3.94495
		50.152266	-5.065556
		50.726024	-3.543949
		51.512161	-0.116215
		
c	4 6 3 7 10 8 9 11 12 14 13 1 2 15 0 5	2383.42609520641	0.761657390479359	4	6	3	7	10	8	9	11	12	14	13	1	2	15	0	5		
		53.478239	-2.258549
		53.751959	-0.335941
		53.803895	-1.549931
		54.980766	-1.615849
		55.862982	-4.263554
		54.892406	-2.923222
		55.958426	-3.186893
		51.488224	-3.186893
		51.624837	-3.94495
		50.152266	-5.065556
		50.726024	-3.543949
		51.460852	-2.588139
		51.512161	-0.116215
		51.289406	1.075802
		52.486125	-1.890507
		53.409532	-3.000126
		
c	14 13 11 0 4 3 6 8 7 10 9 5 12 1 2 15	2009.15557065478	0.799084442934522	14	13	11	0	4	3	6	8	7	10	9	5	12	1	2	15		
		50.152266	-5.065556
		50.726024	-3.543949
		51.488224	-3.186893
		52.486125	-1.890507
		53.478239	-2.258549
		53.803895	-1.549931
		53.751959	-0.335941
		54.892406	-2.923222
		54.980766	-1.615849
		55.862982	-4.263554
		55.958426	-3.186893
		53.409532	-3.000126
		51.624837	-3.94495
		51.460852	-2.588139
		51.512161	-0.116215
		51.289406	1.075802
		
c	4 8 7 9 10 6 5 3 11 12 14 13 1 2 15 0	2339.23344289796	0.766076655710204	4	8	7	9	10	6	5	3	11	12	14	13	1	2	15	0		
		53.478239	-2.258549
		54.892406	-2.923222
		54.980766	-1.615849
		55.958426	-3.186893
		55.862982	-4.263554
		53.751959	-0.335941
		53.409532	-3.000126
		53.803895	-1.549931
		51.488224	-3.186893
		51.624837	-3.94495
		50.152266	-5.065556
		50.726024	-3.543949
		51.460852	-2.588139
		51.512161	-0.116215
		51.289406	1.075802
		52.486125	-1.890507
		
c	8 7 10 9 5 12 14 1 11 13 2 15 0 4 6 3	2283.95394715957	0.771604605284043	8	7	10	9	5	12	14	1	11	13	2	15	0	4	6	3		
		54.892406	-2.923222
		54.980766	-1.615849
		55.862982	-4.263554
		55.958426	-3.186893
		53.409532	-3.000126
		51.624837	-3.94495
		50.152266	-5.065556
		51.460852	-2.588139
		51.488224	-3.186893
		50.726024	-3.543949
		51.512161	-0.116215
		51.289406	1.075802
		52.486125	-1.890507
		53.478239	-2.258549
		53.751959	-0.335941
		53.803895	-1.549931
		
c	6 3 7 10 9 8 5 11 0 1 12 14 13 4 2 15	2306.4111101101	0.76935888898899	6	3	7	10	9	8	5	11	0	1	12	14	13	4	2	15		
		53.751959	-0.335941
		53.803895	-1.549931
		54.980766	-1.615849
		55.862982	-4.263554
		55.958426	-3.186893
		54.892406	-2.923222
		53.409532	-3.000126
		51.488224	-3.186893
		52.486125	-1.890507
		51.460852	-2.588139
		51.624837	-3.94495
		50.152266	-5.065556
		50.726024	-3.543949
		53.478239	-2.258549
		51.512161	-0.116215
		51.289406	1.075802
		
c	10 8 4 6 3 7 9 14 13 1 11 2 15 0 5 12	2595.88641016308	0.740411358983692	10	8	4	6	3	7	9	14	13	1	11	2	15	0	5	12		
		55.862982	-4.263554
		54.892406	-2.923222
		53.478239	-2.258549
		53.751959	-0.335941
		53.803895	-1.549931
		54.980766	-1.615849
		55.958426	-3.186893
		50.152266	-5.065556
		50.726024	-3.543949
		51.460852	-2.588139
		51.488224	-3.186893
		51.512161	-0.116215
		51.289406	1.075802
		52.486125	-1.890507
		53.409532	-3.000126
		51.624837	-3.94495
		
c	5 11 12 14 13 1 2 15 0 4 6 3 8 7 10 9	2001.10239517389	0.799889760482611	5	11	12	14	13	1	2	15	0	4	6	3	8	7	10	9		
		53.409532	-3.000126
		51.488224	-3.186893
		51.624837	-3.94495
		50.152266	-5.065556
		50.726024	-3.543949
		51.460852	-2.588139
		51.512161	-0.116215
		51.289406	1.075802
		52.486125	-1.890507
		53.478239	-2.258549
		53.751959	-0.335941
		53.803895	-1.549931
		54.892406	-2.923222
		54.980766	-1.615849
		55.862982	-4.263554
		55.958426	-3.186893
		
c	13 1 2 10 9 8 5 4 3 7 6 11 0 12 14 15	2845.04727312985	0.715495272687015	13	1	2	10	9	8	5	4	3	7	6	11	0	12	14	15		
		50.726024	-3.543949
		51.460852	-2.588139
		51.512161	-0.116215
		55.862982	-4.263554
		55.958426	-3.186893
		54.892406	-2.923222
		53.409532	-3.000126
		53.478239	-2.258549
		53.803895	-1.549931
		54.980766	-1.615849
		53.751959	-0.335941
		51.488224	-3.186893
		52.486125	-1.890507
		51.624837	-3.94495
		50.152266	-5.065556
		51.289406	1.075802
		
c	2 15 6 3 7 0 10 9 8 5 4 12 11 14 13 1	2392.95044253866	0.760704955746135	2	15	6	3	7	0	10	9	8	5	4	12	11	14	13	1		
		51.512161	-0.116215
		51.289406	1.075802
		53.751959	-0.335941
		53.803895	-1.549931
		54.980766	-1.615849
		52.486125	-1.890507
		55.862982	-4.263554
		55.958426	-3.186893
		54.892406	-2.923222
		53.409532	-3.000126
		53.478239	-2.258549
		51.624837	-3.94495
		51.488224	-3.186893
		50.152266	-5.065556
		50.726024	-3.543949
		51.460852	-2.588139
		
c	9 10 6 5 3 11 12 14 13 2 15 0 7 8 1 4	2892.67297098407	0.710732702901593	9	10	6	5	3	11	12	14	13	2	15	0	7	8	1	4		
		55.958426	-3.186893
		55.862982	-4.263554
		53.751959	-0.335941
		53.409532	-3.000126
		53.803895	-1.549931
		51.488224	-3.186893
		51.624837	-3.94495
		50.152266	-5.065556
		50.726024	-3.543949
		51.512161	-0.116215
		51.289406	1.075802
		52.486125	-1.890507
		54.980766	-1.615849
		54.892406	-2.923222
		51.460852	-2.588139
		53.478239	-2.258549
		
c	8 5 4 12 11 14 13 1 2 15 6 3 7 0 10 9	2444.49801706818	0.755550198293182	8	5	4	12	11	14	13	1	2	15	6	3	7	0	10	9		
		54.892406	-2.923222
		53.409532	-3.000126
		53.478239	-2.258549
		51.624837	-3.94495
		51.488224	-3.186893
		50.152266	-5.065556
		50.726024	-3.543949
		51.460852	-2.588139
		51.512161	-0.116215
		51.289406	1.075802
		53.751959	-0.335941
		53.803895	-1.549931
		54.980766	-1.615849
		52.486125	-1.890507
		55.862982	-4.263554
		55.958426	-3.186893
		
c	0 7 8 10 9 1 12 14 13 4 6 5 3 11 2 15	2784.25622310213	0.721574377689787	0	7	8	10	9	1	12	14	13	4	6	5	3	11	2	15		
		52.486125	-1.890507
		54.980766	-1.615849
		54.892406	-2.923222
		55.862982	-4.263554
		55.958426	-3.186893
		51.460852	-2.588139
		51.624837	-3.94495
		50.152266	-5.065556
		50.726024	-3.543949
		53.478239	-2.258549
		53.751959	-0.335941
		53.409532	-3.000126
		53.803895	-1.549931
		51.488224	-3.186893
		51.512161	-0.116215
		51.289406	1.075802
		
c	12 7 10 9 8 1 11 14 13 2 15 0 4 3 6 5	2549.25927807247	0.745074072192753	12	7	10	9	8	1	11	14	13	2	15	0	4	3	6	5		
		51.624837	-3.94495
		54.980766	-1.615849
		55.862982	-4.263554
		55.958426	-3.186893
		54.892406	-2.923222
		51.460852	-2.588139
		51.488224	-3.186893
		50.152266	-5.065556
		50.726024	-3.543949
		51.512161	-0.116215
		51.289406	1.075802
		52.486125	-1.890507
		53.478239	-2.258549
		53.803895	-1.549931
		53.751959	-0.335941
		53.409532	-3.000126
		
c	0 1 11 12 14 13 2 15 6 8 7 9 10 5 4 3	2060.43782878507	0.793956217121493	0	1	11	12	14	13	2	15	6	8	7	9	10	5	4	3		
		52.486125	-1.890507
		51.460852	-2.588139
		51.488224	-3.186893
		51.624837	-3.94495
		50.152266	-5.065556
		50.726024	-3.543949
		51.512161	-0.116215
		51.289406	1.075802
		53.751959	-0.335941
		54.892406	-2.923222
		54.980766	-1.615849
		55.958426	-3.186893
		55.862982	-4.263554
		53.409532	-3.000126
		53.478239	-2.258549
		53.803895	-1.549931
		
c	12 7 10 9 8 5 2 15 11 0 4 3 6 14 13 1	2760.41604694384	0.723958395305616	12	7	10	9	8	5	2	15	11	0	4	3	6	14	13	1		
		51.624837	-3.94495
		54.980766	-1.615849
		55.862982	-4.263554
		55.958426	-3.186893
		54.892406	-2.923222
		53.409532	-3.000126
		51.512161	-0.116215
		51.289406	1.075802
		51.488224	-3.186893
		52.486125	-1.890507
		53.478239	-2.258549
		53.803895	-1.549931
		53.751959	-0.335941
		50.152266	-5.065556
		50.726024	-3.543949
		51.460852	-2.588139
		
c	6 3 7 10 9 8 12 14 13 11 1 2 15 0 4 5	2062.16502619969	0.793783497380031	6	3	7	10	9	8	12	14	13	11	1	2	15	0	4	5		
		53.751959	-0.335941
		53.803895	-1.549931
		54.980766	-1.615849
		55.862982	-4.263554
		55.958426	-3.186893
		54.892406	-2.923222
		51.624837	-3.94495
		50.152266	-5.065556
		50.726024	-3.543949
		51.488224	-3.186893
		51.460852	-2.588139
		51.512161	-0.116215
		51.289406	1.075802
		52.486125	-1.890507
		53.478239	-2.258549
		53.409532	-3.000126
		
g34		1927.99718755887	0.807200281244113	0	3	6	7	10	9	8	5	4	12	11	14	13	1	0	2	15		
		53.803895	-1.549931
		53.751959	-0.335941
		54.980766	-1.615849
		55.862982	-4.263554
		55.958426	-3.186893
		54.892406	-2.923222
		53.409532	-3.000126
		53.478239	-2.258549
		51.624837	-3.94495
		51.488224	-3.186893
		50.152266	-5.065556
		50.726024	-3.543949
		51.460852	-2.588139
		52.486125	-1.890507
		51.512161	-0.116215
		51.289406	1.075802
		
g34		1938.21213631338	0.806178786368662	1	12	14	13	11	1	2	15	0	4	6	3	7	10	9	8	5		
		51.624837	-3.94495
		50.152266	-5.065556
		50.726024	-3.543949
		51.488224	-3.186893
		51.460852	-2.588139
		51.512161	-0.116215
		51.289406	1.075802
		52.486125	-1.890507
		53.478239	-2.258549
		53.751959	-0.335941
		53.803895	-1.549931
		54.980766	-1.615849
		55.862982	-4.263554
		55.958426	-3.186893
		54.892406	-2.923222
		53.409532	-3.000126
		
g34		1939.19393282181	0.806080606717819	2	0	4	6	3	7	10	9	8	5	11	12	14	13	1	2	15		
		52.486125	-1.890507
		53.478239	-2.258549
		53.751959	-0.335941
		53.803895	-1.549931
		54.980766	-1.615849
		55.862982	-4.263554
		55.958426	-3.186893
		54.892406	-2.923222
		53.409532	-3.000126
		51.488224	-3.186893
		51.624837	-3.94495
		50.152266	-5.065556
		50.726024	-3.543949
		51.460852	-2.588139
		51.512161	-0.116215
		51.289406	1.075802
		
g34		1968.36010133716	0.803163989866284	3	11	12	14	13	1	2	15	0	4	6	3	7	10	9	8	5		
		51.488224	-3.186893
		51.624837	-3.94495
		50.152266	-5.065556
		50.726024	-3.543949
		51.460852	-2.588139
		51.512161	-0.116215
		51.289406	1.075802
		52.486125	-1.890507
		53.478239	-2.258549
		53.751959	-0.335941
		53.803895	-1.549931
		54.980766	-1.615849
		55.862982	-4.263554
		55.958426	-3.186893
		54.892406	-2.923222
		53.409532	-3.000126
		
g34		1979.05195954322	0.802094804045678	4	13	11	1	2	15	0	4	3	6	7	10	9	8	5	12	14		
		50.726024	-3.543949
		51.488224	-3.186893
		51.460852	-2.588139
		51.512161	-0.116215
		51.289406	1.075802
		52.486125	-1.890507
		53.478239	-2.258549
		53.803895	-1.549931
		53.751959	-0.335941
		54.980766	-1.615849
		55.862982	-4.263554
		55.958426	-3.186893
		54.892406	-2.923222
		53.409532	-3.000126
		51.624837	-3.94495
		50.152266	-5.065556
		
g34		1988.63749911552	0.801136250088448	5	10	9	8	5	11	12	14	13	1	2	15	0	4	6	3	7		
		55.862982	-4.263554
		55.958426	-3.186893
		54.892406	-2.923222
		53.409532	-3.000126
		51.488224	-3.186893
		51.624837	-3.94495
		50.152266	-5.065556
		50.726024	-3.543949
		51.460852	-2.588139
		51.512161	-0.116215
		51.289406	1.075802
		52.486125	-1.890507
		53.478239	-2.258549
		53.751959	-0.335941
		53.803895	-1.549931
		54.980766	-1.615849
		
