c	3 7 10 9 8 5 1 11 12 4 0 14 13 2 15 6	2437.2234077434	0.75627765922566	3	7	10	9	8	5	1	11	12	4	0	14	13	2	15	6		
		53.803895	-1.549931
		54.980766	-1.615849
		55.862982	-4.263554
		55.958426	-3.186893
		54.892406	-2.923222
		53.409532	-3.000126
		51.460852	-2.588139
		51.488224	-3.186893
		51.624837	-3.94495
		53.478239	-2.258549
		52.486125	-1.890507
		50.152266	-5.065556
		50.726024	-3.543949
		51.512161	-0.116215
		51.289406	1.075802
		53.751959	-0.335941
		
c	9 8 3 6 7 10 5 11 12 14 13 1 2 15 0 4	2282.84005058531	0.771715994941469	9	8	3	6	7	10	5	11	12	14	13	1	2	15	0	4		
		55.958426	-3.186893
		54.892406	-2.923222
		53.803895	-1.549931
		53.751959	-0.335941
		54.980766	-1.615849
		55.862982	-4.263554
		53.409532	-3.000126
		51.488224	-3.186893
		51.624837	-3.94495
		50.152266	-5.065556
		50.726024	-3.543949
		51.460852	-2.588139
		51.512161	-0.116215
		51.289406	1.075802
		52.486125	-1.890507
		53.478239	-2.258549
		
c	8 5 3 4 0 6 7 10 9 1 11 12 14 13 2 15	2284.34251352524	0.771565748647476	8	5	3	4	0	6	7	10	9	1	11	12	14	13	2	15		
		54.892406	-2.923222
		53.409532	-3.000126
		53.803895	-1.549931
		53.478239	-2.258549
		52.486125	-1.890507
		53.751959	-0.335941
		54.980766	-1.615849
		55.862982	-4.263554
		55.958426	-3.186893
		51.460852	-2.588139
		51.488224	-3.186893
		51.624837	-3.94495
		50.152266	-5.065556
		50.726024	-3.543949
		51.512161	-0.116215
		51.289406	1.075802
		
c	6 7 9 10 14 13 1 8 5 12 11 2 15 0 4 3	2767.21737728163	0.723278262271837	6	7	9	10	14	13	1	8	5	12	11	2	15	0	4	3		
		53.751959	-0.335941
		54.980766	-1.615849
		55.958426	-3.186893
		55.862982	-4.263554
		50.152266	-5.065556
		50.726024	-3.543949
		51.460852	-2.588139
		54.892406	-2.923222
		53.409532	-3.000126
		51.624837	-3.94495
		51.488224	-3.186893
		51.512161	-0.116215
		51.289406	1.075802
		52.486125	-1.890507
		53.478239	-2.258549
		53.803895	-1.549931
		
c	9 10 8 6 4 3 7 5 0 1 11 12 14 13 2 15	1926.78291910531	0.807321708089469	9	10	8	6	4	3	7	5	0	1	11	12	14	13	2	15		
		55.958426	-3.186893
		55.862982	-4.263554
		54.892406	-2.923222
		53.751959	-0.335941
		53.478239	-2.258549
		53.803895	-1.549931
		54.980766	-1.615849
		53.409532	-3.000126
		52.486125	-1.890507
		51.460852	-2.588139
		51.488224	-3.186893
		51.624837	-3.94495
		50.152266	-5.065556
		50.726024	-3.543949
		51.512161	-0.116215
		51.289406	1.075802
		
c	8 5 12 11 4 3 6 7 9 10 0 1 14 13 2 15	2394.58872009305	0.760541127990695	8	5	12	11	4	3	6	7	9	10	0	1	14	13	2	15		
		54.892406	-2.923222
		53.409532	-3.000126
		51.624837	-3.94495
		51.488224	-3.186893
		53.478239	-2.258549
		53.803895	-1.549931
		53.751959	-0.335941
		54.980766	-1.615849
		55.958426	-3.186893
		55.862982	-4.263554
		52.486125	-1.890507
		51.460852	-2.588139
		50.152266	-5.065556
		50.726024	-3.543949
		51.512161	-0.116215
		51.289406	1.075802
		
c	2 15 0 6 4 3 7 10 9 8 5 1 11 12 14 13	1992.60301152281	0.800739698847719	2	15	0	6	4	3	7	10	9	8	5	1	11	12	14	13		
		51.512161	-0.116215
		51.289406	1.075802
		52.486125	-1.890507
		53.751959	-0.335941
		53.478239	-2.258549
		53.803895	-1.549931
		54.980766	-1.615849
		55.862982	-4.263554
		55.958426	-3.186893
		54.892406	-2.923222
		53.409532	-3.000126
		51.460852	-2.588139
		51.488224	-3.186893
		51.624837	-3.94495
		50.152266	-5.065556
		50.726024	-3.543949
		
c	4 3 6 7 10 9 8 5 12 11 14 13 1 2 15 0	2038.45668383047	0.796154331616953	4	3	6	7	10	9	8	5	12	11	14	13	1	2	15	0		
		53.478239	-2.258549
		53.803895	-1.549931
		53.751959	-0.335941
		54.980766	-1.615849
		55.862982	-4.263554
		55.958426	-3.186893
		54.892406	-2.923222
		53.409532	-3.000126
		51.624837	-3.94495
		51.488224	-3.186893
		50.152266	-5.065556
		50.726024	-3.543949
		51.460852	-2.588139
		51.512161	-0.116215
		51.289406	1.075802
		52.486125	-1.890507
		
c	14 13 1 8 5 12 11 2 15 0 4 3 6 7 10 9	2256.63303737934	0.774336696262065	14	13	1	8	5	12	11	2	15	0	4	3	6	7	10	9		
		50.152266	-5.065556
		50.726024	-3.543949
		51.460852	-2.588139
		54.892406	-2.923222
		53.409532	-3.000126
		51.624837	-3.94495
		51.488224	-3.186893
		51.512161	-0.116215
		51.289406	1.075802
		52.486125	-1.890507
		53.478239	-2.258549
		53.803895	-1.549931
		53.751959	-0.335941
		54.980766	-1.615849
		55.862982	-4.263554
		55.958426	-3.186893
		
c	8 5 12 14 13 1 2 15 3 11 0 4 6 7 10 9	2461.73050723665	0.753826949276335	8	5	12	14	13	1	2	15	3	11	0	4	6	7	10	9		
		54.892406	-2.923222
		53.409532	-3.000126
		51.624837	-3.94495
		50.152266	-5.065556
		50.726024	-3.543949
		51.460852	-2.588139
		51.512161	-0.116215
		51.289406	1.075802
		53.803895	-1.549931
		51.488224	-3.186893
		52.486125	-1.890507
		53.478239	-2.258549
		53.751959	-0.335941
		54.980766	-1.615849
		55.862982	-4.263554
		55.958426	-3.186893
		
c	2 15 0 4 3 6 7 5 1 11 12 14 13 10 9 8	2320.28030574586	0.767971969425414	2	15	0	4	3	6	7	5	1	11	12	14	13	10	9	8		
		51.512161	-0.116215
		51.289406	1.075802
		52.486125	-1.890507
		53.478239	-2.258549
		53.803895	-1.549931
		53.751959	-0.335941
		54.980766	-1.615849
		53.409532	-3.000126
		51.460852	-2.588139
		51.488224	-3.186893
		51.624837	-3.94495
		50.152266	-5.065556
		50.726024	-3.543949
		55.862982	-4.263554
		55.958426	-3.186893
		54.892406	-2.923222
		
c	9 8 5 12 11 14 13 1 10 4 3 6 7 0 2 15	2599.63600115241	0.740036399884759	9	8	5	12	11	14	13	1	10	4	3	6	7	0	2	15		
		55.958426	-3.186893
		54.892406	-2.923222
		53.409532	-3.000126
		51.624837	-3.94495
		51.488224	-3.186893
		50.152266	-5.065556
		50.726024	-3.543949
		51.460852	-2.588139
		55.862982	-4.263554
		53.478239	-2.258549
		53.803895	-1.549931
		53.751959	-0.335941
		54.980766	-1.615849
		52.486125	-1.890507
		51.512161	-0.116215
		51.289406	1.075802
		
c	13 1 11 12 14 2 15 0 4 3 6 7 10 9 8 5	2050.00571784019	0.794999428215981	13	1	11	12	14	2	15	0	4	3	6	7	10	9	8	5		
		50.726024	-3.543949
		51.460852	-2.588139
		51.488224	-3.186893
		51.624837	-3.94495
		50.152266	-5.065556
		51.512161	-0.116215
		51.289406	1.075802
		52.486125	-1.890507
		53.478239	-2.258549
		53.803895	-1.549931
		53.751959	-0.335941
		54.980766	-1.615849
		55.862982	-4.263554
		55.958426	-3.186893
		54.892406	-2.923222
		53.409532	-3.000126
		
c	14 13 1 0 4 3 7 6 10 9 8 5 11 12 2 15	2133.70035489879	0.786629964510121	14	13	1	0	4	3	7	6	10	9	8	5	11	12	2	15		
		50.152266	-5.065556
		50.726024	-3.543949
		51.460852	-2.588139
		52.486125	-1.890507
		53.478239	-2.258549
		53.803895	-1.549931
		54.980766	-1.615849
		53.751959	-0.335941
		55.862982	-4.263554
		55.958426	-3.186893
		54.892406	-2.923222
		53.409532	-3.000126
		51.488224	-3.186893
		51.624837	-3.94495
		51.512161	-0.116215
		51.289406	1.075802
		
c	11 12 14 13 1 2 15 0 3 7 10 9 8 5 6 4	2103.56759606873	0.789643240393127	11	12	14	13	1	2	15	0	3	7	10	9	8	5	6	4		
		51.488224	-3.186893
		51.624837	-3.94495
		50.152266	-5.065556
		50.726024	-3.543949
		51.460852	-2.588139
		51.512161	-0.116215
		51.289406	1.075802
		52.486125	-1.890507
		53.803895	-1.549931
		54.980766	-1.615849
		55.862982	-4.263554
		55.958426	-3.186893
		54.892406	-2.923222
		53.409532	-3.000126
		53.751959	-0.335941
		53.478239	-2.258549
		
c	2 9 8 3 6 7 10 5 11 12 14 13 1 15 0 4	2814.20786001485	0.718579213998515	2	9	8	3	6	7	10	5	11	12	14	13	1	15	0	4		
		51.512161	-0.116215
		55.958426	-3.186893
		54.892406	-2.923222
		53.803895	-1.549931
		53.751959	-0.335941
		54.980766	-1.615849
		55.862982	-4.263554
		53.409532	-3.000126
		51.488224	-3.186893
		51.624837	-3.94495
		50.152266	-5.065556
		50.726024	-3.543949
		51.460852	-2.588139
		51.289406	1.075802
		52.486125	-1.890507
		53.478239	-2.258549
		
c	10 9 8 5 0 15 2 4 3 6 7 12 11 14 13 1	2258.00133945505	0.774199866054495	10	9	8	5	0	15	2	4	3	6	7	12	11	14	13	1		
		55.862982	-4.263554
		55.958426	-3.186893
		54.892406	-2.923222
		53.409532	-3.000126
		52.486125	-1.890507
		51.289406	1.075802
		51.512161	-0.116215
		53.478239	-2.258549
		53.803895	-1.549931
		53.751959	-0.335941
		54.980766	-1.615849
		51.624837	-3.94495
		51.488224	-3.186893
		50.152266	-5.065556
		50.726024	-3.543949
		51.460852	-2.588139
		
c	1 6 7 10 9 8 5 11 12 14 13 2 15 0 4 3	2334.57881738452	0.766542118261548	1	6	7	10	9	8	5	11	12	14	13	2	15	0	4	3		
		51.460852	-2.588139
		53.751959	-0.335941
		54.980766	-1.615849
		55.862982	-4.263554
		55.958426	-3.186893
		54.892406	-2.923222
		53.409532	-3.000126
		51.488224	-3.186893
		51.624837	-3.94495
		50.152266	-5.065556
		50.726024	-3.543949
		51.512161	-0.116215
		51.289406	1.075802
		52.486125	-1.890507
		53.478239	-2.258549
		53.803895	-1.549931
		
c	2 15 4 5 0 1 11 12 14 13 8 3 6 7 9 10	2191.82530798586	0.780817469201414	2	15	4	5	0	1	11	12	14	13	8	3	6	7	9	10		
		51.512161	-0.116215
		51.289406	1.075802
		53.478239	-2.258549
		53.409532	-3.000126
		52.486125	-1.890507
		51.460852	-2.588139
		51.488224	-3.186893
		51.624837	-3.94495
		50.152266	-5.065556
		50.726024	-3.543949
		54.892406	-2.923222
		53.803895	-1.549931
		53.751959	-0.335941
		54.980766	-1.615849
		55.958426	-3.186893
		55.862982	-4.263554
		
c	1 12 15 7 10 9 8 5 11 14 13 2 0 6 4 3	2759.35239796781	0.724064760203219	1	12	15	7	10	9	8	5	11	14	13	2	0	6	4	3		
		51.460852	-2.588139
		51.624837	-3.94495
		51.289406	1.075802
		54.980766	-1.615849
		55.862982	-4.263554
		55.958426	-3.186893
		54.892406	-2.923222
		53.409532	-3.000126
		51.488224	-3.186893
		50.152266	-5.065556
		50.726024	-3.543949
		51.512161	-0.116215
		52.486125	-1.890507
		53.751959	-0.335941
		53.478239	-2.258549
		53.803895	-1.549931
		
c	6 7 8 5 11 9 3 4 0 1 10 12 14 13 2 15	3298.47615436492	0.670152384563508	6	7	8	5	11	9	3	4	0	1	10	12	14	13	2	15		
		53.751959	-0.335941
		54.980766	-1.615849
		54.892406	-2.923222
		53.409532	-3.000126
		51.488224	-3.186893
		55.958426	-3.186893
		53.803895	-1.549931
		53.478239	-2.258549
		52.486125	-1.890507
		51.460852	-2.588139
		55.862982	-4.263554
		51.624837	-3.94495
		50.152266	-5.065556
		50.726024	-3.543949
		51.512161	-0.116215
		51.289406	1.075802
		
c	13 6 7 10 9 8 3 4 5 0 1 11 12 14 2 15	2194.72331702676	0.780527668297324	13	6	7	10	9	8	3	4	5	0	1	11	12	14	2	15		
		50.726024	-3.543949
		53.751959	-0.335941
		54.980766	-1.615849
		55.862982	-4.263554
		55.958426	-3.186893
		54.892406	-2.923222
		53.803895	-1.549931
		53.478239	-2.258549
		53.409532	-3.000126
		52.486125	-1.890507
		51.460852	-2.588139
		51.488224	-3.186893
		51.624837	-3.94495
		50.152266	-5.065556
		51.512161	-0.116215
		51.289406	1.075802
		
c	1 0 7 4 3 6 2 15 5 9 10 8 11 12 14 13	2641.36095882444	0.735863904117556	1	0	7	4	3	6	2	15	5	9	10	8	11	12	14	13		
		51.460852	-2.588139
		52.486125	-1.890507
		54.980766	-1.615849
		53.478239	-2.258549
		53.803895	-1.549931
		53.751959	-0.335941
		51.512161	-0.116215
		51.289406	1.075802
		53.409532	-3.000126
		55.958426	-3.186893
		55.862982	-4.263554
		54.892406	-2.923222
		51.488224	-3.186893
		51.624837	-3.94495
		50.152266	-5.065556
		50.726024	-3.543949
		
c	5 11 7 0 4 3 6 10 9 8 12 14 13 1 2 15	2717.52006259734	0.728247993740266	5	11	7	0	4	3	6	10	9	8	12	14	13	1	2	15		
		53.409532	-3.000126
		51.488224	-3.186893
		54.980766	-1.615849
		52.486125	-1.890507
		53.478239	-2.258549
		53.803895	-1.549931
		53.751959	-0.335941
		55.862982	-4.263554
		55.958426	-3.186893
		54.892406	-2.923222
		51.624837	-3.94495
		50.152266	-5.065556
		50.726024	-3.543949
		51.460852	-2.588139
		51.512161	-0.116215
		51.289406	1.075802
		
c	15 0 4 3 5 6 14 13 1 7 10 9 8 12 11 2	2860.86648455492	0.713913351544508	15	0	4	3	5	6	14	13	1	7	10	9	8	12	11	2		
		51.289406	1.075802
		52.486125	-1.890507
		53.478239	-2.258549
		53.803895	-1.549931
		53.409532	-3.000126
		53.751959	-0.335941
		50.152266	-5.065556
		50.726024	-3.543949
		51.460852	-2.588139
		54.980766	-1.615849
		55.862982	-4.263554
		55.958426	-3.186893
		54.892406	-2.923222
		51.624837	-3.94495
		51.488224	-3.186893
		51.512161	-0.116215
		
c	9 8 5 4 3 6 7 10 0 1 11 12 14 13 2 15	2100.57435501088	0.789942564498912	9	8	5	4	3	6	7	10	0	1	11	12	14	13	2	15		
		55.958426	-3.186893
		54.892406	-2.923222
		53.409532	-3.000126
		53.478239	-2.258549
		53.803895	-1.549931
		53.751959	-0.335941
		54.980766	-1.615849
		55.862982	-4.263554
		52.486125	-1.890507
		51.460852	-2.588139
		51.488224	-3.186893
		51.624837	-3.94495
		50.152266	-5.065556
		50.726024	-3.543949
		51.512161	-0.116215
		51.289406	1.075802
		
c	11 1 2 5 10 9 3 4 0 12 14 13 15 6 7 8	2626.43915852432	0.737356084147568	11	1	2	5	10	9	3	4	0	12	14	13	15	6	7	8		
		51.488224	-3.186893
		51.460852	-2.588139
		51.512161	-0.116215
		53.409532	-3.000126
		55.862982	-4.263554
		55.958426	-3.186893
		53.803895	-1.549931
		53.478239	-2.258549
		52.486125	-1.890507
		51.624837	-3.94495
		50.152266	-5.065556
		50.726024	-3.543949
		51.289406	1.075802
		53.751959	-0.335941
		54.980766	-1.615849
		54.892406	-2.923222
		
c	13 15 6 3 7 10 9 14 1 8 5 12 11 2 0 4	3274.81534051954	0.672518465948046	13	15	6	3	7	10	9	14	1	8	5	12	11	2	0	4		
		50.726024	-3.543949
		51.289406	1.075802
		53.751959	-0.335941
		53.803895	-1.549931
		54.980766	-1.615849
		55.862982	-4.263554
		55.958426	-3.186893
		50.152266	-5.065556
		51.460852	-2.588139
		54.892406	-2.923222
		53.409532	-3.000126
		51.624837	-3.94495
		51.488224	-3.186893
		51.512161	-0.116215
		52.486125	-1.890507
		53.478239	-2.258549
		
c	15 0 4 8 7 3 6 10 9 5 12 11 14 13 1 2	2373.70539729616	0.762629460270384	15	0	4	8	7	3	6	10	9	5	12	11	14	13	1	2		
		51.289406	1.075802
		52.486125	-1.890507
		53.478239	-2.258549
		54.892406	-2.923222
		54.980766	-1.615849
		53.803895	-1.549931
		53.751959	-0.335941
		55.862982	-4.263554
		55.958426	-3.186893
		53.409532	-3.000126
		51.624837	-3.94495
		51.488224	-3.186893
		50.152266	-5.065556
		50.726024	-3.543949
		51.460852	-2.588139
		51.512161	-0.116215
		
c	6 7 10 9 8 4 5 0 1 11 12 14 13 15 3 2	2340.2361539908	0.76597638460092	6	7	10	9	8	4	5	0	1	11	12	14	13	15	3	2		
		53.751959	-0.335941
		54.980766	-1.615849
		55.862982	-4.263554
		55.958426	-3.186893
		54.892406	-2.923222
		53.478239	-2.258549
		53.409532	-3.000126
		52.486125	-1.890507
		51.460852	-2.588139
		51.488224	-3.186893
		51.624837	-3.94495
		50.152266	-5.065556
		50.726024	-3.543949
		51.289406	1.075802
		53.803895	-1.549931
		51.512161	-0.116215
		
c	6 4 3 7 10 9 8 5 1 11 12 0 2 15 14 13	2175.96905729184	0.782403094270816	6	4	3	7	10	9	8	5	1	11	12	0	2	15	14	13		
		53.751959	-0.335941
		53.478239	-2.258549
		53.803895	-1.549931
		54.980766	-1.615849
		55.862982	-4.263554
		55.958426	-3.186893
		54.892406	-2.923222
		53.409532	-3.000126
		51.460852	-2.588139
		51.488224	-3.186893
		51.624837	-3.94495
		52.486125	-1.890507
		51.512161	-0.116215
		51.289406	1.075802
		50.152266	-5.065556
		50.726024	-3.543949
		
c	6 3 7 10 9 14 13 11 1 2 15 0 4 8 5 12	2535.69116414159	0.746430883585841	6	3	7	10	9	14	13	11	1	2	15	0	4	8	5	12		
		53.751959	-0.335941
		53.803895	-1.549931
		54.980766	-1.615849
		55.862982	-4.263554
		55.958426	-3.186893
		50.152266	-5.065556
		50.726024	-3.543949
		51.488224	-3.186893
		51.460852	-2.588139
		51.512161	-0.116215
		51.289406	1.075802
		52.486125	-1.890507
		53.478239	-2.258549
		54.892406	-2.923222
		53.409532	-3.000126
		51.624837	-3.94495
		
c	5 6 7 9 10 8 3 4 0 1 11 12 14 13 2 15	1881.90037973543	0.811809962026457	5	6	7	9	10	8	3	4	0	1	11	12	14	13	2	15		
		53.409532	-3.000126
		53.751959	-0.335941
		54.980766	-1.615849
		55.958426	-3.186893
		55.862982	-4.263554
		54.892406	-2.923222
		53.803895	-1.549931
		53.478239	-2.258549
		52.486125	-1.890507
		51.460852	-2.588139
		51.488224	-3.186893
		51.624837	-3.94495
		50.152266	-5.065556
		50.726024	-3.543949
		51.512161	-0.116215
		51.289406	1.075802
		
c	5 12 11 14 13 1 2 15 6 0 4 3 7 10 9 8	2099.3192609644	0.790068073903559	5	12	11	14	13	1	2	15	6	0	4	3	7	10	9	8		
		53.409532	-3.000126
		51.624837	-3.94495
		51.488224	-3.186893
		50.152266	-5.065556
		50.726024	-3.543949
		51.460852	-2.588139
		51.512161	-0.116215
		51.289406	1.075802
		53.751959	-0.335941
		52.486125	-1.890507
		53.478239	-2.258549
		53.803895	-1.549931
		54.980766	-1.615849
		55.862982	-4.263554
		55.958426	-3.186893
		54.892406	-2.923222
		
c	0 1 11 12 14 2 15 4 3 5 6 7 9 10 8 13	2520.3421442041	0.74796578557959	0	1	11	12	14	2	15	4	3	5	6	7	9	10	8	13		
		52.486125	-1.890507
		51.460852	-2.588139
		51.488224	-3.186893
		51.624837	-3.94495
		50.152266	-5.065556
		51.512161	-0.116215
		51.289406	1.075802
		53.478239	-2.258549
		53.803895	-1.549931
		53.409532	-3.000126
		53.751959	-0.335941
		54.980766	-1.615849
		55.958426	-3.186893
		55.862982	-4.263554
		54.892406	-2.923222
		50.726024	-3.543949
		
c	3 7 10 9 8 5 6 4 0 1 11 12 14 13 2 15	1968.27332960245	0.803172667039755	3	7	10	9	8	5	6	4	0	1	11	12	14	13	2	15		
		53.803895	-1.549931
		54.980766	-1.615849
		55.862982	-4.263554
		55.958426	-3.186893
		54.892406	-2.923222
		53.409532	-3.000126
		53.751959	-0.335941
		53.478239	-2.258549
		52.486125	-1.890507
		51.460852	-2.588139
		51.488224	-3.186893
		51.624837	-3.94495
		50.152266	-5.065556
		50.726024	-3.543949
		51.512161	-0.116215
		51.289406	1.075802
		
c	11 8 3 4 5 0 6 7 10 9 1 12 14 13 2 15	2606.17256801793	0.739382743198207	11	8	3	4	5	0	6	7	10	9	1	12	14	13	2	15		
		51.488224	-3.186893
		54.892406	-2.923222
		53.803895	-1.549931
		53.478239	-2.258549
		53.409532	-3.000126
		52.486125	-1.890507
		53.751959	-0.335941
		54.980766	-1.615849
		55.862982	-4.263554
		55.958426	-3.186893
		51.460852	-2.588139
		51.624837	-3.94495
		50.152266	-5.065556
		50.726024	-3.543949
		51.512161	-0.116215
		51.289406	1.075802
		
c	12 9 8 14 13 11 1 2 15 0 4 3 6 7 10 5	2796.9306908143	0.72030693091857	12	9	8	14	13	11	1	2	15	0	4	3	6	7	10	5		
		51.624837	-3.94495
		55.958426	-3.186893
		54.892406	-2.923222
		50.152266	-5.065556
		50.726024	-3.543949
		51.488224	-3.186893
		51.460852	-2.588139
		51.512161	-0.116215
		51.289406	1.075802
		52.486125	-1.890507
		53.478239	-2.258549
		53.803895	-1.549931
		53.751959	-0.335941
		54.980766	-1.615849
		55.862982	-4.263554
		53.409532	-3.000126
		
c	12 14 13 1 2 4 6 5 11 15 0 3 7 10 9 8	2570.62484285337	0.742937515714663	12	14	13	1	2	4	6	5	11	15	0	3	7	10	9	8		
		51.624837	-3.94495
		50.152266	-5.065556
		50.726024	-3.543949
		51.460852	-2.588139
		51.512161	-0.116215
		53.478239	-2.258549
		53.751959	-0.335941
		53.409532	-3.000126
		51.488224	-3.186893
		51.289406	1.075802
		52.486125	-1.890507
		53.803895	-1.549931
		54.980766	-1.615849
		55.862982	-4.263554
		55.958426	-3.186893
		54.892406	-2.923222
		
c	11 14 13 1 2 15 12 0 4 3 6 7 10 9 8 5	2165.04918862524	0.783495081137476	11	14	13	1	2	15	12	0	4	3	6	7	10	9	8	5		
		51.488224	-3.186893
		50.152266	-5.065556
		50.726024	-3.543949
		51.460852	-2.588139
		51.512161	-0.116215
		51.289406	1.075802
		51.624837	-3.94495
		52.486125	-1.890507
		53.478239	-2.258549
		53.803895	-1.549931
		53.751959	-0.335941
		54.980766	-1.615849
		55.862982	-4.263554
		55.958426	-3.186893
		54.892406	-2.923222
		53.409532	-3.000126
		
c	1 2 15 0 3 6 7 10 9 8 5 11 12 14 13 4	2328.94807126792	0.767105192873208	1	2	15	0	3	6	7	10	9	8	5	11	12	14	13	4		
		51.460852	-2.588139
		51.512161	-0.116215
		51.289406	1.075802
		52.486125	-1.890507
		53.803895	-1.549931
		53.751959	-0.335941
		54.980766	-1.615849
		55.862982	-4.263554
		55.958426	-3.186893
		54.892406	-2.923222
		53.409532	-3.000126
		51.488224	-3.186893
		51.624837	-3.94495
		50.152266	-5.065556
		50.726024	-3.543949
		53.478239	-2.258549
		
c	12 14 2 15 0 4 10 8 11 13 1 6 5 3 7 9	2867.72283905463	0.713227716094537	12	14	2	15	0	4	10	8	11	13	1	6	5	3	7	9		
		51.624837	-3.94495
		50.152266	-5.065556
		51.512161	-0.116215
		51.289406	1.075802
		52.486125	-1.890507
		53.478239	-2.258549
		55.862982	-4.263554
		54.892406	-2.923222
		51.488224	-3.186893
		50.726024	-3.543949
		51.460852	-2.588139
		53.751959	-0.335941
		53.409532	-3.000126
		53.803895	-1.549931
		54.980766	-1.615849
		55.958426	-3.186893
		
c	10 5 11 12 14 13 1 0 15 2 4 3 6 7 9 8	2246.67485989613	0.775332514010387	10	5	11	12	14	13	1	0	15	2	4	3	6	7	9	8		
		55.862982	-4.263554
		53.409532	-3.000126
		51.488224	-3.186893
		51.624837	-3.94495
		50.152266	-5.065556
		50.726024	-3.543949
		51.460852	-2.588139
		52.486125	-1.890507
		51.289406	1.075802
		51.512161	-0.116215
		53.478239	-2.258549
		53.803895	-1.549931
		53.751959	-0.335941
		54.980766	-1.615849
		55.958426	-3.186893
		54.892406	-2.923222
		
c	9 8 15 0 4 3 6 7 10 5 11 12 14 13 1 2	2586.69701310593	0.741330298689407	9	8	15	0	4	3	6	7	10	5	11	12	14	13	1	2		
		55.958426	-3.186893
		54.892406	-2.923222
		51.289406	1.075802
		52.486125	-1.890507
		53.478239	-2.258549
		53.803895	-1.549931
		53.751959	-0.335941
		54.980766	-1.615849
		55.862982	-4.263554
		53.409532	-3.000126
		51.488224	-3.186893
		51.624837	-3.94495
		50.152266	-5.065556
		50.726024	-3.543949
		51.460852	-2.588139
		51.512161	-0.116215
		
c	7 10 9 8 5 14 13 1 0 4 3 6 11 12 2 15	2264.40154512804	0.773559845487196	7	10	9	8	5	14	13	1	0	4	3	6	11	12	2	15		
		54.980766	-1.615849
		55.862982	-4.263554
		55.958426	-3.186893
		54.892406	-2.923222
		53.409532	-3.000126
		50.152266	-5.065556
		50.726024	-3.543949
		51.460852	-2.588139
		52.486125	-1.890507
		53.478239	-2.258549
		53.803895	-1.549931
		53.751959	-0.335941
		51.488224	-3.186893
		51.624837	-3.94495
		51.512161	-0.116215
		51.289406	1.075802
		
c	4 8 3 5 0 6 7 10 9 1 11 12 14 13 2 15	2387.31994190581	0.761268005809419	4	8	3	5	0	6	7	10	9	1	11	12	14	13	2	15		
		53.478239	-2.258549
		54.892406	-2.923222
		53.803895	-1.549931
		53.409532	-3.000126
		52.486125	-1.890507
		53.751959	-0.335941
		54.980766	-1.615849
		55.862982	-4.263554
		55.958426	-3.186893
		51.460852	-2.588139
		51.488224	-3.186893
		51.624837	-3.94495
		50.152266	-5.065556
		50.726024	-3.543949
		51.512161	-0.116215
		51.289406	1.075802
		
c	7 10 9 8 5 11 12 14 13 3 6 1 0 4 2 15	2451.82761795032	0.754817238204968	7	10	9	8	5	11	12	14	13	3	6	1	0	4	2	15		
		54.980766	-1.615849
		55.862982	-4.263554
		55.958426	-3.186893
		54.892406	-2.923222
		53.409532	-3.000126
		51.488224	-3.186893
		51.624837	-3.94495
		50.152266	-5.065556
		50.726024	-3.543949
		53.803895	-1.549931
		53.751959	-0.335941
		51.460852	-2.588139
		52.486125	-1.890507
		53.478239	-2.258549
		51.512161	-0.116215
		51.289406	1.075802
		
c	4 3 6 7 10 9 8 5 11 12 14 13 1 2 15 0	2026.9166636595	0.79730833363405	4	3	6	7	10	9	8	5	11	12	14	13	1	2	15	0		
		53.478239	-2.258549
		53.803895	-1.549931
		53.751959	-0.335941
		54.980766	-1.615849
		55.862982	-4.263554
		55.958426	-3.186893
		54.892406	-2.923222
		53.409532	-3.000126
		51.488224	-3.186893
		51.624837	-3.94495
		50.152266	-5.065556
		50.726024	-3.543949
		51.460852	-2.588139
		51.512161	-0.116215
		51.289406	1.075802
		52.486125	-1.890507
		
c	10 9 8 3 4 5 0 1 11 12 14 13 2 15 6 7	1890.86530623405	0.810913469376595	10	9	8	3	4	5	0	1	11	12	14	13	2	15	6	7		
		55.862982	-4.263554
		55.958426	-3.186893
		54.892406	-2.923222
		53.803895	-1.549931
		53.478239	-2.258549
		53.409532	-3.000126
		52.486125	-1.890507
		51.460852	-2.588139
		51.488224	-3.186893
		51.624837	-3.94495
		50.152266	-5.065556
		50.726024	-3.543949
		51.512161	-0.116215
		51.289406	1.075802
		53.751959	-0.335941
		54.980766	-1.615849
		
c	1 2 15 0 4 3 5 6 7 9 10 8 11 12 14 13	2210.39102805772	0.778960897194228	1	2	15	0	4	3	5	6	7	9	10	8	11	12	14	13		
		51.460852	-2.588139
		51.512161	-0.116215
		51.289406	1.075802
		52.486125	-1.890507
		53.478239	-2.258549
		53.803895	-1.549931
		53.409532	-3.000126
		53.751959	-0.335941
		54.980766	-1.615849
		55.958426	-3.186893
		55.862982	-4.263554
		54.892406	-2.923222
		51.488224	-3.186893
		51.624837	-3.94495
		50.152266	-5.065556
		50.726024	-3.543949
		
c	3 6 7 13 1 11 12 14 2 15 0 4 10 9 8 5	2582.43584308374	0.741756415691626	3	6	7	13	1	11	12	14	2	15	0	4	10	9	8	5		
		53.803895	-1.549931
		53.751959	-0.335941
		54.980766	-1.615849
		50.726024	-3.543949
		51.460852	-2.588139
		51.488224	-3.186893
		51.624837	-3.94495
		50.152266	-5.065556
		51.512161	-0.116215
		51.289406	1.075802
		52.486125	-1.890507
		53.478239	-2.258549
		55.862982	-4.263554
		55.958426	-3.186893
		54.892406	-2.923222
		53.409532	-3.000126
		
c	4 3 11 12 14 13 6 7 10 9 8 5 1 2 15 0	2527.11736314976	0.747288263685024	4	3	11	12	14	13	6	7	10	9	8	5	1	2	15	0		
		53.478239	-2.258549
		53.803895	-1.549931
		51.488224	-3.186893
		51.624837	-3.94495
		50.152266	-5.065556
		50.726024	-3.543949
		53.751959	-0.335941
		54.980766	-1.615849
		55.862982	-4.263554
		55.958426	-3.186893
		54.892406	-2.923222
		53.409532	-3.000126
		51.460852	-2.588139
		51.512161	-0.116215
		51.289406	1.075802
		52.486125	-1.890507
		
c	15 0 4 11 1 2 3 6 7 10 9 8 5 12 14 13	2373.08730340305	0.762691269659695	15	0	4	11	1	2	3	6	7	10	9	8	5	12	14	13		
		51.289406	1.075802
		52.486125	-1.890507
		53.478239	-2.258549
		51.488224	-3.186893
		51.460852	-2.588139
		51.512161	-0.116215
		53.803895	-1.549931
		53.751959	-0.335941
		54.980766	-1.615849
		55.862982	-4.263554
		55.958426	-3.186893
		54.892406	-2.923222
		53.409532	-3.000126
		51.624837	-3.94495
		50.152266	-5.065556
		50.726024	-3.543949
		
c	4 3 6 7 10 9 8 5 12 11 14 13 1 0 2 15	1910.37302383395	0.808962697616605	4	3	6	7	10	9	8	5	12	11	14	13	1	0	2	15		
		53.478239	-2.258549
		53.803895	-1.549931
		53.751959	-0.335941
		54.980766	-1.615849
		55.862982	-4.263554
		55.958426	-3.186893
		54.892406	-2.923222
		53.409532	-3.000126
		51.624837	-3.94495
		51.488224	-3.186893
		50.152266	-5.065556
		50.726024	-3.543949
		51.460852	-2.588139
		52.486125	-1.890507
		51.512161	-0.116215
		51.289406	1.075802
		
c	13 2 6 1 11 14 15 0 4 3 7 10 9 8 5 12	2792.48469093903	0.720751530906097	13	2	6	1	11	14	15	0	4	3	7	10	9	8	5	12		
		50.726024	-3.543949
		51.512161	-0.116215
		53.751959	-0.335941
		51.460852	-2.588139
		51.488224	-3.186893
		50.152266	-5.065556
		51.289406	1.075802
		52.486125	-1.890507
		53.478239	-2.258549
		53.803895	-1.549931
		54.980766	-1.615849
		55.862982	-4.263554
		55.958426	-3.186893
		54.892406	-2.923222
		53.409532	-3.000126
		51.624837	-3.94495
		
c	5 0 1 11 12 14 13 6 7 10 9 8 3 4 2 15	2153.61161249165	0.784638838750835	5	0	1	11	12	14	13	6	7	10	9	8	3	4	2	15		
		53.409532	-3.000126
		52.486125	-1.890507
		51.460852	-2.588139
		51.488224	-3.186893
		51.624837	-3.94495
		50.152266	-5.065556
		50.726024	-3.543949
		53.751959	-0.335941
		54.980766	-1.615849
		55.862982	-4.263554
		55.958426	-3.186893
		54.892406	-2.923222
		53.803895	-1.549931
		53.478239	-2.258549
		51.512161	-0.116215
		51.289406	1.075802
		
c	1 0 4 3 6 7 10 9 8 5 11 12 14 13 2 15	1998.32071965733	0.800167928034267	1	0	4	3	6	7	10	9	8	5	11	12	14	13	2	15		
		51.460852	-2.588139
		52.486125	-1.890507
		53.478239	-2.258549
		53.803895	-1.549931
		53.751959	-0.335941
		54.980766	-1.615849
		55.862982	-4.263554
		55.958426	-3.186893
		54.892406	-2.923222
		53.409532	-3.000126
		51.488224	-3.186893
		51.624837	-3.94495
		50.152266	-5.065556
		50.726024	-3.543949
		51.512161	-0.116215
		51.289406	1.075802
		
c	11 12 8 3 4 5 0 6 7 10 9 1 14 13 2 15	2601.08469557708	0.739891530442292	11	12	8	3	4	5	0	6	7	10	9	1	14	13	2	15		
		51.488224	-3.186893
		51.624837	-3.94495
		54.892406	-2.923222
		53.803895	-1.549931
		53.478239	-2.258549
		53.409532	-3.000126
		52.486125	-1.890507
		53.751959	-0.335941
		54.980766	-1.615849
		55.862982	-4.263554
		55.958426	-3.186893
		51.460852	-2.588139
		50.152266	-5.065556
		50.726024	-3.543949
		51.512161	-0.116215
		51.289406	1.075802
		
c	8 5 6 7 10 9 11 12 14 13 1 2 15 0 4 3	2403.26848644786	0.759673151355214	8	5	6	7	10	9	11	12	14	13	1	2	15	0	4	3		
		54.892406	-2.923222
		53.409532	-3.000126
		53.751959	-0.335941
		54.980766	-1.615849
		55.862982	-4.263554
		55.958426	-3.186893
		51.488224	-3.186893
		51.624837	-3.94495
		50.152266	-5.065556
		50.726024	-3.543949
		51.460852	-2.588139
		51.512161	-0.116215
		51.289406	1.075802
		52.486125	-1.890507
		53.478239	-2.258549
		53.803895	-1.549931
		
c	11 12 3 6 7 10 9 8 4 5 0 1 14 13 2 15	2123.05268288264	0.787694731711736	11	12	3	6	7	10	9	8	4	5	0	1	14	13	2	15		
		51.488224	-3.186893
		51.624837	-3.94495
		53.803895	-1.549931
		53.751959	-0.335941
		54.980766	-1.615849
		55.862982	-4.263554
		55.958426	-3.186893
		54.892406	-2.923222
		53.478239	-2.258549
		53.409532	-3.000126
		52.486125	-1.890507
		51.460852	-2.588139
		50.152266	-5.065556
		50.726024	-3.543949
		51.512161	-0.116215
		51.289406	1.075802
		
c	12 14 0 4 3 6 7 10 9 8 5 11 13 1 2 15	2145.89282613079	0.785410717386921	12	14	0	4	3	6	7	10	9	8	5	11	13	1	2	15		
		51.624837	-3.94495
		50.152266	-5.065556
		52.486125	-1.890507
		53.478239	-2.258549
		53.803895	-1.549931
		53.751959	-0.335941
		54.980766	-1.615849
		55.862982	-4.263554
		55.958426	-3.186893
		54.892406	-2.923222
		53.409532	-3.000126
		51.488224	-3.186893
		50.726024	-3.543949
		51.460852	-2.588139
		51.512161	-0.116215
		51.289406	1.075802
		
c	9 8 5 12 11 15 6 7 10 14 13 1 0 2 4 3	2963.58596714951	0.703641403285049	9	8	5	12	11	15	6	7	10	14	13	1	0	2	4	3		
		55.958426	-3.186893
		54.892406	-2.923222
		53.409532	-3.000126
		51.624837	-3.94495
		51.488224	-3.186893
		51.289406	1.075802
		53.751959	-0.335941
		54.980766	-1.615849
		55.862982	-4.263554
		50.152266	-5.065556
		50.726024	-3.543949
		51.460852	-2.588139
		52.486125	-1.890507
		51.512161	-0.116215
		53.478239	-2.258549
		53.803895	-1.549931
		
c	5 12 14 13 1 2 15 0 6 4 3 7 10 9 8 11	2377.19242180217	0.762280757819783	5	12	14	13	1	2	15	0	6	4	3	7	10	9	8	11		
		53.409532	-3.000126
		51.624837	-3.94495
		50.152266	-5.065556
		50.726024	-3.543949
		51.460852	-2.588139
		51.512161	-0.116215
		51.289406	1.075802
		52.486125	-1.890507
		53.751959	-0.335941
		53.478239	-2.258549
		53.803895	-1.549931
		54.980766	-1.615849
		55.862982	-4.263554
		55.958426	-3.186893
		54.892406	-2.923222
		51.488224	-3.186893
		
c	5 12 6 7 10 9 8 4 3 0 1 11 14 13 2 15	2289.47114258514	0.771052885741486	5	12	6	7	10	9	8	4	3	0	1	11	14	13	2	15		
		53.409532	-3.000126
		51.624837	-3.94495
		53.751959	-0.335941
		54.980766	-1.615849
		55.862982	-4.263554
		55.958426	-3.186893
		54.892406	-2.923222
		53.478239	-2.258549
		53.803895	-1.549931
		52.486125	-1.890507
		51.460852	-2.588139
		51.488224	-3.186893
		50.152266	-5.065556
		50.726024	-3.543949
		51.512161	-0.116215
		51.289406	1.075802
		
c	0 1 5 11 12 14 13 6 7 10 9 8 3 4 2 15	2417.75639562739	0.758224360437261	0	1	5	11	12	14	13	6	7	10	9	8	3	4	2	15		
		52.486125	-1.890507
		51.460852	-2.588139
		53.409532	-3.000126
		51.488224	-3.186893
		51.624837	-3.94495
		50.152266	-5.065556
		50.726024	-3.543949
		53.751959	-0.335941
		54.980766	-1.615849
		55.862982	-4.263554
		55.958426	-3.186893
		54.892406	-2.923222
		53.803895	-1.549931
		53.478239	-2.258549
		51.512161	-0.116215
		51.289406	1.075802
		
c	10 9 8 5 12 6 7 11 14 13 1 0 2 15 4 3	2655.72676068452	0.734427323931548	10	9	8	5	12	6	7	11	14	13	1	0	2	15	4	3		
		55.862982	-4.263554
		55.958426	-3.186893
		54.892406	-2.923222
		53.409532	-3.000126
		51.624837	-3.94495
		53.751959	-0.335941
		54.980766	-1.615849
		51.488224	-3.186893
		50.152266	-5.065556
		50.726024	-3.543949
		51.460852	-2.588139
		52.486125	-1.890507
		51.512161	-0.116215
		51.289406	1.075802
		53.478239	-2.258549
		53.803895	-1.549931
		
c	2 15 0 13 1 6 11 14 12 5 4 3 7 9 10 8	2455.75112216306	0.754424887783694	2	15	0	13	1	6	11	14	12	5	4	3	7	9	10	8		
		51.512161	-0.116215
		51.289406	1.075802
		52.486125	-1.890507
		50.726024	-3.543949
		51.460852	-2.588139
		53.751959	-0.335941
		51.488224	-3.186893
		50.152266	-5.065556
		51.624837	-3.94495
		53.409532	-3.000126
		53.478239	-2.258549
		53.803895	-1.549931
		54.980766	-1.615849
		55.958426	-3.186893
		55.862982	-4.263554
		54.892406	-2.923222
		
c	9 8 4 3 6 1 0 2 7 10 5 12 11 14 13 15	2797.78091546171	0.720221908453829	9	8	4	3	6	1	0	2	7	10	5	12	11	14	13	15		
		55.958426	-3.186893
		54.892406	-2.923222
		53.478239	-2.258549
		53.803895	-1.549931
		53.751959	-0.335941
		51.460852	-2.588139
		52.486125	-1.890507
		51.512161	-0.116215
		54.980766	-1.615849
		55.862982	-4.263554
		53.409532	-3.000126
		51.624837	-3.94495
		51.488224	-3.186893
		50.152266	-5.065556
		50.726024	-3.543949
		51.289406	1.075802
		
c	14 12 5 13 1 8 11 2 15 0 4 3 6 7 10 9	2773.13594610028	0.722686405389972	14	12	5	13	1	8	11	2	15	0	4	3	6	7	10	9		
		50.152266	-5.065556
		51.624837	-3.94495
		53.409532	-3.000126
		50.726024	-3.543949
		51.460852	-2.588139
		54.892406	-2.923222
		51.488224	-3.186893
		51.512161	-0.116215
		51.289406	1.075802
		52.486125	-1.890507
		53.478239	-2.258549
		53.803895	-1.549931
		53.751959	-0.335941
		54.980766	-1.615849
		55.862982	-4.263554
		55.958426	-3.186893
		
c	5 10 9 3 4 0 1 11 12 13 6 7 8 14 2 15	2766.53902740996	0.723346097259004	5	10	9	3	4	0	1	11	12	13	6	7	8	14	2	15		
		53.409532	-3.000126
		55.862982	-4.263554
		55.958426	-3.186893
		53.803895	-1.549931
		53.478239	-2.258549
		52.486125	-1.890507
		51.460852	-2.588139
		51.488224	-3.186893
		51.624837	-3.94495
		50.726024	-3.543949
		53.751959	-0.335941
		54.980766	-1.615849
		54.892406	-2.923222
		50.152266	-5.065556
		51.512161	-0.116215
		51.289406	1.075802
		
c	2 15 0 4 3 7 10 9 8 5 11 12 14 13 6 1	2452.06856141937	0.754793143858063	2	15	0	4	3	7	10	9	8	5	11	12	14	13	6	1		
		51.512161	-0.116215
		51.289406	1.075802
		52.486125	-1.890507
		53.478239	-2.258549
		53.803895	-1.549931
		54.980766	-1.615849
		55.862982	-4.263554
		55.958426	-3.186893
		54.892406	-2.923222
		53.409532	-3.000126
		51.488224	-3.186893
		51.624837	-3.94495
		50.152266	-5.065556
		50.726024	-3.543949
		53.751959	-0.335941
		51.460852	-2.588139
		
c	10 9 8 5 12 11 14 13 1 2 15 6 0 4 3 7	2070.54663293269	0.792945336706732	10	9	8	5	12	11	14	13	1	2	15	6	0	4	3	7		
		55.862982	-4.263554
		55.958426	-3.186893
		54.892406	-2.923222
		53.409532	-3.000126
		51.624837	-3.94495
		51.488224	-3.186893
		50.152266	-5.065556
		50.726024	-3.543949
		51.460852	-2.588139
		51.512161	-0.116215
		51.289406	1.075802
		53.751959	-0.335941
		52.486125	-1.890507
		53.478239	-2.258549
		53.803895	-1.549931
		54.980766	-1.615849
		
c	13 6 7 10 9 8 5 1 2 15 11 14 0 4 3 12	2882.28700316863	0.711771299683137	13	6	7	10	9	8	5	1	2	15	11	14	0	4	3	12		
		50.726024	-3.543949
		53.751959	-0.335941
		54.980766	-1.615849
		55.862982	-4.263554
		55.958426	-3.186893
		54.892406	-2.923222
		53.409532	-3.000126
		51.460852	-2.588139
		51.512161	-0.116215
		51.289406	1.075802
		51.488224	-3.186893
		50.152266	-5.065556
		52.486125	-1.890507
		53.478239	-2.258549
		53.803895	-1.549931
		51.624837	-3.94495
		
c	11 12 14 13 1 2 15 0 4 3 6 7 10 9 8 5	1925.93821542808	0.807406178457192	11	12	14	13	1	2	15	0	4	3	6	7	10	9	8	5		
		51.488224	-3.186893
		51.624837	-3.94495
		50.152266	-5.065556
		50.726024	-3.543949
		51.460852	-2.588139
		51.512161	-0.116215
		51.289406	1.075802
		52.486125	-1.890507
		53.478239	-2.258549
		53.803895	-1.549931
		53.751959	-0.335941
		54.980766	-1.615849
		55.862982	-4.263554
		55.958426	-3.186893
		54.892406	-2.923222
		53.409532	-3.000126
		
c	9 8 4 3 5 0 1 10 6 7 11 12 14 13 2 15	2807.7294851093	0.71922705148907	9	8	4	3	5	0	1	10	6	7	11	12	14	13	2	15		
		55.958426	-3.186893
		54.892406	-2.923222
		53.478239	-2.258549
		53.803895	-1.549931
		53.409532	-3.000126
		52.486125	-1.890507
		51.460852	-2.588139
		55.862982	-4.263554
		53.751959	-0.335941
		54.980766	-1.615849
		51.488224	-3.186893
		51.624837	-3.94495
		50.152266	-5.065556
		50.726024	-3.543949
		51.512161	-0.116215
		51.289406	1.075802
		
c	6 7 9 10 8 4 5 3 0 11 14 12 1 13 2 15	2042.79781599618	0.795720218400382	6	7	9	10	8	4	5	3	0	11	14	12	1	13	2	15		
		53.751959	-0.335941
		54.980766	-1.615849
		55.958426	-3.186893
		55.862982	-4.263554
		54.892406	-2.923222
		53.478239	-2.258549
		53.409532	-3.000126
		53.803895	-1.549931
		52.486125	-1.890507
		51.488224	-3.186893
		50.152266	-5.065556
		51.624837	-3.94495
		51.460852	-2.588139
		50.726024	-3.543949
		51.512161	-0.116215
		51.289406	1.075802
		
c	6 4 3 7 5 0 1 10 9 8 11 12 14 13 2 15	2538.11195254302	0.746188804745698	6	4	3	7	5	0	1	10	9	8	11	12	14	13	2	15		
		53.751959	-0.335941
		53.478239	-2.258549
		53.803895	-1.549931
		54.980766	-1.615849
		53.409532	-3.000126
		52.486125	-1.890507
		51.460852	-2.588139
		55.862982	-4.263554
		55.958426	-3.186893
		54.892406	-2.923222
		51.488224	-3.186893
		51.624837	-3.94495
		50.152266	-5.065556
		50.726024	-3.543949
		51.512161	-0.116215
		51.289406	1.075802
		
c	15 6 7 10 9 8 5 12 11 14 13 1 0 2 4 3	2296.39169610434	0.770360830389566	15	6	7	10	9	8	5	12	11	14	13	1	0	2	4	3		
		51.289406	1.075802
		53.751959	-0.335941
		54.980766	-1.615849
		55.862982	-4.263554
		55.958426	-3.186893
		54.892406	-2.923222
		53.409532	-3.000126
		51.624837	-3.94495
		51.488224	-3.186893
		50.152266	-5.065556
		50.726024	-3.543949
		51.460852	-2.588139
		52.486125	-1.890507
		51.512161	-0.116215
		53.478239	-2.258549
		53.803895	-1.549931
		
c	6 10 9 8 5 11 12 4 3 7 0 1 14 13 2 15	2485.48559266648	0.751451440733352	6	10	9	8	5	11	12	4	3	7	0	1	14	13	2	15		
		53.751959	-0.335941
		55.862982	-4.263554
		55.958426	-3.186893
		54.892406	-2.923222
		53.409532	-3.000126
		51.488224	-3.186893
		51.624837	-3.94495
		53.478239	-2.258549
		53.803895	-1.549931
		54.980766	-1.615849
		52.486125	-1.890507
		51.460852	-2.588139
		50.152266	-5.065556
		50.726024	-3.543949
		51.512161	-0.116215
		51.289406	1.075802
		
c	12 10 9 8 5 11 14 13 1 2 15 6 0 4 3 7	2493.23249689329	0.750676750310671	12	10	9	8	5	11	14	13	1	2	15	6	0	4	3	7		
		51.624837	-3.94495
		55.862982	-4.263554
		55.958426	-3.186893
		54.892406	-2.923222
		53.409532	-3.000126
		51.488224	-3.186893
		50.152266	-5.065556
		50.726024	-3.543949
		51.460852	-2.588139
		51.512161	-0.116215
		51.289406	1.075802
		53.751959	-0.335941
		52.486125	-1.890507
		53.478239	-2.258549
		53.803895	-1.549931
		54.980766	-1.615849
		
c	14 13 5 10 9 3 4 0 1 11 12 2 15 6 7 8	2316.9660669782	0.76830339330218	14	13	5	10	9	3	4	0	1	11	12	2	15	6	7	8		
		50.152266	-5.065556
		50.726024	-3.543949
		53.409532	-3.000126
		55.862982	-4.263554
		55.958426	-3.186893
		53.803895	-1.549931
		53.478239	-2.258549
		52.486125	-1.890507
		51.460852	-2.588139
		51.488224	-3.186893
		51.624837	-3.94495
		51.512161	-0.116215
		51.289406	1.075802
		53.751959	-0.335941
		54.980766	-1.615849
		54.892406	-2.923222
		
c	7 10 9 8 3 4 5 0 1 11 6 12 14 13 2 15	2236.23844182033	0.776376155817967	7	10	9	8	3	4	5	0	1	11	6	12	14	13	2	15		
		54.980766	-1.615849
		55.862982	-4.263554
		55.958426	-3.186893
		54.892406	-2.923222
		53.803895	-1.549931
		53.478239	-2.258549
		53.409532	-3.000126
		52.486125	-1.890507
		51.460852	-2.588139
		51.488224	-3.186893
		53.751959	-0.335941
		51.624837	-3.94495
		50.152266	-5.065556
		50.726024	-3.543949
		51.512161	-0.116215
		51.289406	1.075802
		
c	15 0 4 3 6 7 10 14 13 11 1 2 9 8 5 12	2939.58345187879	0.706041654812121	15	0	4	3	6	7	10	14	13	11	1	2	9	8	5	12		
		51.289406	1.075802
		52.486125	-1.890507
		53.478239	-2.258549
		53.803895	-1.549931
		53.751959	-0.335941
		54.980766	-1.615849
		55.862982	-4.263554
		50.152266	-5.065556
		50.726024	-3.543949
		51.488224	-3.186893
		51.460852	-2.588139
		51.512161	-0.116215
		55.958426	-3.186893
		54.892406	-2.923222
		53.409532	-3.000126
		51.624837	-3.94495
		
c	12 11 3 6 7 10 9 8 5 14 13 1 0 4 2 15	2325.89900204228	0.767410099795772	12	11	3	6	7	10	9	8	5	14	13	1	0	4	2	15		
		51.624837	-3.94495
		51.488224	-3.186893
		53.803895	-1.549931
		53.751959	-0.335941
		54.980766	-1.615849
		55.862982	-4.263554
		55.958426	-3.186893
		54.892406	-2.923222
		53.409532	-3.000126
		50.152266	-5.065556
		50.726024	-3.543949
		51.460852	-2.588139
		52.486125	-1.890507
		53.478239	-2.258549
		51.512161	-0.116215
		51.289406	1.075802
		
c	3 6 7 10 9 8 5 12 14 13 11 1 2 15 0 4	2045.17397003974	0.795482602996026	3	6	7	10	9	8	5	12	14	13	11	1	2	15	0	4		
		53.803895	-1.549931
		53.751959	-0.335941
		54.980766	-1.615849
		55.862982	-4.263554
		55.958426	-3.186893
		54.892406	-2.923222
		53.409532	-3.000126
		51.624837	-3.94495
		50.152266	-5.065556
		50.726024	-3.543949
		51.488224	-3.186893
		51.460852	-2.588139
		51.512161	-0.116215
		51.289406	1.075802
		52.486125	-1.890507
		53.478239	-2.258549
		
c	12 11 14 13 10 9 5 1 2 15 0 4 8 6 3 7	2719.83647743159	0.728016352256841	12	11	14	13	10	9	5	1	2	15	0	4	8	6	3	7		
		51.624837	-3.94495
		51.488224	-3.186893
		50.152266	-5.065556
		50.726024	-3.543949
		55.862982	-4.263554
		55.958426	-3.186893
		53.409532	-3.000126
		51.460852	-2.588139
		51.512161	-0.116215
		51.289406	1.075802
		52.486125	-1.890507
		53.478239	-2.258549
		54.892406	-2.923222
		53.751959	-0.335941
		53.803895	-1.549931
		54.980766	-1.615849
		
c	4 5 0 1 11 12 14 13 2 15 8 3 6 7 9 10	2130.3973086002	0.78696026913998	4	5	0	1	11	12	14	13	2	15	8	3	6	7	9	10		
		53.478239	-2.258549
		53.409532	-3.000126
		52.486125	-1.890507
		51.460852	-2.588139
		51.488224	-3.186893
		51.624837	-3.94495
		50.152266	-5.065556
		50.726024	-3.543949
		51.512161	-0.116215
		51.289406	1.075802
		54.892406	-2.923222
		53.803895	-1.549931
		53.751959	-0.335941
		54.980766	-1.615849
		55.958426	-3.186893
		55.862982	-4.263554
		
c	11 1 2 15 0 4 3 6 7 10 9 8 5 12 14 13	2015.93556626274	0.798406443373725	11	1	2	15	0	4	3	6	7	10	9	8	5	12	14	13		
		51.488224	-3.186893
		51.460852	-2.588139
		51.512161	-0.116215
		51.289406	1.075802
		52.486125	-1.890507
		53.478239	-2.258549
		53.803895	-1.549931
		53.751959	-0.335941
		54.980766	-1.615849
		55.862982	-4.263554
		55.958426	-3.186893
		54.892406	-2.923222
		53.409532	-3.000126
		51.624837	-3.94495
		50.152266	-5.065556
		50.726024	-3.543949
		
c	15 6 4 3 12 11 7 10 9 8 5 14 13 1 0 2	2679.71622704201	0.732028377295799	15	6	4	3	12	11	7	10	9	8	5	14	13	1	0	2		
		51.289406	1.075802
		53.751959	-0.335941
		53.478239	-2.258549
		53.803895	-1.549931
		51.624837	-3.94495
		51.488224	-3.186893
		54.980766	-1.615849
		55.862982	-4.263554
		55.958426	-3.186893
		54.892406	-2.923222
		53.409532	-3.000126
		50.152266	-5.065556
		50.726024	-3.543949
		51.460852	-2.588139
		52.486125	-1.890507
		51.512161	-0.116215
		
c	5 0 1 11 12 14 13 4 3 7 6 10 9 8 2 15	2359.33452170888	0.764066547829112	5	0	1	11	12	14	13	4	3	7	6	10	9	8	2	15		
		53.409532	-3.000126
		52.486125	-1.890507
		51.460852	-2.588139
		51.488224	-3.186893
		51.624837	-3.94495
		50.152266	-5.065556
		50.726024	-3.543949
		53.478239	-2.258549
		53.803895	-1.549931
		54.980766	-1.615849
		53.751959	-0.335941
		55.862982	-4.263554
		55.958426	-3.186893
		54.892406	-2.923222
		51.512161	-0.116215
		51.289406	1.075802
		
c	5 14 13 1 7 9 10 8 0 11 2 15 6 4 3 12	2856.20930902221	0.714379069097779	5	14	13	1	7	9	10	8	0	11	2	15	6	4	3	12		
		53.409532	-3.000126
		50.152266	-5.065556
		50.726024	-3.543949
		51.460852	-2.588139
		54.980766	-1.615849
		55.958426	-3.186893
		55.862982	-4.263554
		54.892406	-2.923222
		52.486125	-1.890507
		51.488224	-3.186893
		51.512161	-0.116215
		51.289406	1.075802
		53.751959	-0.335941
		53.478239	-2.258549
		53.803895	-1.549931
		51.624837	-3.94495
		
c	9 8 5 12 11 14 1 13 2 6 7 10 0 15 4 3	2977.02472023992	0.702297527976008	9	8	5	12	11	14	1	13	2	6	7	10	0	15	4	3		
		55.958426	-3.186893
		54.892406	-2.923222
		53.409532	-3.000126
		51.624837	-3.94495
		51.488224	-3.186893
		50.152266	-5.065556
		51.460852	-2.588139
		50.726024	-3.543949
		51.512161	-0.116215
		53.751959	-0.335941
		54.980766	-1.615849
		55.862982	-4.263554
		52.486125	-1.890507
		51.289406	1.075802
		53.478239	-2.258549
		53.803895	-1.549931
		
c	6 1 11 14 13 2 15 0 4 3 7 10 9 8 5 12	2304.2456170674	0.76957543829326	6	1	11	14	13	2	15	0	4	3	7	10	9	8	5	12		
		53.751959	-0.335941
		51.460852	-2.588139
		51.488224	-3.186893
		50.152266	-5.065556
		50.726024	-3.543949
		51.512161	-0.116215
		51.289406	1.075802
		52.486125	-1.890507
		53.478239	-2.258549
		53.803895	-1.549931
		54.980766	-1.615849
		55.862982	-4.263554
		55.958426	-3.186893
		54.892406	-2.923222
		53.409532	-3.000126
		51.624837	-3.94495
		
c	1 6 7 9 10 8 4 5 3 0 11 14 12 13 2 15	2242.15300040946	0.775784699959054	1	6	7	9	10	8	4	5	3	0	11	14	12	13	2	15		
		51.460852	-2.588139
		53.751959	-0.335941
		54.980766	-1.615849
		55.958426	-3.186893
		55.862982	-4.263554
		54.892406	-2.923222
		53.478239	-2.258549
		53.409532	-3.000126
		53.803895	-1.549931
		52.486125	-1.890507
		51.488224	-3.186893
		50.152266	-5.065556
		51.624837	-3.94495
		50.726024	-3.543949
		51.512161	-0.116215
		51.289406	1.075802
		
g52		1794.61235065558	0.820538764934442	0	6	7	10	9	8	3	4	5	0	1	11	12	14	13	2	15		
		53.751959	-0.335941
		54.980766	-1.615849
		55.862982	-4.263554
		55.958426	-3.186893
		54.892406	-2.923222
		53.803895	-1.549931
		53.478239	-2.258549
		53.409532	-3.000126
		52.486125	-1.890507
		51.460852	-2.588139
		51.488224	-3.186893
		51.624837	-3.94495
		50.152266	-5.065556
		50.726024	-3.543949
		51.512161	-0.116215
		51.289406	1.075802
		
g52		1828.33630628242	0.817166369371758	1	3	6	7	10	9	8	4	5	0	1	11	12	14	13	2	15		
		53.803895	-1.549931
		53.751959	-0.335941
		54.980766	-1.615849
		55.862982	-4.263554
		55.958426	-3.186893
		54.892406	-2.923222
		53.478239	-2.258549
		53.409532	-3.000126
		52.486125	-1.890507
		51.460852	-2.588139
		51.488224	-3.186893
		51.624837	-3.94495
		50.152266	-5.065556
		50.726024	-3.543949
		51.512161	-0.116215
		51.289406	1.075802
		
g52		1844.43579025575	0.815556420974425	2	5	4	3	6	7	9	10	8	0	1	11	12	14	13	2	15		
		53.409532	-3.000126
		53.478239	-2.258549
		53.803895	-1.549931
		53.751959	-0.335941
		54.980766	-1.615849
		55.958426	-3.186893
		55.862982	-4.263554
		54.892406	-2.923222
		52.486125	-1.890507
		51.460852	-2.588139
		51.488224	-3.186893
		51.624837	-3.94495
		50.152266	-5.065556
		50.726024	-3.543949
		51.512161	-0.116215
		51.289406	1.075802
		
g52		1846.00611008192	0.815399388991808	3	7	10	9	8	5	6	3	4	0	1	11	12	14	13	2	15		
		54.980766	-1.615849
		55.862982	-4.263554
		55.958426	-3.186893
		54.892406	-2.923222
		53.409532	-3.000126
		53.751959	-0.335941
		53.803895	-1.549931
		53.478239	-2.258549
		52.486125	-1.890507
		51.460852	-2.588139
		51.488224	-3.186893
		51.624837	-3.94495
		50.152266	-5.065556
		50.726024	-3.543949
		51.512161	-0.116215
		51.289406	1.075802
		
g52		1861.16567508612	0.813883432491388	4	6	4	3	7	10	9	8	5	0	1	11	12	14	13	2	15		
		53.751959	-0.335941
		53.478239	-2.258549
		53.803895	-1.549931
		54.980766	-1.615849
		55.862982	-4.263554
		55.958426	-3.186893
		54.892406	-2.923222
		53.409532	-3.000126
		52.486125	-1.890507
		51.460852	-2.588139
		51.488224	-3.186893
		51.624837	-3.94495
		50.152266	-5.065556
		50.726024	-3.543949
		51.512161	-0.116215
		51.289406	1.075802
		
g52		1863.00485164535	0.813699514835465	5	6	7	10	9	8	4	3	5	0	1	11	12	14	13	2	15		
		53.751959	-0.335941
		54.980766	-1.615849
		55.862982	-4.263554
		55.958426	-3.186893
		54.892406	-2.923222
		53.478239	-2.258549
		53.803895	-1.549931
		53.409532	-3.000126
		52.486125	-1.890507
		51.460852	-2.588139
		51.488224	-3.186893
		51.624837	-3.94495
		50.152266	-5.065556
		50.726024	-3.543949
		51.512161	-0.116215
		51.289406	1.075802
		
