c	6 10 9 8 3 1 4 7 5 0 11 2 15 13 14 12	2749.67953077496	0.725032046922504	6	10	9	8	3	1	4	7	5	0	11	2	15	13	14	12		
		53.751959	-0.335941
		55.862982	-4.263554
		55.958426	-3.186893
		54.892406	-2.923222
		53.803895	-1.549931
		51.460852	-2.588139
		53.478239	-2.258549
		54.980766	-1.615849
		53.409532	-3.000126
		52.486125	-1.890507
		51.488224	-3.186893
		51.512161	-0.116215
		51.289406	1.075802
		50.726024	-3.543949
		50.152266	-5.065556
		51.624837	-3.94495
		
c	0 4 8 7 3 10 9 6 5 12 14 13 1 2 15 11	2507.11295070958	0.749288704929042	0	4	8	7	3	10	9	6	5	12	14	13	1	2	15	11		
		52.486125	-1.890507
		53.478239	-2.258549
		54.892406	-2.923222
		54.980766	-1.615849
		53.803895	-1.549931
		55.862982	-4.263554
		55.958426	-3.186893
		53.751959	-0.335941
		53.409532	-3.000126
		51.624837	-3.94495
		50.152266	-5.065556
		50.726024	-3.543949
		51.460852	-2.588139
		51.512161	-0.116215
		51.289406	1.075802
		51.488224	-3.186893
		
c	10 9 5 0 11 2 4 12 3 8 7 15 6 1 14 13	3242.92600700831	0.675707399299168	10	9	5	0	11	2	4	12	3	8	7	15	6	1	14	13		
		55.862982	-4.263554
		55.958426	-3.186893
		53.409532	-3.000126
		52.486125	-1.890507
		51.488224	-3.186893
		51.512161	-0.116215
		53.478239	-2.258549
		51.624837	-3.94495
		53.803895	-1.549931
		54.892406	-2.923222
		54.980766	-1.615849
		51.289406	1.075802
		53.751959	-0.335941
		51.460852	-2.588139
		50.152266	-5.065556
		50.726024	-3.543949
		
c	4 5 14 13 11 1 2 15 8 7 10 9 0 12 3 6	2714.71544490972	0.728528455509028	4	5	14	13	11	1	2	15	8	7	10	9	0	12	3	6		
		53.478239	-2.258549
		53.409532	-3.000126
		50.152266	-5.065556
		50.726024	-3.543949
		51.488224	-3.186893
		51.460852	-2.588139
		51.512161	-0.116215
		51.289406	1.075802
		54.892406	-2.923222
		54.980766	-1.615849
		55.862982	-4.263554
		55.958426	-3.186893
		52.486125	-1.890507
		51.624837	-3.94495
		53.803895	-1.549931
		53.751959	-0.335941
		
c	9 5 4 12 3 8 7 10 0 11 2 15 13 14 1 6	3112.87386129337	0.688712613870663	9	5	4	12	3	8	7	10	0	11	2	15	13	14	1	6		
		55.958426	-3.186893
		53.409532	-3.000126
		53.478239	-2.258549
		51.624837	-3.94495
		53.803895	-1.549931
		54.892406	-2.923222
		54.980766	-1.615849
		55.862982	-4.263554
		52.486125	-1.890507
		51.488224	-3.186893
		51.512161	-0.116215
		51.289406	1.075802
		50.726024	-3.543949
		50.152266	-5.065556
		51.460852	-2.588139
		53.751959	-0.335941
		
c	9 8 6 0 4 7 10 5 1 12 14 13 11 15 2 3	2633.17437831557	0.736682562168443	9	8	6	0	4	7	10	5	1	12	14	13	11	15	2	3		
		55.958426	-3.186893
		54.892406	-2.923222
		53.751959	-0.335941
		52.486125	-1.890507
		53.478239	-2.258549
		54.980766	-1.615849
		55.862982	-4.263554
		53.409532	-3.000126
		51.460852	-2.588139
		51.624837	-3.94495
		50.152266	-5.065556
		50.726024	-3.543949
		51.488224	-3.186893
		51.289406	1.075802
		51.512161	-0.116215
		53.803895	-1.549931
		
c	12 6 0 4 5 14 13 11 1 2 15 8 7 10 9 3	2667.03279847625	0.733296720152375	12	6	0	4	5	14	13	11	1	2	15	8	7	10	9	3		
		51.624837	-3.94495
		53.751959	-0.335941
		52.486125	-1.890507
		53.478239	-2.258549
		53.409532	-3.000126
		50.152266	-5.065556
		50.726024	-3.543949
		51.488224	-3.186893
		51.460852	-2.588139
		51.512161	-0.116215
		51.289406	1.075802
		54.892406	-2.923222
		54.980766	-1.615849
		55.862982	-4.263554
		55.958426	-3.186893
		53.803895	-1.549931
		
c	14 13 1 2 15 11 0 4 3 8 7 10 9 5 6 12	2397.91892515911	0.760208107484089	14	13	1	2	15	11	0	4	3	8	7	10	9	5	6	12		
		50.152266	-5.065556
		50.726024	-3.543949
		51.460852	-2.588139
		51.512161	-0.116215
		51.289406	1.075802
		51.488224	-3.186893
		52.486125	-1.890507
		53.478239	-2.258549
		53.803895	-1.549931
		54.892406	-2.923222
		54.980766	-1.615849
		55.862982	-4.263554
		55.958426	-3.186893
		53.409532	-3.000126
		53.751959	-0.335941
		51.624837	-3.94495
		
c	6 0 9 5 7 12 14 13 1 2 15 11 4 3 8 10	2997.20193474527	0.700279806525473	6	0	9	5	7	12	14	13	1	2	15	11	4	3	8	10		
		53.751959	-0.335941
		52.486125	-1.890507
		55.958426	-3.186893
		53.409532	-3.000126
		54.980766	-1.615849
		51.624837	-3.94495
		50.152266	-5.065556
		50.726024	-3.543949
		51.460852	-2.588139
		51.512161	-0.116215
		51.289406	1.075802
		51.488224	-3.186893
		53.478239	-2.258549
		53.803895	-1.549931
		54.892406	-2.923222
		55.862982	-4.263554
		
c	0 11 4 3 6 8 7 10 9 5 12 2 15 1 14 13	2517.73875301096	0.748226124698904	0	11	4	3	6	8	7	10	9	5	12	2	15	1	14	13		
		52.486125	-1.890507
		51.488224	-3.186893
		53.478239	-2.258549
		53.803895	-1.549931
		53.751959	-0.335941
		54.892406	-2.923222
		54.980766	-1.615849
		55.862982	-4.263554
		55.958426	-3.186893
		53.409532	-3.000126
		51.624837	-3.94495
		51.512161	-0.116215
		51.289406	1.075802
		51.460852	-2.588139
		50.152266	-5.065556
		50.726024	-3.543949
		
c	5 11 0 12 14 13 1 2 15 4 8 7 10 9 6 3	2422.84539434823	0.757715460565177	5	11	0	12	14	13	1	2	15	4	8	7	10	9	6	3		
		53.409532	-3.000126
		51.488224	-3.186893
		52.486125	-1.890507
		51.624837	-3.94495
		50.152266	-5.065556
		50.726024	-3.543949
		51.460852	-2.588139
		51.512161	-0.116215
		51.289406	1.075802
		53.478239	-2.258549
		54.892406	-2.923222
		54.980766	-1.615849
		55.862982	-4.263554
		55.958426	-3.186893
		53.751959	-0.335941
		53.803895	-1.549931
		
c	10 9 8 3 1 4 6 7 5 0 11 2 15 13 14 12	2523.62774915637	0.747637225084363	10	9	8	3	1	4	6	7	5	0	11	2	15	13	14	12		
		55.862982	-4.263554
		55.958426	-3.186893
		54.892406	-2.923222
		53.803895	-1.549931
		51.460852	-2.588139
		53.478239	-2.258549
		53.751959	-0.335941
		54.980766	-1.615849
		53.409532	-3.000126
		52.486125	-1.890507
		51.488224	-3.186893
		51.512161	-0.116215
		51.289406	1.075802
		50.726024	-3.543949
		50.152266	-5.065556
		51.624837	-3.94495
		
c	6 3 8 5 9 10 1 12 14 13 11 0 4 7 2 15	2651.34513481153	0.734865486518847	6	3	8	5	9	10	1	12	14	13	11	0	4	7	2	15		
		53.751959	-0.335941
		53.803895	-1.549931
		54.892406	-2.923222
		53.409532	-3.000126
		55.958426	-3.186893
		55.862982	-4.263554
		51.460852	-2.588139
		51.624837	-3.94495
		50.152266	-5.065556
		50.726024	-3.543949
		51.488224	-3.186893
		52.486125	-1.890507
		53.478239	-2.258549
		54.980766	-1.615849
		51.512161	-0.116215
		51.289406	1.075802
		
c	6 3 7 10 9 5 0 1 11 12 14 13 2 15 4 8	2245.99306607755	0.775400693392245	6	3	7	10	9	5	0	1	11	12	14	13	2	15	4	8		
		53.751959	-0.335941
		53.803895	-1.549931
		54.980766	-1.615849
		55.862982	-4.263554
		55.958426	-3.186893
		53.409532	-3.000126
		52.486125	-1.890507
		51.460852	-2.588139
		51.488224	-3.186893
		51.624837	-3.94495
		50.152266	-5.065556
		50.726024	-3.543949
		51.512161	-0.116215
		51.289406	1.075802
		53.478239	-2.258549
		54.892406	-2.923222
		
c	4 6 7 9 5 0 11 2 12 14 13 1 15 3 8 10	2753.18782405584	0.724681217594416	4	6	7	9	5	0	11	2	12	14	13	1	15	3	8	10		
		53.478239	-2.258549
		53.751959	-0.335941
		54.980766	-1.615849
		55.958426	-3.186893
		53.409532	-3.000126
		52.486125	-1.890507
		51.488224	-3.186893
		51.512161	-0.116215
		51.624837	-3.94495
		50.152266	-5.065556
		50.726024	-3.543949
		51.460852	-2.588139
		51.289406	1.075802
		53.803895	-1.549931
		54.892406	-2.923222
		55.862982	-4.263554
		
c	2 15 1 12 14 13 0 4 3 9 10 8 5 11 6 7	2464.62293559233	0.753537706440767	2	15	1	12	14	13	0	4	3	9	10	8	5	11	6	7		
		51.512161	-0.116215
		51.289406	1.075802
		51.460852	-2.588139
		51.624837	-3.94495
		50.152266	-5.065556
		50.726024	-3.543949
		52.486125	-1.890507
		53.478239	-2.258549
		53.803895	-1.549931
		55.958426	-3.186893
		55.862982	-4.263554
		54.892406	-2.923222
		53.409532	-3.000126
		51.488224	-3.186893
		53.751959	-0.335941
		54.980766	-1.615849
		
c	10 9 8 5 4 7 1 12 0 11 14 13 2 15 3 6	2454.95917768629	0.754504082231371	10	9	8	5	4	7	1	12	0	11	14	13	2	15	3	6		
		55.862982	-4.263554
		55.958426	-3.186893
		54.892406	-2.923222
		53.409532	-3.000126
		53.478239	-2.258549
		54.980766	-1.615849
		51.460852	-2.588139
		51.624837	-3.94495
		52.486125	-1.890507
		51.488224	-3.186893
		50.152266	-5.065556
		50.726024	-3.543949
		51.512161	-0.116215
		51.289406	1.075802
		53.803895	-1.549931
		53.751959	-0.335941
		
c	1 2 15 12 14 11 13 0 7 10 9 8 6 5 4 3	2460.98440213064	0.753901559786936	1	2	15	12	14	11	13	0	7	10	9	8	6	5	4	3		
		51.460852	-2.588139
		51.512161	-0.116215
		51.289406	1.075802
		51.624837	-3.94495
		50.152266	-5.065556
		51.488224	-3.186893
		50.726024	-3.543949
		52.486125	-1.890507
		54.980766	-1.615849
		55.862982	-4.263554
		55.958426	-3.186893
		54.892406	-2.923222
		53.751959	-0.335941
		53.409532	-3.000126
		53.478239	-2.258549
		53.803895	-1.549931
		
c	8 7 10 9 5 4 12 3 2 15 6 0 1 11 14 13	2518.52743440325	0.748147256559675	8	7	10	9	5	4	12	3	2	15	6	0	1	11	14	13		
		54.892406	-2.923222
		54.980766	-1.615849
		55.862982	-4.263554
		55.958426	-3.186893
		53.409532	-3.000126
		53.478239	-2.258549
		51.624837	-3.94495
		53.803895	-1.549931
		51.512161	-0.116215
		51.289406	1.075802
		53.751959	-0.335941
		52.486125	-1.890507
		51.460852	-2.588139
		51.488224	-3.186893
		50.152266	-5.065556
		50.726024	-3.543949
		
c	10 9 8 7 12 11 5 14 13 1 2 15 0 4 6 3	2388.15247838144	0.761184752161856	10	9	8	7	12	11	5	14	13	1	2	15	0	4	6	3		
		55.862982	-4.263554
		55.958426	-3.186893
		54.892406	-2.923222
		54.980766	-1.615849
		51.624837	-3.94495
		51.488224	-3.186893
		53.409532	-3.000126
		50.152266	-5.065556
		50.726024	-3.543949
		51.460852	-2.588139
		51.512161	-0.116215
		51.289406	1.075802
		52.486125	-1.890507
		53.478239	-2.258549
		53.751959	-0.335941
		53.803895	-1.549931
		
c	9 5 4 12 3 8 7 10 0 1 11 14 13 2 15 6	2814.07351483223	0.718592648516777	9	5	4	12	3	8	7	10	0	1	11	14	13	2	15	6		
		55.958426	-3.186893
		53.409532	-3.000126
		53.478239	-2.258549
		51.624837	-3.94495
		53.803895	-1.549931
		54.892406	-2.923222
		54.980766	-1.615849
		55.862982	-4.263554
		52.486125	-1.890507
		51.460852	-2.588139
		51.488224	-3.186893
		50.152266	-5.065556
		50.726024	-3.543949
		51.512161	-0.116215
		51.289406	1.075802
		53.751959	-0.335941
		
c	3 8 7 10 9 5 0 1 11 12 14 13 2 15 4 6	2236.73750405863	0.776326249594137	3	8	7	10	9	5	0	1	11	12	14	13	2	15	4	6		
		53.803895	-1.549931
		54.892406	-2.923222
		54.980766	-1.615849
		55.862982	-4.263554
		55.958426	-3.186893
		53.409532	-3.000126
		52.486125	-1.890507
		51.460852	-2.588139
		51.488224	-3.186893
		51.624837	-3.94495
		50.152266	-5.065556
		50.726024	-3.543949
		51.512161	-0.116215
		51.289406	1.075802
		53.478239	-2.258549
		53.751959	-0.335941
		
c	1 12 14 13 2 15 11 4 8 6 10 9 5 0 7 3	2874.78417548925	0.712521582451075	1	12	14	13	2	15	11	4	8	6	10	9	5	0	7	3		
		51.460852	-2.588139
		51.624837	-3.94495
		50.152266	-5.065556
		50.726024	-3.543949
		51.512161	-0.116215
		51.289406	1.075802
		51.488224	-3.186893
		53.478239	-2.258549
		54.892406	-2.923222
		53.751959	-0.335941
		55.862982	-4.263554
		55.958426	-3.186893
		53.409532	-3.000126
		52.486125	-1.890507
		54.980766	-1.615849
		53.803895	-1.549931
		
c	7 2 15 11 0 10 9 8 5 4 12 14 13 1 3 6	2729.23304900459	0.727076695099541	7	2	15	11	0	10	9	8	5	4	12	14	13	1	3	6		
		54.980766	-1.615849
		51.512161	-0.116215
		51.289406	1.075802
		51.488224	-3.186893
		52.486125	-1.890507
		55.862982	-4.263554
		55.958426	-3.186893
		54.892406	-2.923222
		53.409532	-3.000126
		53.478239	-2.258549
		51.624837	-3.94495
		50.152266	-5.065556
		50.726024	-3.543949
		51.460852	-2.588139
		53.803895	-1.549931
		53.751959	-0.335941
		
c	14 13 1 2 15 0 4 7 8 6 10 9 5 12 11 3	2550.00946683699	0.744999053316301	14	13	1	2	15	0	4	7	8	6	10	9	5	12	11	3		
		50.152266	-5.065556
		50.726024	-3.543949
		51.460852	-2.588139
		51.512161	-0.116215
		51.289406	1.075802
		52.486125	-1.890507
		53.478239	-2.258549
		54.980766	-1.615849
		54.892406	-2.923222
		53.751959	-0.335941
		55.862982	-4.263554
		55.958426	-3.186893
		53.409532	-3.000126
		51.624837	-3.94495
		51.488224	-3.186893
		53.803895	-1.549931
		
c	12 14 15 2 3 4 8 7 9 10 6 13 1 11 0 5	2673.12422551201	0.732687577448799	12	14	15	2	3	4	8	7	9	10	6	13	1	11	0	5		
		51.624837	-3.94495
		50.152266	-5.065556
		51.289406	1.075802
		51.512161	-0.116215
		53.803895	-1.549931
		53.478239	-2.258549
		54.892406	-2.923222
		54.980766	-1.615849
		55.958426	-3.186893
		55.862982	-4.263554
		53.751959	-0.335941
		50.726024	-3.543949
		51.460852	-2.588139
		51.488224	-3.186893
		52.486125	-1.890507
		53.409532	-3.000126
		
c	13 1 2 15 0 4 8 5 14 11 7 10 9 12 3 6	3154.34325996758	0.684565674003242	13	1	2	15	0	4	8	5	14	11	7	10	9	12	3	6		
		50.726024	-3.543949
		51.460852	-2.588139
		51.512161	-0.116215
		51.289406	1.075802
		52.486125	-1.890507
		53.478239	-2.258549
		54.892406	-2.923222
		53.409532	-3.000126
		50.152266	-5.065556
		51.488224	-3.186893
		54.980766	-1.615849
		55.862982	-4.263554
		55.958426	-3.186893
		51.624837	-3.94495
		53.803895	-1.549931
		53.751959	-0.335941
		
c	8 7 10 9 5 11 12 14 13 1 2 15 0 4 6 3	2134.54782031685	0.786545217968315	8	7	10	9	5	11	12	14	13	1	2	15	0	4	6	3		
		54.892406	-2.923222
		54.980766	-1.615849
		55.862982	-4.263554
		55.958426	-3.186893
		53.409532	-3.000126
		51.488224	-3.186893
		51.624837	-3.94495
		50.152266	-5.065556
		50.726024	-3.543949
		51.460852	-2.588139
		51.512161	-0.116215
		51.289406	1.075802
		52.486125	-1.890507
		53.478239	-2.258549
		53.751959	-0.335941
		53.803895	-1.549931
		
c	10 9 5 14 13 1 2 15 11 12 0 4 6 3 8 7	2307.81294148169	0.769218705851831	10	9	5	14	13	1	2	15	11	12	0	4	6	3	8	7		
		55.862982	-4.263554
		55.958426	-3.186893
		53.409532	-3.000126
		50.152266	-5.065556
		50.726024	-3.543949
		51.460852	-2.588139
		51.512161	-0.116215
		51.289406	1.075802
		51.488224	-3.186893
		51.624837	-3.94495
		52.486125	-1.890507
		53.478239	-2.258549
		53.751959	-0.335941
		53.803895	-1.549931
		54.892406	-2.923222
		54.980766	-1.615849
		
c	4 11 12 15 13 1 2 14 0 7 10 9 8 6 5 3	3114.6714456444	0.68853285543556	4	11	12	15	13	1	2	14	0	7	10	9	8	6	5	3		
		53.478239	-2.258549
		51.488224	-3.186893
		51.624837	-3.94495
		51.289406	1.075802
		50.726024	-3.543949
		51.460852	-2.588139
		51.512161	-0.116215
		50.152266	-5.065556
		52.486125	-1.890507
		54.980766	-1.615849
		55.862982	-4.263554
		55.958426	-3.186893
		54.892406	-2.923222
		53.751959	-0.335941
		53.409532	-3.000126
		53.803895	-1.549931
		
c	1 13 2 15 11 0 4 6 3 7 10 9 5 14 8 12	3190.11227554596	0.680988772445404	1	13	2	15	11	0	4	6	3	7	10	9	5	14	8	12		
		51.460852	-2.588139
		50.726024	-3.543949
		51.512161	-0.116215
		51.289406	1.075802
		51.488224	-3.186893
		52.486125	-1.890507
		53.478239	-2.258549
		53.751959	-0.335941
		53.803895	-1.549931
		54.980766	-1.615849
		55.862982	-4.263554
		55.958426	-3.186893
		53.409532	-3.000126
		50.152266	-5.065556
		54.892406	-2.923222
		51.624837	-3.94495
		
c	10 9 5 0 11 2 15 13 14 1 4 8 6 3 12 7	2974.39288540369	0.702560711459631	10	9	5	0	11	2	15	13	14	1	4	8	6	3	12	7		
		55.862982	-4.263554
		55.958426	-3.186893
		53.409532	-3.000126
		52.486125	-1.890507
		51.488224	-3.186893
		51.512161	-0.116215
		51.289406	1.075802
		50.726024	-3.543949
		50.152266	-5.065556
		51.460852	-2.588139
		53.478239	-2.258549
		54.892406	-2.923222
		53.751959	-0.335941
		53.803895	-1.549931
		51.624837	-3.94495
		54.980766	-1.615849
		
c	5 12 14 13 1 9 0 11 2 15 4 6 3 8 7 10	2929.3642758724	0.707063572412761	5	12	14	13	1	9	0	11	2	15	4	6	3	8	7	10		
		53.409532	-3.000126
		51.624837	-3.94495
		50.152266	-5.065556
		50.726024	-3.543949
		51.460852	-2.588139
		55.958426	-3.186893
		52.486125	-1.890507
		51.488224	-3.186893
		51.512161	-0.116215
		51.289406	1.075802
		53.478239	-2.258549
		53.751959	-0.335941
		53.803895	-1.549931
		54.892406	-2.923222
		54.980766	-1.615849
		55.862982	-4.263554
		
c	15 4 6 3 8 11 0 7 2 10 9 5 12 14 13 1	3418.04378769445	0.658195621230555	15	4	6	3	8	11	0	7	2	10	9	5	12	14	13	1		
		51.289406	1.075802
		53.478239	-2.258549
		53.751959	-0.335941
		53.803895	-1.549931
		54.892406	-2.923222
		51.488224	-3.186893
		52.486125	-1.890507
		54.980766	-1.615849
		51.512161	-0.116215
		55.862982	-4.263554
		55.958426	-3.186893
		53.409532	-3.000126
		51.624837	-3.94495
		50.152266	-5.065556
		50.726024	-3.543949
		51.460852	-2.588139
		
c	5 9 10 8 3 1 12 14 13 11 0 4 6 7 2 15	2429.63465918857	0.757036534081143	5	9	10	8	3	1	12	14	13	11	0	4	6	7	2	15		
		53.409532	-3.000126
		55.958426	-3.186893
		55.862982	-4.263554
		54.892406	-2.923222
		53.803895	-1.549931
		51.460852	-2.588139
		51.624837	-3.94495
		50.152266	-5.065556
		50.726024	-3.543949
		51.488224	-3.186893
		52.486125	-1.890507
		53.478239	-2.258549
		53.751959	-0.335941
		54.980766	-1.615849
		51.512161	-0.116215
		51.289406	1.075802
		
c	13 1 2 15 11 6 3 7 10 9 5 0 12 14 4 8	2791.24018469507	0.720875981530493	13	1	2	15	11	6	3	7	10	9	5	0	12	14	4	8		
		50.726024	-3.543949
		51.460852	-2.588139
		51.512161	-0.116215
		51.289406	1.075802
		51.488224	-3.186893
		53.751959	-0.335941
		53.803895	-1.549931
		54.980766	-1.615849
		55.862982	-4.263554
		55.958426	-3.186893
		53.409532	-3.000126
		52.486125	-1.890507
		51.624837	-3.94495
		50.152266	-5.065556
		53.478239	-2.258549
		54.892406	-2.923222
		
c	12 2 15 1 14 13 0 4 3 9 10 8 5 11 6 7	2679.17121770177	0.732082878229823	12	2	15	1	14	13	0	4	3	9	10	8	5	11	6	7		
		51.624837	-3.94495
		51.512161	-0.116215
		51.289406	1.075802
		51.460852	-2.588139
		50.152266	-5.065556
		50.726024	-3.543949
		52.486125	-1.890507
		53.478239	-2.258549
		53.803895	-1.549931
		55.958426	-3.186893
		55.862982	-4.263554
		54.892406	-2.923222
		53.409532	-3.000126
		51.488224	-3.186893
		53.751959	-0.335941
		54.980766	-1.615849
		
c	10 3 8 7 9 6 11 0 5 12 14 13 1 2 15 4	2770.83144472966	0.722916855527034	10	3	8	7	9	6	11	0	5	12	14	13	1	2	15	4		
		55.862982	-4.263554
		53.803895	-1.549931
		54.892406	-2.923222
		54.980766	-1.615849
		55.958426	-3.186893
		53.751959	-0.335941
		51.488224	-3.186893
		52.486125	-1.890507
		53.409532	-3.000126
		51.624837	-3.94495
		50.152266	-5.065556
		50.726024	-3.543949
		51.460852	-2.588139
		51.512161	-0.116215
		51.289406	1.075802
		53.478239	-2.258549
		
c	12 14 13 1 2 15 11 4 8 7 10 9 5 0 6 3	2370.63111068184	0.762936888931816	12	14	13	1	2	15	11	4	8	7	10	9	5	0	6	3		
		51.624837	-3.94495
		50.152266	-5.065556
		50.726024	-3.543949
		51.460852	-2.588139
		51.512161	-0.116215
		51.289406	1.075802
		51.488224	-3.186893
		53.478239	-2.258549
		54.892406	-2.923222
		54.980766	-1.615849
		55.862982	-4.263554
		55.958426	-3.186893
		53.409532	-3.000126
		52.486125	-1.890507
		53.751959	-0.335941
		53.803895	-1.549931
		
c	4 12 7 10 9 5 11 14 13 1 2 15 0 6 3 8	2734.02621308262	0.726597378691738	4	12	7	10	9	5	11	14	13	1	2	15	0	6	3	8		
		53.478239	-2.258549
		51.624837	-3.94495
		54.980766	-1.615849
		55.862982	-4.263554
		55.958426	-3.186893
		53.409532	-3.000126
		51.488224	-3.186893
		50.152266	-5.065556
		50.726024	-3.543949
		51.460852	-2.588139
		51.512161	-0.116215
		51.289406	1.075802
		52.486125	-1.890507
		53.751959	-0.335941
		53.803895	-1.549931
		54.892406	-2.923222
		
c	9 10 3 8 7 6 11 0 5 12 14 13 1 2 15 4	2545.82648663024	0.745417351336976	9	10	3	8	7	6	11	0	5	12	14	13	1	2	15	4		
		55.958426	-3.186893
		55.862982	-4.263554
		53.803895	-1.549931
		54.892406	-2.923222
		54.980766	-1.615849
		53.751959	-0.335941
		51.488224	-3.186893
		52.486125	-1.890507
		53.409532	-3.000126
		51.624837	-3.94495
		50.152266	-5.065556
		50.726024	-3.543949
		51.460852	-2.588139
		51.512161	-0.116215
		51.289406	1.075802
		53.478239	-2.258549
		
c	12 14 13 1 2 15 3 8 7 10 9 6 5 11 0 4	2451.87919757331	0.754812080242669	12	14	13	1	2	15	3	8	7	10	9	6	5	11	0	4		
		51.624837	-3.94495
		50.152266	-5.065556
		50.726024	-3.543949
		51.460852	-2.588139
		51.512161	-0.116215
		51.289406	1.075802
		53.803895	-1.549931
		54.892406	-2.923222
		54.980766	-1.615849
		55.862982	-4.263554
		55.958426	-3.186893
		53.751959	-0.335941
		53.409532	-3.000126
		51.488224	-3.186893
		52.486125	-1.890507
		53.478239	-2.258549
		
c	6 11 0 5 12 7 2 15 10 9 8 4 14 13 1 3	3569.45631094058	0.643054368905942	6	11	0	5	12	7	2	15	10	9	8	4	14	13	1	3		
		53.751959	-0.335941
		51.488224	-3.186893
		52.486125	-1.890507
		53.409532	-3.000126
		51.624837	-3.94495
		54.980766	-1.615849
		51.512161	-0.116215
		51.289406	1.075802
		55.862982	-4.263554
		55.958426	-3.186893
		54.892406	-2.923222
		53.478239	-2.258549
		50.152266	-5.065556
		50.726024	-3.543949
		51.460852	-2.588139
		53.803895	-1.549931
		
c	13 1 2 15 0 4 6 3 7 10 9 5 11 12 14 8	2602.74155401008	0.739725844598992	13	1	2	15	0	4	6	3	7	10	9	5	11	12	14	8		
		50.726024	-3.543949
		51.460852	-2.588139
		51.512161	-0.116215
		51.289406	1.075802
		52.486125	-1.890507
		53.478239	-2.258549
		53.751959	-0.335941
		53.803895	-1.549931
		54.980766	-1.615849
		55.862982	-4.263554
		55.958426	-3.186893
		53.409532	-3.000126
		51.488224	-3.186893
		51.624837	-3.94495
		50.152266	-5.065556
		54.892406	-2.923222
		
c	10 9 8 5 4 3 7 6 11 0 12 14 13 1 2 15	2050.98616193422	0.794901383806578	10	9	8	5	4	3	7	6	11	0	12	14	13	1	2	15		
		55.862982	-4.263554
		55.958426	-3.186893
		54.892406	-2.923222
		53.409532	-3.000126
		53.478239	-2.258549
		53.803895	-1.549931
		54.980766	-1.615849
		53.751959	-0.335941
		51.488224	-3.186893
		52.486125	-1.890507
		51.624837	-3.94495
		50.152266	-5.065556
		50.726024	-3.543949
		51.460852	-2.588139
		51.512161	-0.116215
		51.289406	1.075802
		
c	7 9 10 8 3 1 12 14 13 11 0 4 6 5 2 15	2202.26441055586	0.779773558944414	7	9	10	8	3	1	12	14	13	11	0	4	6	5	2	15		
		54.980766	-1.615849
		55.958426	-3.186893
		55.862982	-4.263554
		54.892406	-2.923222
		53.803895	-1.549931
		51.460852	-2.588139
		51.624837	-3.94495
		50.152266	-5.065556
		50.726024	-3.543949
		51.488224	-3.186893
		52.486125	-1.890507
		53.478239	-2.258549
		53.751959	-0.335941
		53.409532	-3.000126
		51.512161	-0.116215
		51.289406	1.075802
		
c	12 14 13 1 2 15 11 0 4 6 3 7 10 9 5 8	2273.26110687998	0.772673889312002	12	14	13	1	2	15	11	0	4	6	3	7	10	9	5	8		
		51.624837	-3.94495
		50.152266	-5.065556
		50.726024	-3.543949
		51.460852	-2.588139
		51.512161	-0.116215
		51.289406	1.075802
		51.488224	-3.186893
		52.486125	-1.890507
		53.478239	-2.258549
		53.751959	-0.335941
		53.803895	-1.549931
		54.980766	-1.615849
		55.862982	-4.263554
		55.958426	-3.186893
		53.409532	-3.000126
		54.892406	-2.923222
		
c	11 0 10 9 6 7 5 1 8 12 14 13 2 15 4 3	3287.62727856658	0.671237272143342	11	0	10	9	6	7	5	1	8	12	14	13	2	15	4	3		
		51.488224	-3.186893
		52.486125	-1.890507
		55.862982	-4.263554
		55.958426	-3.186893
		53.751959	-0.335941
		54.980766	-1.615849
		53.409532	-3.000126
		51.460852	-2.588139
		54.892406	-2.923222
		51.624837	-3.94495
		50.152266	-5.065556
		50.726024	-3.543949
		51.512161	-0.116215
		51.289406	1.075802
		53.478239	-2.258549
		53.803895	-1.549931
		
c	11 0 4 2 15 1 12 14 13 3 9 10 8 6 7 5	2662.55252519882	0.733744747480118	11	0	4	2	15	1	12	14	13	3	9	10	8	6	7	5		
		51.488224	-3.186893
		52.486125	-1.890507
		53.478239	-2.258549
		51.512161	-0.116215
		51.289406	1.075802
		51.460852	-2.588139
		51.624837	-3.94495
		50.152266	-5.065556
		50.726024	-3.543949
		53.803895	-1.549931
		55.958426	-3.186893
		55.862982	-4.263554
		54.892406	-2.923222
		53.751959	-0.335941
		54.980766	-1.615849
		53.409532	-3.000126
		
c	14 12 1 13 2 15 11 0 4 6 3 10 9 5 8 7	2373.88143935736	0.762611856064264	14	12	1	13	2	15	11	0	4	6	3	10	9	5	8	7		
		50.152266	-5.065556
		51.624837	-3.94495
		51.460852	-2.588139
		50.726024	-3.543949
		51.512161	-0.116215
		51.289406	1.075802
		51.488224	-3.186893
		52.486125	-1.890507
		53.478239	-2.258549
		53.751959	-0.335941
		53.803895	-1.549931
		55.862982	-4.263554
		55.958426	-3.186893
		53.409532	-3.000126
		54.892406	-2.923222
		54.980766	-1.615849
		
c	1 2 15 0 4 6 3 7 10 9 5 11 12 14 13 8	2541.03439302317	0.745896560697683	1	2	15	0	4	6	3	7	10	9	5	11	12	14	13	8		
		51.460852	-2.588139
		51.512161	-0.116215
		51.289406	1.075802
		52.486125	-1.890507
		53.478239	-2.258549
		53.751959	-0.335941
		53.803895	-1.549931
		54.980766	-1.615849
		55.862982	-4.263554
		55.958426	-3.186893
		53.409532	-3.000126
		51.488224	-3.186893
		51.624837	-3.94495
		50.152266	-5.065556
		50.726024	-3.543949
		54.892406	-2.923222
		
c	14 13 1 2 15 11 0 4 3 6 8 7 10 9 5 12	2227.30241312882	0.777269758687118	14	13	1	2	15	11	0	4	3	6	8	7	10	9	5	12		
		50.152266	-5.065556
		50.726024	-3.543949
		51.460852	-2.588139
		51.512161	-0.116215
		51.289406	1.075802
		51.488224	-3.186893
		52.486125	-1.890507
		53.478239	-2.258549
		53.803895	-1.549931
		53.751959	-0.335941
		54.892406	-2.923222
		54.980766	-1.615849
		55.862982	-4.263554
		55.958426	-3.186893
		53.409532	-3.000126
		51.624837	-3.94495
		
c	10 9 6 3 7 5 0 1 11 12 14 13 2 15 4 8	2270.84100775489	0.772915899224511	10	9	6	3	7	5	0	1	11	12	14	13	2	15	4	8		
		55.862982	-4.263554
		55.958426	-3.186893
		53.751959	-0.335941
		53.803895	-1.549931
		54.980766	-1.615849
		53.409532	-3.000126
		52.486125	-1.890507
		51.460852	-2.588139
		51.488224	-3.186893
		51.624837	-3.94495
		50.152266	-5.065556
		50.726024	-3.543949
		51.512161	-0.116215
		51.289406	1.075802
		53.478239	-2.258549
		54.892406	-2.923222
		
c	14 13 1 2 15 11 4 8 7 10 9 6 5 12 3 0	2657.22347643773	0.734277652356227	14	13	1	2	15	11	4	8	7	10	9	6	5	12	3	0		
		50.152266	-5.065556
		50.726024	-3.543949
		51.460852	-2.588139
		51.512161	-0.116215
		51.289406	1.075802
		51.488224	-3.186893
		53.478239	-2.258549
		54.892406	-2.923222
		54.980766	-1.615849
		55.862982	-4.263554
		55.958426	-3.186893
		53.751959	-0.335941
		53.409532	-3.000126
		51.624837	-3.94495
		53.803895	-1.549931
		52.486125	-1.890507
		
c	11 0 4 6 7 5 12 14 13 1 3 8 10 9 2 15	2608.13745075561	0.739186254924439	11	0	4	6	7	5	12	14	13	1	3	8	10	9	2	15		
		51.488224	-3.186893
		52.486125	-1.890507
		53.478239	-2.258549
		53.751959	-0.335941
		54.980766	-1.615849
		53.409532	-3.000126
		51.624837	-3.94495
		50.152266	-5.065556
		50.726024	-3.543949
		51.460852	-2.588139
		53.803895	-1.549931
		54.892406	-2.923222
		55.862982	-4.263554
		55.958426	-3.186893
		51.512161	-0.116215
		51.289406	1.075802
		
c	11 14 13 1 2 15 0 4 3 8 7 10 9 5 6 12	2401.1266257102	0.75988733742898	11	14	13	1	2	15	0	4	3	8	7	10	9	5	6	12		
		51.488224	-3.186893
		50.152266	-5.065556
		50.726024	-3.543949
		51.460852	-2.588139
		51.512161	-0.116215
		51.289406	1.075802
		52.486125	-1.890507
		53.478239	-2.258549
		53.803895	-1.549931
		54.892406	-2.923222
		54.980766	-1.615849
		55.862982	-4.263554
		55.958426	-3.186893
		53.409532	-3.000126
		53.751959	-0.335941
		51.624837	-3.94495
		
c	6 0 11 4 3 8 7 10 9 5 12 2 15 1 14 13	2552.54391797413	0.744745608202587	6	0	11	4	3	8	7	10	9	5	12	2	15	1	14	13		
		53.751959	-0.335941
		52.486125	-1.890507
		51.488224	-3.186893
		53.478239	-2.258549
		53.803895	-1.549931
		54.892406	-2.923222
		54.980766	-1.615849
		55.862982	-4.263554
		55.958426	-3.186893
		53.409532	-3.000126
		51.624837	-3.94495
		51.512161	-0.116215
		51.289406	1.075802
		51.460852	-2.588139
		50.152266	-5.065556
		50.726024	-3.543949
		
c	7 5 12 14 13 15 4 10 9 8 11 1 2 0 6 3	2865.097674237	0.7134902325763	7	5	12	14	13	15	4	10	9	8	11	1	2	0	6	3		
		54.980766	-1.615849
		53.409532	-3.000126
		51.624837	-3.94495
		50.152266	-5.065556
		50.726024	-3.543949
		51.289406	1.075802
		53.478239	-2.258549
		55.862982	-4.263554
		55.958426	-3.186893
		54.892406	-2.923222
		51.488224	-3.186893
		51.460852	-2.588139
		51.512161	-0.116215
		52.486125	-1.890507
		53.751959	-0.335941
		53.803895	-1.549931
		
c	12 14 13 0 4 10 9 8 6 5 3 7 1 11 2 15	2492.48662745742	0.750751337254258	12	14	13	0	4	10	9	8	6	5	3	7	1	11	2	15		
		51.624837	-3.94495
		50.152266	-5.065556
		50.726024	-3.543949
		52.486125	-1.890507
		53.478239	-2.258549
		55.862982	-4.263554
		55.958426	-3.186893
		54.892406	-2.923222
		53.751959	-0.335941
		53.409532	-3.000126
		53.803895	-1.549931
		54.980766	-1.615849
		51.460852	-2.588139
		51.488224	-3.186893
		51.512161	-0.116215
		51.289406	1.075802
		
c	7 10 9 5 0 11 2 15 13 14 1 4 8 6 3 12	2764.20331698362	0.723579668301638	7	10	9	5	0	11	2	15	13	14	1	4	8	6	3	12		
		54.980766	-1.615849
		55.862982	-4.263554
		55.958426	-3.186893
		53.409532	-3.000126
		52.486125	-1.890507
		51.488224	-3.186893
		51.512161	-0.116215
		51.289406	1.075802
		50.726024	-3.543949
		50.152266	-5.065556
		51.460852	-2.588139
		53.478239	-2.258549
		54.892406	-2.923222
		53.751959	-0.335941
		53.803895	-1.549931
		51.624837	-3.94495
		
c	5 12 14 13 4 11 2 15 1 0 3 9 10 8 6 7	2726.16615082928	0.727383384917072	5	12	14	13	4	11	2	15	1	0	3	9	10	8	6	7		
		53.409532	-3.000126
		51.624837	-3.94495
		50.152266	-5.065556
		50.726024	-3.543949
		53.478239	-2.258549
		51.488224	-3.186893
		51.512161	-0.116215
		51.289406	1.075802
		51.460852	-2.588139
		52.486125	-1.890507
		53.803895	-1.549931
		55.958426	-3.186893
		55.862982	-4.263554
		54.892406	-2.923222
		53.751959	-0.335941
		54.980766	-1.615849
		
c	8 12 14 13 2 15 0 1 11 4 3 6 5 7 10 9	2433.12781528488	0.756687218471512	8	12	14	13	2	15	0	1	11	4	3	6	5	7	10	9		
		54.892406	-2.923222
		51.624837	-3.94495
		50.152266	-5.065556
		50.726024	-3.543949
		51.512161	-0.116215
		51.289406	1.075802
		52.486125	-1.890507
		51.460852	-2.588139
		51.488224	-3.186893
		53.478239	-2.258549
		53.803895	-1.549931
		53.751959	-0.335941
		53.409532	-3.000126
		54.980766	-1.615849
		55.862982	-4.263554
		55.958426	-3.186893
		
c	15 11 3 8 1 2 0 7 10 9 5 4 12 14 13 6	3259.61434285594	0.674038565714406	15	11	3	8	1	2	0	7	10	9	5	4	12	14	13	6		
		51.289406	1.075802
		51.488224	-3.186893
		53.803895	-1.549931
		54.892406	-2.923222
		51.460852	-2.588139
		51.512161	-0.116215
		52.486125	-1.890507
		54.980766	-1.615849
		55.862982	-4.263554
		55.958426	-3.186893
		53.409532	-3.000126
		53.478239	-2.258549
		51.624837	-3.94495
		50.152266	-5.065556
		50.726024	-3.543949
		53.751959	-0.335941
		
c	4 3 8 6 5 7 11 0 10 9 1 12 14 13 2 15	3059.35611713791	0.694064388286209	4	3	8	6	5	7	11	0	10	9	1	12	14	13	2	15		
		53.478239	-2.258549
		53.803895	-1.549931
		54.892406	-2.923222
		53.751959	-0.335941
		53.409532	-3.000126
		54.980766	-1.615849
		51.488224	-3.186893
		52.486125	-1.890507
		55.862982	-4.263554
		55.958426	-3.186893
		51.460852	-2.588139
		51.624837	-3.94495
		50.152266	-5.065556
		50.726024	-3.543949
		51.512161	-0.116215
		51.289406	1.075802
		
c	9 15 2 3 4 8 7 10 6 12 14 13 1 11 0 5	2855.09220647968	0.714490779352033	9	15	2	3	4	8	7	10	6	12	14	13	1	11	0	5		
		55.958426	-3.186893
		51.289406	1.075802
		51.512161	-0.116215
		53.803895	-1.549931
		53.478239	-2.258549
		54.892406	-2.923222
		54.980766	-1.615849
		55.862982	-4.263554
		53.751959	-0.335941
		51.624837	-3.94495
		50.152266	-5.065556
		50.726024	-3.543949
		51.460852	-2.588139
		51.488224	-3.186893
		52.486125	-1.890507
		53.409532	-3.000126
		
c	3 5 10 9 1 12 14 13 2 15 11 0 4 8 7 6	2661.62854688463	0.733837145311537	3	5	10	9	1	12	14	13	2	15	11	0	4	8	7	6		
		53.803895	-1.549931
		53.409532	-3.000126
		55.862982	-4.263554
		55.958426	-3.186893
		51.460852	-2.588139
		51.624837	-3.94495
		50.152266	-5.065556
		50.726024	-3.543949
		51.512161	-0.116215
		51.289406	1.075802
		51.488224	-3.186893
		52.486125	-1.890507
		53.478239	-2.258549
		54.892406	-2.923222
		54.980766	-1.615849
		53.751959	-0.335941
		
c	5 12 14 13 15 4 7 10 9 8 11 1 2 0 6 3	2739.68271670167	0.726031728329833	5	12	14	13	15	4	7	10	9	8	11	1	2	0	6	3		
		53.409532	-3.000126
		51.624837	-3.94495
		50.152266	-5.065556
		50.726024	-3.543949
		51.289406	1.075802
		53.478239	-2.258549
		54.980766	-1.615849
		55.862982	-4.263554
		55.958426	-3.186893
		54.892406	-2.923222
		51.488224	-3.186893
		51.460852	-2.588139
		51.512161	-0.116215
		52.486125	-1.890507
		53.751959	-0.335941
		53.803895	-1.549931
		
c	0 11 2 15 1 12 14 13 4 3 9 10 8 6 7 5	2509.08681668908	0.749091318331092	0	11	2	15	1	12	14	13	4	3	9	10	8	6	7	5		
		52.486125	-1.890507
		51.488224	-3.186893
		51.512161	-0.116215
		51.289406	1.075802
		51.460852	-2.588139
		51.624837	-3.94495
		50.152266	-5.065556
		50.726024	-3.543949
		53.478239	-2.258549
		53.803895	-1.549931
		55.958426	-3.186893
		55.862982	-4.263554
		54.892406	-2.923222
		53.751959	-0.335941
		54.980766	-1.615849
		53.409532	-3.000126
		
c	2 15 11 1 0 4 6 3 14 13 12 7 10 9 8 5	2522.70894912244	0.747729105087756	2	15	11	1	0	4	6	3	14	13	12	7	10	9	8	5		
		51.512161	-0.116215
		51.289406	1.075802
		51.488224	-3.186893
		51.460852	-2.588139
		52.486125	-1.890507
		53.478239	-2.258549
		53.751959	-0.335941
		53.803895	-1.549931
		50.152266	-5.065556
		50.726024	-3.543949
		51.624837	-3.94495
		54.980766	-1.615849
		55.862982	-4.263554
		55.958426	-3.186893
		54.892406	-2.923222
		53.409532	-3.000126
		
c	8 7 10 9 12 11 5 14 13 1 2 15 0 4 6 3	2542.69603020799	0.745730396979201	8	7	10	9	12	11	5	14	13	1	2	15	0	4	6	3		
		54.892406	-2.923222
		54.980766	-1.615849
		55.862982	-4.263554
		55.958426	-3.186893
		51.624837	-3.94495
		51.488224	-3.186893
		53.409532	-3.000126
		50.152266	-5.065556
		50.726024	-3.543949
		51.460852	-2.588139
		51.512161	-0.116215
		51.289406	1.075802
		52.486125	-1.890507
		53.478239	-2.258549
		53.751959	-0.335941
		53.803895	-1.549931
		
c	4 8 7 9 10 6 5 11 12 14 13 1 2 15 0 3	2316.12596108718	0.768387403891281	4	8	7	9	10	6	5	11	12	14	13	1	2	15	0	3		
		53.478239	-2.258549
		54.892406	-2.923222
		54.980766	-1.615849
		55.958426	-3.186893
		55.862982	-4.263554
		53.751959	-0.335941
		53.409532	-3.000126
		51.488224	-3.186893
		51.624837	-3.94495
		50.152266	-5.065556
		50.726024	-3.543949
		51.460852	-2.588139
		51.512161	-0.116215
		51.289406	1.075802
		52.486125	-1.890507
		53.803895	-1.549931
		
c	4 11 0 8 7 10 9 5 1 12 14 13 2 15 3 6	2650.68177961639	0.734931822038361	4	11	0	8	7	10	9	5	1	12	14	13	2	15	3	6		
		53.478239	-2.258549
		51.488224	-3.186893
		52.486125	-1.890507
		54.892406	-2.923222
		54.980766	-1.615849
		55.862982	-4.263554
		55.958426	-3.186893
		53.409532	-3.000126
		51.460852	-2.588139
		51.624837	-3.94495
		50.152266	-5.065556
		50.726024	-3.543949
		51.512161	-0.116215
		51.289406	1.075802
		53.803895	-1.549931
		53.751959	-0.335941
		
c	11 12 14 13 1 2 15 3 4 8 7 9 10 6 0 5	2222.58366657955	0.777741633342045	11	12	14	13	1	2	15	3	4	8	7	9	10	6	0	5		
		51.488224	-3.186893
		51.624837	-3.94495
		50.152266	-5.065556
		50.726024	-3.543949
		51.460852	-2.588139
		51.512161	-0.116215
		51.289406	1.075802
		53.803895	-1.549931
		53.478239	-2.258549
		54.892406	-2.923222
		54.980766	-1.615849
		55.958426	-3.186893
		55.862982	-4.263554
		53.751959	-0.335941
		52.486125	-1.890507
		53.409532	-3.000126
		
c	6 3 10 9 5 11 2 15 1 12 14 13 0 4 8 7	2476.09829230867	0.752390170769133	6	3	10	9	5	11	2	15	1	12	14	13	0	4	8	7		
		53.751959	-0.335941
		53.803895	-1.549931
		55.862982	-4.263554
		55.958426	-3.186893
		53.409532	-3.000126
		51.488224	-3.186893
		51.512161	-0.116215
		51.289406	1.075802
		51.460852	-2.588139
		51.624837	-3.94495
		50.152266	-5.065556
		50.726024	-3.543949
		52.486125	-1.890507
		53.478239	-2.258549
		54.892406	-2.923222
		54.980766	-1.615849
		
c	3 7 10 9 5 14 13 1 2 15 11 0 4 8 6 12	2817.89075590823	0.718210924409177	3	7	10	9	5	14	13	1	2	15	11	0	4	8	6	12		
		53.803895	-1.549931
		54.980766	-1.615849
		55.862982	-4.263554
		55.958426	-3.186893
		53.409532	-3.000126
		50.152266	-5.065556
		50.726024	-3.543949
		51.460852	-2.588139
		51.512161	-0.116215
		51.289406	1.075802
		51.488224	-3.186893
		52.486125	-1.890507
		53.478239	-2.258549
		54.892406	-2.923222
		53.751959	-0.335941
		51.624837	-3.94495
		
c	9 5 6 7 12 14 13 1 2 15 11 0 4 3 8 10	2595.49988300673	0.740450011699326	9	5	6	7	12	14	13	1	2	15	11	0	4	3	8	10		
		55.958426	-3.186893
		53.409532	-3.000126
		53.751959	-0.335941
		54.980766	-1.615849
		51.624837	-3.94495
		50.152266	-5.065556
		50.726024	-3.543949
		51.460852	-2.588139
		51.512161	-0.116215
		51.289406	1.075802
		51.488224	-3.186893
		52.486125	-1.890507
		53.478239	-2.258549
		53.803895	-1.549931
		54.892406	-2.923222
		55.862982	-4.263554
		
c	3 9 10 8 6 12 14 1 13 2 15 11 0 4 5 7	2669.00516643132	0.733099483356868	3	9	10	8	6	12	14	1	13	2	15	11	0	4	5	7		
		53.803895	-1.549931
		55.958426	-3.186893
		55.862982	-4.263554
		54.892406	-2.923222
		53.751959	-0.335941
		51.624837	-3.94495
		50.152266	-5.065556
		51.460852	-2.588139
		50.726024	-3.543949
		51.512161	-0.116215
		51.289406	1.075802
		51.488224	-3.186893
		52.486125	-1.890507
		53.478239	-2.258549
		53.409532	-3.000126
		54.980766	-1.615849
		
c	10 9 5 4 12 3 8 7 2 15 6 0 1 11 14 13	2600.8420832466	0.73991579167534	10	9	5	4	12	3	8	7	2	15	6	0	1	11	14	13		
		55.862982	-4.263554
		55.958426	-3.186893
		53.409532	-3.000126
		53.478239	-2.258549
		51.624837	-3.94495
		53.803895	-1.549931
		54.892406	-2.923222
		54.980766	-1.615849
		51.512161	-0.116215
		51.289406	1.075802
		53.751959	-0.335941
		52.486125	-1.890507
		51.460852	-2.588139
		51.488224	-3.186893
		50.152266	-5.065556
		50.726024	-3.543949
		
c	15 2 3 4 8 7 9 10 6 12 14 13 1 11 0 5	2286.200231841	0.7713799768159	15	2	3	4	8	7	9	10	6	12	14	13	1	11	0	5		
		51.289406	1.075802
		51.512161	-0.116215
		53.803895	-1.549931
		53.478239	-2.258549
		54.892406	-2.923222
		54.980766	-1.615849
		55.958426	-3.186893
		55.862982	-4.263554
		53.751959	-0.335941
		51.624837	-3.94495
		50.152266	-5.065556
		50.726024	-3.543949
		51.460852	-2.588139
		51.488224	-3.186893
		52.486125	-1.890507
		53.409532	-3.000126
		
c	9 5 11 12 14 13 1 2 15 0 4 8 7 10 6 3	2443.35662365959	0.755664337634041	9	5	11	12	14	13	1	2	15	0	4	8	7	10	6	3		
		55.958426	-3.186893
		53.409532	-3.000126
		51.488224	-3.186893
		51.624837	-3.94495
		50.152266	-5.065556
		50.726024	-3.543949
		51.460852	-2.588139
		51.512161	-0.116215
		51.289406	1.075802
		52.486125	-1.890507
		53.478239	-2.258549
		54.892406	-2.923222
		54.980766	-1.615849
		55.862982	-4.263554
		53.751959	-0.335941
		53.803895	-1.549931
		
c	2 15 11 12 14 13 0 8 4 6 3 7 10 9 5 1	2515.17440592099	0.748482559407901	2	15	11	12	14	13	0	8	4	6	3	7	10	9	5	1		
		51.512161	-0.116215
		51.289406	1.075802
		51.488224	-3.186893
		51.624837	-3.94495
		50.152266	-5.065556
		50.726024	-3.543949
		52.486125	-1.890507
		54.892406	-2.923222
		53.478239	-2.258549
		53.751959	-0.335941
		53.803895	-1.549931
		54.980766	-1.615849
		55.862982	-4.263554
		55.958426	-3.186893
		53.409532	-3.000126
		51.460852	-2.588139
		
c	2 15 11 0 7 10 9 8 5 4 12 14 13 1 3 6	2396.6313223537	0.76033686776463	2	15	11	0	7	10	9	8	5	4	12	14	13	1	3	6		
		51.512161	-0.116215
		51.289406	1.075802
		51.488224	-3.186893
		52.486125	-1.890507
		54.980766	-1.615849
		55.862982	-4.263554
		55.958426	-3.186893
		54.892406	-2.923222
		53.409532	-3.000126
		53.478239	-2.258549
		51.624837	-3.94495
		50.152266	-5.065556
		50.726024	-3.543949
		51.460852	-2.588139
		53.803895	-1.549931
		53.751959	-0.335941
		
c	5 0 6 12 14 13 1 2 15 3 8 7 10 9 11 4	2864.98385093399	0.713501614906601	5	0	6	12	14	13	1	2	15	3	8	7	10	9	11	4		
		53.409532	-3.000126
		52.486125	-1.890507
		53.751959	-0.335941
		51.624837	-3.94495
		50.152266	-5.065556
		50.726024	-3.543949
		51.460852	-2.588139
		51.512161	-0.116215
		51.289406	1.075802
		53.803895	-1.549931
		54.892406	-2.923222
		54.980766	-1.615849
		55.862982	-4.263554
		55.958426	-3.186893
		51.488224	-3.186893
		53.478239	-2.258549
		
c	0 1 11 12 14 13 2 15 4 3 8 6 5 7 10 9	2257.67876157774	0.774232123842226	0	1	11	12	14	13	2	15	4	3	8	6	5	7	10	9		
		52.486125	-1.890507
		51.460852	-2.588139
		51.488224	-3.186893
		51.624837	-3.94495
		50.152266	-5.065556
		50.726024	-3.543949
		51.512161	-0.116215
		51.289406	1.075802
		53.478239	-2.258549
		53.803895	-1.549931
		54.892406	-2.923222
		53.751959	-0.335941
		53.409532	-3.000126
		54.980766	-1.615849
		55.862982	-4.263554
		55.958426	-3.186893
		
c	7 9 10 6 12 14 13 11 1 2 15 0 8 5 4 3	2385.61256481907	0.761438743518093	7	9	10	6	12	14	13	11	1	2	15	0	8	5	4	3		
		54.980766	-1.615849
		55.958426	-3.186893
		55.862982	-4.263554
		53.751959	-0.335941
		51.624837	-3.94495
		50.152266	-5.065556
		50.726024	-3.543949
		51.488224	-3.186893
		51.460852	-2.588139
		51.512161	-0.116215
		51.289406	1.075802
		52.486125	-1.890507
		54.892406	-2.923222
		53.409532	-3.000126
		53.478239	-2.258549
		53.803895	-1.549931
		
c	12 14 13 15 4 7 10 9 11 0 6 5 1 3 8 2	3454.34066832477	0.654565933167523	12	14	13	15	4	7	10	9	11	0	6	5	1	3	8	2		
		51.624837	-3.94495
		50.152266	-5.065556
		50.726024	-3.543949
		51.289406	1.075802
		53.478239	-2.258549
		54.980766	-1.615849
		55.862982	-4.263554
		55.958426	-3.186893
		51.488224	-3.186893
		52.486125	-1.890507
		53.751959	-0.335941
		53.409532	-3.000126
		51.460852	-2.588139
		53.803895	-1.549931
		54.892406	-2.923222
		51.512161	-0.116215
		
c	3 4 8 7 9 10 6 12 14 13 1 11 5 0 2 15	2248.29878384349	0.775170121615651	3	4	8	7	9	10	6	12	14	13	1	11	5	0	2	15		
		53.803895	-1.549931
		53.478239	-2.258549
		54.892406	-2.923222
		54.980766	-1.615849
		55.958426	-3.186893
		55.862982	-4.263554
		53.751959	-0.335941
		51.624837	-3.94495
		50.152266	-5.065556
		50.726024	-3.543949
		51.460852	-2.588139
		51.488224	-3.186893
		53.409532	-3.000126
		52.486125	-1.890507
		51.512161	-0.116215
		51.289406	1.075802
		
c	1 2 15 8 7 10 9 5 11 12 14 13 0 4 6 3	2493.7413991315	0.75062586008685	1	2	15	8	7	10	9	5	11	12	14	13	0	4	6	3		
		51.460852	-2.588139
		51.512161	-0.116215
		51.289406	1.075802
		54.892406	-2.923222
		54.980766	-1.615849
		55.862982	-4.263554
		55.958426	-3.186893
		53.409532	-3.000126
		51.488224	-3.186893
		51.624837	-3.94495
		50.152266	-5.065556
		50.726024	-3.543949
		52.486125	-1.890507
		53.478239	-2.258549
		53.751959	-0.335941
		53.803895	-1.549931
		
c	11 2 15 1 12 14 13 0 4 3 9 10 8 6 7 5	2388.23587013795	0.761176412986205	11	2	15	1	12	14	13	0	4	3	9	10	8	6	7	5		
		51.488224	-3.186893
		51.512161	-0.116215
		51.289406	1.075802
		51.460852	-2.588139
		51.624837	-3.94495
		50.152266	-5.065556
		50.726024	-3.543949
		52.486125	-1.890507
		53.478239	-2.258549
		53.803895	-1.549931
		55.958426	-3.186893
		55.862982	-4.263554
		54.892406	-2.923222
		53.751959	-0.335941
		54.980766	-1.615849
		53.409532	-3.000126
		
c	9 8 6 5 12 14 13 4 3 1 2 15 11 7 10 0	3228.50433950498	0.677149566049502	9	8	6	5	12	14	13	4	3	1	2	15	11	7	10	0		
		55.958426	-3.186893
		54.892406	-2.923222
		53.751959	-0.335941
		53.409532	-3.000126
		51.624837	-3.94495
		50.152266	-5.065556
		50.726024	-3.543949
		53.478239	-2.258549
		53.803895	-1.549931
		51.460852	-2.588139
		51.512161	-0.116215
		51.289406	1.075802
		51.488224	-3.186893
		54.980766	-1.615849
		55.862982	-4.263554
		52.486125	-1.890507
		
c	0 7 10 9 14 13 1 2 15 11 3 8 4 6 5 12	3094.47707665976	0.690552292334024	0	7	10	9	14	13	1	2	15	11	3	8	4	6	5	12		
		52.486125	-1.890507
		54.980766	-1.615849
		55.862982	-4.263554
		55.958426	-3.186893
		50.152266	-5.065556
		50.726024	-3.543949
		51.460852	-2.588139
		51.512161	-0.116215
		51.289406	1.075802
		51.488224	-3.186893
		53.803895	-1.549931
		54.892406	-2.923222
		53.478239	-2.258549
		53.751959	-0.335941
		53.409532	-3.000126
		51.624837	-3.94495
		
c	5 6 8 0 4 7 10 1 12 14 13 11 15 2 3 9	3054.68849495219	0.694531150504781	5	6	8	0	4	7	10	1	12	14	13	11	15	2	3	9		
		53.409532	-3.000126
		53.751959	-0.335941
		54.892406	-2.923222
		52.486125	-1.890507
		53.478239	-2.258549
		54.980766	-1.615849
		55.862982	-4.263554
		51.460852	-2.588139
		51.624837	-3.94495
		50.152266	-5.065556
		50.726024	-3.543949
		51.488224	-3.186893
		51.289406	1.075802
		51.512161	-0.116215
		53.803895	-1.549931
		55.958426	-3.186893
		
c	4 12 10 9 8 6 5 14 13 3 7 1 11 0 2 15	3127.84128203372	0.687215871796628	4	12	10	9	8	6	5	14	13	3	7	1	11	0	2	15		
		53.478239	-2.258549
		51.624837	-3.94495
		55.862982	-4.263554
		55.958426	-3.186893
		54.892406	-2.923222
		53.751959	-0.335941
		53.409532	-3.000126
		50.152266	-5.065556
		50.726024	-3.543949
		53.803895	-1.549931
		54.980766	-1.615849
		51.460852	-2.588139
		51.488224	-3.186893
		52.486125	-1.890507
		51.512161	-0.116215
		51.289406	1.075802
		
c	3 7 2 15 11 0 10 9 8 5 4 12 14 13 1 6	2807.07293002899	0.719292706997101	3	7	2	15	11	0	10	9	8	5	4	12	14	13	1	6		
		53.803895	-1.549931
		54.980766	-1.615849
		51.512161	-0.116215
		51.289406	1.075802
		51.488224	-3.186893
		52.486125	-1.890507
		55.862982	-4.263554
		55.958426	-3.186893
		54.892406	-2.923222
		53.409532	-3.000126
		53.478239	-2.258549
		51.624837	-3.94495
		50.152266	-5.065556
		50.726024	-3.543949
		51.460852	-2.588139
		53.751959	-0.335941
		
g25		2071.74275384164	0.792825724615836	0	10	9	5	11	12	14	13	1	2	15	0	4	6	3	7	8		
		55.862982	-4.263554
		55.958426	-3.186893
		53.409532	-3.000126
		51.488224	-3.186893
		51.624837	-3.94495
		50.152266	-5.065556
		50.726024	-3.543949
		51.460852	-2.588139
		51.512161	-0.116215
		51.289406	1.075802
		52.486125	-1.890507
		53.478239	-2.258549
		53.751959	-0.335941
		53.803895	-1.549931
		54.980766	-1.615849
		54.892406	-2.923222
		
g25		2126.06268893269	0.787393731106731	1	11	12	14	13	1	2	15	0	7	10	9	8	6	5	4	3		
		51.488224	-3.186893
		51.624837	-3.94495
		50.152266	-5.065556
		50.726024	-3.543949
		51.460852	-2.588139
		51.512161	-0.116215
		51.289406	1.075802
		52.486125	-1.890507
		54.980766	-1.615849
		55.862982	-4.263554
		55.958426	-3.186893
		54.892406	-2.923222
		53.751959	-0.335941
		53.409532	-3.000126
		53.478239	-2.258549
		53.803895	-1.549931
		
g25		2192.90884793999	0.780709115206001	2	10	9	5	11	12	14	13	1	2	15	0	4	7	8	6	3		
		55.862982	-4.263554
		55.958426	-3.186893
		53.409532	-3.000126
		51.488224	-3.186893
		51.624837	-3.94495
		50.152266	-5.065556
		50.726024	-3.543949
		51.460852	-2.588139
		51.512161	-0.116215
		51.289406	1.075802
		52.486125	-1.890507
		53.478239	-2.258549
		54.980766	-1.615849
		54.892406	-2.923222
		53.751959	-0.335941
		53.803895	-1.549931
		
g25		2200.44158668643	0.779955841331357	3	12	14	13	1	2	15	11	0	4	3	6	8	7	10	9	5		
		51.624837	-3.94495
		50.152266	-5.065556
		50.726024	-3.543949
		51.460852	-2.588139
		51.512161	-0.116215
		51.289406	1.075802
		51.488224	-3.186893
		52.486125	-1.890507
		53.478239	-2.258549
		53.803895	-1.549931
		53.751959	-0.335941
		54.892406	-2.923222
		54.980766	-1.615849
		55.862982	-4.263554
		55.958426	-3.186893
		53.409532	-3.000126
		
g25		2200.69122088964	0.779930877911036	4	7	10	9	5	11	12	14	13	1	2	15	0	4	6	3	8		
		54.980766	-1.615849
		55.862982	-4.263554
		55.958426	-3.186893
		53.409532	-3.000126
		51.488224	-3.186893
		51.624837	-3.94495
		50.152266	-5.065556
		50.726024	-3.543949
		51.460852	-2.588139
		51.512161	-0.116215
		51.289406	1.075802
		52.486125	-1.890507
		53.478239	-2.258549
		53.751959	-0.335941
		53.803895	-1.549931
		54.892406	-2.923222
		
g25		2227.57541160062	0.777242458839938	5	14	13	1	11	0	2	15	12	4	3	6	8	7	10	9	5		
		50.152266	-5.065556
		50.726024	-3.543949
		51.460852	-2.588139
		51.488224	-3.186893
		52.486125	-1.890507
		51.512161	-0.116215
		51.289406	1.075802
		51.624837	-3.94495
		53.478239	-2.258549
		53.803895	-1.549931
		53.751959	-0.335941
		54.892406	-2.923222
		54.980766	-1.615849
		55.862982	-4.263554
		55.958426	-3.186893
		53.409532	-3.000126
		
