c	7 6 3 4 5 0 1 8 10 9 11 12 14 13 2 15	2385.79954995572	0.761420045004428	7	6	3	4	5	0	1	8	10	9	11	12	14	13	2	15		
		54.980766	-1.615849
		53.751959	-0.335941
		53.803895	-1.549931
		53.478239	-2.258549
		53.409532	-3.000126
		52.486125	-1.890507
		51.460852	-2.588139
		54.892406	-2.923222
		55.862982	-4.263554
		55.958426	-3.186893
		51.488224	-3.186893
		51.624837	-3.94495
		50.152266	-5.065556
		50.726024	-3.543949
		51.512161	-0.116215
		51.289406	1.075802
		
c	4 5 0 1 7 8 10 9 11 12 6 3 14 13 2 15	2894.9586834335	0.71050413165665	4	5	0	1	7	8	10	9	11	12	6	3	14	13	2	15		
		53.478239	-2.258549
		53.409532	-3.000126
		52.486125	-1.890507
		51.460852	-2.588139
		54.980766	-1.615849
		54.892406	-2.923222
		55.862982	-4.263554
		55.958426	-3.186893
		51.488224	-3.186893
		51.624837	-3.94495
		53.751959	-0.335941
		53.803895	-1.549931
		50.152266	-5.065556
		50.726024	-3.543949
		51.512161	-0.116215
		51.289406	1.075802
		
c	3 4 5 0 11 12 14 13 1 10 9 8 7 6 2 15	2113.69881331275	0.788630118668725	3	4	5	0	11	12	14	13	1	10	9	8	7	6	2	15		
		53.803895	-1.549931
		53.478239	-2.258549
		53.409532	-3.000126
		52.486125	-1.890507
		51.488224	-3.186893
		51.624837	-3.94495
		50.152266	-5.065556
		50.726024	-3.543949
		51.460852	-2.588139
		55.862982	-4.263554
		55.958426	-3.186893
		54.892406	-2.923222
		54.980766	-1.615849
		53.751959	-0.335941
		51.512161	-0.116215
		51.289406	1.075802
		
c	6 3 4 5 0 1 11 7 10 9 8 12 14 13 2 15	2281.75275640578	0.771824724359422	6	3	4	5	0	1	11	7	10	9	8	12	14	13	2	15		
		53.751959	-0.335941
		53.803895	-1.549931
		53.478239	-2.258549
		53.409532	-3.000126
		52.486125	-1.890507
		51.460852	-2.588139
		51.488224	-3.186893
		54.980766	-1.615849
		55.862982	-4.263554
		55.958426	-3.186893
		54.892406	-2.923222
		51.624837	-3.94495
		50.152266	-5.065556
		50.726024	-3.543949
		51.512161	-0.116215
		51.289406	1.075802
		
c	11 1 12 14 13 4 5 0 2 10 9 8 7 6 3 15	2499.56753448363	0.750043246551637	11	1	12	14	13	4	5	0	2	10	9	8	7	6	3	15		
		51.488224	-3.186893
		51.460852	-2.588139
		51.624837	-3.94495
		50.152266	-5.065556
		50.726024	-3.543949
		53.478239	-2.258549
		53.409532	-3.000126
		52.486125	-1.890507
		51.512161	-0.116215
		55.862982	-4.263554
		55.958426	-3.186893
		54.892406	-2.923222
		54.980766	-1.615849
		53.751959	-0.335941
		53.803895	-1.549931
		51.289406	1.075802
		
c	6 3 0 1 11 12 14 10 8 9 7 4 5 13 2 15	2534.42914444496	0.746557085555504	6	3	0	1	11	12	14	10	8	9	7	4	5	13	2	15		
		53.751959	-0.335941
		53.803895	-1.549931
		52.486125	-1.890507
		51.460852	-2.588139
		51.488224	-3.186893
		51.624837	-3.94495
		50.152266	-5.065556
		55.862982	-4.263554
		54.892406	-2.923222
		55.958426	-3.186893
		54.980766	-1.615849
		53.478239	-2.258549
		53.409532	-3.000126
		50.726024	-3.543949
		51.512161	-0.116215
		51.289406	1.075802
		
c	7 14 13 9 10 8 6 3 4 5 0 1 11 12 2 15	2594.6184438471	0.74053815561529	7	14	13	9	10	8	6	3	4	5	0	1	11	12	2	15		
		54.980766	-1.615849
		50.152266	-5.065556
		50.726024	-3.543949
		55.958426	-3.186893
		55.862982	-4.263554
		54.892406	-2.923222
		53.751959	-0.335941
		53.803895	-1.549931
		53.478239	-2.258549
		53.409532	-3.000126
		52.486125	-1.890507
		51.460852	-2.588139
		51.488224	-3.186893
		51.624837	-3.94495
		51.512161	-0.116215
		51.289406	1.075802
		
c	6 3 4 5 0 1 9 10 8 7 11 12 14 13 2 15	2334.58874309087	0.766541125690913	6	3	4	5	0	1	9	10	8	7	11	12	14	13	2	15		
		53.751959	-0.335941
		53.803895	-1.549931
		53.478239	-2.258549
		53.409532	-3.000126
		52.486125	-1.890507
		51.460852	-2.588139
		55.958426	-3.186893
		55.862982	-4.263554
		54.892406	-2.923222
		54.980766	-1.615849
		51.488224	-3.186893
		51.624837	-3.94495
		50.152266	-5.065556
		50.726024	-3.543949
		51.512161	-0.116215
		51.289406	1.075802
		
c	9 8 5 0 11 12 14 13 1 2 3 6 4 10 7 15	2611.11979884102	0.738888020115898	9	8	5	0	11	12	14	13	1	2	3	6	4	10	7	15		
		55.958426	-3.186893
		54.892406	-2.923222
		53.409532	-3.000126
		52.486125	-1.890507
		51.488224	-3.186893
		51.624837	-3.94495
		50.152266	-5.065556
		50.726024	-3.543949
		51.460852	-2.588139
		51.512161	-0.116215
		53.803895	-1.549931
		53.751959	-0.335941
		53.478239	-2.258549
		55.862982	-4.263554
		54.980766	-1.615849
		51.289406	1.075802
		
c	3 4 5 0 1 11 12 14 13 9 6 7 8 10 2 15	2672.91808179054	0.732708191820945	3	4	5	0	1	11	12	14	13	9	6	7	8	10	2	15		
		53.803895	-1.549931
		53.478239	-2.258549
		53.409532	-3.000126
		52.486125	-1.890507
		51.460852	-2.588139
		51.488224	-3.186893
		51.624837	-3.94495
		50.152266	-5.065556
		50.726024	-3.543949
		55.958426	-3.186893
		53.751959	-0.335941
		54.980766	-1.615849
		54.892406	-2.923222
		55.862982	-4.263554
		51.512161	-0.116215
		51.289406	1.075802
		
c	8 7 5 0 11 12 14 13 1 2 6 3 4 10 9 15	2529.1266288066	0.74708733711934	8	7	5	0	11	12	14	13	1	2	6	3	4	10	9	15		
		54.892406	-2.923222
		54.980766	-1.615849
		53.409532	-3.000126
		52.486125	-1.890507
		51.488224	-3.186893
		51.624837	-3.94495
		50.152266	-5.065556
		50.726024	-3.543949
		51.460852	-2.588139
		51.512161	-0.116215
		53.751959	-0.335941
		53.803895	-1.549931
		53.478239	-2.258549
		55.862982	-4.263554
		55.958426	-3.186893
		51.289406	1.075802
		
c	12 14 13 1 2 3 5 10 9 7 6 4 0 11 8 15	2866.63741405871	0.713336258594129	12	14	13	1	2	3	5	10	9	7	6	4	0	11	8	15		
		51.624837	-3.94495
		50.152266	-5.065556
		50.726024	-3.543949
		51.460852	-2.588139
		51.512161	-0.116215
		53.803895	-1.549931
		53.409532	-3.000126
		55.862982	-4.263554
		55.958426	-3.186893
		54.980766	-1.615849
		53.751959	-0.335941
		53.478239	-2.258549
		52.486125	-1.890507
		51.488224	-3.186893
		54.892406	-2.923222
		51.289406	1.075802
		
c	11 12 2 6 4 0 3 10 9 8 7 5 14 13 1 15	2591.10488713653	0.740889511286347	11	12	2	6	4	0	3	10	9	8	7	5	14	13	1	15		
		51.488224	-3.186893
		51.624837	-3.94495
		51.512161	-0.116215
		53.751959	-0.335941
		53.478239	-2.258549
		52.486125	-1.890507
		53.803895	-1.549931
		55.862982	-4.263554
		55.958426	-3.186893
		54.892406	-2.923222
		54.980766	-1.615849
		53.409532	-3.000126
		50.152266	-5.065556
		50.726024	-3.543949
		51.460852	-2.588139
		51.289406	1.075802
		
c	7 6 3 4 0 1 11 12 14 13 2 5 10 9 8 15	2434.33999022603	0.756566000977397	7	6	3	4	0	1	11	12	14	13	2	5	10	9	8	15		
		54.980766	-1.615849
		53.751959	-0.335941
		53.803895	-1.549931
		53.478239	-2.258549
		52.486125	-1.890507
		51.460852	-2.588139
		51.488224	-3.186893
		51.624837	-3.94495
		50.152266	-5.065556
		50.726024	-3.543949
		51.512161	-0.116215
		53.409532	-3.000126
		55.862982	-4.263554
		55.958426	-3.186893
		54.892406	-2.923222
		51.289406	1.075802
		
c	6 3 4 5 0 1 11 12 10 9 14 13 8 7 2 15	2891.76046878645	0.710823953121355	6	3	4	5	0	1	11	12	10	9	14	13	8	7	2	15		
		53.751959	-0.335941
		53.803895	-1.549931
		53.478239	-2.258549
		53.409532	-3.000126
		52.486125	-1.890507
		51.460852	-2.588139
		51.488224	-3.186893
		51.624837	-3.94495
		55.862982	-4.263554
		55.958426	-3.186893
		50.152266	-5.065556
		50.726024	-3.543949
		54.892406	-2.923222
		54.980766	-1.615849
		51.512161	-0.116215
		51.289406	1.075802
		
c	3 4 0 1 12 5 11 14 13 2 9 10 8 7 6 15	2665.38463903295	0.733461536096705	3	4	0	1	12	5	11	14	13	2	9	10	8	7	6	15		
		53.803895	-1.549931
		53.478239	-2.258549
		52.486125	-1.890507
		51.460852	-2.588139
		51.624837	-3.94495
		53.409532	-3.000126
		51.488224	-3.186893
		50.152266	-5.065556
		50.726024	-3.543949
		51.512161	-0.116215
		55.958426	-3.186893
		55.862982	-4.263554
		54.892406	-2.923222
		54.980766	-1.615849
		53.751959	-0.335941
		51.289406	1.075802
		
c	3 0 1 11 12 14 13 9 10 8 7 5 6 4 2 15	2401.92879438617	0.759807120561383	3	0	1	11	12	14	13	9	10	8	7	5	6	4	2	15		
		53.803895	-1.549931
		52.486125	-1.890507
		51.460852	-2.588139
		51.488224	-3.186893
		51.624837	-3.94495
		50.152266	-5.065556
		50.726024	-3.543949
		55.958426	-3.186893
		55.862982	-4.263554
		54.892406	-2.923222
		54.980766	-1.615849
		53.409532	-3.000126
		53.751959	-0.335941
		53.478239	-2.258549
		51.512161	-0.116215
		51.289406	1.075802
		
c	14 13 1 2 12 7 6 3 4 0 11 10 9 8 5 15	2832.5269491382	0.71674730508618	14	13	1	2	12	7	6	3	4	0	11	10	9	8	5	15		
		50.152266	-5.065556
		50.726024	-3.543949
		51.460852	-2.588139
		51.512161	-0.116215
		51.624837	-3.94495
		54.980766	-1.615849
		53.751959	-0.335941
		53.803895	-1.549931
		53.478239	-2.258549
		52.486125	-1.890507
		51.488224	-3.186893
		55.862982	-4.263554
		55.958426	-3.186893
		54.892406	-2.923222
		53.409532	-3.000126
		51.289406	1.075802
		
c	8 7 5 11 9 10 4 6 3 0 1 12 14 13 2 15	2580.19481037882	0.741980518962118	8	7	5	11	9	10	4	6	3	0	1	12	14	13	2	15		
		54.892406	-2.923222
		54.980766	-1.615849
		53.409532	-3.000126
		51.488224	-3.186893
		55.958426	-3.186893
		55.862982	-4.263554
		53.478239	-2.258549
		53.751959	-0.335941
		53.803895	-1.549931
		52.486125	-1.890507
		51.460852	-2.588139
		51.624837	-3.94495
		50.152266	-5.065556
		50.726024	-3.543949
		51.512161	-0.116215
		51.289406	1.075802
		
c	4 12 5 0 11 14 13 1 2 9 10 8 7 6 3 15	2707.61376460768	0.729238623539232	4	12	5	0	11	14	13	1	2	9	10	8	7	6	3	15		
		53.478239	-2.258549
		51.624837	-3.94495
		53.409532	-3.000126
		52.486125	-1.890507
		51.488224	-3.186893
		50.152266	-5.065556
		50.726024	-3.543949
		51.460852	-2.588139
		51.512161	-0.116215
		55.958426	-3.186893
		55.862982	-4.263554
		54.892406	-2.923222
		54.980766	-1.615849
		53.751959	-0.335941
		53.803895	-1.549931
		51.289406	1.075802
		
c	8 7 6 3 1 11 12 14 13 4 5 0 2 10 9 15	2867.60822928033	0.713239177071967	8	7	6	3	1	11	12	14	13	4	5	0	2	10	9	15		
		54.892406	-2.923222
		54.980766	-1.615849
		53.751959	-0.335941
		53.803895	-1.549931
		51.460852	-2.588139
		51.488224	-3.186893
		51.624837	-3.94495
		50.152266	-5.065556
		50.726024	-3.543949
		53.478239	-2.258549
		53.409532	-3.000126
		52.486125	-1.890507
		51.512161	-0.116215
		55.862982	-4.263554
		55.958426	-3.186893
		51.289406	1.075802
		
c	7 6 3 4 5 0 1 11 12 14 13 9 10 8 2 15	2295.41884130932	0.770458115869068	7	6	3	4	5	0	1	11	12	14	13	9	10	8	2	15		
		54.980766	-1.615849
		53.751959	-0.335941
		53.803895	-1.549931
		53.478239	-2.258549
		53.409532	-3.000126
		52.486125	-1.890507
		51.460852	-2.588139
		51.488224	-3.186893
		51.624837	-3.94495
		50.152266	-5.065556
		50.726024	-3.543949
		55.958426	-3.186893
		55.862982	-4.263554
		54.892406	-2.923222
		51.512161	-0.116215
		51.289406	1.075802
		
c	5 0 2 10 11 12 14 1 9 8 7 6 3 4 13 15	3451.32351530189	0.654867648469811	5	0	2	10	11	12	14	1	9	8	7	6	3	4	13	15		
		53.409532	-3.000126
		52.486125	-1.890507
		51.512161	-0.116215
		55.862982	-4.263554
		51.488224	-3.186893
		51.624837	-3.94495
		50.152266	-5.065556
		51.460852	-2.588139
		55.958426	-3.186893
		54.892406	-2.923222
		54.980766	-1.615849
		53.751959	-0.335941
		53.803895	-1.549931
		53.478239	-2.258549
		50.726024	-3.543949
		51.289406	1.075802
		
c	11 12 4 14 13 1 10 9 8 7 6 3 5 0 2 15	2432.19230797924	0.756780769202076	11	12	4	14	13	1	10	9	8	7	6	3	5	0	2	15		
		51.488224	-3.186893
		51.624837	-3.94495
		53.478239	-2.258549
		50.152266	-5.065556
		50.726024	-3.543949
		51.460852	-2.588139
		55.862982	-4.263554
		55.958426	-3.186893
		54.892406	-2.923222
		54.980766	-1.615849
		53.751959	-0.335941
		53.803895	-1.549931
		53.409532	-3.000126
		52.486125	-1.890507
		51.512161	-0.116215
		51.289406	1.075802
		
c	10 9 8 7 3 14 4 5 12 6 0 11 13 1 2 15	2657.40770306664	0.734259229693336	10	9	8	7	3	14	4	5	12	6	0	11	13	1	2	15		
		55.862982	-4.263554
		55.958426	-3.186893
		54.892406	-2.923222
		54.980766	-1.615849
		53.803895	-1.549931
		50.152266	-5.065556
		53.478239	-2.258549
		53.409532	-3.000126
		51.624837	-3.94495
		53.751959	-0.335941
		52.486125	-1.890507
		51.488224	-3.186893
		50.726024	-3.543949
		51.460852	-2.588139
		51.512161	-0.116215
		51.289406	1.075802
		
c	1 11 10 9 8 7 3 6 4 5 0 12 14 13 2 15	2140.52798782688	0.785947201217312	1	11	10	9	8	7	3	6	4	5	0	12	14	13	2	15		
		51.460852	-2.588139
		51.488224	-3.186893
		55.862982	-4.263554
		55.958426	-3.186893
		54.892406	-2.923222
		54.980766	-1.615849
		53.803895	-1.549931
		53.751959	-0.335941
		53.478239	-2.258549
		53.409532	-3.000126
		52.486125	-1.890507
		51.624837	-3.94495
		50.152266	-5.065556
		50.726024	-3.543949
		51.512161	-0.116215
		51.289406	1.075802
		
c	0 1 2 11 12 14 9 10 8 7 3 6 4 5 13 15	2711.34838519579	0.728865161480421	0	1	2	11	12	14	9	10	8	7	3	6	4	5	13	15		
		52.486125	-1.890507
		51.460852	-2.588139
		51.512161	-0.116215
		51.488224	-3.186893
		51.624837	-3.94495
		50.152266	-5.065556
		55.958426	-3.186893
		55.862982	-4.263554
		54.892406	-2.923222
		54.980766	-1.615849
		53.803895	-1.549931
		53.751959	-0.335941
		53.478239	-2.258549
		53.409532	-3.000126
		50.726024	-3.543949
		51.289406	1.075802
		
c	7 6 2 14 9 10 8 3 4 5 0 1 11 12 13 15	2689.54806052397	0.731045193947603	7	6	2	14	9	10	8	3	4	5	0	1	11	12	13	15		
		54.980766	-1.615849
		53.751959	-0.335941
		51.512161	-0.116215
		50.152266	-5.065556
		55.958426	-3.186893
		55.862982	-4.263554
		54.892406	-2.923222
		53.803895	-1.549931
		53.478239	-2.258549
		53.409532	-3.000126
		52.486125	-1.890507
		51.460852	-2.588139
		51.488224	-3.186893
		51.624837	-3.94495
		50.726024	-3.543949
		51.289406	1.075802
		
c	6 3 4 10 9 8 7 5 0 11 12 14 13 1 2 15	1895.51801052207	0.810448198947793	6	3	4	10	9	8	7	5	0	11	12	14	13	1	2	15		
		53.751959	-0.335941
		53.803895	-1.549931
		53.478239	-2.258549
		55.862982	-4.263554
		55.958426	-3.186893
		54.892406	-2.923222
		54.980766	-1.615849
		53.409532	-3.000126
		52.486125	-1.890507
		51.488224	-3.186893
		51.624837	-3.94495
		50.152266	-5.065556
		50.726024	-3.543949
		51.460852	-2.588139
		51.512161	-0.116215
		51.289406	1.075802
		
c	1 12 8 7 6 10 9 14 3 4 5 0 11 13 2 15	3057.73020025489	0.694226979974511	1	12	8	7	6	10	9	14	3	4	5	0	11	13	2	15		
		51.460852	-2.588139
		51.624837	-3.94495
		54.892406	-2.923222
		54.980766	-1.615849
		53.751959	-0.335941
		55.862982	-4.263554
		55.958426	-3.186893
		50.152266	-5.065556
		53.803895	-1.549931
		53.478239	-2.258549
		53.409532	-3.000126
		52.486125	-1.890507
		51.488224	-3.186893
		50.726024	-3.543949
		51.512161	-0.116215
		51.289406	1.075802
		
c	10 8 9 7 6 3 4 5 0 1 11 12 14 13 2 15	1746.89925925112	0.825310074074888	10	8	9	7	6	3	4	5	0	1	11	12	14	13	2	15		
		55.862982	-4.263554
		54.892406	-2.923222
		55.958426	-3.186893
		54.980766	-1.615849
		53.751959	-0.335941
		53.803895	-1.549931
		53.478239	-2.258549
		53.409532	-3.000126
		52.486125	-1.890507
		51.460852	-2.588139
		51.488224	-3.186893
		51.624837	-3.94495
		50.152266	-5.065556
		50.726024	-3.543949
		51.512161	-0.116215
		51.289406	1.075802
		
c	3 5 0 10 9 6 7 4 11 13 12 1 8 14 2 15	3255.46274366363	0.674453725633637	3	5	0	10	9	6	7	4	11	13	12	1	8	14	2	15		
		53.803895	-1.549931
		53.409532	-3.000126
		52.486125	-1.890507
		55.862982	-4.263554
		55.958426	-3.186893
		53.751959	-0.335941
		54.980766	-1.615849
		53.478239	-2.258549
		51.488224	-3.186893
		50.726024	-3.543949
		51.624837	-3.94495
		51.460852	-2.588139
		54.892406	-2.923222
		50.152266	-5.065556
		51.512161	-0.116215
		51.289406	1.075802
		
c	13 1 5 0 11 10 9 8 7 3 6 14 12 4 2 15	2847.64392788825	0.715235607211175	13	1	5	0	11	10	9	8	7	3	6	14	12	4	2	15		
		50.726024	-3.543949
		51.460852	-2.588139
		53.409532	-3.000126
		52.486125	-1.890507
		51.488224	-3.186893
		55.862982	-4.263554
		55.958426	-3.186893
		54.892406	-2.923222
		54.980766	-1.615849
		53.803895	-1.549931
		53.751959	-0.335941
		50.152266	-5.065556
		51.624837	-3.94495
		53.478239	-2.258549
		51.512161	-0.116215
		51.289406	1.075802
		
c	10 0 14 1 9 8 7 6 3 4 5 11 12 13 2 15	2740.79519833941	0.725920480166059	10	0	14	1	9	8	7	6	3	4	5	11	12	13	2	15		
		55.862982	-4.263554
		52.486125	-1.890507
		50.152266	-5.065556
		51.460852	-2.588139
		55.958426	-3.186893
		54.892406	-2.923222
		54.980766	-1.615849
		53.751959	-0.335941
		53.803895	-1.549931
		53.478239	-2.258549
		53.409532	-3.000126
		51.488224	-3.186893
		51.624837	-3.94495
		50.726024	-3.543949
		51.512161	-0.116215
		51.289406	1.075802
		
c	4 5 0 1 8 10 9 11 12 14 13 2 3 7 6 15	2853.86650904538	0.714613349095462	4	5	0	1	8	10	9	11	12	14	13	2	3	7	6	15		
		53.478239	-2.258549
		53.409532	-3.000126
		52.486125	-1.890507
		51.460852	-2.588139
		54.892406	-2.923222
		55.862982	-4.263554
		55.958426	-3.186893
		51.488224	-3.186893
		51.624837	-3.94495
		50.152266	-5.065556
		50.726024	-3.543949
		51.512161	-0.116215
		53.803895	-1.549931
		54.980766	-1.615849
		53.751959	-0.335941
		51.289406	1.075802
		
c	13 12 1 9 8 7 6 10 4 11 3 5 0 14 2 15	3251.55971481545	0.674844028518455	13	12	1	9	8	7	6	10	4	11	3	5	0	14	2	15		
		50.726024	-3.543949
		51.624837	-3.94495
		51.460852	-2.588139
		55.958426	-3.186893
		54.892406	-2.923222
		54.980766	-1.615849
		53.751959	-0.335941
		55.862982	-4.263554
		53.478239	-2.258549
		51.488224	-3.186893
		53.803895	-1.549931
		53.409532	-3.000126
		52.486125	-1.890507
		50.152266	-5.065556
		51.512161	-0.116215
		51.289406	1.075802
		
c	13 1 2 3 5 10 9 8 7 6 4 0 11 12 14 15	2442.77104222377	0.755722895777623	13	1	2	3	5	10	9	8	7	6	4	0	11	12	14	15		
		50.726024	-3.543949
		51.460852	-2.588139
		51.512161	-0.116215
		53.803895	-1.549931
		53.409532	-3.000126
		55.862982	-4.263554
		55.958426	-3.186893
		54.892406	-2.923222
		54.980766	-1.615849
		53.751959	-0.335941
		53.478239	-2.258549
		52.486125	-1.890507
		51.488224	-3.186893
		51.624837	-3.94495
		50.152266	-5.065556
		51.289406	1.075802
		
c	12 14 13 1 6 3 9 10 8 7 4 5 0 11 2 15	2129.29106964548	0.787070893035452	12	14	13	1	6	3	9	10	8	7	4	5	0	11	2	15		
		51.624837	-3.94495
		50.152266	-5.065556
		50.726024	-3.543949
		51.460852	-2.588139
		53.751959	-0.335941
		53.803895	-1.549931
		55.958426	-3.186893
		55.862982	-4.263554
		54.892406	-2.923222
		54.980766	-1.615849
		53.478239	-2.258549
		53.409532	-3.000126
		52.486125	-1.890507
		51.488224	-3.186893
		51.512161	-0.116215
		51.289406	1.075802
		
c	10 9 7 6 3 4 5 0 1 11 12 14 13 8 2 15	2188.14183886204	0.781185816113796	10	9	7	6	3	4	5	0	1	11	12	14	13	8	2	15		
		55.862982	-4.263554
		55.958426	-3.186893
		54.980766	-1.615849
		53.751959	-0.335941
		53.803895	-1.549931
		53.478239	-2.258549
		53.409532	-3.000126
		52.486125	-1.890507
		51.460852	-2.588139
		51.488224	-3.186893
		51.624837	-3.94495
		50.152266	-5.065556
		50.726024	-3.543949
		54.892406	-2.923222
		51.512161	-0.116215
		51.289406	1.075802
		
c	10 9 8 7 3 6 4 12 14 13 1 5 0 11 2 15	2047.12464764917	0.795287535235083	10	9	8	7	3	6	4	12	14	13	1	5	0	11	2	15		
		55.862982	-4.263554
		55.958426	-3.186893
		54.892406	-2.923222
		54.980766	-1.615849
		53.803895	-1.549931
		53.751959	-0.335941
		53.478239	-2.258549
		51.624837	-3.94495
		50.152266	-5.065556
		50.726024	-3.543949
		51.460852	-2.588139
		53.409532	-3.000126
		52.486125	-1.890507
		51.488224	-3.186893
		51.512161	-0.116215
		51.289406	1.075802
		
c	14 13 1 5 0 11 10 9 8 7 3 6 4 12 2 15	2409.41462832302	0.759058537167698	14	13	1	5	0	11	10	9	8	7	3	6	4	12	2	15		
		50.152266	-5.065556
		50.726024	-3.543949
		51.460852	-2.588139
		53.409532	-3.000126
		52.486125	-1.890507
		51.488224	-3.186893
		55.862982	-4.263554
		55.958426	-3.186893
		54.892406	-2.923222
		54.980766	-1.615849
		53.803895	-1.549931
		53.751959	-0.335941
		53.478239	-2.258549
		51.624837	-3.94495
		51.512161	-0.116215
		51.289406	1.075802
		
c	12 8 7 6 10 9 3 4 5 0 11 14 13 1 2 15	2351.64426867872	0.764835573132128	12	8	7	6	10	9	3	4	5	0	11	14	13	1	2	15		
		51.624837	-3.94495
		54.892406	-2.923222
		54.980766	-1.615849
		53.751959	-0.335941
		55.862982	-4.263554
		55.958426	-3.186893
		53.803895	-1.549931
		53.478239	-2.258549
		53.409532	-3.000126
		52.486125	-1.890507
		51.488224	-3.186893
		50.152266	-5.065556
		50.726024	-3.543949
		51.460852	-2.588139
		51.512161	-0.116215
		51.289406	1.075802
		
c	0 1 11 12 14 13 2 9 10 8 7 5 6 3 4 15	2452.26105391743	0.754773894608257	0	1	11	12	14	13	2	9	10	8	7	5	6	3	4	15		
		52.486125	-1.890507
		51.460852	-2.588139
		51.488224	-3.186893
		51.624837	-3.94495
		50.152266	-5.065556
		50.726024	-3.543949
		51.512161	-0.116215
		55.958426	-3.186893
		55.862982	-4.263554
		54.892406	-2.923222
		54.980766	-1.615849
		53.409532	-3.000126
		53.751959	-0.335941
		53.803895	-1.549931
		53.478239	-2.258549
		51.289406	1.075802
		
c	9 10 8 7 4 5 0 11 12 14 13 1 6 3 2 15	1982.40844264	0.801759155736	9	10	8	7	4	5	0	11	12	14	13	1	6	3	2	15		
		55.958426	-3.186893
		55.862982	-4.263554
		54.892406	-2.923222
		54.980766	-1.615849
		53.478239	-2.258549
		53.409532	-3.000126
		52.486125	-1.890507
		51.488224	-3.186893
		51.624837	-3.94495
		50.152266	-5.065556
		50.726024	-3.543949
		51.460852	-2.588139
		53.751959	-0.335941
		53.803895	-1.549931
		51.512161	-0.116215
		51.289406	1.075802
		
c	1 10 9 8 7 6 3 4 5 0 11 12 14 13 2 15	2093.3592975286	0.79066407024714	1	10	9	8	7	6	3	4	5	0	11	12	14	13	2	15		
		51.460852	-2.588139
		55.862982	-4.263554
		55.958426	-3.186893
		54.892406	-2.923222
		54.980766	-1.615849
		53.751959	-0.335941
		53.803895	-1.549931
		53.478239	-2.258549
		53.409532	-3.000126
		52.486125	-1.890507
		51.488224	-3.186893
		51.624837	-3.94495
		50.152266	-5.065556
		50.726024	-3.543949
		51.512161	-0.116215
		51.289406	1.075802
		
c	14 13 1 11 12 10 9 8 7 6 3 4 5 0 2 15	1794.73898103732	0.820526101896268	14	13	1	11	12	10	9	8	7	6	3	4	5	0	2	15		
		50.152266	-5.065556
		50.726024	-3.543949
		51.460852	-2.588139
		51.488224	-3.186893
		51.624837	-3.94495
		55.862982	-4.263554
		55.958426	-3.186893
		54.892406	-2.923222
		54.980766	-1.615849
		53.751959	-0.335941
		53.803895	-1.549931
		53.478239	-2.258549
		53.409532	-3.000126
		52.486125	-1.890507
		51.512161	-0.116215
		51.289406	1.075802
		
c	7 6 3 9 10 8 1 11 12 14 13 2 4 5 0 15	2428.22184776123	0.757177815223878	7	6	3	9	10	8	1	11	12	14	13	2	4	5	0	15		
		54.980766	-1.615849
		53.751959	-0.335941
		53.803895	-1.549931
		55.958426	-3.186893
		55.862982	-4.263554
		54.892406	-2.923222
		51.460852	-2.588139
		51.488224	-3.186893
		51.624837	-3.94495
		50.152266	-5.065556
		50.726024	-3.543949
		51.512161	-0.116215
		53.478239	-2.258549
		53.409532	-3.000126
		52.486125	-1.890507
		51.289406	1.075802
		
c	6 3 14 12 10 8 9 7 4 5 0 1 11 13 2 15	2552.4017718746	0.744759822812541	6	3	14	12	10	8	9	7	4	5	0	1	11	13	2	15		
		53.751959	-0.335941
		53.803895	-1.549931
		50.152266	-5.065556
		51.624837	-3.94495
		55.862982	-4.263554
		54.892406	-2.923222
		55.958426	-3.186893
		54.980766	-1.615849
		53.478239	-2.258549
		53.409532	-3.000126
		52.486125	-1.890507
		51.460852	-2.588139
		51.488224	-3.186893
		50.726024	-3.543949
		51.512161	-0.116215
		51.289406	1.075802
		
c	11 12 14 8 2 9 10 7 6 3 4 0 13 5 1 15	3410.7693054782	0.65892306945218	11	12	14	8	2	9	10	7	6	3	4	0	13	5	1	15		
		51.488224	-3.186893
		51.624837	-3.94495
		50.152266	-5.065556
		54.892406	-2.923222
		51.512161	-0.116215
		55.958426	-3.186893
		55.862982	-4.263554
		54.980766	-1.615849
		53.751959	-0.335941
		53.803895	-1.549931
		53.478239	-2.258549
		52.486125	-1.890507
		50.726024	-3.543949
		53.409532	-3.000126
		51.460852	-2.588139
		51.289406	1.075802
		
c	8 9 10 7 6 3 4 5 0 11 12 14 13 1 2 15	1723.32406762868	0.827667593237132	8	9	10	7	6	3	4	5	0	11	12	14	13	1	2	15		
		54.892406	-2.923222
		55.958426	-3.186893
		55.862982	-4.263554
		54.980766	-1.615849
		53.751959	-0.335941
		53.803895	-1.549931
		53.478239	-2.258549
		53.409532	-3.000126
		52.486125	-1.890507
		51.488224	-3.186893
		51.624837	-3.94495
		50.152266	-5.065556
		50.726024	-3.543949
		51.460852	-2.588139
		51.512161	-0.116215
		51.289406	1.075802
		
c	3 4 5 0 1 9 8 7 6 14 11 12 13 10 2 15	3311.12653472077	0.668887346527923	3	4	5	0	1	9	8	7	6	14	11	12	13	10	2	15		
		53.803895	-1.549931
		53.478239	-2.258549
		53.409532	-3.000126
		52.486125	-1.890507
		51.460852	-2.588139
		55.958426	-3.186893
		54.892406	-2.923222
		54.980766	-1.615849
		53.751959	-0.335941
		50.152266	-5.065556
		51.488224	-3.186893
		51.624837	-3.94495
		50.726024	-3.543949
		55.862982	-4.263554
		51.512161	-0.116215
		51.289406	1.075802
		
c	4 5 0 1 11 12 10 9 8 7 6 3 14 13 2 15	2317.63752817389	0.768236247182611	4	5	0	1	11	12	10	9	8	7	6	3	14	13	2	15		
		53.478239	-2.258549
		53.409532	-3.000126
		52.486125	-1.890507
		51.460852	-2.588139
		51.488224	-3.186893
		51.624837	-3.94495
		55.862982	-4.263554
		55.958426	-3.186893
		54.892406	-2.923222
		54.980766	-1.615849
		53.751959	-0.335941
		53.803895	-1.549931
		50.152266	-5.065556
		50.726024	-3.543949
		51.512161	-0.116215
		51.289406	1.075802
		
c	8 7 6 3 4 5 0 10 9 1 11 12 14 13 2 15	2279.00096899416	0.772099903100584	8	7	6	3	4	5	0	10	9	1	11	12	14	13	2	15		
		54.892406	-2.923222
		54.980766	-1.615849
		53.751959	-0.335941
		53.803895	-1.549931
		53.478239	-2.258549
		53.409532	-3.000126
		52.486125	-1.890507
		55.862982	-4.263554
		55.958426	-3.186893
		51.460852	-2.588139
		51.488224	-3.186893
		51.624837	-3.94495
		50.152266	-5.065556
		50.726024	-3.543949
		51.512161	-0.116215
		51.289406	1.075802
		
c	4 5 0 11 12 14 9 10 8 7 6 3 1 13 2 15	2457.691401085	0.7542308598915	4	5	0	11	12	14	9	10	8	7	6	3	1	13	2	15		
		53.478239	-2.258549
		53.409532	-3.000126
		52.486125	-1.890507
		51.488224	-3.186893
		51.624837	-3.94495
		50.152266	-5.065556
		55.958426	-3.186893
		55.862982	-4.263554
		54.892406	-2.923222
		54.980766	-1.615849
		53.751959	-0.335941
		53.803895	-1.549931
		51.460852	-2.588139
		50.726024	-3.543949
		51.512161	-0.116215
		51.289406	1.075802
		
c	3 4 5 7 6 0 1 11 9 10 8 12 14 13 2 15	2524.87237507704	0.747512762492296	3	4	5	7	6	0	1	11	9	10	8	12	14	13	2	15		
		53.803895	-1.549931
		53.478239	-2.258549
		53.409532	-3.000126
		54.980766	-1.615849
		53.751959	-0.335941
		52.486125	-1.890507
		51.460852	-2.588139
		51.488224	-3.186893
		55.958426	-3.186893
		55.862982	-4.263554
		54.892406	-2.923222
		51.624837	-3.94495
		50.152266	-5.065556
		50.726024	-3.543949
		51.512161	-0.116215
		51.289406	1.075802
		
c	14 12 10 8 9 7 6 3 4 5 0 1 11 13 2 15	2127.17517988486	0.787282482011514	14	12	10	8	9	7	6	3	4	5	0	1	11	13	2	15		
		50.152266	-5.065556
		51.624837	-3.94495
		55.862982	-4.263554
		54.892406	-2.923222
		55.958426	-3.186893
		54.980766	-1.615849
		53.751959	-0.335941
		53.803895	-1.549931
		53.478239	-2.258549
		53.409532	-3.000126
		52.486125	-1.890507
		51.460852	-2.588139
		51.488224	-3.186893
		50.726024	-3.543949
		51.512161	-0.116215
		51.289406	1.075802
		
c	11 12 14 9 10 8 7 6 3 4 5 0 13 1 2 15	2248.04710900943	0.775195289099057	11	12	14	9	10	8	7	6	3	4	5	0	13	1	2	15		
		51.488224	-3.186893
		51.624837	-3.94495
		50.152266	-5.065556
		55.958426	-3.186893
		55.862982	-4.263554
		54.892406	-2.923222
		54.980766	-1.615849
		53.751959	-0.335941
		53.803895	-1.549931
		53.478239	-2.258549
		53.409532	-3.000126
		52.486125	-1.890507
		50.726024	-3.543949
		51.460852	-2.588139
		51.512161	-0.116215
		51.289406	1.075802
		
c	12 4 5 0 11 14 13 1 2 9 10 8 7 6 3 15	2548.83016518205	0.745116983481795	12	4	5	0	11	14	13	1	2	9	10	8	7	6	3	15		
		51.624837	-3.94495
		53.478239	-2.258549
		53.409532	-3.000126
		52.486125	-1.890507
		51.488224	-3.186893
		50.152266	-5.065556
		50.726024	-3.543949
		51.460852	-2.588139
		51.512161	-0.116215
		55.958426	-3.186893
		55.862982	-4.263554
		54.892406	-2.923222
		54.980766	-1.615849
		53.751959	-0.335941
		53.803895	-1.549931
		51.289406	1.075802
		
c	4 5 0 9 8 3 11 12 14 13 1 10 7 6 2 15	2779.77327284434	0.722022672715566	4	5	0	9	8	3	11	12	14	13	1	10	7	6	2	15		
		53.478239	-2.258549
		53.409532	-3.000126
		52.486125	-1.890507
		55.958426	-3.186893
		54.892406	-2.923222
		53.803895	-1.549931
		51.488224	-3.186893
		51.624837	-3.94495
		50.152266	-5.065556
		50.726024	-3.543949
		51.460852	-2.588139
		55.862982	-4.263554
		54.980766	-1.615849
		53.751959	-0.335941
		51.512161	-0.116215
		51.289406	1.075802
		
c	12 10 8 9 7 6 3 14 1 4 5 0 11 13 2 15	2787.58071725836	0.721241928274164	12	10	8	9	7	6	3	14	1	4	5	0	11	13	2	15		
		51.624837	-3.94495
		55.862982	-4.263554
		54.892406	-2.923222
		55.958426	-3.186893
		54.980766	-1.615849
		53.751959	-0.335941
		53.803895	-1.549931
		50.152266	-5.065556
		51.460852	-2.588139
		53.478239	-2.258549
		53.409532	-3.000126
		52.486125	-1.890507
		51.488224	-3.186893
		50.726024	-3.543949
		51.512161	-0.116215
		51.289406	1.075802
		
c	10 9 8 3 4 5 7 6 0 1 11 12 14 13 2 15	1845.50331111365	0.815449668888635	10	9	8	3	4	5	7	6	0	1	11	12	14	13	2	15		
		55.862982	-4.263554
		55.958426	-3.186893
		54.892406	-2.923222
		53.803895	-1.549931
		53.478239	-2.258549
		53.409532	-3.000126
		54.980766	-1.615849
		53.751959	-0.335941
		52.486125	-1.890507
		51.460852	-2.588139
		51.488224	-3.186893
		51.624837	-3.94495
		50.152266	-5.065556
		50.726024	-3.543949
		51.512161	-0.116215
		51.289406	1.075802
		
c	10 9 8 7 6 3 5 0 11 12 13 4 14 1 2 15	2263.82283977711	0.773617716022289	10	9	8	7	6	3	5	0	11	12	13	4	14	1	2	15		
		55.862982	-4.263554
		55.958426	-3.186893
		54.892406	-2.923222
		54.980766	-1.615849
		53.751959	-0.335941
		53.803895	-1.549931
		53.409532	-3.000126
		52.486125	-1.890507
		51.488224	-3.186893
		51.624837	-3.94495
		50.726024	-3.543949
		53.478239	-2.258549
		50.152266	-5.065556
		51.460852	-2.588139
		51.512161	-0.116215
		51.289406	1.075802
		
c	14 13 1 9 10 8 7 5 11 6 4 0 2 3 12 15	3068.51704348882	0.693148295651118	14	13	1	9	10	8	7	5	11	6	4	0	2	3	12	15		
		50.152266	-5.065556
		50.726024	-3.543949
		51.460852	-2.588139
		55.958426	-3.186893
		55.862982	-4.263554
		54.892406	-2.923222
		54.980766	-1.615849
		53.409532	-3.000126
		51.488224	-3.186893
		53.751959	-0.335941
		53.478239	-2.258549
		52.486125	-1.890507
		51.512161	-0.116215
		53.803895	-1.549931
		51.624837	-3.94495
		51.289406	1.075802
		
c	8 3 4 5 7 6 0 1 11 12 14 13 2 9 10 15	2791.8127265875	0.72081872734125	8	3	4	5	7	6	0	1	11	12	14	13	2	9	10	15		
		54.892406	-2.923222
		53.803895	-1.549931
		53.478239	-2.258549
		53.409532	-3.000126
		54.980766	-1.615849
		53.751959	-0.335941
		52.486125	-1.890507
		51.460852	-2.588139
		51.488224	-3.186893
		51.624837	-3.94495
		50.152266	-5.065556
		50.726024	-3.543949
		51.512161	-0.116215
		55.958426	-3.186893
		55.862982	-4.263554
		51.289406	1.075802
		
c	3 5 11 12 14 13 1 2 10 9 8 7 6 4 0 15	2430.91685818725	0.756908314181275	3	5	11	12	14	13	1	2	10	9	8	7	6	4	0	15		
		53.803895	-1.549931
		53.409532	-3.000126
		51.488224	-3.186893
		51.624837	-3.94495
		50.152266	-5.065556
		50.726024	-3.543949
		51.460852	-2.588139
		51.512161	-0.116215
		55.862982	-4.263554
		55.958426	-3.186893
		54.892406	-2.923222
		54.980766	-1.615849
		53.751959	-0.335941
		53.478239	-2.258549
		52.486125	-1.890507
		51.289406	1.075802
		
c	4 14 1 10 9 8 7 6 3 5 0 11 12 13 2 15	2530.64913784741	0.746935086215259	4	14	1	10	9	8	7	6	3	5	0	11	12	13	2	15		
		53.478239	-2.258549
		50.152266	-5.065556
		51.460852	-2.588139
		55.862982	-4.263554
		55.958426	-3.186893
		54.892406	-2.923222
		54.980766	-1.615849
		53.751959	-0.335941
		53.803895	-1.549931
		53.409532	-3.000126
		52.486125	-1.890507
		51.488224	-3.186893
		51.624837	-3.94495
		50.726024	-3.543949
		51.512161	-0.116215
		51.289406	1.075802
		
c	10 8 7 6 3 9 4 5 0 11 12 14 13 1 2 15	2047.70082724844	0.795229917275156	10	8	7	6	3	9	4	5	0	11	12	14	13	1	2	15		
		55.862982	-4.263554
		54.892406	-2.923222
		54.980766	-1.615849
		53.751959	-0.335941
		53.803895	-1.549931
		55.958426	-3.186893
		53.478239	-2.258549
		53.409532	-3.000126
		52.486125	-1.890507
		51.488224	-3.186893
		51.624837	-3.94495
		50.152266	-5.065556
		50.726024	-3.543949
		51.460852	-2.588139
		51.512161	-0.116215
		51.289406	1.075802
		
c	12 14 10 9 8 7 6 3 4 5 0 1 11 13 2 15	2160.51318545517	0.783948681454483	12	14	10	9	8	7	6	3	4	5	0	1	11	13	2	15		
		51.624837	-3.94495
		50.152266	-5.065556
		55.862982	-4.263554
		55.958426	-3.186893
		54.892406	-2.923222
		54.980766	-1.615849
		53.751959	-0.335941
		53.803895	-1.549931
		53.478239	-2.258549
		53.409532	-3.000126
		52.486125	-1.890507
		51.460852	-2.588139
		51.488224	-3.186893
		50.726024	-3.543949
		51.512161	-0.116215
		51.289406	1.075802
		
c	0 12 14 13 11 8 2 9 10 7 6 3 4 5 1 15	2981.52852265191	0.701847147734809	0	12	14	13	11	8	2	9	10	7	6	3	4	5	1	15		
		52.486125	-1.890507
		51.624837	-3.94495
		50.152266	-5.065556
		50.726024	-3.543949
		51.488224	-3.186893
		54.892406	-2.923222
		51.512161	-0.116215
		55.958426	-3.186893
		55.862982	-4.263554
		54.980766	-1.615849
		53.751959	-0.335941
		53.803895	-1.549931
		53.478239	-2.258549
		53.409532	-3.000126
		51.460852	-2.588139
		51.289406	1.075802
		
c	10 9 7 6 3 4 5 0 1 8 11 12 14 13 2 15	2277.53996027517	0.772246003972483	10	9	7	6	3	4	5	0	1	8	11	12	14	13	2	15		
		55.862982	-4.263554
		55.958426	-3.186893
		54.980766	-1.615849
		53.751959	-0.335941
		53.803895	-1.549931
		53.478239	-2.258549
		53.409532	-3.000126
		52.486125	-1.890507
		51.460852	-2.588139
		54.892406	-2.923222
		51.488224	-3.186893
		51.624837	-3.94495
		50.152266	-5.065556
		50.726024	-3.543949
		51.512161	-0.116215
		51.289406	1.075802
		
c	13 9 8 7 6 3 4 5 0 14 11 12 1 10 2 15	3094.24881314609	0.690575118685391	13	9	8	7	6	3	4	5	0	14	11	12	1	10	2	15		
		50.726024	-3.543949
		55.958426	-3.186893
		54.892406	-2.923222
		54.980766	-1.615849
		53.751959	-0.335941
		53.803895	-1.549931
		53.478239	-2.258549
		53.409532	-3.000126
		52.486125	-1.890507
		50.152266	-5.065556
		51.488224	-3.186893
		51.624837	-3.94495
		51.460852	-2.588139
		55.862982	-4.263554
		51.512161	-0.116215
		51.289406	1.075802
		
c	9 10 8 7 4 5 6 3 1 0 11 12 14 13 2 15	2008.94953897929	0.799105046102071	9	10	8	7	4	5	6	3	1	0	11	12	14	13	2	15		
		55.958426	-3.186893
		55.862982	-4.263554
		54.892406	-2.923222
		54.980766	-1.615849
		53.478239	-2.258549
		53.409532	-3.000126
		53.751959	-0.335941
		53.803895	-1.549931
		51.460852	-2.588139
		52.486125	-1.890507
		51.488224	-3.186893
		51.624837	-3.94495
		50.152266	-5.065556
		50.726024	-3.543949
		51.512161	-0.116215
		51.289406	1.075802
		
c	8 1 10 9 7 6 3 4 5 0 11 12 14 13 2 15	2418.83788687584	0.758116211312416	8	1	10	9	7	6	3	4	5	0	11	12	14	13	2	15		
		54.892406	-2.923222
		51.460852	-2.588139
		55.862982	-4.263554
		55.958426	-3.186893
		54.980766	-1.615849
		53.751959	-0.335941
		53.803895	-1.549931
		53.478239	-2.258549
		53.409532	-3.000126
		52.486125	-1.890507
		51.488224	-3.186893
		51.624837	-3.94495
		50.152266	-5.065556
		50.726024	-3.543949
		51.512161	-0.116215
		51.289406	1.075802
		
c	12 14 13 2 9 8 7 6 3 4 5 0 11 1 10 15	3078.44811966024	0.692155188033976	12	14	13	2	9	8	7	6	3	4	5	0	11	1	10	15		
		51.624837	-3.94495
		50.152266	-5.065556
		50.726024	-3.543949
		51.512161	-0.116215
		55.958426	-3.186893
		54.892406	-2.923222
		54.980766	-1.615849
		53.751959	-0.335941
		53.803895	-1.549931
		53.478239	-2.258549
		53.409532	-3.000126
		52.486125	-1.890507
		51.488224	-3.186893
		51.460852	-2.588139
		55.862982	-4.263554
		51.289406	1.075802
		
c	12 14 13 2 10 8 7 4 5 6 9 3 0 11 1 15	2894.09085261223	0.710590914738777	12	14	13	2	10	8	7	4	5	6	9	3	0	11	1	15		
		51.624837	-3.94495
		50.152266	-5.065556
		50.726024	-3.543949
		51.512161	-0.116215
		55.862982	-4.263554
		54.892406	-2.923222
		54.980766	-1.615849
		53.478239	-2.258549
		53.409532	-3.000126
		53.751959	-0.335941
		55.958426	-3.186893
		53.803895	-1.549931
		52.486125	-1.890507
		51.488224	-3.186893
		51.460852	-2.588139
		51.289406	1.075802
		
c	13 1 10 2 9 8 7 4 5 6 3 0 11 12 14 15	3358.98399741845	0.664101600258155	13	1	10	2	9	8	7	4	5	6	3	0	11	12	14	15		
		50.726024	-3.543949
		51.460852	-2.588139
		55.862982	-4.263554
		51.512161	-0.116215
		55.958426	-3.186893
		54.892406	-2.923222
		54.980766	-1.615849
		53.478239	-2.258549
		53.409532	-3.000126
		53.751959	-0.335941
		53.803895	-1.549931
		52.486125	-1.890507
		51.488224	-3.186893
		51.624837	-3.94495
		50.152266	-5.065556
		51.289406	1.075802
		
c	14 13 3 4 5 0 12 8 7 6 10 9 11 1 2 15	2720.67896862106	0.727932103137894	14	13	3	4	5	0	12	8	7	6	10	9	11	1	2	15		
		50.152266	-5.065556
		50.726024	-3.543949
		53.803895	-1.549931
		53.478239	-2.258549
		53.409532	-3.000126
		52.486125	-1.890507
		51.624837	-3.94495
		54.892406	-2.923222
		54.980766	-1.615849
		53.751959	-0.335941
		55.862982	-4.263554
		55.958426	-3.186893
		51.488224	-3.186893
		51.460852	-2.588139
		51.512161	-0.116215
		51.289406	1.075802
		
c	3 6 4 5 0 12 14 13 11 1 2 9 10 8 7 15	2435.94209566078	0.756405790433922	3	6	4	5	0	12	14	13	11	1	2	9	10	8	7	15		
		53.803895	-1.549931
		53.751959	-0.335941
		53.478239	-2.258549
		53.409532	-3.000126
		52.486125	-1.890507
		51.624837	-3.94495
		50.152266	-5.065556
		50.726024	-3.543949
		51.488224	-3.186893
		51.460852	-2.588139
		51.512161	-0.116215
		55.958426	-3.186893
		55.862982	-4.263554
		54.892406	-2.923222
		54.980766	-1.615849
		51.289406	1.075802
		
c	14 13 4 5 10 8 7 6 9 3 0 11 12 1 2 15	2424.28112662358	0.757571887337642	14	13	4	5	10	8	7	6	9	3	0	11	12	1	2	15		
		50.152266	-5.065556
		50.726024	-3.543949
		53.478239	-2.258549
		53.409532	-3.000126
		55.862982	-4.263554
		54.892406	-2.923222
		54.980766	-1.615849
		53.751959	-0.335941
		55.958426	-3.186893
		53.803895	-1.549931
		52.486125	-1.890507
		51.488224	-3.186893
		51.624837	-3.94495
		51.460852	-2.588139
		51.512161	-0.116215
		51.289406	1.075802
		
c	5 12 14 13 1 6 0 11 3 4 9 10 8 7 2 15	2629.74793154272	0.737025206845728	5	12	14	13	1	6	0	11	3	4	9	10	8	7	2	15		
		53.409532	-3.000126
		51.624837	-3.94495
		50.152266	-5.065556
		50.726024	-3.543949
		51.460852	-2.588139
		53.751959	-0.335941
		52.486125	-1.890507
		51.488224	-3.186893
		53.803895	-1.549931
		53.478239	-2.258549
		55.958426	-3.186893
		55.862982	-4.263554
		54.892406	-2.923222
		54.980766	-1.615849
		51.512161	-0.116215
		51.289406	1.075802
		
c	7 6 3 4 0 12 14 9 10 8 5 1 11 13 2 15	2480.68422157741	0.751931577842259	7	6	3	4	0	12	14	9	10	8	5	1	11	13	2	15		
		54.980766	-1.615849
		53.751959	-0.335941
		53.803895	-1.549931
		53.478239	-2.258549
		52.486125	-1.890507
		51.624837	-3.94495
		50.152266	-5.065556
		55.958426	-3.186893
		55.862982	-4.263554
		54.892406	-2.923222
		53.409532	-3.000126
		51.460852	-2.588139
		51.488224	-3.186893
		50.726024	-3.543949
		51.512161	-0.116215
		51.289406	1.075802
		
c	5 6 3 0 1 11 12 10 9 8 2 7 4 14 13 15	3149.07097699857	0.685092902300143	5	6	3	0	1	11	12	10	9	8	2	7	4	14	13	15		
		53.409532	-3.000126
		53.751959	-0.335941
		53.803895	-1.549931
		52.486125	-1.890507
		51.460852	-2.588139
		51.488224	-3.186893
		51.624837	-3.94495
		55.862982	-4.263554
		55.958426	-3.186893
		54.892406	-2.923222
		51.512161	-0.116215
		54.980766	-1.615849
		53.478239	-2.258549
		50.152266	-5.065556
		50.726024	-3.543949
		51.289406	1.075802
		
c	4 0 14 13 9 10 8 7 6 3 5 1 11 12 2 15	2461.1985862429	0.75388014137571	4	0	14	13	9	10	8	7	6	3	5	1	11	12	2	15		
		53.478239	-2.258549
		52.486125	-1.890507
		50.152266	-5.065556
		50.726024	-3.543949
		55.958426	-3.186893
		55.862982	-4.263554
		54.892406	-2.923222
		54.980766	-1.615849
		53.751959	-0.335941
		53.803895	-1.549931
		53.409532	-3.000126
		51.460852	-2.588139
		51.488224	-3.186893
		51.624837	-3.94495
		51.512161	-0.116215
		51.289406	1.075802
		
c	1 11 14 13 2 6 12 5 9 10 8 7 3 4 0 15	2536.49977224691	0.746350022775309	1	11	14	13	2	6	12	5	9	10	8	7	3	4	0	15		
		51.460852	-2.588139
		51.488224	-3.186893
		50.152266	-5.065556
		50.726024	-3.543949
		51.512161	-0.116215
		53.751959	-0.335941
		51.624837	-3.94495
		53.409532	-3.000126
		55.958426	-3.186893
		55.862982	-4.263554
		54.892406	-2.923222
		54.980766	-1.615849
		53.803895	-1.549931
		53.478239	-2.258549
		52.486125	-1.890507
		51.289406	1.075802
		
c	3 4 5 6 11 12 14 13 1 8 7 10 9 0 2 15	2444.68329675766	0.755531670324234	3	4	5	6	11	12	14	13	1	8	7	10	9	0	2	15		
		53.803895	-1.549931
		53.478239	-2.258549
		53.409532	-3.000126
		53.751959	-0.335941
		51.488224	-3.186893
		51.624837	-3.94495
		50.152266	-5.065556
		50.726024	-3.543949
		51.460852	-2.588139
		54.892406	-2.923222
		54.980766	-1.615849
		55.862982	-4.263554
		55.958426	-3.186893
		52.486125	-1.890507
		51.512161	-0.116215
		51.289406	1.075802
		
c	13 1 8 7 6 10 9 3 4 5 0 11 14 12 2 15	2514.2894776511	0.74857105223489	13	1	8	7	6	10	9	3	4	5	0	11	14	12	2	15		
		50.726024	-3.543949
		51.460852	-2.588139
		54.892406	-2.923222
		54.980766	-1.615849
		53.751959	-0.335941
		55.862982	-4.263554
		55.958426	-3.186893
		53.803895	-1.549931
		53.478239	-2.258549
		53.409532	-3.000126
		52.486125	-1.890507
		51.488224	-3.186893
		50.152266	-5.065556
		51.624837	-3.94495
		51.512161	-0.116215
		51.289406	1.075802
		
c	6 3 4 10 9 8 5 7 0 1 11 12 14 13 2 15	2128.63906577607	0.787136093422393	6	3	4	10	9	8	5	7	0	1	11	12	14	13	2	15		
		53.751959	-0.335941
		53.803895	-1.549931
		53.478239	-2.258549
		55.862982	-4.263554
		55.958426	-3.186893
		54.892406	-2.923222
		53.409532	-3.000126
		54.980766	-1.615849
		52.486125	-1.890507
		51.460852	-2.588139
		51.488224	-3.186893
		51.624837	-3.94495
		50.152266	-5.065556
		50.726024	-3.543949
		51.512161	-0.116215
		51.289406	1.075802
		
c	4 0 12 14 13 10 9 8 7 3 6 5 11 1 2 15	2338.810936518	0.7661189063482	4	0	12	14	13	10	9	8	7	3	6	5	11	1	2	15		
		53.478239	-2.258549
		52.486125	-1.890507
		51.624837	-3.94495
		50.152266	-5.065556
		50.726024	-3.543949
		55.862982	-4.263554
		55.958426	-3.186893
		54.892406	-2.923222
		54.980766	-1.615849
		53.803895	-1.549931
		53.751959	-0.335941
		53.409532	-3.000126
		51.488224	-3.186893
		51.460852	-2.588139
		51.512161	-0.116215
		51.289406	1.075802
		
c	0 11 12 14 13 5 7 6 3 4 1 2 10 9 8 15	2920.5882931842	0.70794117068158	0	11	12	14	13	5	7	6	3	4	1	2	10	9	8	15		
		52.486125	-1.890507
		51.488224	-3.186893
		51.624837	-3.94495
		50.152266	-5.065556
		50.726024	-3.543949
		53.409532	-3.000126
		54.980766	-1.615849
		53.751959	-0.335941
		53.803895	-1.549931
		53.478239	-2.258549
		51.460852	-2.588139
		51.512161	-0.116215
		55.862982	-4.263554
		55.958426	-3.186893
		54.892406	-2.923222
		51.289406	1.075802
		
c	14 7 6 10 9 3 4 5 0 11 13 1 8 12 2 15	3093.01998085149	0.690698001914851	14	7	6	10	9	3	4	5	0	11	13	1	8	12	2	15		
		50.152266	-5.065556
		54.980766	-1.615849
		53.751959	-0.335941
		55.862982	-4.263554
		55.958426	-3.186893
		53.803895	-1.549931
		53.478239	-2.258549
		53.409532	-3.000126
		52.486125	-1.890507
		51.488224	-3.186893
		50.726024	-3.543949
		51.460852	-2.588139
		54.892406	-2.923222
		51.624837	-3.94495
		51.512161	-0.116215
		51.289406	1.075802
		
c	9 8 7 6 14 13 10 3 4 5 0 1 11 12 2 15	2670.78609000146	0.732921390999854	9	8	7	6	14	13	10	3	4	5	0	1	11	12	2	15		
		55.958426	-3.186893
		54.892406	-2.923222
		54.980766	-1.615849
		53.751959	-0.335941
		50.152266	-5.065556
		50.726024	-3.543949
		55.862982	-4.263554
		53.803895	-1.549931
		53.478239	-2.258549
		53.409532	-3.000126
		52.486125	-1.890507
		51.460852	-2.588139
		51.488224	-3.186893
		51.624837	-3.94495
		51.512161	-0.116215
		51.289406	1.075802
		
c	6 3 4 5 0 1 7 8 10 9 11 12 14 13 2 15	2324.54752784344	0.767545247215656	6	3	4	5	0	1	7	8	10	9	11	12	14	13	2	15		
		53.751959	-0.335941
		53.803895	-1.549931
		53.478239	-2.258549
		53.409532	-3.000126
		52.486125	-1.890507
		51.460852	-2.588139
		54.980766	-1.615849
		54.892406	-2.923222
		55.862982	-4.263554
		55.958426	-3.186893
		51.488224	-3.186893
		51.624837	-3.94495
		50.152266	-5.065556
		50.726024	-3.543949
		51.512161	-0.116215
		51.289406	1.075802
		
c	0 7 6 3 4 5 1 8 10 9 11 12 14 13 2 15	2631.87541364395	0.736812458635605	0	7	6	3	4	5	1	8	10	9	11	12	14	13	2	15		
		52.486125	-1.890507
		54.980766	-1.615849
		53.751959	-0.335941
		53.803895	-1.549931
		53.478239	-2.258549
		53.409532	-3.000126
		51.460852	-2.588139
		54.892406	-2.923222
		55.862982	-4.263554
		55.958426	-3.186893
		51.488224	-3.186893
		51.624837	-3.94495
		50.152266	-5.065556
		50.726024	-3.543949
		51.512161	-0.116215
		51.289406	1.075802
		
c	10 8 7 3 6 4 9 5 0 11 12 14 13 1 2 15	2121.76170675116	0.787823829324884	10	8	7	3	6	4	9	5	0	11	12	14	13	1	2	15		
		55.862982	-4.263554
		54.892406	-2.923222
		54.980766	-1.615849
		53.803895	-1.549931
		53.751959	-0.335941
		53.478239	-2.258549
		55.958426	-3.186893
		53.409532	-3.000126
		52.486125	-1.890507
		51.488224	-3.186893
		51.624837	-3.94495
		50.152266	-5.065556
		50.726024	-3.543949
		51.460852	-2.588139
		51.512161	-0.116215
		51.289406	1.075802
		
g193		1613.67648029291	0.838632351970709	0	10	9	8	7	6	3	4	5	0	11	12	14	13	1	2	15		
		55.862982	-4.263554
		55.958426	-3.186893
		54.892406	-2.923222
		54.980766	-1.615849
		53.751959	-0.335941
		53.803895	-1.549931
		53.478239	-2.258549
		53.409532	-3.000126
		52.486125	-1.890507
		51.488224	-3.186893
		51.624837	-3.94495
		50.152266	-5.065556
		50.726024	-3.543949
		51.460852	-2.588139
		51.512161	-0.116215
		51.289406	1.075802
		
g193		1614.70757855554	0.838529242144446	1	10	9	8	7	6	3	4	5	0	1	11	12	14	13	2	15		
		55.862982	-4.263554
		55.958426	-3.186893
		54.892406	-2.923222
		54.980766	-1.615849
		53.751959	-0.335941
		53.803895	-1.549931
		53.478239	-2.258549
		53.409532	-3.000126
		52.486125	-1.890507
		51.460852	-2.588139
		51.488224	-3.186893
		51.624837	-3.94495
		50.152266	-5.065556
		50.726024	-3.543949
		51.512161	-0.116215
		51.289406	1.075802
		
g193		1631.15131975355	0.836884868024645	2	9	10	8	7	6	3	4	5	0	11	12	14	13	1	2	15		
		55.958426	-3.186893
		55.862982	-4.263554
		54.892406	-2.923222
		54.980766	-1.615849
		53.751959	-0.335941
		53.803895	-1.549931
		53.478239	-2.258549
		53.409532	-3.000126
		52.486125	-1.890507
		51.488224	-3.186893
		51.624837	-3.94495
		50.152266	-5.065556
		50.726024	-3.543949
		51.460852	-2.588139
		51.512161	-0.116215
		51.289406	1.075802
		
g193		1632.18241801618	0.836781758198382	3	9	10	8	7	6	3	4	5	0	1	11	12	14	13	2	15		
		55.958426	-3.186893
		55.862982	-4.263554
		54.892406	-2.923222
		54.980766	-1.615849
		53.751959	-0.335941
		53.803895	-1.549931
		53.478239	-2.258549
		53.409532	-3.000126
		52.486125	-1.890507
		51.460852	-2.588139
		51.488224	-3.186893
		51.624837	-3.94495
		50.152266	-5.065556
		50.726024	-3.543949
		51.512161	-0.116215
		51.289406	1.075802
		
g193		1653.85291225383	0.834614708774617	4	10	9	8	7	3	6	4	5	0	12	14	13	11	1	2	15		
		55.862982	-4.263554
		55.958426	-3.186893
		54.892406	-2.923222
		54.980766	-1.615849
		53.803895	-1.549931
		53.751959	-0.335941
		53.478239	-2.258549
		53.409532	-3.000126
		52.486125	-1.890507
		51.624837	-3.94495
		50.152266	-5.065556
		50.726024	-3.543949
		51.488224	-3.186893
		51.460852	-2.588139
		51.512161	-0.116215
		51.289406	1.075802
		
g193		1656.09836620198	0.834390163379802	5	10	9	8	7	3	6	4	5	0	11	12	14	13	1	2	15		
		55.862982	-4.263554
		55.958426	-3.186893
		54.892406	-2.923222
		54.980766	-1.615849
		53.803895	-1.549931
		53.751959	-0.335941
		53.478239	-2.258549
		53.409532	-3.000126
		52.486125	-1.890507
		51.488224	-3.186893
		51.624837	-3.94495
		50.152266	-5.065556
		50.726024	-3.543949
		51.460852	-2.588139
		51.512161	-0.116215
		51.289406	1.075802
		
