c	7 9 10 8 0 11 12 15 6 3 5 4 1 14 13 2	2531.78639934402	0.746821360065598	7	9	10	8	0	11	12	15	6	3	5	4	1	14	13	2		
		54.980766	-1.615849
		55.958426	-3.186893
		55.862982	-4.263554
		54.892406	-2.923222
		52.486125	-1.890507
		51.488224	-3.186893
		51.624837	-3.94495
		51.289406	1.075802
		53.751959	-0.335941
		53.803895	-1.549931
		53.409532	-3.000126
		53.478239	-2.258549
		51.460852	-2.588139
		50.152266	-5.065556
		50.726024	-3.543949
		51.512161	-0.116215
		
c	10 8 5 1 11 12 14 13 2 3 6 7 9 4 0 15	2476.04457937452	0.752395542062548	10	8	5	1	11	12	14	13	2	3	6	7	9	4	0	15		
		55.862982	-4.263554
		54.892406	-2.923222
		53.409532	-3.000126
		51.460852	-2.588139
		51.488224	-3.186893
		51.624837	-3.94495
		50.152266	-5.065556
		50.726024	-3.543949
		51.512161	-0.116215
		53.803895	-1.549931
		53.751959	-0.335941
		54.980766	-1.615849
		55.958426	-3.186893
		53.478239	-2.258549
		52.486125	-1.890507
		51.289406	1.075802
		
c	5 4 3 6 7 8 0 9 10 1 11 12 14 13 2 15	2417.61832101986	0.758238167898014	5	4	3	6	7	8	0	9	10	1	11	12	14	13	2	15		
		53.409532	-3.000126
		53.478239	-2.258549
		53.803895	-1.549931
		53.751959	-0.335941
		54.980766	-1.615849
		54.892406	-2.923222
		52.486125	-1.890507
		55.958426	-3.186893
		55.862982	-4.263554
		51.460852	-2.588139
		51.488224	-3.186893
		51.624837	-3.94495
		50.152266	-5.065556
		50.726024	-3.543949
		51.512161	-0.116215
		51.289406	1.075802
		
c	10 8 5 3 4 6 7 0 1 11 12 14 13 2 15 9	2492.44946479032	0.750755053520968	10	8	5	3	4	6	7	0	1	11	12	14	13	2	15	9		
		55.862982	-4.263554
		54.892406	-2.923222
		53.409532	-3.000126
		53.803895	-1.549931
		53.478239	-2.258549
		53.751959	-0.335941
		54.980766	-1.615849
		52.486125	-1.890507
		51.460852	-2.588139
		51.488224	-3.186893
		51.624837	-3.94495
		50.152266	-5.065556
		50.726024	-3.543949
		51.512161	-0.116215
		51.289406	1.075802
		55.958426	-3.186893
		
c	7 9 10 3 8 5 4 0 1 11 12 14 13 6 2 15	2243.80550006496	0.775619449993504	7	9	10	3	8	5	4	0	1	11	12	14	13	6	2	15		
		54.980766	-1.615849
		55.958426	-3.186893
		55.862982	-4.263554
		53.803895	-1.549931
		54.892406	-2.923222
		53.409532	-3.000126
		53.478239	-2.258549
		52.486125	-1.890507
		51.460852	-2.588139
		51.488224	-3.186893
		51.624837	-3.94495
		50.152266	-5.065556
		50.726024	-3.543949
		53.751959	-0.335941
		51.512161	-0.116215
		51.289406	1.075802
		
c	2 15 5 6 3 4 0 7 10 9 8 1 11 12 14 13	2326.46583957536	0.767353416042464	2	15	5	6	3	4	0	7	10	9	8	1	11	12	14	13		
		51.512161	-0.116215
		51.289406	1.075802
		53.409532	-3.000126
		53.751959	-0.335941
		53.803895	-1.549931
		53.478239	-2.258549
		52.486125	-1.890507
		54.980766	-1.615849
		55.862982	-4.263554
		55.958426	-3.186893
		54.892406	-2.923222
		51.460852	-2.588139
		51.488224	-3.186893
		51.624837	-3.94495
		50.152266	-5.065556
		50.726024	-3.543949
		
c	14 13 6 7 10 9 8 3 4 5 0 1 11 12 2 15	2024.25849874109	0.797574150125891	14	13	6	7	10	9	8	3	4	5	0	1	11	12	2	15		
		50.152266	-5.065556
		50.726024	-3.543949
		53.751959	-0.335941
		54.980766	-1.615849
		55.862982	-4.263554
		55.958426	-3.186893
		54.892406	-2.923222
		53.803895	-1.549931
		53.478239	-2.258549
		53.409532	-3.000126
		52.486125	-1.890507
		51.460852	-2.588139
		51.488224	-3.186893
		51.624837	-3.94495
		51.512161	-0.116215
		51.289406	1.075802
		
c	9 10 7 8 5 6 3 4 0 1 11 12 14 13 2 15	1810.39749839634	0.818960250160366	9	10	7	8	5	6	3	4	0	1	11	12	14	13	2	15		
		55.958426	-3.186893
		55.862982	-4.263554
		54.980766	-1.615849
		54.892406	-2.923222
		53.409532	-3.000126
		53.751959	-0.335941
		53.803895	-1.549931
		53.478239	-2.258549
		52.486125	-1.890507
		51.460852	-2.588139
		51.488224	-3.186893
		51.624837	-3.94495
		50.152266	-5.065556
		50.726024	-3.543949
		51.512161	-0.116215
		51.289406	1.075802
		
c	12 14 13 7 6 8 9 10 3 4 5 0 1 11 2 15	2342.09373950134	0.765790626049866	12	14	13	7	6	8	9	10	3	4	5	0	1	11	2	15		
		51.624837	-3.94495
		50.152266	-5.065556
		50.726024	-3.543949
		54.980766	-1.615849
		53.751959	-0.335941
		54.892406	-2.923222
		55.958426	-3.186893
		55.862982	-4.263554
		53.803895	-1.549931
		53.478239	-2.258549
		53.409532	-3.000126
		52.486125	-1.890507
		51.460852	-2.588139
		51.488224	-3.186893
		51.512161	-0.116215
		51.289406	1.075802
		
c	5 6 3 9 10 8 7 4 0 1 11 12 14 13 2 15	1963.41876980288	0.803658123019712	5	6	3	9	10	8	7	4	0	1	11	12	14	13	2	15		
		53.409532	-3.000126
		53.751959	-0.335941
		53.803895	-1.549931
		55.958426	-3.186893
		55.862982	-4.263554
		54.892406	-2.923222
		54.980766	-1.615849
		53.478239	-2.258549
		52.486125	-1.890507
		51.460852	-2.588139
		51.488224	-3.186893
		51.624837	-3.94495
		50.152266	-5.065556
		50.726024	-3.543949
		51.512161	-0.116215
		51.289406	1.075802
		
c	9 10 8 5 4 0 1 11 12 14 2 13 3 6 7 15	2623.69700153001	0.737630299846999	9	10	8	5	4	0	1	11	12	14	2	13	3	6	7	15		
		55.958426	-3.186893
		55.862982	-4.263554
		54.892406	-2.923222
		53.409532	-3.000126
		53.478239	-2.258549
		52.486125	-1.890507
		51.460852	-2.588139
		51.488224	-3.186893
		51.624837	-3.94495
		50.152266	-5.065556
		51.512161	-0.116215
		50.726024	-3.543949
		53.803895	-1.549931
		53.751959	-0.335941
		54.980766	-1.615849
		51.289406	1.075802
		
c	7 6 3 4 0 1 11 12 14 8 5 13 9 10 2 15	3117.4282428015	0.68825717571985	7	6	3	4	0	1	11	12	14	8	5	13	9	10	2	15		
		54.980766	-1.615849
		53.751959	-0.335941
		53.803895	-1.549931
		53.478239	-2.258549
		52.486125	-1.890507
		51.460852	-2.588139
		51.488224	-3.186893
		51.624837	-3.94495
		50.152266	-5.065556
		54.892406	-2.923222
		53.409532	-3.000126
		50.726024	-3.543949
		55.958426	-3.186893
		55.862982	-4.263554
		51.512161	-0.116215
		51.289406	1.075802
		
c	14 13 5 4 3 6 7 9 10 8 2 0 1 11 12 15	2278.66686427075	0.772133313572925	14	13	5	4	3	6	7	9	10	8	2	0	1	11	12	15		
		50.152266	-5.065556
		50.726024	-3.543949
		53.409532	-3.000126
		53.478239	-2.258549
		53.803895	-1.549931
		53.751959	-0.335941
		54.980766	-1.615849
		55.958426	-3.186893
		55.862982	-4.263554
		54.892406	-2.923222
		51.512161	-0.116215
		52.486125	-1.890507
		51.460852	-2.588139
		51.488224	-3.186893
		51.624837	-3.94495
		51.289406	1.075802
		
c	12 14 6 3 7 9 10 8 5 0 1 11 4 2 15 13	2624.27317006763	0.737572682993237	12	14	6	3	7	9	10	8	5	0	1	11	4	2	15	13		
		51.624837	-3.94495
		50.152266	-5.065556
		53.751959	-0.335941
		53.803895	-1.549931
		54.980766	-1.615849
		55.958426	-3.186893
		55.862982	-4.263554
		54.892406	-2.923222
		53.409532	-3.000126
		52.486125	-1.890507
		51.460852	-2.588139
		51.488224	-3.186893
		53.478239	-2.258549
		51.512161	-0.116215
		51.289406	1.075802
		50.726024	-3.543949
		
c	4 0 1 11 6 3 7 9 10 8 5 2 15 12 14 13	2353.52923191303	0.764647076808697	4	0	1	11	6	3	7	9	10	8	5	2	15	12	14	13		
		53.478239	-2.258549
		52.486125	-1.890507
		51.460852	-2.588139
		51.488224	-3.186893
		53.751959	-0.335941
		53.803895	-1.549931
		54.980766	-1.615849
		55.958426	-3.186893
		55.862982	-4.263554
		54.892406	-2.923222
		53.409532	-3.000126
		51.512161	-0.116215
		51.289406	1.075802
		51.624837	-3.94495
		50.152266	-5.065556
		50.726024	-3.543949
		
c	7 9 10 8 5 4 0 1 11 12 6 14 13 2 3 15	2737.24556116917	0.726275443883083	7	9	10	8	5	4	0	1	11	12	6	14	13	2	3	15		
		54.980766	-1.615849
		55.958426	-3.186893
		55.862982	-4.263554
		54.892406	-2.923222
		53.409532	-3.000126
		53.478239	-2.258549
		52.486125	-1.890507
		51.460852	-2.588139
		51.488224	-3.186893
		51.624837	-3.94495
		53.751959	-0.335941
		50.152266	-5.065556
		50.726024	-3.543949
		51.512161	-0.116215
		53.803895	-1.549931
		51.289406	1.075802
		
c	1 11 12 14 9 10 8 5 4 3 6 7 0 13 2 15	2499.65242312125	0.750034757687875	1	11	12	14	9	10	8	5	4	3	6	7	0	13	2	15		
		51.460852	-2.588139
		51.488224	-3.186893
		51.624837	-3.94495
		50.152266	-5.065556
		55.958426	-3.186893
		55.862982	-4.263554
		54.892406	-2.923222
		53.409532	-3.000126
		53.478239	-2.258549
		53.803895	-1.549931
		53.751959	-0.335941
		54.980766	-1.615849
		52.486125	-1.890507
		50.726024	-3.543949
		51.512161	-0.116215
		51.289406	1.075802
		
c	11 12 14 13 1 6 7 9 10 8 5 3 4 0 2 15	1966.95687568384	0.803304312431616	11	12	14	13	1	6	7	9	10	8	5	3	4	0	2	15		
		51.488224	-3.186893
		51.624837	-3.94495
		50.152266	-5.065556
		50.726024	-3.543949
		51.460852	-2.588139
		53.751959	-0.335941
		54.980766	-1.615849
		55.958426	-3.186893
		55.862982	-4.263554
		54.892406	-2.923222
		53.409532	-3.000126
		53.803895	-1.549931
		53.478239	-2.258549
		52.486125	-1.890507
		51.512161	-0.116215
		51.289406	1.075802
		
c	7 0 1 11 6 9 10 8 5 3 4 12 14 13 2 15	2483.48663255186	0.751651336744814	7	0	1	11	6	9	10	8	5	3	4	12	14	13	2	15		
		54.980766	-1.615849
		52.486125	-1.890507
		51.460852	-2.588139
		51.488224	-3.186893
		53.751959	-0.335941
		55.958426	-3.186893
		55.862982	-4.263554
		54.892406	-2.923222
		53.409532	-3.000126
		53.803895	-1.549931
		53.478239	-2.258549
		51.624837	-3.94495
		50.152266	-5.065556
		50.726024	-3.543949
		51.512161	-0.116215
		51.289406	1.075802
		
c	10 7 9 8 5 6 3 4 0 1 11 12 14 13 2 15	1925.11433963128	0.807488566036872	10	7	9	8	5	6	3	4	0	1	11	12	14	13	2	15		
		55.862982	-4.263554
		54.980766	-1.615849
		55.958426	-3.186893
		54.892406	-2.923222
		53.409532	-3.000126
		53.751959	-0.335941
		53.803895	-1.549931
		53.478239	-2.258549
		52.486125	-1.890507
		51.460852	-2.588139
		51.488224	-3.186893
		51.624837	-3.94495
		50.152266	-5.065556
		50.726024	-3.543949
		51.512161	-0.116215
		51.289406	1.075802
		
c	1 6 7 9 10 8 5 4 3 0 11 12 14 13 2 15	2075.21057225932	0.792478942774068	1	6	7	9	10	8	5	4	3	0	11	12	14	13	2	15		
		51.460852	-2.588139
		53.751959	-0.335941
		54.980766	-1.615849
		55.958426	-3.186893
		55.862982	-4.263554
		54.892406	-2.923222
		53.409532	-3.000126
		53.478239	-2.258549
		53.803895	-1.549931
		52.486125	-1.890507
		51.488224	-3.186893
		51.624837	-3.94495
		50.152266	-5.065556
		50.726024	-3.543949
		51.512161	-0.116215
		51.289406	1.075802
		
c	14 15 6 3 7 10 9 8 5 4 0 1 11 12 13 2	2238.48414867337	0.776151585132663	14	15	6	3	7	10	9	8	5	4	0	1	11	12	13	2		
		50.152266	-5.065556
		51.289406	1.075802
		53.751959	-0.335941
		53.803895	-1.549931
		54.980766	-1.615849
		55.862982	-4.263554
		55.958426	-3.186893
		54.892406	-2.923222
		53.409532	-3.000126
		53.478239	-2.258549
		52.486125	-1.890507
		51.460852	-2.588139
		51.488224	-3.186893
		51.624837	-3.94495
		50.726024	-3.543949
		51.512161	-0.116215
		
c	4 12 6 7 9 10 8 5 3 0 11 1 14 13 2 15	2381.95100326827	0.761804899673173	4	12	6	7	9	10	8	5	3	0	11	1	14	13	2	15		
		53.478239	-2.258549
		51.624837	-3.94495
		53.751959	-0.335941
		54.980766	-1.615849
		55.958426	-3.186893
		55.862982	-4.263554
		54.892406	-2.923222
		53.409532	-3.000126
		53.803895	-1.549931
		52.486125	-1.890507
		51.488224	-3.186893
		51.460852	-2.588139
		50.152266	-5.065556
		50.726024	-3.543949
		51.512161	-0.116215
		51.289406	1.075802
		
c	1 11 12 14 13 2 4 3 6 7 9 10 8 15 5 0	2542.65008747959	0.745734991252041	1	11	12	14	13	2	4	3	6	7	9	10	8	15	5	0		
		51.460852	-2.588139
		51.488224	-3.186893
		51.624837	-3.94495
		50.152266	-5.065556
		50.726024	-3.543949
		51.512161	-0.116215
		53.478239	-2.258549
		53.803895	-1.549931
		53.751959	-0.335941
		54.980766	-1.615849
		55.958426	-3.186893
		55.862982	-4.263554
		54.892406	-2.923222
		51.289406	1.075802
		53.409532	-3.000126
		52.486125	-1.890507
		
c	3 4 5 0 6 1 11 12 14 13 7 9 10 8 2 15	2458.71697121444	0.754128302878556	3	4	5	0	6	1	11	12	14	13	7	9	10	8	2	15		
		53.803895	-1.549931
		53.478239	-2.258549
		53.409532	-3.000126
		52.486125	-1.890507
		53.751959	-0.335941
		51.460852	-2.588139
		51.488224	-3.186893
		51.624837	-3.94495
		50.152266	-5.065556
		50.726024	-3.543949
		54.980766	-1.615849
		55.958426	-3.186893
		55.862982	-4.263554
		54.892406	-2.923222
		51.512161	-0.116215
		51.289406	1.075802
		
c	3 7 9 10 8 5 4 0 1 11 12 14 13 6 2 15	2074.27715268087	0.792572284731913	3	7	9	10	8	5	4	0	1	11	12	14	13	6	2	15		
		53.803895	-1.549931
		54.980766	-1.615849
		55.958426	-3.186893
		55.862982	-4.263554
		54.892406	-2.923222
		53.409532	-3.000126
		53.478239	-2.258549
		52.486125	-1.890507
		51.460852	-2.588139
		51.488224	-3.186893
		51.624837	-3.94495
		50.152266	-5.065556
		50.726024	-3.543949
		53.751959	-0.335941
		51.512161	-0.116215
		51.289406	1.075802
		
c	9 10 8 5 4 0 1 11 2 3 6 7 12 14 13 15	2462.85904470155	0.753714095529845	9	10	8	5	4	0	1	11	2	3	6	7	12	14	13	15		
		55.958426	-3.186893
		55.862982	-4.263554
		54.892406	-2.923222
		53.409532	-3.000126
		53.478239	-2.258549
		52.486125	-1.890507
		51.460852	-2.588139
		51.488224	-3.186893
		51.512161	-0.116215
		53.803895	-1.549931
		53.751959	-0.335941
		54.980766	-1.615849
		51.624837	-3.94495
		50.152266	-5.065556
		50.726024	-3.543949
		51.289406	1.075802
		
c	0 2 4 3 6 7 9 10 8 5 1 11 12 14 13 15	2191.71836679992	0.780828163320008	0	2	4	3	6	7	9	10	8	5	1	11	12	14	13	15		
		52.486125	-1.890507
		51.512161	-0.116215
		53.478239	-2.258549
		53.803895	-1.549931
		53.751959	-0.335941
		54.980766	-1.615849
		55.958426	-3.186893
		55.862982	-4.263554
		54.892406	-2.923222
		53.409532	-3.000126
		51.460852	-2.588139
		51.488224	-3.186893
		51.624837	-3.94495
		50.152266	-5.065556
		50.726024	-3.543949
		51.289406	1.075802
		
c	7 3 6 9 10 8 4 5 0 1 11 12 14 13 2 15	1928.90280781792	0.807109719218208	7	3	6	9	10	8	4	5	0	1	11	12	14	13	2	15		
		54.980766	-1.615849
		53.803895	-1.549931
		53.751959	-0.335941
		55.958426	-3.186893
		55.862982	-4.263554
		54.892406	-2.923222
		53.478239	-2.258549
		53.409532	-3.000126
		52.486125	-1.890507
		51.460852	-2.588139
		51.488224	-3.186893
		51.624837	-3.94495
		50.152266	-5.065556
		50.726024	-3.543949
		51.512161	-0.116215
		51.289406	1.075802
		
c	6 7 9 10 8 5 3 4 0 1 11 12 14 13 2 15	1821.93638973953	0.817806361026047	6	7	9	10	8	5	3	4	0	1	11	12	14	13	2	15		
		53.751959	-0.335941
		54.980766	-1.615849
		55.958426	-3.186893
		55.862982	-4.263554
		54.892406	-2.923222
		53.409532	-3.000126
		53.803895	-1.549931
		53.478239	-2.258549
		52.486125	-1.890507
		51.460852	-2.588139
		51.488224	-3.186893
		51.624837	-3.94495
		50.152266	-5.065556
		50.726024	-3.543949
		51.512161	-0.116215
		51.289406	1.075802
		
c	5 9 10 8 3 4 6 7 0 1 11 12 14 13 2 15	2133.9542204422	0.78660457795578	5	9	10	8	3	4	6	7	0	1	11	12	14	13	2	15		
		53.409532	-3.000126
		55.958426	-3.186893
		55.862982	-4.263554
		54.892406	-2.923222
		53.803895	-1.549931
		53.478239	-2.258549
		53.751959	-0.335941
		54.980766	-1.615849
		52.486125	-1.890507
		51.460852	-2.588139
		51.488224	-3.186893
		51.624837	-3.94495
		50.152266	-5.065556
		50.726024	-3.543949
		51.512161	-0.116215
		51.289406	1.075802
		
c	7 9 10 8 4 5 6 3 0 1 11 12 14 13 2 15	1840.75111545514	0.815924888454486	7	9	10	8	4	5	6	3	0	1	11	12	14	13	2	15		
		54.980766	-1.615849
		55.958426	-3.186893
		55.862982	-4.263554
		54.892406	-2.923222
		53.478239	-2.258549
		53.409532	-3.000126
		53.751959	-0.335941
		53.803895	-1.549931
		52.486125	-1.890507
		51.460852	-2.588139
		51.488224	-3.186893
		51.624837	-3.94495
		50.152266	-5.065556
		50.726024	-3.543949
		51.512161	-0.116215
		51.289406	1.075802
		
c	9 3 6 7 8 4 5 0 1 11 12 14 13 10 2 15	2666.32015007921	0.733367984992079	9	3	6	7	8	4	5	0	1	11	12	14	13	10	2	15		
		55.958426	-3.186893
		53.803895	-1.549931
		53.751959	-0.335941
		54.980766	-1.615849
		54.892406	-2.923222
		53.478239	-2.258549
		53.409532	-3.000126
		52.486125	-1.890507
		51.460852	-2.588139
		51.488224	-3.186893
		51.624837	-3.94495
		50.152266	-5.065556
		50.726024	-3.543949
		55.862982	-4.263554
		51.512161	-0.116215
		51.289406	1.075802
		
c	5 6 3 4 0 7 10 9 8 1 11 12 14 13 2 15	2217.62967997856	0.778237032002144	5	6	3	4	0	7	10	9	8	1	11	12	14	13	2	15		
		53.409532	-3.000126
		53.751959	-0.335941
		53.803895	-1.549931
		53.478239	-2.258549
		52.486125	-1.890507
		54.980766	-1.615849
		55.862982	-4.263554
		55.958426	-3.186893
		54.892406	-2.923222
		51.460852	-2.588139
		51.488224	-3.186893
		51.624837	-3.94495
		50.152266	-5.065556
		50.726024	-3.543949
		51.512161	-0.116215
		51.289406	1.075802
		
c	1 11 12 14 13 3 6 7 9 10 8 5 4 0 2 15	1939.82177115653	0.806017822884348	1	11	12	14	13	3	6	7	9	10	8	5	4	0	2	15		
		51.460852	-2.588139
		51.488224	-3.186893
		51.624837	-3.94495
		50.152266	-5.065556
		50.726024	-3.543949
		53.803895	-1.549931
		53.751959	-0.335941
		54.980766	-1.615849
		55.958426	-3.186893
		55.862982	-4.263554
		54.892406	-2.923222
		53.409532	-3.000126
		53.478239	-2.258549
		52.486125	-1.890507
		51.512161	-0.116215
		51.289406	1.075802
		
c	4 3 6 7 10 9 8 5 0 1 11 12 14 13 2 15	1839.6150761142	0.81603849238858	4	3	6	7	10	9	8	5	0	1	11	12	14	13	2	15		
		53.478239	-2.258549
		53.803895	-1.549931
		53.751959	-0.335941
		54.980766	-1.615849
		55.862982	-4.263554
		55.958426	-3.186893
		54.892406	-2.923222
		53.409532	-3.000126
		52.486125	-1.890507
		51.460852	-2.588139
		51.488224	-3.186893
		51.624837	-3.94495
		50.152266	-5.065556
		50.726024	-3.543949
		51.512161	-0.116215
		51.289406	1.075802
		
c	13 5 4 3 6 7 8 9 10 0 1 11 12 14 2 15	2193.63924590311	0.780636075409689	13	5	4	3	6	7	8	9	10	0	1	11	12	14	2	15		
		50.726024	-3.543949
		53.409532	-3.000126
		53.478239	-2.258549
		53.803895	-1.549931
		53.751959	-0.335941
		54.980766	-1.615849
		54.892406	-2.923222
		55.958426	-3.186893
		55.862982	-4.263554
		52.486125	-1.890507
		51.460852	-2.588139
		51.488224	-3.186893
		51.624837	-3.94495
		50.152266	-5.065556
		51.512161	-0.116215
		51.289406	1.075802
		
c	4 6 7 9 10 8 5 3 0 1 11 12 14 13 2 15	1928.4905846397	0.80715094153603	4	6	7	9	10	8	5	3	0	1	11	12	14	13	2	15		
		53.478239	-2.258549
		53.751959	-0.335941
		54.980766	-1.615849
		55.958426	-3.186893
		55.862982	-4.263554
		54.892406	-2.923222
		53.409532	-3.000126
		53.803895	-1.549931
		52.486125	-1.890507
		51.460852	-2.588139
		51.488224	-3.186893
		51.624837	-3.94495
		50.152266	-5.065556
		50.726024	-3.543949
		51.512161	-0.116215
		51.289406	1.075802
		
c	12 14 13 2 9 10 7 8 5 6 3 4 0 1 11 15	2500.01286193929	0.749998713806071	12	14	13	2	9	10	7	8	5	6	3	4	0	1	11	15		
		51.624837	-3.94495
		50.152266	-5.065556
		50.726024	-3.543949
		51.512161	-0.116215
		55.958426	-3.186893
		55.862982	-4.263554
		54.980766	-1.615849
		54.892406	-2.923222
		53.409532	-3.000126
		53.751959	-0.335941
		53.803895	-1.549931
		53.478239	-2.258549
		52.486125	-1.890507
		51.460852	-2.588139
		51.488224	-3.186893
		51.289406	1.075802
		
c	5 10 7 6 3 4 9 8 0 1 11 12 14 13 2 15	2322.82332160002	0.767717667839998	5	10	7	6	3	4	9	8	0	1	11	12	14	13	2	15		
		53.409532	-3.000126
		55.862982	-4.263554
		54.980766	-1.615849
		53.751959	-0.335941
		53.803895	-1.549931
		53.478239	-2.258549
		55.958426	-3.186893
		54.892406	-2.923222
		52.486125	-1.890507
		51.460852	-2.588139
		51.488224	-3.186893
		51.624837	-3.94495
		50.152266	-5.065556
		50.726024	-3.543949
		51.512161	-0.116215
		51.289406	1.075802
		
c	11 12 14 13 2 6 0 1 5 4 3 7 9 10 8 15	2455.72828325676	0.754427171674324	11	12	14	13	2	6	0	1	5	4	3	7	9	10	8	15		
		51.488224	-3.186893
		51.624837	-3.94495
		50.152266	-5.065556
		50.726024	-3.543949
		51.512161	-0.116215
		53.751959	-0.335941
		52.486125	-1.890507
		51.460852	-2.588139
		53.409532	-3.000126
		53.478239	-2.258549
		53.803895	-1.549931
		54.980766	-1.615849
		55.958426	-3.186893
		55.862982	-4.263554
		54.892406	-2.923222
		51.289406	1.075802
		
c	11 5 4 3 6 12 0 2 15 7 9 10 8 1 14 13	2695.44934953029	0.730455065046971	11	5	4	3	6	12	0	2	15	7	9	10	8	1	14	13		
		51.488224	-3.186893
		53.409532	-3.000126
		53.478239	-2.258549
		53.803895	-1.549931
		53.751959	-0.335941
		51.624837	-3.94495
		52.486125	-1.890507
		51.512161	-0.116215
		51.289406	1.075802
		54.980766	-1.615849
		55.958426	-3.186893
		55.862982	-4.263554
		54.892406	-2.923222
		51.460852	-2.588139
		50.152266	-5.065556
		50.726024	-3.543949
		
c	12 14 13 2 8 6 7 10 3 9 5 4 0 1 11 15	3002.12818922645	0.699787181077355	12	14	13	2	8	6	7	10	3	9	5	4	0	1	11	15		
		51.624837	-3.94495
		50.152266	-5.065556
		50.726024	-3.543949
		51.512161	-0.116215
		54.892406	-2.923222
		53.751959	-0.335941
		54.980766	-1.615849
		55.862982	-4.263554
		53.803895	-1.549931
		55.958426	-3.186893
		53.409532	-3.000126
		53.478239	-2.258549
		52.486125	-1.890507
		51.460852	-2.588139
		51.488224	-3.186893
		51.289406	1.075802
		
c	5 6 3 1 11 12 14 13 7 9 10 8 4 0 2 15	2300.4646745003	0.76995353254997	5	6	3	1	11	12	14	13	7	9	10	8	4	0	2	15		
		53.409532	-3.000126
		53.751959	-0.335941
		53.803895	-1.549931
		51.460852	-2.588139
		51.488224	-3.186893
		51.624837	-3.94495
		50.152266	-5.065556
		50.726024	-3.543949
		54.980766	-1.615849
		55.958426	-3.186893
		55.862982	-4.263554
		54.892406	-2.923222
		53.478239	-2.258549
		52.486125	-1.890507
		51.512161	-0.116215
		51.289406	1.075802
		
c	11 12 14 5 4 3 1 13 2 6 7 10 9 8 0 15	2673.92620142131	0.732607379857869	11	12	14	5	4	3	1	13	2	6	7	10	9	8	0	15		
		51.488224	-3.186893
		51.624837	-3.94495
		50.152266	-5.065556
		53.409532	-3.000126
		53.478239	-2.258549
		53.803895	-1.549931
		51.460852	-2.588139
		50.726024	-3.543949
		51.512161	-0.116215
		53.751959	-0.335941
		54.980766	-1.615849
		55.862982	-4.263554
		55.958426	-3.186893
		54.892406	-2.923222
		52.486125	-1.890507
		51.289406	1.075802
		
c	13 3 6 7 9 10 8 5 4 0 1 11 12 14 2 15	2154.43990603423	0.784556009396577	13	3	6	7	9	10	8	5	4	0	1	11	12	14	2	15		
		50.726024	-3.543949
		53.803895	-1.549931
		53.751959	-0.335941
		54.980766	-1.615849
		55.958426	-3.186893
		55.862982	-4.263554
		54.892406	-2.923222
		53.409532	-3.000126
		53.478239	-2.258549
		52.486125	-1.890507
		51.460852	-2.588139
		51.488224	-3.186893
		51.624837	-3.94495
		50.152266	-5.065556
		51.512161	-0.116215
		51.289406	1.075802
		
c	12 15 6 7 9 10 8 5 3 4 0 1 11 14 13 2	2337.89628591424	0.766210371408576	12	15	6	7	9	10	8	5	3	4	0	1	11	14	13	2		
		51.624837	-3.94495
		51.289406	1.075802
		53.751959	-0.335941
		54.980766	-1.615849
		55.958426	-3.186893
		55.862982	-4.263554
		54.892406	-2.923222
		53.409532	-3.000126
		53.803895	-1.549931
		53.478239	-2.258549
		52.486125	-1.890507
		51.460852	-2.588139
		51.488224	-3.186893
		50.152266	-5.065556
		50.726024	-3.543949
		51.512161	-0.116215
		
c	8 5 4 0 1 11 12 14 13 3 6 7 9 10 2 15	2318.85207851303	0.768114792148697	8	5	4	0	1	11	12	14	13	3	6	7	9	10	2	15		
		54.892406	-2.923222
		53.409532	-3.000126
		53.478239	-2.258549
		52.486125	-1.890507
		51.460852	-2.588139
		51.488224	-3.186893
		51.624837	-3.94495
		50.152266	-5.065556
		50.726024	-3.543949
		53.803895	-1.549931
		53.751959	-0.335941
		54.980766	-1.615849
		55.958426	-3.186893
		55.862982	-4.263554
		51.512161	-0.116215
		51.289406	1.075802
		
c	10 8 5 4 3 0 1 11 12 14 13 6 7 9 2 15	2414.01727825765	0.758598272174235	10	8	5	4	3	0	1	11	12	14	13	6	7	9	2	15		
		55.862982	-4.263554
		54.892406	-2.923222
		53.409532	-3.000126
		53.478239	-2.258549
		53.803895	-1.549931
		52.486125	-1.890507
		51.460852	-2.588139
		51.488224	-3.186893
		51.624837	-3.94495
		50.152266	-5.065556
		50.726024	-3.543949
		53.751959	-0.335941
		54.980766	-1.615849
		55.958426	-3.186893
		51.512161	-0.116215
		51.289406	1.075802
		
c	13 5 10 9 8 6 3 4 0 1 11 12 14 2 15 7	2549.99716002481	0.745000283997519	13	5	10	9	8	6	3	4	0	1	11	12	14	2	15	7		
		50.726024	-3.543949
		53.409532	-3.000126
		55.862982	-4.263554
		55.958426	-3.186893
		54.892406	-2.923222
		53.751959	-0.335941
		53.803895	-1.549931
		53.478239	-2.258549
		52.486125	-1.890507
		51.460852	-2.588139
		51.488224	-3.186893
		51.624837	-3.94495
		50.152266	-5.065556
		51.512161	-0.116215
		51.289406	1.075802
		54.980766	-1.615849
		
c	13 15 6 7 9 10 8 5 3 4 0 1 11 12 14 2	2353.831032249	0.7646168967751	13	15	6	7	9	10	8	5	3	4	0	1	11	12	14	2		
		50.726024	-3.543949
		51.289406	1.075802
		53.751959	-0.335941
		54.980766	-1.615849
		55.958426	-3.186893
		55.862982	-4.263554
		54.892406	-2.923222
		53.409532	-3.000126
		53.803895	-1.549931
		53.478239	-2.258549
		52.486125	-1.890507
		51.460852	-2.588139
		51.488224	-3.186893
		51.624837	-3.94495
		50.152266	-5.065556
		51.512161	-0.116215
		
c	8 5 3 4 0 1 11 9 10 12 14 13 6 7 2 15	2996.68773305721	0.700331226694279	8	5	3	4	0	1	11	9	10	12	14	13	6	7	2	15		
		54.892406	-2.923222
		53.409532	-3.000126
		53.803895	-1.549931
		53.478239	-2.258549
		52.486125	-1.890507
		51.460852	-2.588139
		51.488224	-3.186893
		55.958426	-3.186893
		55.862982	-4.263554
		51.624837	-3.94495
		50.152266	-5.065556
		50.726024	-3.543949
		53.751959	-0.335941
		54.980766	-1.615849
		51.512161	-0.116215
		51.289406	1.075802
		
c	6 7 8 9 10 3 4 5 0 1 11 12 14 13 2 15	1822.1322815651	0.81778677184349	6	7	8	9	10	3	4	5	0	1	11	12	14	13	2	15		
		53.751959	-0.335941
		54.980766	-1.615849
		54.892406	-2.923222
		55.958426	-3.186893
		55.862982	-4.263554
		53.803895	-1.549931
		53.478239	-2.258549
		53.409532	-3.000126
		52.486125	-1.890507
		51.460852	-2.588139
		51.488224	-3.186893
		51.624837	-3.94495
		50.152266	-5.065556
		50.726024	-3.543949
		51.512161	-0.116215
		51.289406	1.075802
		
c	15 6 11 7 9 10 8 5 4 0 1 3 12 14 13 2	2934.79902589401	0.706520097410599	15	6	11	7	9	10	8	5	4	0	1	3	12	14	13	2		
		51.289406	1.075802
		53.751959	-0.335941
		51.488224	-3.186893
		54.980766	-1.615849
		55.958426	-3.186893
		55.862982	-4.263554
		54.892406	-2.923222
		53.409532	-3.000126
		53.478239	-2.258549
		52.486125	-1.890507
		51.460852	-2.588139
		53.803895	-1.549931
		51.624837	-3.94495
		50.152266	-5.065556
		50.726024	-3.543949
		51.512161	-0.116215
		
c	7 10 9 13 5 0 1 11 12 14 8 3 6 4 2 15	2928.65920409627	0.707134079590373	7	10	9	13	5	0	1	11	12	14	8	3	6	4	2	15		
		54.980766	-1.615849
		55.862982	-4.263554
		55.958426	-3.186893
		50.726024	-3.543949
		53.409532	-3.000126
		52.486125	-1.890507
		51.460852	-2.588139
		51.488224	-3.186893
		51.624837	-3.94495
		50.152266	-5.065556
		54.892406	-2.923222
		53.803895	-1.549931
		53.751959	-0.335941
		53.478239	-2.258549
		51.512161	-0.116215
		51.289406	1.075802
		
c	9 10 8 5 4 0 1 11 12 3 14 13 6 7 2 15	2686.36118531753	0.731363881468247	9	10	8	5	4	0	1	11	12	3	14	13	6	7	2	15		
		55.958426	-3.186893
		55.862982	-4.263554
		54.892406	-2.923222
		53.409532	-3.000126
		53.478239	-2.258549
		52.486125	-1.890507
		51.460852	-2.588139
		51.488224	-3.186893
		51.624837	-3.94495
		53.803895	-1.549931
		50.152266	-5.065556
		50.726024	-3.543949
		53.751959	-0.335941
		54.980766	-1.615849
		51.512161	-0.116215
		51.289406	1.075802
		
c	9 10 11 12 13 15 6 3 7 8 5 4 0 1 14 2	2689.16110063917	0.731083889936083	9	10	11	12	13	15	6	3	7	8	5	4	0	1	14	2		
		55.958426	-3.186893
		55.862982	-4.263554
		51.488224	-3.186893
		51.624837	-3.94495
		50.726024	-3.543949
		51.289406	1.075802
		53.751959	-0.335941
		53.803895	-1.549931
		54.980766	-1.615849
		54.892406	-2.923222
		53.409532	-3.000126
		53.478239	-2.258549
		52.486125	-1.890507
		51.460852	-2.588139
		50.152266	-5.065556
		51.512161	-0.116215
		
c	8 5 9 10 7 6 3 4 0 1 11 12 14 13 2 15	1989.86744342366	0.801013255657634	8	5	9	10	7	6	3	4	0	1	11	12	14	13	2	15		
		54.892406	-2.923222
		53.409532	-3.000126
		55.958426	-3.186893
		55.862982	-4.263554
		54.980766	-1.615849
		53.751959	-0.335941
		53.803895	-1.549931
		53.478239	-2.258549
		52.486125	-1.890507
		51.460852	-2.588139
		51.488224	-3.186893
		51.624837	-3.94495
		50.152266	-5.065556
		50.726024	-3.543949
		51.512161	-0.116215
		51.289406	1.075802
		
c	5 14 13 1 4 3 6 7 9 10 8 0 11 12 2 15	2320.17559597895	0.767982440402105	5	14	13	1	4	3	6	7	9	10	8	0	11	12	2	15		
		53.409532	-3.000126
		50.152266	-5.065556
		50.726024	-3.543949
		51.460852	-2.588139
		53.478239	-2.258549
		53.803895	-1.549931
		53.751959	-0.335941
		54.980766	-1.615849
		55.958426	-3.186893
		55.862982	-4.263554
		54.892406	-2.923222
		52.486125	-1.890507
		51.488224	-3.186893
		51.624837	-3.94495
		51.512161	-0.116215
		51.289406	1.075802
		
c	7 6 9 10 3 8 5 4 0 1 11 12 14 13 2 15	2166.42753213432	0.783357246786568	7	6	9	10	3	8	5	4	0	1	11	12	14	13	2	15		
		54.980766	-1.615849
		53.751959	-0.335941
		55.958426	-3.186893
		55.862982	-4.263554
		53.803895	-1.549931
		54.892406	-2.923222
		53.409532	-3.000126
		53.478239	-2.258549
		52.486125	-1.890507
		51.460852	-2.588139
		51.488224	-3.186893
		51.624837	-3.94495
		50.152266	-5.065556
		50.726024	-3.543949
		51.512161	-0.116215
		51.289406	1.075802
		
c	4 3 6 7 9 10 8 2 5 0 1 11 12 14 13 15	2340.82966589044	0.765917033410956	4	3	6	7	9	10	8	2	5	0	1	11	12	14	13	15		
		53.478239	-2.258549
		53.803895	-1.549931
		53.751959	-0.335941
		54.980766	-1.615849
		55.958426	-3.186893
		55.862982	-4.263554
		54.892406	-2.923222
		51.512161	-0.116215
		53.409532	-3.000126
		52.486125	-1.890507
		51.460852	-2.588139
		51.488224	-3.186893
		51.624837	-3.94495
		50.152266	-5.065556
		50.726024	-3.543949
		51.289406	1.075802
		
c	14 13 0 3 6 7 10 9 8 4 5 1 11 12 2 15	1999.86803806406	0.800013196193594	14	13	0	3	6	7	10	9	8	4	5	1	11	12	2	15		
		50.152266	-5.065556
		50.726024	-3.543949
		52.486125	-1.890507
		53.803895	-1.549931
		53.751959	-0.335941
		54.980766	-1.615849
		55.862982	-4.263554
		55.958426	-3.186893
		54.892406	-2.923222
		53.478239	-2.258549
		53.409532	-3.000126
		51.460852	-2.588139
		51.488224	-3.186893
		51.624837	-3.94495
		51.512161	-0.116215
		51.289406	1.075802
		
c	9 10 8 5 3 4 6 7 0 1 11 12 14 13 2 15	1970.25183483896	0.802974816516104	9	10	8	5	3	4	6	7	0	1	11	12	14	13	2	15		
		55.958426	-3.186893
		55.862982	-4.263554
		54.892406	-2.923222
		53.409532	-3.000126
		53.803895	-1.549931
		53.478239	-2.258549
		53.751959	-0.335941
		54.980766	-1.615849
		52.486125	-1.890507
		51.460852	-2.588139
		51.488224	-3.186893
		51.624837	-3.94495
		50.152266	-5.065556
		50.726024	-3.543949
		51.512161	-0.116215
		51.289406	1.075802
		
c	8 5 4 3 0 1 11 12 6 7 9 10 14 13 2 15	2459.29988516258	0.754070011483742	8	5	4	3	0	1	11	12	6	7	9	10	14	13	2	15		
		54.892406	-2.923222
		53.409532	-3.000126
		53.478239	-2.258549
		53.803895	-1.549931
		52.486125	-1.890507
		51.460852	-2.588139
		51.488224	-3.186893
		51.624837	-3.94495
		53.751959	-0.335941
		54.980766	-1.615849
		55.958426	-3.186893
		55.862982	-4.263554
		50.152266	-5.065556
		50.726024	-3.543949
		51.512161	-0.116215
		51.289406	1.075802
		
c	12 13 15 6 3 7 10 9 8 0 1 11 14 2 4 5	2646.16200186941	0.735383799813059	12	13	15	6	3	7	10	9	8	0	1	11	14	2	4	5		
		51.624837	-3.94495
		50.726024	-3.543949
		51.289406	1.075802
		53.751959	-0.335941
		53.803895	-1.549931
		54.980766	-1.615849
		55.862982	-4.263554
		55.958426	-3.186893
		54.892406	-2.923222
		52.486125	-1.890507
		51.460852	-2.588139
		51.488224	-3.186893
		50.152266	-5.065556
		51.512161	-0.116215
		53.478239	-2.258549
		53.409532	-3.000126
		
c	0 1 11 12 14 13 2 9 10 8 5 3 4 6 7 15	2587.81931835508	0.741218068164492	0	1	11	12	14	13	2	9	10	8	5	3	4	6	7	15		
		52.486125	-1.890507
		51.460852	-2.588139
		51.488224	-3.186893
		51.624837	-3.94495
		50.152266	-5.065556
		50.726024	-3.543949
		51.512161	-0.116215
		55.958426	-3.186893
		55.862982	-4.263554
		54.892406	-2.923222
		53.409532	-3.000126
		53.803895	-1.549931
		53.478239	-2.258549
		53.751959	-0.335941
		54.980766	-1.615849
		51.289406	1.075802
		
c	10 8 0 1 11 12 14 13 15 6 3 7 9 5 4 2	2512.67363249716	0.748732636750284	10	8	0	1	11	12	14	13	15	6	3	7	9	5	4	2		
		55.862982	-4.263554
		54.892406	-2.923222
		52.486125	-1.890507
		51.460852	-2.588139
		51.488224	-3.186893
		51.624837	-3.94495
		50.152266	-5.065556
		50.726024	-3.543949
		51.289406	1.075802
		53.751959	-0.335941
		53.803895	-1.549931
		54.980766	-1.615849
		55.958426	-3.186893
		53.409532	-3.000126
		53.478239	-2.258549
		51.512161	-0.116215
		
c	7 8 0 9 10 1 11 12 6 5 4 3 14 13 2 15	2987.2770703612	0.70127229296388	7	8	0	9	10	1	11	12	6	5	4	3	14	13	2	15		
		54.980766	-1.615849
		54.892406	-2.923222
		52.486125	-1.890507
		55.958426	-3.186893
		55.862982	-4.263554
		51.460852	-2.588139
		51.488224	-3.186893
		51.624837	-3.94495
		53.751959	-0.335941
		53.409532	-3.000126
		53.478239	-2.258549
		53.803895	-1.549931
		50.152266	-5.065556
		50.726024	-3.543949
		51.512161	-0.116215
		51.289406	1.075802
		
c	8 3 4 5 0 7 9 10 6 1 11 12 14 13 2 15	2263.50397657891	0.773649602342109	8	3	4	5	0	7	9	10	6	1	11	12	14	13	2	15		
		54.892406	-2.923222
		53.803895	-1.549931
		53.478239	-2.258549
		53.409532	-3.000126
		52.486125	-1.890507
		54.980766	-1.615849
		55.958426	-3.186893
		55.862982	-4.263554
		53.751959	-0.335941
		51.460852	-2.588139
		51.488224	-3.186893
		51.624837	-3.94495
		50.152266	-5.065556
		50.726024	-3.543949
		51.512161	-0.116215
		51.289406	1.075802
		
c	1 11 9 10 8 5 12 14 13 2 6 4 3 7 0 15	2769.84648510629	0.723015351489371	1	11	9	10	8	5	12	14	13	2	6	4	3	7	0	15		
		51.460852	-2.588139
		51.488224	-3.186893
		55.958426	-3.186893
		55.862982	-4.263554
		54.892406	-2.923222
		53.409532	-3.000126
		51.624837	-3.94495
		50.152266	-5.065556
		50.726024	-3.543949
		51.512161	-0.116215
		53.751959	-0.335941
		53.478239	-2.258549
		53.803895	-1.549931
		54.980766	-1.615849
		52.486125	-1.890507
		51.289406	1.075802
		
c	0 3 6 7 10 9 8 4 5 1 11 12 14 13 2 15	1944.71260599429	0.805528739400571	0	3	6	7	10	9	8	4	5	1	11	12	14	13	2	15		
		52.486125	-1.890507
		53.803895	-1.549931
		53.751959	-0.335941
		54.980766	-1.615849
		55.862982	-4.263554
		55.958426	-3.186893
		54.892406	-2.923222
		53.478239	-2.258549
		53.409532	-3.000126
		51.460852	-2.588139
		51.488224	-3.186893
		51.624837	-3.94495
		50.152266	-5.065556
		50.726024	-3.543949
		51.512161	-0.116215
		51.289406	1.075802
		
c	3 4 9 10 7 8 5 6 0 1 11 12 14 13 2 15	2074.38133789659	0.792561866210341	3	4	9	10	7	8	5	6	0	1	11	12	14	13	2	15		
		53.803895	-1.549931
		53.478239	-2.258549
		55.958426	-3.186893
		55.862982	-4.263554
		54.980766	-1.615849
		54.892406	-2.923222
		53.409532	-3.000126
		53.751959	-0.335941
		52.486125	-1.890507
		51.460852	-2.588139
		51.488224	-3.186893
		51.624837	-3.94495
		50.152266	-5.065556
		50.726024	-3.543949
		51.512161	-0.116215
		51.289406	1.075802
		
c	11 12 13 15 6 3 7 10 9 8 5 4 0 1 14 2	2426.92985945273	0.757307014054727	11	12	13	15	6	3	7	10	9	8	5	4	0	1	14	2		
		51.488224	-3.186893
		51.624837	-3.94495
		50.726024	-3.543949
		51.289406	1.075802
		53.751959	-0.335941
		53.803895	-1.549931
		54.980766	-1.615849
		55.862982	-4.263554
		55.958426	-3.186893
		54.892406	-2.923222
		53.409532	-3.000126
		53.478239	-2.258549
		52.486125	-1.890507
		51.460852	-2.588139
		50.152266	-5.065556
		51.512161	-0.116215
		
c	2 6 3 7 10 9 5 8 4 0 1 11 12 14 13 15	2302.62724115162	0.769737275884838	2	6	3	7	10	9	5	8	4	0	1	11	12	14	13	15		
		51.512161	-0.116215
		53.751959	-0.335941
		53.803895	-1.549931
		54.980766	-1.615849
		55.862982	-4.263554
		55.958426	-3.186893
		53.409532	-3.000126
		54.892406	-2.923222
		53.478239	-2.258549
		52.486125	-1.890507
		51.460852	-2.588139
		51.488224	-3.186893
		51.624837	-3.94495
		50.152266	-5.065556
		50.726024	-3.543949
		51.289406	1.075802
		
c	6 3 9 8 7 10 4 5 0 1 11 12 14 13 2 15	2077.84543838467	0.792215456161533	6	3	9	8	7	10	4	5	0	1	11	12	14	13	2	15		
		53.751959	-0.335941
		53.803895	-1.549931
		55.958426	-3.186893
		54.892406	-2.923222
		54.980766	-1.615849
		55.862982	-4.263554
		53.478239	-2.258549
		53.409532	-3.000126
		52.486125	-1.890507
		51.460852	-2.588139
		51.488224	-3.186893
		51.624837	-3.94495
		50.152266	-5.065556
		50.726024	-3.543949
		51.512161	-0.116215
		51.289406	1.075802
		
c	3 6 7 10 9 5 8 4 0 1 11 12 14 13 2 15	2093.84858381477	0.790615141618523	3	6	7	10	9	5	8	4	0	1	11	12	14	13	2	15		
		53.803895	-1.549931
		53.751959	-0.335941
		54.980766	-1.615849
		55.862982	-4.263554
		55.958426	-3.186893
		53.409532	-3.000126
		54.892406	-2.923222
		53.478239	-2.258549
		52.486125	-1.890507
		51.460852	-2.588139
		51.488224	-3.186893
		51.624837	-3.94495
		50.152266	-5.065556
		50.726024	-3.543949
		51.512161	-0.116215
		51.289406	1.075802
		
c	9 8 5 10 7 6 3 4 0 1 11 12 14 13 2 15	2042.6105670392	0.79573894329608	9	8	5	10	7	6	3	4	0	1	11	12	14	13	2	15		
		55.958426	-3.186893
		54.892406	-2.923222
		53.409532	-3.000126
		55.862982	-4.263554
		54.980766	-1.615849
		53.751959	-0.335941
		53.803895	-1.549931
		53.478239	-2.258549
		52.486125	-1.890507
		51.460852	-2.588139
		51.488224	-3.186893
		51.624837	-3.94495
		50.152266	-5.065556
		50.726024	-3.543949
		51.512161	-0.116215
		51.289406	1.075802
		
c	4 3 6 7 9 8 5 11 12 14 13 1 10 0 2 15	2568.2914168857	0.74317085831143	4	3	6	7	9	8	5	11	12	14	13	1	10	0	2	15		
		53.478239	-2.258549
		53.803895	-1.549931
		53.751959	-0.335941
		54.980766	-1.615849
		55.958426	-3.186893
		54.892406	-2.923222
		53.409532	-3.000126
		51.488224	-3.186893
		51.624837	-3.94495
		50.152266	-5.065556
		50.726024	-3.543949
		51.460852	-2.588139
		55.862982	-4.263554
		52.486125	-1.890507
		51.512161	-0.116215
		51.289406	1.075802
		
c	9 10 8 5 12 14 4 3 6 7 0 1 11 13 2 15	2348.67016644297	0.765132983355703	9	10	8	5	12	14	4	3	6	7	0	1	11	13	2	15		
		55.958426	-3.186893
		55.862982	-4.263554
		54.892406	-2.923222
		53.409532	-3.000126
		51.624837	-3.94495
		50.152266	-5.065556
		53.478239	-2.258549
		53.803895	-1.549931
		53.751959	-0.335941
		54.980766	-1.615849
		52.486125	-1.890507
		51.460852	-2.588139
		51.488224	-3.186893
		50.726024	-3.543949
		51.512161	-0.116215
		51.289406	1.075802
		
c	0 1 11 12 14 13 2 6 7 8 9 10 3 4 5 15	2222.06579870683	0.777793420129317	0	1	11	12	14	13	2	6	7	8	9	10	3	4	5	15		
		52.486125	-1.890507
		51.460852	-2.588139
		51.488224	-3.186893
		51.624837	-3.94495
		50.152266	-5.065556
		50.726024	-3.543949
		51.512161	-0.116215
		53.751959	-0.335941
		54.980766	-1.615849
		54.892406	-2.923222
		55.958426	-3.186893
		55.862982	-4.263554
		53.803895	-1.549931
		53.478239	-2.258549
		53.409532	-3.000126
		51.289406	1.075802
		
c	14 13 9 10 8 7 5 6 3 4 0 1 11 12 2 15	2196.29265246281	0.780370734753719	14	13	9	10	8	7	5	6	3	4	0	1	11	12	2	15		
		50.152266	-5.065556
		50.726024	-3.543949
		55.958426	-3.186893
		55.862982	-4.263554
		54.892406	-2.923222
		54.980766	-1.615849
		53.409532	-3.000126
		53.751959	-0.335941
		53.803895	-1.549931
		53.478239	-2.258549
		52.486125	-1.890507
		51.460852	-2.588139
		51.488224	-3.186893
		51.624837	-3.94495
		51.512161	-0.116215
		51.289406	1.075802
		
c	13 2 15 6 7 9 10 8 5 3 4 0 1 11 12 14	1986.69999328589	0.801330000671411	13	2	15	6	7	9	10	8	5	3	4	0	1	11	12	14		
		50.726024	-3.543949
		51.512161	-0.116215
		51.289406	1.075802
		53.751959	-0.335941
		54.980766	-1.615849
		55.958426	-3.186893
		55.862982	-4.263554
		54.892406	-2.923222
		53.409532	-3.000126
		53.803895	-1.549931
		53.478239	-2.258549
		52.486125	-1.890507
		51.460852	-2.588139
		51.488224	-3.186893
		51.624837	-3.94495
		50.152266	-5.065556
		
c	7 9 6 3 10 8 5 4 0 1 11 12 14 13 2 15	2152.63047864565	0.784736952135435	7	9	6	3	10	8	5	4	0	1	11	12	14	13	2	15		
		54.980766	-1.615849
		55.958426	-3.186893
		53.751959	-0.335941
		53.803895	-1.549931
		55.862982	-4.263554
		54.892406	-2.923222
		53.409532	-3.000126
		53.478239	-2.258549
		52.486125	-1.890507
		51.460852	-2.588139
		51.488224	-3.186893
		51.624837	-3.94495
		50.152266	-5.065556
		50.726024	-3.543949
		51.512161	-0.116215
		51.289406	1.075802
		
c	9 10 5 6 3 7 8 4 0 1 11 12 14 13 2 15	1971.266963753	0.8028733036247	9	10	5	6	3	7	8	4	0	1	11	12	14	13	2	15		
		55.958426	-3.186893
		55.862982	-4.263554
		53.409532	-3.000126
		53.751959	-0.335941
		53.803895	-1.549931
		54.980766	-1.615849
		54.892406	-2.923222
		53.478239	-2.258549
		52.486125	-1.890507
		51.460852	-2.588139
		51.488224	-3.186893
		51.624837	-3.94495
		50.152266	-5.065556
		50.726024	-3.543949
		51.512161	-0.116215
		51.289406	1.075802
		
c	10 9 5 8 4 0 6 7 3 1 11 12 14 13 2 15	2272.08374010337	0.772791625989663	10	9	5	8	4	0	6	7	3	1	11	12	14	13	2	15		
		55.862982	-4.263554
		55.958426	-3.186893
		53.409532	-3.000126
		54.892406	-2.923222
		53.478239	-2.258549
		52.486125	-1.890507
		53.751959	-0.335941
		54.980766	-1.615849
		53.803895	-1.549931
		51.460852	-2.588139
		51.488224	-3.186893
		51.624837	-3.94495
		50.152266	-5.065556
		50.726024	-3.543949
		51.512161	-0.116215
		51.289406	1.075802
		
c	4 3 6 7 9 10 5 14 13 1 8 0 11 12 2 15	2624.45281591015	0.737554718408985	4	3	6	7	9	10	5	14	13	1	8	0	11	12	2	15		
		53.478239	-2.258549
		53.803895	-1.549931
		53.751959	-0.335941
		54.980766	-1.615849
		55.958426	-3.186893
		55.862982	-4.263554
		53.409532	-3.000126
		50.152266	-5.065556
		50.726024	-3.543949
		51.460852	-2.588139
		54.892406	-2.923222
		52.486125	-1.890507
		51.488224	-3.186893
		51.624837	-3.94495
		51.512161	-0.116215
		51.289406	1.075802
		
c	10 3 9 5 4 0 6 7 8 1 11 12 14 13 2 15	2540.2404213648	0.74597595786352	10	3	9	5	4	0	6	7	8	1	11	12	14	13	2	15		
		55.862982	-4.263554
		53.803895	-1.549931
		55.958426	-3.186893
		53.409532	-3.000126
		53.478239	-2.258549
		52.486125	-1.890507
		53.751959	-0.335941
		54.980766	-1.615849
		54.892406	-2.923222
		51.460852	-2.588139
		51.488224	-3.186893
		51.624837	-3.94495
		50.152266	-5.065556
		50.726024	-3.543949
		51.512161	-0.116215
		51.289406	1.075802
		
c	4 3 6 7 9 10 1 11 0 2 8 5 12 14 13 15	2791.23031286412	0.720876968713588	4	3	6	7	9	10	1	11	0	2	8	5	12	14	13	15		
		53.478239	-2.258549
		53.803895	-1.549931
		53.751959	-0.335941
		54.980766	-1.615849
		55.958426	-3.186893
		55.862982	-4.263554
		51.460852	-2.588139
		51.488224	-3.186893
		52.486125	-1.890507
		51.512161	-0.116215
		54.892406	-2.923222
		53.409532	-3.000126
		51.624837	-3.94495
		50.152266	-5.065556
		50.726024	-3.543949
		51.289406	1.075802
		
c	15 6 7 9 10 8 5 3 4 0 1 11 12 14 13 2	2025.60573949547	0.797439426050453	15	6	7	9	10	8	5	3	4	0	1	11	12	14	13	2		
		51.289406	1.075802
		53.751959	-0.335941
		54.980766	-1.615849
		55.958426	-3.186893
		55.862982	-4.263554
		54.892406	-2.923222
		53.409532	-3.000126
		53.803895	-1.549931
		53.478239	-2.258549
		52.486125	-1.890507
		51.460852	-2.588139
		51.488224	-3.186893
		51.624837	-3.94495
		50.152266	-5.065556
		50.726024	-3.543949
		51.512161	-0.116215
		
c	11 14 13 6 3 7 9 10 8 5 0 4 1 12 2 15	2365.03361642565	0.763496638357435	11	14	13	6	3	7	9	10	8	5	0	4	1	12	2	15		
		51.488224	-3.186893
		50.152266	-5.065556
		50.726024	-3.543949
		53.751959	-0.335941
		53.803895	-1.549931
		54.980766	-1.615849
		55.958426	-3.186893
		55.862982	-4.263554
		54.892406	-2.923222
		53.409532	-3.000126
		52.486125	-1.890507
		53.478239	-2.258549
		51.460852	-2.588139
		51.624837	-3.94495
		51.512161	-0.116215
		51.289406	1.075802
		
c	3 11 12 14 13 1 6 7 9 10 8 5 4 0 2 15	2132.46951737044	0.786753048262956	3	11	12	14	13	1	6	7	9	10	8	5	4	0	2	15		
		53.803895	-1.549931
		51.488224	-3.186893
		51.624837	-3.94495
		50.152266	-5.065556
		50.726024	-3.543949
		51.460852	-2.588139
		53.751959	-0.335941
		54.980766	-1.615849
		55.958426	-3.186893
		55.862982	-4.263554
		54.892406	-2.923222
		53.409532	-3.000126
		53.478239	-2.258549
		52.486125	-1.890507
		51.512161	-0.116215
		51.289406	1.075802
		
c	15 9 3 6 7 8 4 5 0 1 11 12 14 13 10 2	3170.13159997137	0.682986840002863	15	9	3	6	7	8	4	5	0	1	11	12	14	13	10	2		
		51.289406	1.075802
		55.958426	-3.186893
		53.803895	-1.549931
		53.751959	-0.335941
		54.980766	-1.615849
		54.892406	-2.923222
		53.478239	-2.258549
		53.409532	-3.000126
		52.486125	-1.890507
		51.460852	-2.588139
		51.488224	-3.186893
		51.624837	-3.94495
		50.152266	-5.065556
		50.726024	-3.543949
		55.862982	-4.263554
		51.512161	-0.116215
		
c	13 4 0 1 11 6 3 7 9 10 8 5 2 15 12 14	2546.66591745398	0.745333408254602	13	4	0	1	11	6	3	7	9	10	8	5	2	15	12	14		
		50.726024	-3.543949
		53.478239	-2.258549
		52.486125	-1.890507
		51.460852	-2.588139
		51.488224	-3.186893
		53.751959	-0.335941
		53.803895	-1.549931
		54.980766	-1.615849
		55.958426	-3.186893
		55.862982	-4.263554
		54.892406	-2.923222
		53.409532	-3.000126
		51.512161	-0.116215
		51.289406	1.075802
		51.624837	-3.94495
		50.152266	-5.065556
		
c	7 8 5 4 3 6 9 10 0 1 11 12 14 13 2 15	2085.05989763869	0.791494010236131	7	8	5	4	3	6	9	10	0	1	11	12	14	13	2	15		
		54.980766	-1.615849
		54.892406	-2.923222
		53.409532	-3.000126
		53.478239	-2.258549
		53.803895	-1.549931
		53.751959	-0.335941
		55.958426	-3.186893
		55.862982	-4.263554
		52.486125	-1.890507
		51.460852	-2.588139
		51.488224	-3.186893
		51.624837	-3.94495
		50.152266	-5.065556
		50.726024	-3.543949
		51.512161	-0.116215
		51.289406	1.075802
		
g69		1758.37881581719	0.824162118418281	0	6	3	7	9	10	8	5	4	0	1	11	12	14	13	2	15		
		53.751959	-0.335941
		53.803895	-1.549931
		54.980766	-1.615849
		55.958426	-3.186893
		55.862982	-4.263554
		54.892406	-2.923222
		53.409532	-3.000126
		53.478239	-2.258549
		52.486125	-1.890507
		51.460852	-2.588139
		51.488224	-3.186893
		51.624837	-3.94495
		50.152266	-5.065556
		50.726024	-3.543949
		51.512161	-0.116215
		51.289406	1.075802
		
g69		1785.41447966156	0.821458552033844	1	9	10	8	7	5	6	3	4	0	1	11	12	14	13	2	15		
		55.958426	-3.186893
		55.862982	-4.263554
		54.892406	-2.923222
		54.980766	-1.615849
		53.409532	-3.000126
		53.751959	-0.335941
		53.803895	-1.549931
		53.478239	-2.258549
		52.486125	-1.890507
		51.460852	-2.588139
		51.488224	-3.186893
		51.624837	-3.94495
		50.152266	-5.065556
		50.726024	-3.543949
		51.512161	-0.116215
		51.289406	1.075802
		
g69		1794.61235065558	0.820538764934442	2	6	7	10	9	8	3	4	5	0	1	11	12	14	13	2	15		
		53.751959	-0.335941
		54.980766	-1.615849
		55.862982	-4.263554
		55.958426	-3.186893
		54.892406	-2.923222
		53.803895	-1.549931
		53.478239	-2.258549
		53.409532	-3.000126
		52.486125	-1.890507
		51.460852	-2.588139
		51.488224	-3.186893
		51.624837	-3.94495
		50.152266	-5.065556
		50.726024	-3.543949
		51.512161	-0.116215
		51.289406	1.075802
		
g69		1799.11680105574	0.820088319894426	3	3	6	7	9	10	8	4	5	0	1	11	12	14	13	2	15		
		53.803895	-1.549931
		53.751959	-0.335941
		54.980766	-1.615849
		55.958426	-3.186893
		55.862982	-4.263554
		54.892406	-2.923222
		53.478239	-2.258549
		53.409532	-3.000126
		52.486125	-1.890507
		51.460852	-2.588139
		51.488224	-3.186893
		51.624837	-3.94495
		50.152266	-5.065556
		50.726024	-3.543949
		51.512161	-0.116215
		51.289406	1.075802
		
g69		1801.63983787112	0.819836016212888	4	6	7	9	10	8	5	4	3	0	1	11	12	14	13	2	15		
		53.751959	-0.335941
		54.980766	-1.615849
		55.958426	-3.186893
		55.862982	-4.263554
		54.892406	-2.923222
		53.409532	-3.000126
		53.478239	-2.258549
		53.803895	-1.549931
		52.486125	-1.890507
		51.460852	-2.588139
		51.488224	-3.186893
		51.624837	-3.94495
		50.152266	-5.065556
		50.726024	-3.543949
		51.512161	-0.116215
		51.289406	1.075802
		
g69		1810.39557088752	0.818960442911248	5	4	3	6	7	9	10	8	5	0	1	11	12	14	13	2	15		
		53.478239	-2.258549
		53.803895	-1.549931
		53.751959	-0.335941
		54.980766	-1.615849
		55.958426	-3.186893
		55.862982	-4.263554
		54.892406	-2.923222
		53.409532	-3.000126
		52.486125	-1.890507
		51.460852	-2.588139
		51.488224	-3.186893
		51.624837	-3.94495
		50.152266	-5.065556
		50.726024	-3.543949
		51.512161	-0.116215
		51.289406	1.075802
		
