c	11 10 9 8 7 6 3 4 5 0 12 14 13 1 2 15	2078.59074479735	0.792140925520265	11	10	9	8	7	6	3	4	5	0	12	14	13	1	2	15		
		51.488224	-3.186893
		55.862982	-4.263554
		55.958426	-3.186893
		54.892406	-2.923222
		54.980766	-1.615849
		53.751959	-0.335941
		53.803895	-1.549931
		53.478239	-2.258549
		53.409532	-3.000126
		52.486125	-1.890507
		51.624837	-3.94495
		50.152266	-5.065556
		50.726024	-3.543949
		51.460852	-2.588139
		51.512161	-0.116215
		51.289406	1.075802
		
c	9 8 7 6 3 4 5 0 1 14 13 11 12 10 2 15	2411.12885832367	0.758887114167633	9	8	7	6	3	4	5	0	1	14	13	11	12	10	2	15		
		55.958426	-3.186893
		54.892406	-2.923222
		54.980766	-1.615849
		53.751959	-0.335941
		53.803895	-1.549931
		53.478239	-2.258549
		53.409532	-3.000126
		52.486125	-1.890507
		51.460852	-2.588139
		50.152266	-5.065556
		50.726024	-3.543949
		51.488224	-3.186893
		51.624837	-3.94495
		55.862982	-4.263554
		51.512161	-0.116215
		51.289406	1.075802
		
c	12 14 13 10 9 8 3 6 4 5 0 1 11 2 7 15	2828.81527170092	0.717118472829908	12	14	13	10	9	8	3	6	4	5	0	1	11	2	7	15		
		51.624837	-3.94495
		50.152266	-5.065556
		50.726024	-3.543949
		55.862982	-4.263554
		55.958426	-3.186893
		54.892406	-2.923222
		53.803895	-1.549931
		53.751959	-0.335941
		53.478239	-2.258549
		53.409532	-3.000126
		52.486125	-1.890507
		51.460852	-2.588139
		51.488224	-3.186893
		51.512161	-0.116215
		54.980766	-1.615849
		51.289406	1.075802
		
c	10 8 7 6 3 4 5 9 1 13 0 11 12 14 2 15	2530.8451532164	0.74691548467836	10	8	7	6	3	4	5	9	1	13	0	11	12	14	2	15		
		55.862982	-4.263554
		54.892406	-2.923222
		54.980766	-1.615849
		53.751959	-0.335941
		53.803895	-1.549931
		53.478239	-2.258549
		53.409532	-3.000126
		55.958426	-3.186893
		51.460852	-2.588139
		50.726024	-3.543949
		52.486125	-1.890507
		51.488224	-3.186893
		51.624837	-3.94495
		50.152266	-5.065556
		51.512161	-0.116215
		51.289406	1.075802
		
c	14 13 5 1 11 12 10 9 8 7 3 6 4 0 2 15	2187.39392676116	0.781260607323884	14	13	5	1	11	12	10	9	8	7	3	6	4	0	2	15		
		50.152266	-5.065556
		50.726024	-3.543949
		53.409532	-3.000126
		51.460852	-2.588139
		51.488224	-3.186893
		51.624837	-3.94495
		55.862982	-4.263554
		55.958426	-3.186893
		54.892406	-2.923222
		54.980766	-1.615849
		53.803895	-1.549931
		53.751959	-0.335941
		53.478239	-2.258549
		52.486125	-1.890507
		51.512161	-0.116215
		51.289406	1.075802
		
c	4 7 3 5 0 11 12 14 13 1 2 8 10 9 6 15	2535.94981638267	0.746405018361733	4	7	3	5	0	11	12	14	13	1	2	8	10	9	6	15		
		53.478239	-2.258549
		54.980766	-1.615849
		53.803895	-1.549931
		53.409532	-3.000126
		52.486125	-1.890507
		51.488224	-3.186893
		51.624837	-3.94495
		50.152266	-5.065556
		50.726024	-3.543949
		51.460852	-2.588139
		51.512161	-0.116215
		54.892406	-2.923222
		55.862982	-4.263554
		55.958426	-3.186893
		53.751959	-0.335941
		51.289406	1.075802
		
c	5 0 1 11 12 9 10 8 7 3 6 4 14 13 2 15	2344.76665022018	0.765523334977982	5	0	1	11	12	9	10	8	7	3	6	4	14	13	2	15		
		53.409532	-3.000126
		52.486125	-1.890507
		51.460852	-2.588139
		51.488224	-3.186893
		51.624837	-3.94495
		55.958426	-3.186893
		55.862982	-4.263554
		54.892406	-2.923222
		54.980766	-1.615849
		53.803895	-1.549931
		53.751959	-0.335941
		53.478239	-2.258549
		50.152266	-5.065556
		50.726024	-3.543949
		51.512161	-0.116215
		51.289406	1.075802
		
c	5 0 11 12 14 10 9 6 8 7 3 4 1 13 2 15	2672.32529466344	0.732767470533656	5	0	11	12	14	10	9	6	8	7	3	4	1	13	2	15		
		53.409532	-3.000126
		52.486125	-1.890507
		51.488224	-3.186893
		51.624837	-3.94495
		50.152266	-5.065556
		55.862982	-4.263554
		55.958426	-3.186893
		53.751959	-0.335941
		54.892406	-2.923222
		54.980766	-1.615849
		53.803895	-1.549931
		53.478239	-2.258549
		51.460852	-2.588139
		50.726024	-3.543949
		51.512161	-0.116215
		51.289406	1.075802
		
c	9 8 3 7 4 5 0 1 10 6 11 12 14 13 2 15	2738.20933454334	0.726179066545666	9	8	3	7	4	5	0	1	10	6	11	12	14	13	2	15		
		55.958426	-3.186893
		54.892406	-2.923222
		53.803895	-1.549931
		54.980766	-1.615849
		53.478239	-2.258549
		53.409532	-3.000126
		52.486125	-1.890507
		51.460852	-2.588139
		55.862982	-4.263554
		53.751959	-0.335941
		51.488224	-3.186893
		51.624837	-3.94495
		50.152266	-5.065556
		50.726024	-3.543949
		51.512161	-0.116215
		51.289406	1.075802
		
c	11 12 14 10 9 8 7 3 6 4 5 0 13 1 2 15	2252.60246870722	0.774739753129278	11	12	14	10	9	8	7	3	6	4	5	0	13	1	2	15		
		51.488224	-3.186893
		51.624837	-3.94495
		50.152266	-5.065556
		55.862982	-4.263554
		55.958426	-3.186893
		54.892406	-2.923222
		54.980766	-1.615849
		53.803895	-1.549931
		53.751959	-0.335941
		53.478239	-2.258549
		53.409532	-3.000126
		52.486125	-1.890507
		50.726024	-3.543949
		51.460852	-2.588139
		51.512161	-0.116215
		51.289406	1.075802
		
c	7 3 6 4 5 0 1 11 12 10 9 8 14 13 2 15	2409.71500873299	0.759028499126701	7	3	6	4	5	0	1	11	12	10	9	8	14	13	2	15		
		54.980766	-1.615849
		53.803895	-1.549931
		53.751959	-0.335941
		53.478239	-2.258549
		53.409532	-3.000126
		52.486125	-1.890507
		51.460852	-2.588139
		51.488224	-3.186893
		51.624837	-3.94495
		55.862982	-4.263554
		55.958426	-3.186893
		54.892406	-2.923222
		50.152266	-5.065556
		50.726024	-3.543949
		51.512161	-0.116215
		51.289406	1.075802
		
c	11 5 0 2 7 10 9 8 3 6 4 1 12 14 13 15	2600.90885065487	0.739909114934513	11	5	0	2	7	10	9	8	3	6	4	1	12	14	13	15		
		51.488224	-3.186893
		53.409532	-3.000126
		52.486125	-1.890507
		51.512161	-0.116215
		54.980766	-1.615849
		55.862982	-4.263554
		55.958426	-3.186893
		54.892406	-2.923222
		53.803895	-1.549931
		53.751959	-0.335941
		53.478239	-2.258549
		51.460852	-2.588139
		51.624837	-3.94495
		50.152266	-5.065556
		50.726024	-3.543949
		51.289406	1.075802
		
c	6 5 8 4 0 1 11 12 14 13 2 10 9 3 7 15	2865.87806973349	0.713412193026651	6	5	8	4	0	1	11	12	14	13	2	10	9	3	7	15		
		53.751959	-0.335941
		53.409532	-3.000126
		54.892406	-2.923222
		53.478239	-2.258549
		52.486125	-1.890507
		51.460852	-2.588139
		51.488224	-3.186893
		51.624837	-3.94495
		50.152266	-5.065556
		50.726024	-3.543949
		51.512161	-0.116215
		55.862982	-4.263554
		55.958426	-3.186893
		53.803895	-1.549931
		54.980766	-1.615849
		51.289406	1.075802
		
c	11 3 6 10 8 7 9 4 0 2 5 1 12 14 13 15	2868.02347968164	0.713197652031836	11	3	6	10	8	7	9	4	0	2	5	1	12	14	13	15		
		51.488224	-3.186893
		53.803895	-1.549931
		53.751959	-0.335941
		55.862982	-4.263554
		54.892406	-2.923222
		54.980766	-1.615849
		55.958426	-3.186893
		53.478239	-2.258549
		52.486125	-1.890507
		51.512161	-0.116215
		53.409532	-3.000126
		51.460852	-2.588139
		51.624837	-3.94495
		50.152266	-5.065556
		50.726024	-3.543949
		51.289406	1.075802
		
c	5 0 1 10 6 8 7 3 11 9 4 12 14 13 2 15	3464.25747058389	0.653574252941611	5	0	1	10	6	8	7	3	11	9	4	12	14	13	2	15		
		53.409532	-3.000126
		52.486125	-1.890507
		51.460852	-2.588139
		55.862982	-4.263554
		53.751959	-0.335941
		54.892406	-2.923222
		54.980766	-1.615849
		53.803895	-1.549931
		51.488224	-3.186893
		55.958426	-3.186893
		53.478239	-2.258549
		51.624837	-3.94495
		50.152266	-5.065556
		50.726024	-3.543949
		51.512161	-0.116215
		51.289406	1.075802
		
c	4 5 11 10 9 8 7 3 6 0 1 12 14 13 2 15	2279.82682906234	0.772017317093766	4	5	11	10	9	8	7	3	6	0	1	12	14	13	2	15		
		53.478239	-2.258549
		53.409532	-3.000126
		51.488224	-3.186893
		55.862982	-4.263554
		55.958426	-3.186893
		54.892406	-2.923222
		54.980766	-1.615849
		53.803895	-1.549931
		53.751959	-0.335941
		52.486125	-1.890507
		51.460852	-2.588139
		51.624837	-3.94495
		50.152266	-5.065556
		50.726024	-3.543949
		51.512161	-0.116215
		51.289406	1.075802
		
c	5 0 1 11 12 4 10 9 8 7 3 6 14 13 2 15	2340.52941341382	0.765947058658618	5	0	1	11	12	4	10	9	8	7	3	6	14	13	2	15		
		53.409532	-3.000126
		52.486125	-1.890507
		51.460852	-2.588139
		51.488224	-3.186893
		51.624837	-3.94495
		53.478239	-2.258549
		55.862982	-4.263554
		55.958426	-3.186893
		54.892406	-2.923222
		54.980766	-1.615849
		53.803895	-1.549931
		53.751959	-0.335941
		50.152266	-5.065556
		50.726024	-3.543949
		51.512161	-0.116215
		51.289406	1.075802
		
c	12 14 13 1 10 9 8 7 3 0 6 4 5 11 2 15	2332.89227152138	0.766710772847862	12	14	13	1	10	9	8	7	3	0	6	4	5	11	2	15		
		51.624837	-3.94495
		50.152266	-5.065556
		50.726024	-3.543949
		51.460852	-2.588139
		55.862982	-4.263554
		55.958426	-3.186893
		54.892406	-2.923222
		54.980766	-1.615849
		53.803895	-1.549931
		52.486125	-1.890507
		53.751959	-0.335941
		53.478239	-2.258549
		53.409532	-3.000126
		51.488224	-3.186893
		51.512161	-0.116215
		51.289406	1.075802
		
c	14 8 9 10 7 6 3 0 1 11 12 4 5 13 2 15	2462.69913840585	0.753730086159415	14	8	9	10	7	6	3	0	1	11	12	4	5	13	2	15		
		50.152266	-5.065556
		54.892406	-2.923222
		55.958426	-3.186893
		55.862982	-4.263554
		54.980766	-1.615849
		53.751959	-0.335941
		53.803895	-1.549931
		52.486125	-1.890507
		51.460852	-2.588139
		51.488224	-3.186893
		51.624837	-3.94495
		53.478239	-2.258549
		53.409532	-3.000126
		50.726024	-3.543949
		51.512161	-0.116215
		51.289406	1.075802
		
c	4 5 0 11 12 14 13 1 2 6 9 10 8 7 3 15	2263.2319359495	0.773676806405051	4	5	0	11	12	14	13	1	2	6	9	10	8	7	3	15		
		53.478239	-2.258549
		53.409532	-3.000126
		52.486125	-1.890507
		51.488224	-3.186893
		51.624837	-3.94495
		50.152266	-5.065556
		50.726024	-3.543949
		51.460852	-2.588139
		51.512161	-0.116215
		53.751959	-0.335941
		55.958426	-3.186893
		55.862982	-4.263554
		54.892406	-2.923222
		54.980766	-1.615849
		53.803895	-1.549931
		51.289406	1.075802
		
c	1 2 6 4 0 10 9 8 7 3 5 11 12 14 13 15	2482.65141265429	0.751734858734571	1	2	6	4	0	10	9	8	7	3	5	11	12	14	13	15		
		51.460852	-2.588139
		51.512161	-0.116215
		53.751959	-0.335941
		53.478239	-2.258549
		52.486125	-1.890507
		55.862982	-4.263554
		55.958426	-3.186893
		54.892406	-2.923222
		54.980766	-1.615849
		53.803895	-1.549931
		53.409532	-3.000126
		51.488224	-3.186893
		51.624837	-3.94495
		50.152266	-5.065556
		50.726024	-3.543949
		51.289406	1.075802
		
c	8 7 3 6 4 5 0 1 11 12 14 13 2 10 9 15	2596.56012007313	0.740343987992687	8	7	3	6	4	5	0	1	11	12	14	13	2	10	9	15		
		54.892406	-2.923222
		54.980766	-1.615849
		53.803895	-1.549931
		53.751959	-0.335941
		53.478239	-2.258549
		53.409532	-3.000126
		52.486125	-1.890507
		51.460852	-2.588139
		51.488224	-3.186893
		51.624837	-3.94495
		50.152266	-5.065556
		50.726024	-3.543949
		51.512161	-0.116215
		55.862982	-4.263554
		55.958426	-3.186893
		51.289406	1.075802
		
c	7 3 6 4 5 0 1 11 12 14 13 2 10 9 8 15	2523.34271608861	0.747665728391139	7	3	6	4	5	0	1	11	12	14	13	2	10	9	8	15		
		54.980766	-1.615849
		53.803895	-1.549931
		53.751959	-0.335941
		53.478239	-2.258549
		53.409532	-3.000126
		52.486125	-1.890507
		51.460852	-2.588139
		51.488224	-3.186893
		51.624837	-3.94495
		50.152266	-5.065556
		50.726024	-3.543949
		51.512161	-0.116215
		55.862982	-4.263554
		55.958426	-3.186893
		54.892406	-2.923222
		51.289406	1.075802
		
c	5 0 11 12 14 13 1 2 8 10 9 7 3 6 4 15	2352.48645546027	0.764751354453973	5	0	11	12	14	13	1	2	8	10	9	7	3	6	4	15		
		53.409532	-3.000126
		52.486125	-1.890507
		51.488224	-3.186893
		51.624837	-3.94495
		50.152266	-5.065556
		50.726024	-3.543949
		51.460852	-2.588139
		51.512161	-0.116215
		54.892406	-2.923222
		55.862982	-4.263554
		55.958426	-3.186893
		54.980766	-1.615849
		53.803895	-1.549931
		53.751959	-0.335941
		53.478239	-2.258549
		51.289406	1.075802
		
c	10 8 7 12 11 6 5 4 9 3 0 1 14 13 2 15	2734.78117003095	0.726521882996905	10	8	7	12	11	6	5	4	9	3	0	1	14	13	2	15		
		55.862982	-4.263554
		54.892406	-2.923222
		54.980766	-1.615849
		51.624837	-3.94495
		51.488224	-3.186893
		53.751959	-0.335941
		53.409532	-3.000126
		53.478239	-2.258549
		55.958426	-3.186893
		53.803895	-1.549931
		52.486125	-1.890507
		51.460852	-2.588139
		50.152266	-5.065556
		50.726024	-3.543949
		51.512161	-0.116215
		51.289406	1.075802
		
c	8 3 6 4 5 0 1 11 14 13 2 10 7 9 12 15	3011.206451971	0.6988793548029	8	3	6	4	5	0	1	11	14	13	2	10	7	9	12	15		
		54.892406	-2.923222
		53.803895	-1.549931
		53.751959	-0.335941
		53.478239	-2.258549
		53.409532	-3.000126
		52.486125	-1.890507
		51.460852	-2.588139
		51.488224	-3.186893
		50.152266	-5.065556
		50.726024	-3.543949
		51.512161	-0.116215
		55.862982	-4.263554
		54.980766	-1.615849
		55.958426	-3.186893
		51.624837	-3.94495
		51.289406	1.075802
		
c	11 6 5 9 10 8 7 3 4 0 12 14 13 1 2 15	2212.6161669643	0.77873838330357	11	6	5	9	10	8	7	3	4	0	12	14	13	1	2	15		
		51.488224	-3.186893
		53.751959	-0.335941
		53.409532	-3.000126
		55.958426	-3.186893
		55.862982	-4.263554
		54.892406	-2.923222
		54.980766	-1.615849
		53.803895	-1.549931
		53.478239	-2.258549
		52.486125	-1.890507
		51.624837	-3.94495
		50.152266	-5.065556
		50.726024	-3.543949
		51.460852	-2.588139
		51.512161	-0.116215
		51.289406	1.075802
		
c	0 6 4 5 9 10 8 7 3 11 12 14 13 1 2 15	2063.41662013067	0.793658337986933	0	6	4	5	9	10	8	7	3	11	12	14	13	1	2	15		
		52.486125	-1.890507
		53.751959	-0.335941
		53.478239	-2.258549
		53.409532	-3.000126
		55.958426	-3.186893
		55.862982	-4.263554
		54.892406	-2.923222
		54.980766	-1.615849
		53.803895	-1.549931
		51.488224	-3.186893
		51.624837	-3.94495
		50.152266	-5.065556
		50.726024	-3.543949
		51.460852	-2.588139
		51.512161	-0.116215
		51.289406	1.075802
		
c	0 11 12 14 13 10 9 8 7 4 6 3 5 1 2 15	2312.32012946086	0.768767987053914	0	11	12	14	13	10	9	8	7	4	6	3	5	1	2	15		
		52.486125	-1.890507
		51.488224	-3.186893
		51.624837	-3.94495
		50.152266	-5.065556
		50.726024	-3.543949
		55.862982	-4.263554
		55.958426	-3.186893
		54.892406	-2.923222
		54.980766	-1.615849
		53.478239	-2.258549
		53.751959	-0.335941
		53.803895	-1.549931
		53.409532	-3.000126
		51.460852	-2.588139
		51.512161	-0.116215
		51.289406	1.075802
		
c	6 4 5 0 1 10 9 8 7 3 11 12 14 13 2 15	2317.47811162937	0.768252188837063	6	4	5	0	1	10	9	8	7	3	11	12	14	13	2	15		
		53.751959	-0.335941
		53.478239	-2.258549
		53.409532	-3.000126
		52.486125	-1.890507
		51.460852	-2.588139
		55.862982	-4.263554
		55.958426	-3.186893
		54.892406	-2.923222
		54.980766	-1.615849
		53.803895	-1.549931
		51.488224	-3.186893
		51.624837	-3.94495
		50.152266	-5.065556
		50.726024	-3.543949
		51.512161	-0.116215
		51.289406	1.075802
		
c	6 4 0 1 3 5 11 12 14 10 9 8 7 13 2 15	2932.7291485565	0.70672708514435	6	4	0	1	3	5	11	12	14	10	9	8	7	13	2	15		
		53.751959	-0.335941
		53.478239	-2.258549
		52.486125	-1.890507
		51.460852	-2.588139
		53.803895	-1.549931
		53.409532	-3.000126
		51.488224	-3.186893
		51.624837	-3.94495
		50.152266	-5.065556
		55.862982	-4.263554
		55.958426	-3.186893
		54.892406	-2.923222
		54.980766	-1.615849
		50.726024	-3.543949
		51.512161	-0.116215
		51.289406	1.075802
		
c	3 6 4 11 12 10 9 8 5 0 1 14 13 2 7 15	3022.7590295644	0.69772409704356	3	6	4	11	12	10	9	8	5	0	1	14	13	2	7	15		
		53.803895	-1.549931
		53.751959	-0.335941
		53.478239	-2.258549
		51.488224	-3.186893
		51.624837	-3.94495
		55.862982	-4.263554
		55.958426	-3.186893
		54.892406	-2.923222
		53.409532	-3.000126
		52.486125	-1.890507
		51.460852	-2.588139
		50.152266	-5.065556
		50.726024	-3.543949
		51.512161	-0.116215
		54.980766	-1.615849
		51.289406	1.075802
		
c	9 8 7 13 11 14 12 10 3 6 4 0 1 5 2 15	2961.36919237865	0.703863080762135	9	8	7	13	11	14	12	10	3	6	4	0	1	5	2	15		
		55.958426	-3.186893
		54.892406	-2.923222
		54.980766	-1.615849
		50.726024	-3.543949
		51.488224	-3.186893
		50.152266	-5.065556
		51.624837	-3.94495
		55.862982	-4.263554
		53.803895	-1.549931
		53.751959	-0.335941
		53.478239	-2.258549
		52.486125	-1.890507
		51.460852	-2.588139
		53.409532	-3.000126
		51.512161	-0.116215
		51.289406	1.075802
		
c	2 7 10 9 8 3 6 4 1 11 12 5 0 14 13 15	2592.15758374541	0.740784241625459	2	7	10	9	8	3	6	4	1	11	12	5	0	14	13	15		
		51.512161	-0.116215
		54.980766	-1.615849
		55.862982	-4.263554
		55.958426	-3.186893
		54.892406	-2.923222
		53.803895	-1.549931
		53.751959	-0.335941
		53.478239	-2.258549
		51.460852	-2.588139
		51.488224	-3.186893
		51.624837	-3.94495
		53.409532	-3.000126
		52.486125	-1.890507
		50.152266	-5.065556
		50.726024	-3.543949
		51.289406	1.075802
		
c	14 13 1 2 6 3 4 5 0 11 12 7 10 9 8 15	2430.28306620015	0.756971693379985	14	13	1	2	6	3	4	5	0	11	12	7	10	9	8	15		
		50.152266	-5.065556
		50.726024	-3.543949
		51.460852	-2.588139
		51.512161	-0.116215
		53.751959	-0.335941
		53.803895	-1.549931
		53.478239	-2.258549
		53.409532	-3.000126
		52.486125	-1.890507
		51.488224	-3.186893
		51.624837	-3.94495
		54.980766	-1.615849
		55.862982	-4.263554
		55.958426	-3.186893
		54.892406	-2.923222
		51.289406	1.075802
		
c	4 5 0 1 9 10 8 7 11 14 13 2 3 6 12 15	3113.20582073696	0.688679417926304	4	5	0	1	9	10	8	7	11	14	13	2	3	6	12	15		
		53.478239	-2.258549
		53.409532	-3.000126
		52.486125	-1.890507
		51.460852	-2.588139
		55.958426	-3.186893
		55.862982	-4.263554
		54.892406	-2.923222
		54.980766	-1.615849
		51.488224	-3.186893
		50.152266	-5.065556
		50.726024	-3.543949
		51.512161	-0.116215
		53.803895	-1.549931
		53.751959	-0.335941
		51.624837	-3.94495
		51.289406	1.075802
		
c	2 7 10 9 8 3 6 4 5 0 1 11 12 14 13 15	2172.61490609029	0.78273850939097	2	7	10	9	8	3	6	4	5	0	1	11	12	14	13	15		
		51.512161	-0.116215
		54.980766	-1.615849
		55.862982	-4.263554
		55.958426	-3.186893
		54.892406	-2.923222
		53.803895	-1.549931
		53.751959	-0.335941
		53.478239	-2.258549
		53.409532	-3.000126
		52.486125	-1.890507
		51.460852	-2.588139
		51.488224	-3.186893
		51.624837	-3.94495
		50.152266	-5.065556
		50.726024	-3.543949
		51.289406	1.075802
		
c	6 4 0 11 12 14 10 9 8 7 3 5 1 13 2 15	2431.87874149203	0.756812125850797	6	4	0	11	12	14	10	9	8	7	3	5	1	13	2	15		
		53.751959	-0.335941
		53.478239	-2.258549
		52.486125	-1.890507
		51.488224	-3.186893
		51.624837	-3.94495
		50.152266	-5.065556
		55.862982	-4.263554
		55.958426	-3.186893
		54.892406	-2.923222
		54.980766	-1.615849
		53.803895	-1.549931
		53.409532	-3.000126
		51.460852	-2.588139
		50.726024	-3.543949
		51.512161	-0.116215
		51.289406	1.075802
		
c	1 11 12 6 10 9 7 8 3 4 5 0 14 13 2 15	2271.09529566361	0.772890470433639	1	11	12	6	10	9	7	8	3	4	5	0	14	13	2	15		
		51.460852	-2.588139
		51.488224	-3.186893
		51.624837	-3.94495
		53.751959	-0.335941
		55.862982	-4.263554
		55.958426	-3.186893
		54.980766	-1.615849
		54.892406	-2.923222
		53.803895	-1.549931
		53.478239	-2.258549
		53.409532	-3.000126
		52.486125	-1.890507
		50.152266	-5.065556
		50.726024	-3.543949
		51.512161	-0.116215
		51.289406	1.075802
		
c	4 3 5 0 1 11 12 14 13 9 10 6 8 7 2 15	2591.09936496969	0.740890063503032	4	3	5	0	1	11	12	14	13	9	10	6	8	7	2	15		
		53.478239	-2.258549
		53.803895	-1.549931
		53.409532	-3.000126
		52.486125	-1.890507
		51.460852	-2.588139
		51.488224	-3.186893
		51.624837	-3.94495
		50.152266	-5.065556
		50.726024	-3.543949
		55.958426	-3.186893
		55.862982	-4.263554
		53.751959	-0.335941
		54.892406	-2.923222
		54.980766	-1.615849
		51.512161	-0.116215
		51.289406	1.075802
		
c	10 9 8 7 6 3 4 1 13 5 0 11 12 14 2 15	2172.58646171008	0.782741353828992	10	9	8	7	6	3	4	1	13	5	0	11	12	14	2	15		
		55.862982	-4.263554
		55.958426	-3.186893
		54.892406	-2.923222
		54.980766	-1.615849
		53.751959	-0.335941
		53.803895	-1.549931
		53.478239	-2.258549
		51.460852	-2.588139
		50.726024	-3.543949
		53.409532	-3.000126
		52.486125	-1.890507
		51.488224	-3.186893
		51.624837	-3.94495
		50.152266	-5.065556
		51.512161	-0.116215
		51.289406	1.075802
		
c	10 9 8 3 6 4 5 0 1 11 12 14 13 2 7 15	2352.31859685173	0.764768140314827	10	9	8	3	6	4	5	0	1	11	12	14	13	2	7	15		
		55.862982	-4.263554
		55.958426	-3.186893
		54.892406	-2.923222
		53.803895	-1.549931
		53.751959	-0.335941
		53.478239	-2.258549
		53.409532	-3.000126
		52.486125	-1.890507
		51.460852	-2.588139
		51.488224	-3.186893
		51.624837	-3.94495
		50.152266	-5.065556
		50.726024	-3.543949
		51.512161	-0.116215
		54.980766	-1.615849
		51.289406	1.075802
		
c	12 14 13 1 2 6 4 0 10 9 8 7 3 11 5 15	2742.84841371575	0.725715158628425	12	14	13	1	2	6	4	0	10	9	8	7	3	11	5	15		
		51.624837	-3.94495
		50.152266	-5.065556
		50.726024	-3.543949
		51.460852	-2.588139
		51.512161	-0.116215
		53.751959	-0.335941
		53.478239	-2.258549
		52.486125	-1.890507
		55.862982	-4.263554
		55.958426	-3.186893
		54.892406	-2.923222
		54.980766	-1.615849
		53.803895	-1.549931
		51.488224	-3.186893
		53.409532	-3.000126
		51.289406	1.075802
		
c	11 12 3 4 10 9 8 7 6 5 0 14 13 1 2 15	2266.66017248983	0.773333982751017	11	12	3	4	10	9	8	7	6	5	0	14	13	1	2	15		
		51.488224	-3.186893
		51.624837	-3.94495
		53.803895	-1.549931
		53.478239	-2.258549
		55.862982	-4.263554
		55.958426	-3.186893
		54.892406	-2.923222
		54.980766	-1.615849
		53.751959	-0.335941
		53.409532	-3.000126
		52.486125	-1.890507
		50.152266	-5.065556
		50.726024	-3.543949
		51.460852	-2.588139
		51.512161	-0.116215
		51.289406	1.075802
		
c	12 14 13 9 6 4 10 8 7 3 0 11 1 5 2 15	2896.56035795866	0.710343964204134	12	14	13	9	6	4	10	8	7	3	0	11	1	5	2	15		
		51.624837	-3.94495
		50.152266	-5.065556
		50.726024	-3.543949
		55.958426	-3.186893
		53.751959	-0.335941
		53.478239	-2.258549
		55.862982	-4.263554
		54.892406	-2.923222
		54.980766	-1.615849
		53.803895	-1.549931
		52.486125	-1.890507
		51.488224	-3.186893
		51.460852	-2.588139
		53.409532	-3.000126
		51.512161	-0.116215
		51.289406	1.075802
		
c	13 1 2 6 4 9 10 8 7 3 5 0 11 12 14 15	2419.52563357886	0.758047436642114	13	1	2	6	4	9	10	8	7	3	5	0	11	12	14	15		
		50.726024	-3.543949
		51.460852	-2.588139
		51.512161	-0.116215
		53.751959	-0.335941
		53.478239	-2.258549
		55.958426	-3.186893
		55.862982	-4.263554
		54.892406	-2.923222
		54.980766	-1.615849
		53.803895	-1.549931
		53.409532	-3.000126
		52.486125	-1.890507
		51.488224	-3.186893
		51.624837	-3.94495
		50.152266	-5.065556
		51.289406	1.075802
		
c	3 0 11 12 4 5 1 14 13 9 10 6 8 7 2 15	2974.09974777768	0.702590025222232	3	0	11	12	4	5	1	14	13	9	10	6	8	7	2	15		
		53.803895	-1.549931
		52.486125	-1.890507
		51.488224	-3.186893
		51.624837	-3.94495
		53.478239	-2.258549
		53.409532	-3.000126
		51.460852	-2.588139
		50.152266	-5.065556
		50.726024	-3.543949
		55.958426	-3.186893
		55.862982	-4.263554
		53.751959	-0.335941
		54.892406	-2.923222
		54.980766	-1.615849
		51.512161	-0.116215
		51.289406	1.075802
		
c	11 0 6 4 5 9 10 8 7 3 12 14 13 1 2 15	2161.8518935127	0.78381481064873	11	0	6	4	5	9	10	8	7	3	12	14	13	1	2	15		
		51.488224	-3.186893
		52.486125	-1.890507
		53.751959	-0.335941
		53.478239	-2.258549
		53.409532	-3.000126
		55.958426	-3.186893
		55.862982	-4.263554
		54.892406	-2.923222
		54.980766	-1.615849
		53.803895	-1.549931
		51.624837	-3.94495
		50.152266	-5.065556
		50.726024	-3.543949
		51.460852	-2.588139
		51.512161	-0.116215
		51.289406	1.075802
		
c	14 13 10 9 8 7 6 3 4 5 1 2 0 11 12 15	2417.64507882343	0.758235492117657	14	13	10	9	8	7	6	3	4	5	1	2	0	11	12	15		
		50.152266	-5.065556
		50.726024	-3.543949
		55.862982	-4.263554
		55.958426	-3.186893
		54.892406	-2.923222
		54.980766	-1.615849
		53.751959	-0.335941
		53.803895	-1.549931
		53.478239	-2.258549
		53.409532	-3.000126
		51.460852	-2.588139
		51.512161	-0.116215
		52.486125	-1.890507
		51.488224	-3.186893
		51.624837	-3.94495
		51.289406	1.075802
		
c	11 12 10 9 8 7 3 6 4 5 0 1 14 13 2 15	2132.51176151027	0.786748823848973	11	12	10	9	8	7	3	6	4	5	0	1	14	13	2	15		
		51.488224	-3.186893
		51.624837	-3.94495
		55.862982	-4.263554
		55.958426	-3.186893
		54.892406	-2.923222
		54.980766	-1.615849
		53.803895	-1.549931
		53.751959	-0.335941
		53.478239	-2.258549
		53.409532	-3.000126
		52.486125	-1.890507
		51.460852	-2.588139
		50.152266	-5.065556
		50.726024	-3.543949
		51.512161	-0.116215
		51.289406	1.075802
		
c	8 7 9 4 0 2 5 1 11 12 14 13 10 6 3 15	3026.42666626865	0.697357333373135	8	7	9	4	0	2	5	1	11	12	14	13	10	6	3	15		
		54.892406	-2.923222
		54.980766	-1.615849
		55.958426	-3.186893
		53.478239	-2.258549
		52.486125	-1.890507
		51.512161	-0.116215
		53.409532	-3.000126
		51.460852	-2.588139
		51.488224	-3.186893
		51.624837	-3.94495
		50.152266	-5.065556
		50.726024	-3.543949
		55.862982	-4.263554
		53.751959	-0.335941
		53.803895	-1.549931
		51.289406	1.075802
		
c	5 0 10 11 8 7 3 6 4 9 12 14 13 1 2 15	3265.14275965866	0.673485724034134	5	0	10	11	8	7	3	6	4	9	12	14	13	1	2	15		
		53.409532	-3.000126
		52.486125	-1.890507
		55.862982	-4.263554
		51.488224	-3.186893
		54.892406	-2.923222
		54.980766	-1.615849
		53.803895	-1.549931
		53.751959	-0.335941
		53.478239	-2.258549
		55.958426	-3.186893
		51.624837	-3.94495
		50.152266	-5.065556
		50.726024	-3.543949
		51.460852	-2.588139
		51.512161	-0.116215
		51.289406	1.075802
		
c	1 11 12 8 7 3 6 4 5 0 14 13 2 9 10 15	3008.39496356525	0.699160503643475	1	11	12	8	7	3	6	4	5	0	14	13	2	9	10	15		
		51.460852	-2.588139
		51.488224	-3.186893
		51.624837	-3.94495
		54.892406	-2.923222
		54.980766	-1.615849
		53.803895	-1.549931
		53.751959	-0.335941
		53.478239	-2.258549
		53.409532	-3.000126
		52.486125	-1.890507
		50.152266	-5.065556
		50.726024	-3.543949
		51.512161	-0.116215
		55.958426	-3.186893
		55.862982	-4.263554
		51.289406	1.075802
		
c	2 0 1 11 12 6 10 9 8 3 7 4 5 14 13 15	2599.90809563463	0.740009190436537	2	0	1	11	12	6	10	9	8	3	7	4	5	14	13	15		
		51.512161	-0.116215
		52.486125	-1.890507
		51.460852	-2.588139
		51.488224	-3.186893
		51.624837	-3.94495
		53.751959	-0.335941
		55.862982	-4.263554
		55.958426	-3.186893
		54.892406	-2.923222
		53.803895	-1.549931
		54.980766	-1.615849
		53.478239	-2.258549
		53.409532	-3.000126
		50.152266	-5.065556
		50.726024	-3.543949
		51.289406	1.075802
		
c	7 5 0 11 12 1 14 13 6 10 9 8 3 4 2 15	2458.39897799508	0.754160102200492	7	5	0	11	12	1	14	13	6	10	9	8	3	4	2	15		
		54.980766	-1.615849
		53.409532	-3.000126
		52.486125	-1.890507
		51.488224	-3.186893
		51.624837	-3.94495
		51.460852	-2.588139
		50.152266	-5.065556
		50.726024	-3.543949
		53.751959	-0.335941
		55.862982	-4.263554
		55.958426	-3.186893
		54.892406	-2.923222
		53.803895	-1.549931
		53.478239	-2.258549
		51.512161	-0.116215
		51.289406	1.075802
		
c	0 11 12 14 13 10 9 8 7 6 3 4 5 1 2 15	2173.07534825306	0.782692465174694	0	11	12	14	13	10	9	8	7	6	3	4	5	1	2	15		
		52.486125	-1.890507
		51.488224	-3.186893
		51.624837	-3.94495
		50.152266	-5.065556
		50.726024	-3.543949
		55.862982	-4.263554
		55.958426	-3.186893
		54.892406	-2.923222
		54.980766	-1.615849
		53.751959	-0.335941
		53.803895	-1.549931
		53.478239	-2.258549
		53.409532	-3.000126
		51.460852	-2.588139
		51.512161	-0.116215
		51.289406	1.075802
		
c	1 2 10 9 8 7 11 12 14 4 6 3 5 0 13 15	3051.84432022681	0.694815567977319	1	2	10	9	8	7	11	12	14	4	6	3	5	0	13	15		
		51.460852	-2.588139
		51.512161	-0.116215
		55.862982	-4.263554
		55.958426	-3.186893
		54.892406	-2.923222
		54.980766	-1.615849
		51.488224	-3.186893
		51.624837	-3.94495
		50.152266	-5.065556
		53.478239	-2.258549
		53.751959	-0.335941
		53.803895	-1.549931
		53.409532	-3.000126
		52.486125	-1.890507
		50.726024	-3.543949
		51.289406	1.075802
		
c	0 11 12 14 13 1 2 6 4 9 10 8 7 3 5 15	2331.22007684896	0.766877992315104	0	11	12	14	13	1	2	6	4	9	10	8	7	3	5	15		
		52.486125	-1.890507
		51.488224	-3.186893
		51.624837	-3.94495
		50.152266	-5.065556
		50.726024	-3.543949
		51.460852	-2.588139
		51.512161	-0.116215
		53.751959	-0.335941
		53.478239	-2.258549
		55.958426	-3.186893
		55.862982	-4.263554
		54.892406	-2.923222
		54.980766	-1.615849
		53.803895	-1.549931
		53.409532	-3.000126
		51.289406	1.075802
		
c	8 7 3 0 1 11 9 4 12 14 2 10 6 5 13 15	3813.00889887237	0.618699110112763	8	7	3	0	1	11	9	4	12	14	2	10	6	5	13	15		
		54.892406	-2.923222
		54.980766	-1.615849
		53.803895	-1.549931
		52.486125	-1.890507
		51.460852	-2.588139
		51.488224	-3.186893
		55.958426	-3.186893
		53.478239	-2.258549
		51.624837	-3.94495
		50.152266	-5.065556
		51.512161	-0.116215
		55.862982	-4.263554
		53.751959	-0.335941
		53.409532	-3.000126
		50.726024	-3.543949
		51.289406	1.075802
		
c	9 8 5 0 11 12 1 14 13 6 10 7 3 4 2 15	2533.31955506476	0.746668044493524	9	8	5	0	11	12	1	14	13	6	10	7	3	4	2	15		
		55.958426	-3.186893
		54.892406	-2.923222
		53.409532	-3.000126
		52.486125	-1.890507
		51.488224	-3.186893
		51.624837	-3.94495
		51.460852	-2.588139
		50.152266	-5.065556
		50.726024	-3.543949
		53.751959	-0.335941
		55.862982	-4.263554
		54.980766	-1.615849
		53.803895	-1.549931
		53.478239	-2.258549
		51.512161	-0.116215
		51.289406	1.075802
		
c	8 7 6 3 4 5 0 1 11 12 10 9 14 13 2 15	2442.75294608657	0.755724705391343	8	7	6	3	4	5	0	1	11	12	10	9	14	13	2	15		
		54.892406	-2.923222
		54.980766	-1.615849
		53.751959	-0.335941
		53.803895	-1.549931
		53.478239	-2.258549
		53.409532	-3.000126
		52.486125	-1.890507
		51.460852	-2.588139
		51.488224	-3.186893
		51.624837	-3.94495
		55.862982	-4.263554
		55.958426	-3.186893
		50.152266	-5.065556
		50.726024	-3.543949
		51.512161	-0.116215
		51.289406	1.075802
		
c	1 2 6 4 9 10 8 7 3 0 11 12 14 13 5 15	2569.44529192342	0.743055470807658	1	2	6	4	9	10	8	7	3	0	11	12	14	13	5	15		
		51.460852	-2.588139
		51.512161	-0.116215
		53.751959	-0.335941
		53.478239	-2.258549
		55.958426	-3.186893
		55.862982	-4.263554
		54.892406	-2.923222
		54.980766	-1.615849
		53.803895	-1.549931
		52.486125	-1.890507
		51.488224	-3.186893
		51.624837	-3.94495
		50.152266	-5.065556
		50.726024	-3.543949
		53.409532	-3.000126
		51.289406	1.075802
		
c	10 8 7 3 6 4 5 0 1 9 11 12 14 13 2 15	2563.80565046192	0.743619434953808	10	8	7	3	6	4	5	0	1	9	11	12	14	13	2	15		
		55.862982	-4.263554
		54.892406	-2.923222
		54.980766	-1.615849
		53.803895	-1.549931
		53.751959	-0.335941
		53.478239	-2.258549
		53.409532	-3.000126
		52.486125	-1.890507
		51.460852	-2.588139
		55.958426	-3.186893
		51.488224	-3.186893
		51.624837	-3.94495
		50.152266	-5.065556
		50.726024	-3.543949
		51.512161	-0.116215
		51.289406	1.075802
		
c	7 6 3 4 5 0 11 10 12 14 13 9 8 1 2 15	3229.4032389345	0.67705967610655	7	6	3	4	5	0	11	10	12	14	13	9	8	1	2	15		
		54.980766	-1.615849
		53.751959	-0.335941
		53.803895	-1.549931
		53.478239	-2.258549
		53.409532	-3.000126
		52.486125	-1.890507
		51.488224	-3.186893
		55.862982	-4.263554
		51.624837	-3.94495
		50.152266	-5.065556
		50.726024	-3.543949
		55.958426	-3.186893
		54.892406	-2.923222
		51.460852	-2.588139
		51.512161	-0.116215
		51.289406	1.075802
		
c	6 7 3 4 9 10 0 8 1 11 12 5 14 13 2 15	2924.06681659448	0.707593318340552	6	7	3	4	9	10	0	8	1	11	12	5	14	13	2	15		
		53.751959	-0.335941
		54.980766	-1.615849
		53.803895	-1.549931
		53.478239	-2.258549
		55.958426	-3.186893
		55.862982	-4.263554
		52.486125	-1.890507
		54.892406	-2.923222
		51.460852	-2.588139
		51.488224	-3.186893
		51.624837	-3.94495
		53.409532	-3.000126
		50.152266	-5.065556
		50.726024	-3.543949
		51.512161	-0.116215
		51.289406	1.075802
		
c	11 12 14 10 9 8 7 3 4 1 13 6 5 0 2 15	2622.95575668349	0.737704424331651	11	12	14	10	9	8	7	3	4	1	13	6	5	0	2	15		
		51.488224	-3.186893
		51.624837	-3.94495
		50.152266	-5.065556
		55.862982	-4.263554
		55.958426	-3.186893
		54.892406	-2.923222
		54.980766	-1.615849
		53.803895	-1.549931
		53.478239	-2.258549
		51.460852	-2.588139
		50.726024	-3.543949
		53.751959	-0.335941
		53.409532	-3.000126
		52.486125	-1.890507
		51.512161	-0.116215
		51.289406	1.075802
		
c	3 6 4 5 0 1 14 13 2 11 12 10 9 8 7 15	2575.7472595904	0.74242527404096	3	6	4	5	0	1	14	13	2	11	12	10	9	8	7	15		
		53.803895	-1.549931
		53.751959	-0.335941
		53.478239	-2.258549
		53.409532	-3.000126
		52.486125	-1.890507
		51.460852	-2.588139
		50.152266	-5.065556
		50.726024	-3.543949
		51.512161	-0.116215
		51.488224	-3.186893
		51.624837	-3.94495
		55.862982	-4.263554
		55.958426	-3.186893
		54.892406	-2.923222
		54.980766	-1.615849
		51.289406	1.075802
		
c	4 10 9 8 7 6 5 0 14 2 3 1 11 12 13 15	2824.02584719466	0.717597415280534	4	10	9	8	7	6	5	0	14	2	3	1	11	12	13	15		
		53.478239	-2.258549
		55.862982	-4.263554
		55.958426	-3.186893
		54.892406	-2.923222
		54.980766	-1.615849
		53.751959	-0.335941
		53.409532	-3.000126
		52.486125	-1.890507
		50.152266	-5.065556
		51.512161	-0.116215
		53.803895	-1.549931
		51.460852	-2.588139
		51.488224	-3.186893
		51.624837	-3.94495
		50.726024	-3.543949
		51.289406	1.075802
		
c	10 0 11 12 14 13 9 8 7 4 6 3 5 1 2 15	2659.44201358683	0.734055798641317	10	0	11	12	14	13	9	8	7	4	6	3	5	1	2	15		
		55.862982	-4.263554
		52.486125	-1.890507
		51.488224	-3.186893
		51.624837	-3.94495
		50.152266	-5.065556
		50.726024	-3.543949
		55.958426	-3.186893
		54.892406	-2.923222
		54.980766	-1.615849
		53.478239	-2.258549
		53.751959	-0.335941
		53.803895	-1.549931
		53.409532	-3.000126
		51.460852	-2.588139
		51.512161	-0.116215
		51.289406	1.075802
		
c	0 1 11 12 4 10 9 8 7 3 6 2 5 14 13 15	2613.15344451004	0.738684655548996	0	1	11	12	4	10	9	8	7	3	6	2	5	14	13	15		
		52.486125	-1.890507
		51.460852	-2.588139
		51.488224	-3.186893
		51.624837	-3.94495
		53.478239	-2.258549
		55.862982	-4.263554
		55.958426	-3.186893
		54.892406	-2.923222
		54.980766	-1.615849
		53.803895	-1.549931
		53.751959	-0.335941
		51.512161	-0.116215
		53.409532	-3.000126
		50.152266	-5.065556
		50.726024	-3.543949
		51.289406	1.075802
		
c	4 5 0 1 11 12 14 13 2 6 10 9 8 3 7 15	2468.06336040172	0.753193663959828	4	5	0	1	11	12	14	13	2	6	10	9	8	3	7	15		
		53.478239	-2.258549
		53.409532	-3.000126
		52.486125	-1.890507
		51.460852	-2.588139
		51.488224	-3.186893
		51.624837	-3.94495
		50.152266	-5.065556
		50.726024	-3.543949
		51.512161	-0.116215
		53.751959	-0.335941
		55.862982	-4.263554
		55.958426	-3.186893
		54.892406	-2.923222
		53.803895	-1.549931
		54.980766	-1.615849
		51.289406	1.075802
		
c	7 10 9 8 3 6 4 5 0 1 11 12 14 13 2 15	1786.07793151261	0.821392206848739	7	10	9	8	3	6	4	5	0	1	11	12	14	13	2	15		
		54.980766	-1.615849
		55.862982	-4.263554
		55.958426	-3.186893
		54.892406	-2.923222
		53.803895	-1.549931
		53.751959	-0.335941
		53.478239	-2.258549
		53.409532	-3.000126
		52.486125	-1.890507
		51.460852	-2.588139
		51.488224	-3.186893
		51.624837	-3.94495
		50.152266	-5.065556
		50.726024	-3.543949
		51.512161	-0.116215
		51.289406	1.075802
		
c	4 0 11 12 14 13 1 3 6 5 9 10 8 7 2 15	2309.31447843706	0.769068552156294	4	0	11	12	14	13	1	3	6	5	9	10	8	7	2	15		
		53.478239	-2.258549
		52.486125	-1.890507
		51.488224	-3.186893
		51.624837	-3.94495
		50.152266	-5.065556
		50.726024	-3.543949
		51.460852	-2.588139
		53.803895	-1.549931
		53.751959	-0.335941
		53.409532	-3.000126
		55.958426	-3.186893
		55.862982	-4.263554
		54.892406	-2.923222
		54.980766	-1.615849
		51.512161	-0.116215
		51.289406	1.075802
		
c	6 5 4 10 9 8 7 3 1 11 12 14 13 2 0 15	2260.49391757141	0.773950608242859	6	5	4	10	9	8	7	3	1	11	12	14	13	2	0	15		
		53.751959	-0.335941
		53.409532	-3.000126
		53.478239	-2.258549
		55.862982	-4.263554
		55.958426	-3.186893
		54.892406	-2.923222
		54.980766	-1.615849
		53.803895	-1.549931
		51.460852	-2.588139
		51.488224	-3.186893
		51.624837	-3.94495
		50.152266	-5.065556
		50.726024	-3.543949
		51.512161	-0.116215
		52.486125	-1.890507
		51.289406	1.075802
		
c	12 6 10 9 8 3 7 4 5 0 1 11 14 13 2 15	2330.87707037075	0.766912292962925	12	6	10	9	8	3	7	4	5	0	1	11	14	13	2	15		
		51.624837	-3.94495
		53.751959	-0.335941
		55.862982	-4.263554
		55.958426	-3.186893
		54.892406	-2.923222
		53.803895	-1.549931
		54.980766	-1.615849
		53.478239	-2.258549
		53.409532	-3.000126
		52.486125	-1.890507
		51.460852	-2.588139
		51.488224	-3.186893
		50.152266	-5.065556
		50.726024	-3.543949
		51.512161	-0.116215
		51.289406	1.075802
		
c	12 14 4 5 13 2 6 7 11 10 9 8 3 0 1 15	3371.58173585872	0.662841826414128	12	14	4	5	13	2	6	7	11	10	9	8	3	0	1	15		
		51.624837	-3.94495
		50.152266	-5.065556
		53.478239	-2.258549
		53.409532	-3.000126
		50.726024	-3.543949
		51.512161	-0.116215
		53.751959	-0.335941
		54.980766	-1.615849
		51.488224	-3.186893
		55.862982	-4.263554
		55.958426	-3.186893
		54.892406	-2.923222
		53.803895	-1.549931
		52.486125	-1.890507
		51.460852	-2.588139
		51.289406	1.075802
		
c	9 8 7 6 3 4 1 10 5 0 11 12 14 13 2 15	2485.8092241449	0.75141907758551	9	8	7	6	3	4	1	10	5	0	11	12	14	13	2	15		
		55.958426	-3.186893
		54.892406	-2.923222
		54.980766	-1.615849
		53.751959	-0.335941
		53.803895	-1.549931
		53.478239	-2.258549
		51.460852	-2.588139
		55.862982	-4.263554
		53.409532	-3.000126
		52.486125	-1.890507
		51.488224	-3.186893
		51.624837	-3.94495
		50.152266	-5.065556
		50.726024	-3.543949
		51.512161	-0.116215
		51.289406	1.075802
		
c	8 7 3 6 4 5 0 11 12 14 13 1 2 9 10 15	2602.40778167583	0.739759221832417	8	7	3	6	4	5	0	11	12	14	13	1	2	9	10	15		
		54.892406	-2.923222
		54.980766	-1.615849
		53.803895	-1.549931
		53.751959	-0.335941
		53.478239	-2.258549
		53.409532	-3.000126
		52.486125	-1.890507
		51.488224	-3.186893
		51.624837	-3.94495
		50.152266	-5.065556
		50.726024	-3.543949
		51.460852	-2.588139
		51.512161	-0.116215
		55.958426	-3.186893
		55.862982	-4.263554
		51.289406	1.075802
		
c	11 12 14 13 10 9 0 1 2 6 4 8 7 3 5 15	2919.36135371029	0.708063864628971	11	12	14	13	10	9	0	1	2	6	4	8	7	3	5	15		
		51.488224	-3.186893
		51.624837	-3.94495
		50.152266	-5.065556
		50.726024	-3.543949
		55.862982	-4.263554
		55.958426	-3.186893
		52.486125	-1.890507
		51.460852	-2.588139
		51.512161	-0.116215
		53.751959	-0.335941
		53.478239	-2.258549
		54.892406	-2.923222
		54.980766	-1.615849
		53.803895	-1.549931
		53.409532	-3.000126
		51.289406	1.075802
		
c	11 12 14 13 1 5 8 7 6 4 0 10 9 3 2 15	2431.91462328083	0.756808537671917	11	12	14	13	1	5	8	7	6	4	0	10	9	3	2	15		
		51.488224	-3.186893
		51.624837	-3.94495
		50.152266	-5.065556
		50.726024	-3.543949
		51.460852	-2.588139
		53.409532	-3.000126
		54.892406	-2.923222
		54.980766	-1.615849
		53.751959	-0.335941
		53.478239	-2.258549
		52.486125	-1.890507
		55.862982	-4.263554
		55.958426	-3.186893
		53.803895	-1.549931
		51.512161	-0.116215
		51.289406	1.075802
		
c	3 6 4 5 0 11 12 14 10 9 8 7 13 1 2 15	2527.64439585087	0.747235560414913	3	6	4	5	0	11	12	14	10	9	8	7	13	1	2	15		
		53.803895	-1.549931
		53.751959	-0.335941
		53.478239	-2.258549
		53.409532	-3.000126
		52.486125	-1.890507
		51.488224	-3.186893
		51.624837	-3.94495
		50.152266	-5.065556
		55.862982	-4.263554
		55.958426	-3.186893
		54.892406	-2.923222
		54.980766	-1.615849
		50.726024	-3.543949
		51.460852	-2.588139
		51.512161	-0.116215
		51.289406	1.075802
		
c	7 10 9 8 3 6 4 1 11 12 5 0 14 13 2 15	2205.62060916772	0.779437939083228	7	10	9	8	3	6	4	1	11	12	5	0	14	13	2	15		
		54.980766	-1.615849
		55.862982	-4.263554
		55.958426	-3.186893
		54.892406	-2.923222
		53.803895	-1.549931
		53.751959	-0.335941
		53.478239	-2.258549
		51.460852	-2.588139
		51.488224	-3.186893
		51.624837	-3.94495
		53.409532	-3.000126
		52.486125	-1.890507
		50.152266	-5.065556
		50.726024	-3.543949
		51.512161	-0.116215
		51.289406	1.075802
		
c	3 6 14 13 2 10 8 7 4 5 0 1 9 11 12 15	3626.64546816061	0.637335453183939	3	6	14	13	2	10	8	7	4	5	0	1	9	11	12	15		
		53.803895	-1.549931
		53.751959	-0.335941
		50.152266	-5.065556
		50.726024	-3.543949
		51.512161	-0.116215
		55.862982	-4.263554
		54.892406	-2.923222
		54.980766	-1.615849
		53.478239	-2.258549
		53.409532	-3.000126
		52.486125	-1.890507
		51.460852	-2.588139
		55.958426	-3.186893
		51.488224	-3.186893
		51.624837	-3.94495
		51.289406	1.075802
		
c	12 14 13 4 10 9 8 7 3 6 0 11 1 5 2 15	2353.49533678991	0.764650466321009	12	14	13	4	10	9	8	7	3	6	0	11	1	5	2	15		
		51.624837	-3.94495
		50.152266	-5.065556
		50.726024	-3.543949
		53.478239	-2.258549
		55.862982	-4.263554
		55.958426	-3.186893
		54.892406	-2.923222
		54.980766	-1.615849
		53.803895	-1.549931
		53.751959	-0.335941
		52.486125	-1.890507
		51.488224	-3.186893
		51.460852	-2.588139
		53.409532	-3.000126
		51.512161	-0.116215
		51.289406	1.075802
		
c	11 12 14 13 2 5 0 1 4 10 9 8 7 3 6 15	2446.86163947801	0.755313836052199	11	12	14	13	2	5	0	1	4	10	9	8	7	3	6	15		
		51.488224	-3.186893
		51.624837	-3.94495
		50.152266	-5.065556
		50.726024	-3.543949
		51.512161	-0.116215
		53.409532	-3.000126
		52.486125	-1.890507
		51.460852	-2.588139
		53.478239	-2.258549
		55.862982	-4.263554
		55.958426	-3.186893
		54.892406	-2.923222
		54.980766	-1.615849
		53.803895	-1.549931
		53.751959	-0.335941
		51.289406	1.075802
		
c	3 4 5 0 1 11 12 14 13 9 10 6 8 7 2 15	2535.5595326696	0.74644404673304	3	4	5	0	1	11	12	14	13	9	10	6	8	7	2	15		
		53.803895	-1.549931
		53.478239	-2.258549
		53.409532	-3.000126
		52.486125	-1.890507
		51.460852	-2.588139
		51.488224	-3.186893
		51.624837	-3.94495
		50.152266	-5.065556
		50.726024	-3.543949
		55.958426	-3.186893
		55.862982	-4.263554
		53.751959	-0.335941
		54.892406	-2.923222
		54.980766	-1.615849
		51.512161	-0.116215
		51.289406	1.075802
		
c	9 14 13 1 2 6 3 4 5 0 11 12 7 10 8 15	3037.46947971046	0.696253052028954	9	14	13	1	2	6	3	4	5	0	11	12	7	10	8	15		
		55.958426	-3.186893
		50.152266	-5.065556
		50.726024	-3.543949
		51.460852	-2.588139
		51.512161	-0.116215
		53.751959	-0.335941
		53.803895	-1.549931
		53.478239	-2.258549
		53.409532	-3.000126
		52.486125	-1.890507
		51.488224	-3.186893
		51.624837	-3.94495
		54.980766	-1.615849
		55.862982	-4.263554
		54.892406	-2.923222
		51.289406	1.075802
		
c	9 8 7 3 6 4 0 11 12 5 14 13 1 2 10 15	3028.00657315251	0.697199342684749	9	8	7	3	6	4	0	11	12	5	14	13	1	2	10	15		
		55.958426	-3.186893
		54.892406	-2.923222
		54.980766	-1.615849
		53.803895	-1.549931
		53.751959	-0.335941
		53.478239	-2.258549
		52.486125	-1.890507
		51.488224	-3.186893
		51.624837	-3.94495
		53.409532	-3.000126
		50.152266	-5.065556
		50.726024	-3.543949
		51.460852	-2.588139
		51.512161	-0.116215
		55.862982	-4.263554
		51.289406	1.075802
		
c	5 6 3 4 0 1 9 10 8 7 11 14 13 2 12 15	2941.96082821351	0.705803917178649	5	6	3	4	0	1	9	10	8	7	11	14	13	2	12	15		
		53.409532	-3.000126
		53.751959	-0.335941
		53.803895	-1.549931
		53.478239	-2.258549
		52.486125	-1.890507
		51.460852	-2.588139
		55.958426	-3.186893
		55.862982	-4.263554
		54.892406	-2.923222
		54.980766	-1.615849
		51.488224	-3.186893
		50.152266	-5.065556
		50.726024	-3.543949
		51.512161	-0.116215
		51.624837	-3.94495
		51.289406	1.075802
		
c	6 3 5 0 11 12 14 13 1 4 2 10 9 8 7 15	2683.73182577873	0.731626817422127	6	3	5	0	11	12	14	13	1	4	2	10	9	8	7	15		
		53.751959	-0.335941
		53.803895	-1.549931
		53.409532	-3.000126
		52.486125	-1.890507
		51.488224	-3.186893
		51.624837	-3.94495
		50.152266	-5.065556
		50.726024	-3.543949
		51.460852	-2.588139
		53.478239	-2.258549
		51.512161	-0.116215
		55.862982	-4.263554
		55.958426	-3.186893
		54.892406	-2.923222
		54.980766	-1.615849
		51.289406	1.075802
		
c	6 5 0 11 12 14 10 9 8 7 3 4 1 13 2 15	2455.94718404784	0.754405281595216	6	5	0	11	12	14	10	9	8	7	3	4	1	13	2	15		
		53.751959	-0.335941
		53.409532	-3.000126
		52.486125	-1.890507
		51.488224	-3.186893
		51.624837	-3.94495
		50.152266	-5.065556
		55.862982	-4.263554
		55.958426	-3.186893
		54.892406	-2.923222
		54.980766	-1.615849
		53.803895	-1.549931
		53.478239	-2.258549
		51.460852	-2.588139
		50.726024	-3.543949
		51.512161	-0.116215
		51.289406	1.075802
		
c	9 8 7 3 4 5 0 1 11 12 14 13 10 6 2 15	2349.98421828866	0.765001578171134	9	8	7	3	4	5	0	1	11	12	14	13	10	6	2	15		
		55.958426	-3.186893
		54.892406	-2.923222
		54.980766	-1.615849
		53.803895	-1.549931
		53.478239	-2.258549
		53.409532	-3.000126
		52.486125	-1.890507
		51.460852	-2.588139
		51.488224	-3.186893
		51.624837	-3.94495
		50.152266	-5.065556
		50.726024	-3.543949
		55.862982	-4.263554
		53.751959	-0.335941
		51.512161	-0.116215
		51.289406	1.075802
		
c	14 13 9 10 5 1 11 12 8 7 3 6 4 0 2 15	2531.85766179116	0.746814233820884	14	13	9	10	5	1	11	12	8	7	3	6	4	0	2	15		
		50.152266	-5.065556
		50.726024	-3.543949
		55.958426	-3.186893
		55.862982	-4.263554
		53.409532	-3.000126
		51.460852	-2.588139
		51.488224	-3.186893
		51.624837	-3.94495
		54.892406	-2.923222
		54.980766	-1.615849
		53.803895	-1.549931
		53.751959	-0.335941
		53.478239	-2.258549
		52.486125	-1.890507
		51.512161	-0.116215
		51.289406	1.075802
		
c	5 1 11 12 10 9 8 7 3 2 6 4 0 14 13 15	2749.46260268881	0.725053739731119	5	1	11	12	10	9	8	7	3	2	6	4	0	14	13	15		
		53.409532	-3.000126
		51.460852	-2.588139
		51.488224	-3.186893
		51.624837	-3.94495
		55.862982	-4.263554
		55.958426	-3.186893
		54.892406	-2.923222
		54.980766	-1.615849
		53.803895	-1.549931
		51.512161	-0.116215
		53.751959	-0.335941
		53.478239	-2.258549
		52.486125	-1.890507
		50.152266	-5.065556
		50.726024	-3.543949
		51.289406	1.075802
		
g171		1613.67648029291	0.838632351970709	0	10	9	8	7	6	3	4	5	0	11	12	14	13	1	2	15		
		55.862982	-4.263554
		55.958426	-3.186893
		54.892406	-2.923222
		54.980766	-1.615849
		53.751959	-0.335941
		53.803895	-1.549931
		53.478239	-2.258549
		53.409532	-3.000126
		52.486125	-1.890507
		51.488224	-3.186893
		51.624837	-3.94495
		50.152266	-5.065556
		50.726024	-3.543949
		51.460852	-2.588139
		51.512161	-0.116215
		51.289406	1.075802
		
g171		1614.70757855554	0.838529242144446	1	10	9	8	7	6	3	4	5	0	1	11	12	14	13	2	15		
		55.862982	-4.263554
		55.958426	-3.186893
		54.892406	-2.923222
		54.980766	-1.615849
		53.751959	-0.335941
		53.803895	-1.549931
		53.478239	-2.258549
		53.409532	-3.000126
		52.486125	-1.890507
		51.460852	-2.588139
		51.488224	-3.186893
		51.624837	-3.94495
		50.152266	-5.065556
		50.726024	-3.543949
		51.512161	-0.116215
		51.289406	1.075802
		
g171		1631.15131975355	0.836884868024645	2	9	10	8	7	6	3	4	5	0	11	12	14	13	1	2	15		
		55.958426	-3.186893
		55.862982	-4.263554
		54.892406	-2.923222
		54.980766	-1.615849
		53.751959	-0.335941
		53.803895	-1.549931
		53.478239	-2.258549
		53.409532	-3.000126
		52.486125	-1.890507
		51.488224	-3.186893
		51.624837	-3.94495
		50.152266	-5.065556
		50.726024	-3.543949
		51.460852	-2.588139
		51.512161	-0.116215
		51.289406	1.075802
		
g171		1632.18241801618	0.836781758198382	3	9	10	8	7	6	3	4	5	0	1	11	12	14	13	2	15		
		55.958426	-3.186893
		55.862982	-4.263554
		54.892406	-2.923222
		54.980766	-1.615849
		53.751959	-0.335941
		53.803895	-1.549931
		53.478239	-2.258549
		53.409532	-3.000126
		52.486125	-1.890507
		51.460852	-2.588139
		51.488224	-3.186893
		51.624837	-3.94495
		50.152266	-5.065556
		50.726024	-3.543949
		51.512161	-0.116215
		51.289406	1.075802
		
g171		1656.09836620198	0.834390163379802	4	10	9	8	7	3	6	4	5	0	11	12	14	13	1	2	15		
		55.862982	-4.263554
		55.958426	-3.186893
		54.892406	-2.923222
		54.980766	-1.615849
		53.803895	-1.549931
		53.751959	-0.335941
		53.478239	-2.258549
		53.409532	-3.000126
		52.486125	-1.890507
		51.488224	-3.186893
		51.624837	-3.94495
		50.152266	-5.065556
		50.726024	-3.543949
		51.460852	-2.588139
		51.512161	-0.116215
		51.289406	1.075802
		
g171		1657.12946446462	0.834287053553538	5	10	9	8	7	3	6	4	5	0	1	11	12	14	13	2	15		
		55.862982	-4.263554
		55.958426	-3.186893
		54.892406	-2.923222
		54.980766	-1.615849
		53.803895	-1.549931
		53.751959	-0.335941
		53.478239	-2.258549
		53.409532	-3.000126
		52.486125	-1.890507
		51.460852	-2.588139
		51.488224	-3.186893
		51.624837	-3.94495
		50.152266	-5.065556
		50.726024	-3.543949
		51.512161	-0.116215
		51.289406	1.075802
		
