c	5 0 1 14 13 11 12 10 9 8 7 3 2 6 4 15	2604.47811851842	0.739552188148157	5	0	1	14	13	11	12	10	9	8	7	3	2	6	4	15		
		53.409532	-3.000126
		52.486125	-1.890507
		51.460852	-2.588139
		50.152266	-5.065556
		50.726024	-3.543949
		51.488224	-3.186893
		51.624837	-3.94495
		55.862982	-4.263554
		55.958426	-3.186893
		54.892406	-2.923222
		54.980766	-1.615849
		53.803895	-1.549931
		51.512161	-0.116215
		53.751959	-0.335941
		53.478239	-2.258549
		51.289406	1.075802
		
c	11 0 12 14 13 10 9 8 7 4 6 3 5 1 2 15	2427.75602308977	0.757224397691023	11	0	12	14	13	10	9	8	7	4	6	3	5	1	2	15		
		51.488224	-3.186893
		52.486125	-1.890507
		51.624837	-3.94495
		50.152266	-5.065556
		50.726024	-3.543949
		55.862982	-4.263554
		55.958426	-3.186893
		54.892406	-2.923222
		54.980766	-1.615849
		53.478239	-2.258549
		53.751959	-0.335941
		53.803895	-1.549931
		53.409532	-3.000126
		51.460852	-2.588139
		51.512161	-0.116215
		51.289406	1.075802
		
c	10 8 7 3 11 12 14 13 0 6 4 5 9 1 2 15	2618.20289817595	0.738179710182405	10	8	7	3	11	12	14	13	0	6	4	5	9	1	2	15		
		55.862982	-4.263554
		54.892406	-2.923222
		54.980766	-1.615849
		53.803895	-1.549931
		51.488224	-3.186893
		51.624837	-3.94495
		50.152266	-5.065556
		50.726024	-3.543949
		52.486125	-1.890507
		53.751959	-0.335941
		53.478239	-2.258549
		53.409532	-3.000126
		55.958426	-3.186893
		51.460852	-2.588139
		51.512161	-0.116215
		51.289406	1.075802
		
c	7 5 0 1 11 12 4 10 9 8 3 6 14 13 2 15	2472.28636988487	0.752771363011513	7	5	0	1	11	12	4	10	9	8	3	6	14	13	2	15		
		54.980766	-1.615849
		53.409532	-3.000126
		52.486125	-1.890507
		51.460852	-2.588139
		51.488224	-3.186893
		51.624837	-3.94495
		53.478239	-2.258549
		55.862982	-4.263554
		55.958426	-3.186893
		54.892406	-2.923222
		53.803895	-1.549931
		53.751959	-0.335941
		50.152266	-5.065556
		50.726024	-3.543949
		51.512161	-0.116215
		51.289406	1.075802
		
c	14 13 1 4 0 11 3 6 5 10 9 12 8 7 2 15	3026.79206535927	0.697320793464073	14	13	1	4	0	11	3	6	5	10	9	12	8	7	2	15		
		50.152266	-5.065556
		50.726024	-3.543949
		51.460852	-2.588139
		53.478239	-2.258549
		52.486125	-1.890507
		51.488224	-3.186893
		53.803895	-1.549931
		53.751959	-0.335941
		53.409532	-3.000126
		55.862982	-4.263554
		55.958426	-3.186893
		51.624837	-3.94495
		54.892406	-2.923222
		54.980766	-1.615849
		51.512161	-0.116215
		51.289406	1.075802
		
c	12 14 13 1 4 0 11 3 6 5 9 10 8 7 2 15	2490.55343815958	0.750944656184042	12	14	13	1	4	0	11	3	6	5	9	10	8	7	2	15		
		51.624837	-3.94495
		50.152266	-5.065556
		50.726024	-3.543949
		51.460852	-2.588139
		53.478239	-2.258549
		52.486125	-1.890507
		51.488224	-3.186893
		53.803895	-1.549931
		53.751959	-0.335941
		53.409532	-3.000126
		55.958426	-3.186893
		55.862982	-4.263554
		54.892406	-2.923222
		54.980766	-1.615849
		51.512161	-0.116215
		51.289406	1.075802
		
c	3 4 5 0 9 10 8 7 6 11 12 14 13 1 2 15	2121.05802194021	0.787894197805979	3	4	5	0	9	10	8	7	6	11	12	14	13	1	2	15		
		53.803895	-1.549931
		53.478239	-2.258549
		53.409532	-3.000126
		52.486125	-1.890507
		55.958426	-3.186893
		55.862982	-4.263554
		54.892406	-2.923222
		54.980766	-1.615849
		53.751959	-0.335941
		51.488224	-3.186893
		51.624837	-3.94495
		50.152266	-5.065556
		50.726024	-3.543949
		51.460852	-2.588139
		51.512161	-0.116215
		51.289406	1.075802
		
c	8 9 7 6 3 4 5 0 1 14 13 11 12 10 2 15	2474.08210097212	0.752591789902788	8	9	7	6	3	4	5	0	1	14	13	11	12	10	2	15		
		54.892406	-2.923222
		55.958426	-3.186893
		54.980766	-1.615849
		53.751959	-0.335941
		53.803895	-1.549931
		53.478239	-2.258549
		53.409532	-3.000126
		52.486125	-1.890507
		51.460852	-2.588139
		50.152266	-5.065556
		50.726024	-3.543949
		51.488224	-3.186893
		51.624837	-3.94495
		55.862982	-4.263554
		51.512161	-0.116215
		51.289406	1.075802
		
c	12 14 13 10 8 7 6 3 4 5 9 1 0 11 2 15	2799.82928244114	0.720017071755886	12	14	13	10	8	7	6	3	4	5	9	1	0	11	2	15		
		51.624837	-3.94495
		50.152266	-5.065556
		50.726024	-3.543949
		55.862982	-4.263554
		54.892406	-2.923222
		54.980766	-1.615849
		53.751959	-0.335941
		53.803895	-1.549931
		53.478239	-2.258549
		53.409532	-3.000126
		55.958426	-3.186893
		51.460852	-2.588139
		52.486125	-1.890507
		51.488224	-3.186893
		51.512161	-0.116215
		51.289406	1.075802
		
c	9 8 7 3 4 5 0 1 11 12 14 13 10 6 2 15	2349.98421828866	0.765001578171134	9	8	7	3	4	5	0	1	11	12	14	13	10	6	2	15		
		55.958426	-3.186893
		54.892406	-2.923222
		54.980766	-1.615849
		53.803895	-1.549931
		53.478239	-2.258549
		53.409532	-3.000126
		52.486125	-1.890507
		51.460852	-2.588139
		51.488224	-3.186893
		51.624837	-3.94495
		50.152266	-5.065556
		50.726024	-3.543949
		55.862982	-4.263554
		53.751959	-0.335941
		51.512161	-0.116215
		51.289406	1.075802
		
c	5 9 8 7 6 3 4 0 1 11 10 12 14 13 2 15	2675.75546293137	0.732424453706863	5	9	8	7	6	3	4	0	1	11	10	12	14	13	2	15		
		53.409532	-3.000126
		55.958426	-3.186893
		54.892406	-2.923222
		54.980766	-1.615849
		53.751959	-0.335941
		53.803895	-1.549931
		53.478239	-2.258549
		52.486125	-1.890507
		51.460852	-2.588139
		51.488224	-3.186893
		55.862982	-4.263554
		51.624837	-3.94495
		50.152266	-5.065556
		50.726024	-3.543949
		51.512161	-0.116215
		51.289406	1.075802
		
c	4 0 1 11 12 14 13 10 9 5 6 8 7 3 2 15	2528.57778784852	0.747142221215148	4	0	1	11	12	14	13	10	9	5	6	8	7	3	2	15		
		53.478239	-2.258549
		52.486125	-1.890507
		51.460852	-2.588139
		51.488224	-3.186893
		51.624837	-3.94495
		50.152266	-5.065556
		50.726024	-3.543949
		55.862982	-4.263554
		55.958426	-3.186893
		53.409532	-3.000126
		53.751959	-0.335941
		54.892406	-2.923222
		54.980766	-1.615849
		53.803895	-1.549931
		51.512161	-0.116215
		51.289406	1.075802
		
c	4 5 11 0 6 9 10 8 7 3 12 14 13 1 2 15	2267.49048754127	0.773250951245873	4	5	11	0	6	9	10	8	7	3	12	14	13	1	2	15		
		53.478239	-2.258549
		53.409532	-3.000126
		51.488224	-3.186893
		52.486125	-1.890507
		53.751959	-0.335941
		55.958426	-3.186893
		55.862982	-4.263554
		54.892406	-2.923222
		54.980766	-1.615849
		53.803895	-1.549931
		51.624837	-3.94495
		50.152266	-5.065556
		50.726024	-3.543949
		51.460852	-2.588139
		51.512161	-0.116215
		51.289406	1.075802
		
c	11 12 14 10 9 6 8 7 3 5 4 0 1 13 2 15	2510.5265526242	0.74894734473758	11	12	14	10	9	6	8	7	3	5	4	0	1	13	2	15		
		51.488224	-3.186893
		51.624837	-3.94495
		50.152266	-5.065556
		55.862982	-4.263554
		55.958426	-3.186893
		53.751959	-0.335941
		54.892406	-2.923222
		54.980766	-1.615849
		53.803895	-1.549931
		53.409532	-3.000126
		53.478239	-2.258549
		52.486125	-1.890507
		51.460852	-2.588139
		50.726024	-3.543949
		51.512161	-0.116215
		51.289406	1.075802
		
c	0 1 11 12 4 10 9 8 7 3 6 2 5 14 13 15	2613.15344451004	0.738684655548996	0	1	11	12	4	10	9	8	7	3	6	2	5	14	13	15		
		52.486125	-1.890507
		51.460852	-2.588139
		51.488224	-3.186893
		51.624837	-3.94495
		53.478239	-2.258549
		55.862982	-4.263554
		55.958426	-3.186893
		54.892406	-2.923222
		54.980766	-1.615849
		53.803895	-1.549931
		53.751959	-0.335941
		51.512161	-0.116215
		53.409532	-3.000126
		50.152266	-5.065556
		50.726024	-3.543949
		51.289406	1.075802
		
c	5 0 6 4 9 10 8 7 3 11 12 14 13 1 2 15	2138.94686649022	0.786105313350978	5	0	6	4	9	10	8	7	3	11	12	14	13	1	2	15		
		53.409532	-3.000126
		52.486125	-1.890507
		53.751959	-0.335941
		53.478239	-2.258549
		55.958426	-3.186893
		55.862982	-4.263554
		54.892406	-2.923222
		54.980766	-1.615849
		53.803895	-1.549931
		51.488224	-3.186893
		51.624837	-3.94495
		50.152266	-5.065556
		50.726024	-3.543949
		51.460852	-2.588139
		51.512161	-0.116215
		51.289406	1.075802
		
c	12 6 10 9 8 3 7 4 5 0 1 11 14 13 2 15	2330.87707037075	0.766912292962925	12	6	10	9	8	3	7	4	5	0	1	11	14	13	2	15		
		51.624837	-3.94495
		53.751959	-0.335941
		55.862982	-4.263554
		55.958426	-3.186893
		54.892406	-2.923222
		53.803895	-1.549931
		54.980766	-1.615849
		53.478239	-2.258549
		53.409532	-3.000126
		52.486125	-1.890507
		51.460852	-2.588139
		51.488224	-3.186893
		50.152266	-5.065556
		50.726024	-3.543949
		51.512161	-0.116215
		51.289406	1.075802
		
c	5 8 4 0 1 11 12 14 13 10 9 7 6 3 2 15	2354.52917316771	0.764547082683229	5	8	4	0	1	11	12	14	13	10	9	7	6	3	2	15		
		53.409532	-3.000126
		54.892406	-2.923222
		53.478239	-2.258549
		52.486125	-1.890507
		51.460852	-2.588139
		51.488224	-3.186893
		51.624837	-3.94495
		50.152266	-5.065556
		50.726024	-3.543949
		55.862982	-4.263554
		55.958426	-3.186893
		54.980766	-1.615849
		53.751959	-0.335941
		53.803895	-1.549931
		51.512161	-0.116215
		51.289406	1.075802
		
c	14 13 11 0 6 4 5 9 10 8 7 3 12 1 2 15	2058.64579156311	0.794135420843689	14	13	11	0	6	4	5	9	10	8	7	3	12	1	2	15		
		50.152266	-5.065556
		50.726024	-3.543949
		51.488224	-3.186893
		52.486125	-1.890507
		53.751959	-0.335941
		53.478239	-2.258549
		53.409532	-3.000126
		55.958426	-3.186893
		55.862982	-4.263554
		54.892406	-2.923222
		54.980766	-1.615849
		53.803895	-1.549931
		51.624837	-3.94495
		51.460852	-2.588139
		51.512161	-0.116215
		51.289406	1.075802
		
c	9 12 14 13 4 10 8 7 3 6 0 11 1 5 2 15	2787.46689508366	0.721253310491634	9	12	14	13	4	10	8	7	3	6	0	11	1	5	2	15		
		55.958426	-3.186893
		51.624837	-3.94495
		50.152266	-5.065556
		50.726024	-3.543949
		53.478239	-2.258549
		55.862982	-4.263554
		54.892406	-2.923222
		54.980766	-1.615849
		53.803895	-1.549931
		53.751959	-0.335941
		52.486125	-1.890507
		51.488224	-3.186893
		51.460852	-2.588139
		53.409532	-3.000126
		51.512161	-0.116215
		51.289406	1.075802
		
c	13 1 5 0 11 12 10 6 9 8 3 7 4 14 2 15	3224.33965940789	0.677566034059211	13	1	5	0	11	12	10	6	9	8	3	7	4	14	2	15		
		50.726024	-3.543949
		51.460852	-2.588139
		53.409532	-3.000126
		52.486125	-1.890507
		51.488224	-3.186893
		51.624837	-3.94495
		55.862982	-4.263554
		53.751959	-0.335941
		55.958426	-3.186893
		54.892406	-2.923222
		53.803895	-1.549931
		54.980766	-1.615849
		53.478239	-2.258549
		50.152266	-5.065556
		51.512161	-0.116215
		51.289406	1.075802
		
c	13 1 2 6 4 9 10 8 7 3 5 0 11 12 14 15	2419.52563357886	0.758047436642114	13	1	2	6	4	9	10	8	7	3	5	0	11	12	14	15		
		50.726024	-3.543949
		51.460852	-2.588139
		51.512161	-0.116215
		53.751959	-0.335941
		53.478239	-2.258549
		55.958426	-3.186893
		55.862982	-4.263554
		54.892406	-2.923222
		54.980766	-1.615849
		53.803895	-1.549931
		53.409532	-3.000126
		52.486125	-1.890507
		51.488224	-3.186893
		51.624837	-3.94495
		50.152266	-5.065556
		51.289406	1.075802
		
c	13 1 2 0 6 10 9 8 3 7 4 5 11 12 14 15	2549.60943198905	0.745039056801095	13	1	2	0	6	10	9	8	3	7	4	5	11	12	14	15		
		50.726024	-3.543949
		51.460852	-2.588139
		51.512161	-0.116215
		52.486125	-1.890507
		53.751959	-0.335941
		55.862982	-4.263554
		55.958426	-3.186893
		54.892406	-2.923222
		53.803895	-1.549931
		54.980766	-1.615849
		53.478239	-2.258549
		53.409532	-3.000126
		51.488224	-3.186893
		51.624837	-3.94495
		50.152266	-5.065556
		51.289406	1.075802
		
c	3 4 5 0 1 11 12 14 13 9 10 6 8 7 2 15	2535.5595326696	0.74644404673304	3	4	5	0	1	11	12	14	13	9	10	6	8	7	2	15		
		53.803895	-1.549931
		53.478239	-2.258549
		53.409532	-3.000126
		52.486125	-1.890507
		51.460852	-2.588139
		51.488224	-3.186893
		51.624837	-3.94495
		50.152266	-5.065556
		50.726024	-3.543949
		55.958426	-3.186893
		55.862982	-4.263554
		53.751959	-0.335941
		54.892406	-2.923222
		54.980766	-1.615849
		51.512161	-0.116215
		51.289406	1.075802
		
c	7 3 6 4 5 0 1 11 12 14 13 2 10 9 8 15	2523.34271608861	0.747665728391139	7	3	6	4	5	0	1	11	12	14	13	2	10	9	8	15		
		54.980766	-1.615849
		53.803895	-1.549931
		53.751959	-0.335941
		53.478239	-2.258549
		53.409532	-3.000126
		52.486125	-1.890507
		51.460852	-2.588139
		51.488224	-3.186893
		51.624837	-3.94495
		50.152266	-5.065556
		50.726024	-3.543949
		51.512161	-0.116215
		55.862982	-4.263554
		55.958426	-3.186893
		54.892406	-2.923222
		51.289406	1.075802
		
c	10 11 12 9 8 7 3 6 4 5 0 1 14 13 2 15	2568.86070641892	0.743113929358108	10	11	12	9	8	7	3	6	4	5	0	1	14	13	2	15		
		55.862982	-4.263554
		51.488224	-3.186893
		51.624837	-3.94495
		55.958426	-3.186893
		54.892406	-2.923222
		54.980766	-1.615849
		53.803895	-1.549931
		53.751959	-0.335941
		53.478239	-2.258549
		53.409532	-3.000126
		52.486125	-1.890507
		51.460852	-2.588139
		50.152266	-5.065556
		50.726024	-3.543949
		51.512161	-0.116215
		51.289406	1.075802
		
c	10 9 3 4 5 0 1 11 12 14 13 6 8 7 2 15	2271.69362934695	0.772830637065305	10	9	3	4	5	0	1	11	12	14	13	6	8	7	2	15		
		55.862982	-4.263554
		55.958426	-3.186893
		53.803895	-1.549931
		53.478239	-2.258549
		53.409532	-3.000126
		52.486125	-1.890507
		51.460852	-2.588139
		51.488224	-3.186893
		51.624837	-3.94495
		50.152266	-5.065556
		50.726024	-3.543949
		53.751959	-0.335941
		54.892406	-2.923222
		54.980766	-1.615849
		51.512161	-0.116215
		51.289406	1.075802
		
c	8 7 6 3 4 5 0 11 14 10 9 1 12 13 2 15	2647.45885418355	0.735254114581645	8	7	6	3	4	5	0	11	14	10	9	1	12	13	2	15		
		54.892406	-2.923222
		54.980766	-1.615849
		53.751959	-0.335941
		53.803895	-1.549931
		53.478239	-2.258549
		53.409532	-3.000126
		52.486125	-1.890507
		51.488224	-3.186893
		50.152266	-5.065556
		55.862982	-4.263554
		55.958426	-3.186893
		51.460852	-2.588139
		51.624837	-3.94495
		50.726024	-3.543949
		51.512161	-0.116215
		51.289406	1.075802
		
c	7 6 3 4 5 0 1 12 14 10 9 8 13 11 2 15	2553.44602220045	0.744655397779955	7	6	3	4	5	0	1	12	14	10	9	8	13	11	2	15		
		54.980766	-1.615849
		53.751959	-0.335941
		53.803895	-1.549931
		53.478239	-2.258549
		53.409532	-3.000126
		52.486125	-1.890507
		51.460852	-2.588139
		51.624837	-3.94495
		50.152266	-5.065556
		55.862982	-4.263554
		55.958426	-3.186893
		54.892406	-2.923222
		50.726024	-3.543949
		51.488224	-3.186893
		51.512161	-0.116215
		51.289406	1.075802
		
c	4 5 0 1 6 10 9 8 7 3 11 12 14 13 2 15	2326.05487422388	0.767394512577612	4	5	0	1	6	10	9	8	7	3	11	12	14	13	2	15		
		53.478239	-2.258549
		53.409532	-3.000126
		52.486125	-1.890507
		51.460852	-2.588139
		53.751959	-0.335941
		55.862982	-4.263554
		55.958426	-3.186893
		54.892406	-2.923222
		54.980766	-1.615849
		53.803895	-1.549931
		51.488224	-3.186893
		51.624837	-3.94495
		50.152266	-5.065556
		50.726024	-3.543949
		51.512161	-0.116215
		51.289406	1.075802
		
c	5 0 11 14 6 12 10 9 8 3 7 4 1 13 2 15	3106.25213277869	0.689374786722131	5	0	11	14	6	12	10	9	8	3	7	4	1	13	2	15		
		53.409532	-3.000126
		52.486125	-1.890507
		51.488224	-3.186893
		50.152266	-5.065556
		53.751959	-0.335941
		51.624837	-3.94495
		55.862982	-4.263554
		55.958426	-3.186893
		54.892406	-2.923222
		53.803895	-1.549931
		54.980766	-1.615849
		53.478239	-2.258549
		51.460852	-2.588139
		50.726024	-3.543949
		51.512161	-0.116215
		51.289406	1.075802
		
c	9 12 14 13 10 8 7 6 3 4 5 1 0 11 2 15	2717.40467905233	0.728259532094767	9	12	14	13	10	8	7	6	3	4	5	1	0	11	2	15		
		55.958426	-3.186893
		51.624837	-3.94495
		50.152266	-5.065556
		50.726024	-3.543949
		55.862982	-4.263554
		54.892406	-2.923222
		54.980766	-1.615849
		53.751959	-0.335941
		53.803895	-1.549931
		53.478239	-2.258549
		53.409532	-3.000126
		51.460852	-2.588139
		52.486125	-1.890507
		51.488224	-3.186893
		51.512161	-0.116215
		51.289406	1.075802
		
c	5 0 1 11 12 9 10 8 7 6 3 4 14 13 2 15	2302.34476431111	0.769765523568889	5	0	1	11	12	9	10	8	7	6	3	4	14	13	2	15		
		53.409532	-3.000126
		52.486125	-1.890507
		51.460852	-2.588139
		51.488224	-3.186893
		51.624837	-3.94495
		55.958426	-3.186893
		55.862982	-4.263554
		54.892406	-2.923222
		54.980766	-1.615849
		53.751959	-0.335941
		53.803895	-1.549931
		53.478239	-2.258549
		50.152266	-5.065556
		50.726024	-3.543949
		51.512161	-0.116215
		51.289406	1.075802
		
c	0 1 2 11 12 14 13 5 4 10 9 8 7 3 6 15	2286.6703962948	0.77133296037052	0	1	2	11	12	14	13	5	4	10	9	8	7	3	6	15		
		52.486125	-1.890507
		51.460852	-2.588139
		51.512161	-0.116215
		51.488224	-3.186893
		51.624837	-3.94495
		50.152266	-5.065556
		50.726024	-3.543949
		53.409532	-3.000126
		53.478239	-2.258549
		55.862982	-4.263554
		55.958426	-3.186893
		54.892406	-2.923222
		54.980766	-1.615849
		53.803895	-1.549931
		53.751959	-0.335941
		51.289406	1.075802
		
c	10 12 6 9 8 3 7 4 5 0 1 11 14 13 2 15	2696.31195885472	0.730368804114528	10	12	6	9	8	3	7	4	5	0	1	11	14	13	2	15		
		55.862982	-4.263554
		51.624837	-3.94495
		53.751959	-0.335941
		55.958426	-3.186893
		54.892406	-2.923222
		53.803895	-1.549931
		54.980766	-1.615849
		53.478239	-2.258549
		53.409532	-3.000126
		52.486125	-1.890507
		51.460852	-2.588139
		51.488224	-3.186893
		50.152266	-5.065556
		50.726024	-3.543949
		51.512161	-0.116215
		51.289406	1.075802
		
c	4 5 0 1 11 12 14 13 6 9 10 8 7 3 2 15	2188.85552849422	0.781114447150578	4	5	0	1	11	12	14	13	6	9	10	8	7	3	2	15		
		53.478239	-2.258549
		53.409532	-3.000126
		52.486125	-1.890507
		51.460852	-2.588139
		51.488224	-3.186893
		51.624837	-3.94495
		50.152266	-5.065556
		50.726024	-3.543949
		53.751959	-0.335941
		55.958426	-3.186893
		55.862982	-4.263554
		54.892406	-2.923222
		54.980766	-1.615849
		53.803895	-1.549931
		51.512161	-0.116215
		51.289406	1.075802
		
c	6 0 11 12 13 1 2 3 7 4 5 14 9 10 8 15	3110.51563322513	0.688948436677487	6	0	11	12	13	1	2	3	7	4	5	14	9	10	8	15		
		53.751959	-0.335941
		52.486125	-1.890507
		51.488224	-3.186893
		51.624837	-3.94495
		50.726024	-3.543949
		51.460852	-2.588139
		51.512161	-0.116215
		53.803895	-1.549931
		54.980766	-1.615849
		53.478239	-2.258549
		53.409532	-3.000126
		50.152266	-5.065556
		55.958426	-3.186893
		55.862982	-4.263554
		54.892406	-2.923222
		51.289406	1.075802
		
c	12 14 13 4 1 2 11 3 10 9 8 7 6 5 0 15	2783.42723491869	0.721657276508131	12	14	13	4	1	2	11	3	10	9	8	7	6	5	0	15		
		51.624837	-3.94495
		50.152266	-5.065556
		50.726024	-3.543949
		53.478239	-2.258549
		51.460852	-2.588139
		51.512161	-0.116215
		51.488224	-3.186893
		53.803895	-1.549931
		55.862982	-4.263554
		55.958426	-3.186893
		54.892406	-2.923222
		54.980766	-1.615849
		53.751959	-0.335941
		53.409532	-3.000126
		52.486125	-1.890507
		51.289406	1.075802
		
c	4 5 0 1 10 9 8 7 3 11 6 12 14 13 2 15	2788.50990887425	0.721149009112575	4	5	0	1	10	9	8	7	3	11	6	12	14	13	2	15		
		53.478239	-2.258549
		53.409532	-3.000126
		52.486125	-1.890507
		51.460852	-2.588139
		55.862982	-4.263554
		55.958426	-3.186893
		54.892406	-2.923222
		54.980766	-1.615849
		53.803895	-1.549931
		51.488224	-3.186893
		53.751959	-0.335941
		51.624837	-3.94495
		50.152266	-5.065556
		50.726024	-3.543949
		51.512161	-0.116215
		51.289406	1.075802
		
c	1 13 2 11 12 14 5 0 4 10 9 8 7 3 6 15	2505.19833246889	0.749480166753111	1	13	2	11	12	14	5	0	4	10	9	8	7	3	6	15		
		51.460852	-2.588139
		50.726024	-3.543949
		51.512161	-0.116215
		51.488224	-3.186893
		51.624837	-3.94495
		50.152266	-5.065556
		53.409532	-3.000126
		52.486125	-1.890507
		53.478239	-2.258549
		55.862982	-4.263554
		55.958426	-3.186893
		54.892406	-2.923222
		54.980766	-1.615849
		53.803895	-1.549931
		53.751959	-0.335941
		51.289406	1.075802
		
c	5 0 1 3 4 9 10 8 7 6 11 12 14 13 2 15	2329.66069749729	0.767033930250271	5	0	1	3	4	9	10	8	7	6	11	12	14	13	2	15		
		53.409532	-3.000126
		52.486125	-1.890507
		51.460852	-2.588139
		53.803895	-1.549931
		53.478239	-2.258549
		55.958426	-3.186893
		55.862982	-4.263554
		54.892406	-2.923222
		54.980766	-1.615849
		53.751959	-0.335941
		51.488224	-3.186893
		51.624837	-3.94495
		50.152266	-5.065556
		50.726024	-3.543949
		51.512161	-0.116215
		51.289406	1.075802
		
c	10 9 8 11 12 14 7 3 6 4 5 0 13 1 2 15	2495.36338354187	0.750463661645813	10	9	8	11	12	14	7	3	6	4	5	0	13	1	2	15		
		55.862982	-4.263554
		55.958426	-3.186893
		54.892406	-2.923222
		51.488224	-3.186893
		51.624837	-3.94495
		50.152266	-5.065556
		54.980766	-1.615849
		53.803895	-1.549931
		53.751959	-0.335941
		53.478239	-2.258549
		53.409532	-3.000126
		52.486125	-1.890507
		50.726024	-3.543949
		51.460852	-2.588139
		51.512161	-0.116215
		51.289406	1.075802
		
c	8 7 6 9 3 4 5 0 1 14 13 11 12 10 2 15	2778.61202071192	0.722138797928808	8	7	6	9	3	4	5	0	1	14	13	11	12	10	2	15		
		54.892406	-2.923222
		54.980766	-1.615849
		53.751959	-0.335941
		55.958426	-3.186893
		53.803895	-1.549931
		53.478239	-2.258549
		53.409532	-3.000126
		52.486125	-1.890507
		51.460852	-2.588139
		50.152266	-5.065556
		50.726024	-3.543949
		51.488224	-3.186893
		51.624837	-3.94495
		55.862982	-4.263554
		51.512161	-0.116215
		51.289406	1.075802
		
c	10 9 8 5 0 1 7 3 11 6 4 12 14 13 2 15	2741.35646508149	0.725864353491851	10	9	8	5	0	1	7	3	11	6	4	12	14	13	2	15		
		55.862982	-4.263554
		55.958426	-3.186893
		54.892406	-2.923222
		53.409532	-3.000126
		52.486125	-1.890507
		51.460852	-2.588139
		54.980766	-1.615849
		53.803895	-1.549931
		51.488224	-3.186893
		53.751959	-0.335941
		53.478239	-2.258549
		51.624837	-3.94495
		50.152266	-5.065556
		50.726024	-3.543949
		51.512161	-0.116215
		51.289406	1.075802
		
c	3 4 10 9 8 7 6 1 13 5 0 11 12 14 2 15	2458.66863020194	0.754133136979806	3	4	10	9	8	7	6	1	13	5	0	11	12	14	2	15		
		53.803895	-1.549931
		53.478239	-2.258549
		55.862982	-4.263554
		55.958426	-3.186893
		54.892406	-2.923222
		54.980766	-1.615849
		53.751959	-0.335941
		51.460852	-2.588139
		50.726024	-3.543949
		53.409532	-3.000126
		52.486125	-1.890507
		51.488224	-3.186893
		51.624837	-3.94495
		50.152266	-5.065556
		51.512161	-0.116215
		51.289406	1.075802
		
c	5 11 10 9 12 14 13 2 0 1 4 8 7 3 6 15	3079.33847882325	0.692066152117675	5	11	10	9	12	14	13	2	0	1	4	8	7	3	6	15		
		53.409532	-3.000126
		51.488224	-3.186893
		55.862982	-4.263554
		55.958426	-3.186893
		51.624837	-3.94495
		50.152266	-5.065556
		50.726024	-3.543949
		51.512161	-0.116215
		52.486125	-1.890507
		51.460852	-2.588139
		53.478239	-2.258549
		54.892406	-2.923222
		54.980766	-1.615849
		53.803895	-1.549931
		53.751959	-0.335941
		51.289406	1.075802
		
c	14 2 13 1 6 5 0 11 12 10 9 8 7 3 4 15	2804.93457143849	0.719506542856151	14	2	13	1	6	5	0	11	12	10	9	8	7	3	4	15		
		50.152266	-5.065556
		51.512161	-0.116215
		50.726024	-3.543949
		51.460852	-2.588139
		53.751959	-0.335941
		53.409532	-3.000126
		52.486125	-1.890507
		51.488224	-3.186893
		51.624837	-3.94495
		55.862982	-4.263554
		55.958426	-3.186893
		54.892406	-2.923222
		54.980766	-1.615849
		53.803895	-1.549931
		53.478239	-2.258549
		51.289406	1.075802
		
c	12 14 13 2 4 5 11 10 9 8 7 3 6 0 1 15	2615.24718892869	0.738475281107131	12	14	13	2	4	5	11	10	9	8	7	3	6	0	1	15		
		51.624837	-3.94495
		50.152266	-5.065556
		50.726024	-3.543949
		51.512161	-0.116215
		53.478239	-2.258549
		53.409532	-3.000126
		51.488224	-3.186893
		55.862982	-4.263554
		55.958426	-3.186893
		54.892406	-2.923222
		54.980766	-1.615849
		53.803895	-1.549931
		53.751959	-0.335941
		52.486125	-1.890507
		51.460852	-2.588139
		51.289406	1.075802
		
c	10 9 8 6 4 12 2 7 3 5 0 1 11 14 13 15	2608.34748955031	0.739165251044969	10	9	8	6	4	12	2	7	3	5	0	1	11	14	13	15		
		55.862982	-4.263554
		55.958426	-3.186893
		54.892406	-2.923222
		53.751959	-0.335941
		53.478239	-2.258549
		51.624837	-3.94495
		51.512161	-0.116215
		54.980766	-1.615849
		53.803895	-1.549931
		53.409532	-3.000126
		52.486125	-1.890507
		51.460852	-2.588139
		51.488224	-3.186893
		50.152266	-5.065556
		50.726024	-3.543949
		51.289406	1.075802
		
c	1 14 13 10 9 8 7 3 6 4 5 0 2 11 12 15	2494.43165116654	0.750556834883346	1	14	13	10	9	8	7	3	6	4	5	0	2	11	12	15		
		51.460852	-2.588139
		50.152266	-5.065556
		50.726024	-3.543949
		55.862982	-4.263554
		55.958426	-3.186893
		54.892406	-2.923222
		54.980766	-1.615849
		53.803895	-1.549931
		53.751959	-0.335941
		53.478239	-2.258549
		53.409532	-3.000126
		52.486125	-1.890507
		51.512161	-0.116215
		51.488224	-3.186893
		51.624837	-3.94495
		51.289406	1.075802
		
c	7 10 9 8 3 6 4 5 0 1 11 12 14 13 2 15	1786.07793151261	0.821392206848739	7	10	9	8	3	6	4	5	0	1	11	12	14	13	2	15		
		54.980766	-1.615849
		55.862982	-4.263554
		55.958426	-3.186893
		54.892406	-2.923222
		53.803895	-1.549931
		53.751959	-0.335941
		53.478239	-2.258549
		53.409532	-3.000126
		52.486125	-1.890507
		51.460852	-2.588139
		51.488224	-3.186893
		51.624837	-3.94495
		50.152266	-5.065556
		50.726024	-3.543949
		51.512161	-0.116215
		51.289406	1.075802
		
c	12 1 11 0 10 9 7 8 3 4 5 6 14 13 2 15	2404.30768055131	0.759569231944869	12	1	11	0	10	9	7	8	3	4	5	6	14	13	2	15		
		51.624837	-3.94495
		51.460852	-2.588139
		51.488224	-3.186893
		52.486125	-1.890507
		55.862982	-4.263554
		55.958426	-3.186893
		54.980766	-1.615849
		54.892406	-2.923222
		53.803895	-1.549931
		53.478239	-2.258549
		53.409532	-3.000126
		53.751959	-0.335941
		50.152266	-5.065556
		50.726024	-3.543949
		51.512161	-0.116215
		51.289406	1.075802
		
c	7 3 6 11 12 14 13 10 9 8 4 5 0 1 2 15	2370.68881561478	0.762931118438522	7	3	6	11	12	14	13	10	9	8	4	5	0	1	2	15		
		54.980766	-1.615849
		53.803895	-1.549931
		53.751959	-0.335941
		51.488224	-3.186893
		51.624837	-3.94495
		50.152266	-5.065556
		50.726024	-3.543949
		55.862982	-4.263554
		55.958426	-3.186893
		54.892406	-2.923222
		53.478239	-2.258549
		53.409532	-3.000126
		52.486125	-1.890507
		51.460852	-2.588139
		51.512161	-0.116215
		51.289406	1.075802
		
c	11 12 10 9 8 7 3 6 4 5 0 1 14 13 2 15	2132.51176151027	0.786748823848973	11	12	10	9	8	7	3	6	4	5	0	1	14	13	2	15		
		51.488224	-3.186893
		51.624837	-3.94495
		55.862982	-4.263554
		55.958426	-3.186893
		54.892406	-2.923222
		54.980766	-1.615849
		53.803895	-1.549931
		53.751959	-0.335941
		53.478239	-2.258549
		53.409532	-3.000126
		52.486125	-1.890507
		51.460852	-2.588139
		50.152266	-5.065556
		50.726024	-3.543949
		51.512161	-0.116215
		51.289406	1.075802
		
c	12 14 13 4 10 9 8 7 3 6 0 11 1 5 2 15	2353.49533678991	0.764650466321009	12	14	13	4	10	9	8	7	3	6	0	11	1	5	2	15		
		51.624837	-3.94495
		50.152266	-5.065556
		50.726024	-3.543949
		53.478239	-2.258549
		55.862982	-4.263554
		55.958426	-3.186893
		54.892406	-2.923222
		54.980766	-1.615849
		53.803895	-1.549931
		53.751959	-0.335941
		52.486125	-1.890507
		51.488224	-3.186893
		51.460852	-2.588139
		53.409532	-3.000126
		51.512161	-0.116215
		51.289406	1.075802
		
c	8 7 6 3 4 5 0 1 14 13 11 12 10 9 2 15	2337.98112322661	0.766201887677339	8	7	6	3	4	5	0	1	14	13	11	12	10	9	2	15		
		54.892406	-2.923222
		54.980766	-1.615849
		53.751959	-0.335941
		53.803895	-1.549931
		53.478239	-2.258549
		53.409532	-3.000126
		52.486125	-1.890507
		51.460852	-2.588139
		50.152266	-5.065556
		50.726024	-3.543949
		51.488224	-3.186893
		51.624837	-3.94495
		55.862982	-4.263554
		55.958426	-3.186893
		51.512161	-0.116215
		51.289406	1.075802
		
c	11 12 14 13 10 9 8 7 6 3 4 5 0 1 2 15	2062.87979652334	0.793712020347666	11	12	14	13	10	9	8	7	6	3	4	5	0	1	2	15		
		51.488224	-3.186893
		51.624837	-3.94495
		50.152266	-5.065556
		50.726024	-3.543949
		55.862982	-4.263554
		55.958426	-3.186893
		54.892406	-2.923222
		54.980766	-1.615849
		53.751959	-0.335941
		53.803895	-1.549931
		53.478239	-2.258549
		53.409532	-3.000126
		52.486125	-1.890507
		51.460852	-2.588139
		51.512161	-0.116215
		51.289406	1.075802
		
c	4 5 0 1 11 12 14 13 10 9 8 7 6 3 2 15	2146.6564094402	0.78533435905598	4	5	0	1	11	12	14	13	10	9	8	7	6	3	2	15		
		53.478239	-2.258549
		53.409532	-3.000126
		52.486125	-1.890507
		51.460852	-2.588139
		51.488224	-3.186893
		51.624837	-3.94495
		50.152266	-5.065556
		50.726024	-3.543949
		55.862982	-4.263554
		55.958426	-3.186893
		54.892406	-2.923222
		54.980766	-1.615849
		53.751959	-0.335941
		53.803895	-1.549931
		51.512161	-0.116215
		51.289406	1.075802
		
c	4 5 0 1 14 13 2 10 9 8 7 3 6 11 12 15	2665.964111961	0.7334035888039	4	5	0	1	14	13	2	10	9	8	7	3	6	11	12	15		
		53.478239	-2.258549
		53.409532	-3.000126
		52.486125	-1.890507
		51.460852	-2.588139
		50.152266	-5.065556
		50.726024	-3.543949
		51.512161	-0.116215
		55.862982	-4.263554
		55.958426	-3.186893
		54.892406	-2.923222
		54.980766	-1.615849
		53.803895	-1.549931
		53.751959	-0.335941
		51.488224	-3.186893
		51.624837	-3.94495
		51.289406	1.075802
		
c	5 1 11 12 10 9 8 7 3 2 6 4 0 14 13 15	2749.46260268881	0.725053739731119	5	1	11	12	10	9	8	7	3	2	6	4	0	14	13	15		
		53.409532	-3.000126
		51.460852	-2.588139
		51.488224	-3.186893
		51.624837	-3.94495
		55.862982	-4.263554
		55.958426	-3.186893
		54.892406	-2.923222
		54.980766	-1.615849
		53.803895	-1.549931
		51.512161	-0.116215
		53.751959	-0.335941
		53.478239	-2.258549
		52.486125	-1.890507
		50.152266	-5.065556
		50.726024	-3.543949
		51.289406	1.075802
		
c	0 11 12 14 13 1 2 10 9 8 7 3 6 4 5 15	2361.85392066771	0.763814607933229	0	11	12	14	13	1	2	10	9	8	7	3	6	4	5	15		
		52.486125	-1.890507
		51.488224	-3.186893
		51.624837	-3.94495
		50.152266	-5.065556
		50.726024	-3.543949
		51.460852	-2.588139
		51.512161	-0.116215
		55.862982	-4.263554
		55.958426	-3.186893
		54.892406	-2.923222
		54.980766	-1.615849
		53.803895	-1.549931
		53.751959	-0.335941
		53.478239	-2.258549
		53.409532	-3.000126
		51.289406	1.075802
		
c	4 5 0 11 14 13 1 12 6 10 9 7 8 3 2 15	2335.01803849905	0.766498196150095	4	5	0	11	14	13	1	12	6	10	9	7	8	3	2	15		
		53.478239	-2.258549
		53.409532	-3.000126
		52.486125	-1.890507
		51.488224	-3.186893
		50.152266	-5.065556
		50.726024	-3.543949
		51.460852	-2.588139
		51.624837	-3.94495
		53.751959	-0.335941
		55.862982	-4.263554
		55.958426	-3.186893
		54.980766	-1.615849
		54.892406	-2.923222
		53.803895	-1.549931
		51.512161	-0.116215
		51.289406	1.075802
		
c	6 4 7 5 0 11 12 1 14 13 10 9 8 3 2 15	2540.20133464235	0.745979866535765	6	4	7	5	0	11	12	1	14	13	10	9	8	3	2	15		
		53.751959	-0.335941
		53.478239	-2.258549
		54.980766	-1.615849
		53.409532	-3.000126
		52.486125	-1.890507
		51.488224	-3.186893
		51.624837	-3.94495
		51.460852	-2.588139
		50.152266	-5.065556
		50.726024	-3.543949
		55.862982	-4.263554
		55.958426	-3.186893
		54.892406	-2.923222
		53.803895	-1.549931
		51.512161	-0.116215
		51.289406	1.075802
		
c	8 3 4 5 0 14 12 9 10 7 6 11 13 1 2 15	2582.14298978513	0.741785701021487	8	3	4	5	0	14	12	9	10	7	6	11	13	1	2	15		
		54.892406	-2.923222
		53.803895	-1.549931
		53.478239	-2.258549
		53.409532	-3.000126
		52.486125	-1.890507
		50.152266	-5.065556
		51.624837	-3.94495
		55.958426	-3.186893
		55.862982	-4.263554
		54.980766	-1.615849
		53.751959	-0.335941
		51.488224	-3.186893
		50.726024	-3.543949
		51.460852	-2.588139
		51.512161	-0.116215
		51.289406	1.075802
		
c	3 6 4 5 0 1 11 12 10 9 8 7 2 14 13 15	2581.79044339436	0.741820955660564	3	6	4	5	0	1	11	12	10	9	8	7	2	14	13	15		
		53.803895	-1.549931
		53.751959	-0.335941
		53.478239	-2.258549
		53.409532	-3.000126
		52.486125	-1.890507
		51.460852	-2.588139
		51.488224	-3.186893
		51.624837	-3.94495
		55.862982	-4.263554
		55.958426	-3.186893
		54.892406	-2.923222
		54.980766	-1.615849
		51.512161	-0.116215
		50.152266	-5.065556
		50.726024	-3.543949
		51.289406	1.075802
		
c	11 12 14 13 1 2 0 6 10 9 8 3 7 4 5 15	2374.05327374845	0.762594672625155	11	12	14	13	1	2	0	6	10	9	8	3	7	4	5	15		
		51.488224	-3.186893
		51.624837	-3.94495
		50.152266	-5.065556
		50.726024	-3.543949
		51.460852	-2.588139
		51.512161	-0.116215
		52.486125	-1.890507
		53.751959	-0.335941
		55.862982	-4.263554
		55.958426	-3.186893
		54.892406	-2.923222
		53.803895	-1.549931
		54.980766	-1.615849
		53.478239	-2.258549
		53.409532	-3.000126
		51.289406	1.075802
		
c	10 9 8 7 3 2 6 4 5 0 1 11 12 14 13 15	2087.36716770539	0.791263283229461	10	9	8	7	3	2	6	4	5	0	1	11	12	14	13	15		
		55.862982	-4.263554
		55.958426	-3.186893
		54.892406	-2.923222
		54.980766	-1.615849
		53.803895	-1.549931
		51.512161	-0.116215
		53.751959	-0.335941
		53.478239	-2.258549
		53.409532	-3.000126
		52.486125	-1.890507
		51.460852	-2.588139
		51.488224	-3.186893
		51.624837	-3.94495
		50.152266	-5.065556
		50.726024	-3.543949
		51.289406	1.075802
		
c	5 11 10 9 8 7 3 6 0 1 12 14 4 13 2 15	2840.32195103043	0.715967804896957	5	11	10	9	8	7	3	6	0	1	12	14	4	13	2	15		
		53.409532	-3.000126
		51.488224	-3.186893
		55.862982	-4.263554
		55.958426	-3.186893
		54.892406	-2.923222
		54.980766	-1.615849
		53.803895	-1.549931
		53.751959	-0.335941
		52.486125	-1.890507
		51.460852	-2.588139
		51.624837	-3.94495
		50.152266	-5.065556
		53.478239	-2.258549
		50.726024	-3.543949
		51.512161	-0.116215
		51.289406	1.075802
		
c	8 7 3 10 9 6 4 5 0 1 11 12 14 13 2 15	2050.57383375863	0.794942616624137	8	7	3	10	9	6	4	5	0	1	11	12	14	13	2	15		
		54.892406	-2.923222
		54.980766	-1.615849
		53.803895	-1.549931
		55.862982	-4.263554
		55.958426	-3.186893
		53.751959	-0.335941
		53.478239	-2.258549
		53.409532	-3.000126
		52.486125	-1.890507
		51.460852	-2.588139
		51.488224	-3.186893
		51.624837	-3.94495
		50.152266	-5.065556
		50.726024	-3.543949
		51.512161	-0.116215
		51.289406	1.075802
		
c	5 0 11 10 9 8 7 6 3 12 14 13 4 1 2 15	2671.22570667314	0.732877429332686	5	0	11	10	9	8	7	6	3	12	14	13	4	1	2	15		
		53.409532	-3.000126
		52.486125	-1.890507
		51.488224	-3.186893
		55.862982	-4.263554
		55.958426	-3.186893
		54.892406	-2.923222
		54.980766	-1.615849
		53.751959	-0.335941
		53.803895	-1.549931
		51.624837	-3.94495
		50.152266	-5.065556
		50.726024	-3.543949
		53.478239	-2.258549
		51.460852	-2.588139
		51.512161	-0.116215
		51.289406	1.075802
		
c	10 8 7 6 3 4 5 0 11 14 13 1 9 12 2 15	2605.45090600711	0.739454909399289	10	8	7	6	3	4	5	0	11	14	13	1	9	12	2	15		
		55.862982	-4.263554
		54.892406	-2.923222
		54.980766	-1.615849
		53.751959	-0.335941
		53.803895	-1.549931
		53.478239	-2.258549
		53.409532	-3.000126
		52.486125	-1.890507
		51.488224	-3.186893
		50.152266	-5.065556
		50.726024	-3.543949
		51.460852	-2.588139
		55.958426	-3.186893
		51.624837	-3.94495
		51.512161	-0.116215
		51.289406	1.075802
		
c	9 8 7 6 3 4 5 0 11 12 14 13 10 1 2 15	2515.17799724759	0.748482200275241	9	8	7	6	3	4	5	0	11	12	14	13	10	1	2	15		
		55.958426	-3.186893
		54.892406	-2.923222
		54.980766	-1.615849
		53.751959	-0.335941
		53.803895	-1.549931
		53.478239	-2.258549
		53.409532	-3.000126
		52.486125	-1.890507
		51.488224	-3.186893
		51.624837	-3.94495
		50.152266	-5.065556
		50.726024	-3.543949
		55.862982	-4.263554
		51.460852	-2.588139
		51.512161	-0.116215
		51.289406	1.075802
		
c	5 0 9 10 8 7 6 11 12 14 13 1 3 4 2 15	2432.21671937521	0.756778328062479	5	0	9	10	8	7	6	11	12	14	13	1	3	4	2	15		
		53.409532	-3.000126
		52.486125	-1.890507
		55.958426	-3.186893
		55.862982	-4.263554
		54.892406	-2.923222
		54.980766	-1.615849
		53.751959	-0.335941
		51.488224	-3.186893
		51.624837	-3.94495
		50.152266	-5.065556
		50.726024	-3.543949
		51.460852	-2.588139
		53.803895	-1.549931
		53.478239	-2.258549
		51.512161	-0.116215
		51.289406	1.075802
		
c	8 7 3 2 6 9 4 5 0 1 14 13 11 12 10 15	3210.12663101899	0.678987336898101	8	7	3	2	6	9	4	5	0	1	14	13	11	12	10	15		
		54.892406	-2.923222
		54.980766	-1.615849
		53.803895	-1.549931
		51.512161	-0.116215
		53.751959	-0.335941
		55.958426	-3.186893
		53.478239	-2.258549
		53.409532	-3.000126
		52.486125	-1.890507
		51.460852	-2.588139
		50.152266	-5.065556
		50.726024	-3.543949
		51.488224	-3.186893
		51.624837	-3.94495
		55.862982	-4.263554
		51.289406	1.075802
		
c	9 10 8 7 3 12 14 13 5 0 6 4 11 1 2 15	2279.93673299551	0.772006326700449	9	10	8	7	3	12	14	13	5	0	6	4	11	1	2	15		
		55.958426	-3.186893
		55.862982	-4.263554
		54.892406	-2.923222
		54.980766	-1.615849
		53.803895	-1.549931
		51.624837	-3.94495
		50.152266	-5.065556
		50.726024	-3.543949
		53.409532	-3.000126
		52.486125	-1.890507
		53.751959	-0.335941
		53.478239	-2.258549
		51.488224	-3.186893
		51.460852	-2.588139
		51.512161	-0.116215
		51.289406	1.075802
		
c	10 9 8 7 5 0 14 13 1 2 12 6 3 4 11 15	2607.35406619862	0.739264593380138	10	9	8	7	5	0	14	13	1	2	12	6	3	4	11	15		
		55.862982	-4.263554
		55.958426	-3.186893
		54.892406	-2.923222
		54.980766	-1.615849
		53.409532	-3.000126
		52.486125	-1.890507
		50.152266	-5.065556
		50.726024	-3.543949
		51.460852	-2.588139
		51.512161	-0.116215
		51.624837	-3.94495
		53.751959	-0.335941
		53.803895	-1.549931
		53.478239	-2.258549
		51.488224	-3.186893
		51.289406	1.075802
		
c	6 3 4 5 0 11 14 13 1 2 12 10 9 8 7 15	2514.58919647567	0.748541080352433	6	3	4	5	0	11	14	13	1	2	12	10	9	8	7	15		
		53.751959	-0.335941
		53.803895	-1.549931
		53.478239	-2.258549
		53.409532	-3.000126
		52.486125	-1.890507
		51.488224	-3.186893
		50.152266	-5.065556
		50.726024	-3.543949
		51.460852	-2.588139
		51.512161	-0.116215
		51.624837	-3.94495
		55.862982	-4.263554
		55.958426	-3.186893
		54.892406	-2.923222
		54.980766	-1.615849
		51.289406	1.075802
		
c	9 3 4 5 0 1 11 12 14 13 6 10 8 7 2 15	2474.70678347373	0.752529321652627	9	3	4	5	0	1	11	12	14	13	6	10	8	7	2	15		
		55.958426	-3.186893
		53.803895	-1.549931
		53.478239	-2.258549
		53.409532	-3.000126
		52.486125	-1.890507
		51.460852	-2.588139
		51.488224	-3.186893
		51.624837	-3.94495
		50.152266	-5.065556
		50.726024	-3.543949
		53.751959	-0.335941
		55.862982	-4.263554
		54.892406	-2.923222
		54.980766	-1.615849
		51.512161	-0.116215
		51.289406	1.075802
		
c	9 11 0 6 4 5 10 8 7 3 12 14 13 1 2 15	2591.96107384812	0.740803892615188	9	11	0	6	4	5	10	8	7	3	12	14	13	1	2	15		
		55.958426	-3.186893
		51.488224	-3.186893
		52.486125	-1.890507
		53.751959	-0.335941
		53.478239	-2.258549
		53.409532	-3.000126
		55.862982	-4.263554
		54.892406	-2.923222
		54.980766	-1.615849
		53.803895	-1.549931
		51.624837	-3.94495
		50.152266	-5.065556
		50.726024	-3.543949
		51.460852	-2.588139
		51.512161	-0.116215
		51.289406	1.075802
		
c	11 10 9 8 7 6 3 12 14 4 5 0 13 1 2 15	2658.95528615257	0.734104471384743	11	10	9	8	7	6	3	12	14	4	5	0	13	1	2	15		
		51.488224	-3.186893
		55.862982	-4.263554
		55.958426	-3.186893
		54.892406	-2.923222
		54.980766	-1.615849
		53.751959	-0.335941
		53.803895	-1.549931
		51.624837	-3.94495
		50.152266	-5.065556
		53.478239	-2.258549
		53.409532	-3.000126
		52.486125	-1.890507
		50.726024	-3.543949
		51.460852	-2.588139
		51.512161	-0.116215
		51.289406	1.075802
		
c	12 14 13 1 2 10 9 8 7 6 3 4 5 0 11 15	2324.67598034644	0.767532401965356	12	14	13	1	2	10	9	8	7	6	3	4	5	0	11	15		
		51.624837	-3.94495
		50.152266	-5.065556
		50.726024	-3.543949
		51.460852	-2.588139
		51.512161	-0.116215
		55.862982	-4.263554
		55.958426	-3.186893
		54.892406	-2.923222
		54.980766	-1.615849
		53.751959	-0.335941
		53.803895	-1.549931
		53.478239	-2.258549
		53.409532	-3.000126
		52.486125	-1.890507
		51.488224	-3.186893
		51.289406	1.075802
		
c	0 11 12 14 2 6 4 5 9 10 8 7 3 13 1 15	2619.30055646889	0.738069944353111	0	11	12	14	2	6	4	5	9	10	8	7	3	13	1	15		
		52.486125	-1.890507
		51.488224	-3.186893
		51.624837	-3.94495
		50.152266	-5.065556
		51.512161	-0.116215
		53.751959	-0.335941
		53.478239	-2.258549
		53.409532	-3.000126
		55.958426	-3.186893
		55.862982	-4.263554
		54.892406	-2.923222
		54.980766	-1.615849
		53.803895	-1.549931
		50.726024	-3.543949
		51.460852	-2.588139
		51.289406	1.075802
		
c	8 7 13 1 2 6 4 9 10 3 5 0 11 12 14 15	2929.27116986936	0.707072883013064	8	7	13	1	2	6	4	9	10	3	5	0	11	12	14	15		
		54.892406	-2.923222
		54.980766	-1.615849
		50.726024	-3.543949
		51.460852	-2.588139
		51.512161	-0.116215
		53.751959	-0.335941
		53.478239	-2.258549
		55.958426	-3.186893
		55.862982	-4.263554
		53.803895	-1.549931
		53.409532	-3.000126
		52.486125	-1.890507
		51.488224	-3.186893
		51.624837	-3.94495
		50.152266	-5.065556
		51.289406	1.075802
		
c	2 6 9 10 8 7 3 4 5 0 11 12 14 13 1 15	2074.93426197178	0.792506573802822	2	6	9	10	8	7	3	4	5	0	11	12	14	13	1	15		
		51.512161	-0.116215
		53.751959	-0.335941
		55.958426	-3.186893
		55.862982	-4.263554
		54.892406	-2.923222
		54.980766	-1.615849
		53.803895	-1.549931
		53.478239	-2.258549
		53.409532	-3.000126
		52.486125	-1.890507
		51.488224	-3.186893
		51.624837	-3.94495
		50.152266	-5.065556
		50.726024	-3.543949
		51.460852	-2.588139
		51.289406	1.075802
		
c	14 9 8 7 3 4 5 0 1 11 12 13 10 6 2 15	2804.55585699112	0.719544414300888	14	9	8	7	3	4	5	0	1	11	12	13	10	6	2	15		
		50.152266	-5.065556
		55.958426	-3.186893
		54.892406	-2.923222
		54.980766	-1.615849
		53.803895	-1.549931
		53.478239	-2.258549
		53.409532	-3.000126
		52.486125	-1.890507
		51.460852	-2.588139
		51.488224	-3.186893
		51.624837	-3.94495
		50.726024	-3.543949
		55.862982	-4.263554
		53.751959	-0.335941
		51.512161	-0.116215
		51.289406	1.075802
		
c	11 12 14 13 6 8 7 10 9 3 4 5 0 1 2 15	2196.73083928817	0.780326916071183	11	12	14	13	6	8	7	10	9	3	4	5	0	1	2	15		
		51.488224	-3.186893
		51.624837	-3.94495
		50.152266	-5.065556
		50.726024	-3.543949
		53.751959	-0.335941
		54.892406	-2.923222
		54.980766	-1.615849
		55.862982	-4.263554
		55.958426	-3.186893
		53.803895	-1.549931
		53.478239	-2.258549
		53.409532	-3.000126
		52.486125	-1.890507
		51.460852	-2.588139
		51.512161	-0.116215
		51.289406	1.075802
		
c	5 0 11 12 14 13 1 10 9 3 4 6 8 7 2 15	2535.49732149915	0.746450267850085	5	0	11	12	14	13	1	10	9	3	4	6	8	7	2	15		
		53.409532	-3.000126
		52.486125	-1.890507
		51.488224	-3.186893
		51.624837	-3.94495
		50.152266	-5.065556
		50.726024	-3.543949
		51.460852	-2.588139
		55.862982	-4.263554
		55.958426	-3.186893
		53.803895	-1.549931
		53.478239	-2.258549
		53.751959	-0.335941
		54.892406	-2.923222
		54.980766	-1.615849
		51.512161	-0.116215
		51.289406	1.075802
		
c	5 11 0 6 4 9 10 8 7 3 12 14 13 1 2 15	2324.63274138295	0.767536725861705	5	11	0	6	4	9	10	8	7	3	12	14	13	1	2	15		
		53.409532	-3.000126
		51.488224	-3.186893
		52.486125	-1.890507
		53.751959	-0.335941
		53.478239	-2.258549
		55.958426	-3.186893
		55.862982	-4.263554
		54.892406	-2.923222
		54.980766	-1.615849
		53.803895	-1.549931
		51.624837	-3.94495
		50.152266	-5.065556
		50.726024	-3.543949
		51.460852	-2.588139
		51.512161	-0.116215
		51.289406	1.075802
		
c	10 0 1 11 12 4 9 8 7 3 6 14 13 5 2 15	2872.63308197245	0.712736691802755	10	0	1	11	12	4	9	8	7	3	6	14	13	5	2	15		
		55.862982	-4.263554
		52.486125	-1.890507
		51.460852	-2.588139
		51.488224	-3.186893
		51.624837	-3.94495
		53.478239	-2.258549
		55.958426	-3.186893
		54.892406	-2.923222
		54.980766	-1.615849
		53.803895	-1.549931
		53.751959	-0.335941
		50.152266	-5.065556
		50.726024	-3.543949
		53.409532	-3.000126
		51.512161	-0.116215
		51.289406	1.075802
		
c	0 1 14 11 12 13 7 9 8 10 4 6 3 5 2 15	2586.16521809798	0.741383478190202	0	1	14	11	12	13	7	9	8	10	4	6	3	5	2	15		
		52.486125	-1.890507
		51.460852	-2.588139
		50.152266	-5.065556
		51.488224	-3.186893
		51.624837	-3.94495
		50.726024	-3.543949
		54.980766	-1.615849
		55.958426	-3.186893
		54.892406	-2.923222
		55.862982	-4.263554
		53.478239	-2.258549
		53.751959	-0.335941
		53.803895	-1.549931
		53.409532	-3.000126
		51.512161	-0.116215
		51.289406	1.075802
		
c	10 8 7 6 3 4 5 0 11 14 13 1 9 2 12 15	2918.42153822741	0.70815784617726	10	8	7	6	3	4	5	0	11	14	13	1	9	2	12	15		
		55.862982	-4.263554
		54.892406	-2.923222
		54.980766	-1.615849
		53.751959	-0.335941
		53.803895	-1.549931
		53.478239	-2.258549
		53.409532	-3.000126
		52.486125	-1.890507
		51.488224	-3.186893
		50.152266	-5.065556
		50.726024	-3.543949
		51.460852	-2.588139
		55.958426	-3.186893
		51.512161	-0.116215
		51.624837	-3.94495
		51.289406	1.075802
		
c	1 10 9 8 7 3 6 4 5 0 12 11 14 13 2 15	2180.75005129161	0.781924994870839	1	10	9	8	7	3	6	4	5	0	12	11	14	13	2	15		
		51.460852	-2.588139
		55.862982	-4.263554
		55.958426	-3.186893
		54.892406	-2.923222
		54.980766	-1.615849
		53.803895	-1.549931
		53.751959	-0.335941
		53.478239	-2.258549
		53.409532	-3.000126
		52.486125	-1.890507
		51.624837	-3.94495
		51.488224	-3.186893
		50.152266	-5.065556
		50.726024	-3.543949
		51.512161	-0.116215
		51.289406	1.075802
		
c	5 0 12 10 9 8 7 3 6 4 11 14 13 1 2 15	2298.55333834495	0.770144666165505	5	0	12	10	9	8	7	3	6	4	11	14	13	1	2	15		
		53.409532	-3.000126
		52.486125	-1.890507
		51.624837	-3.94495
		55.862982	-4.263554
		55.958426	-3.186893
		54.892406	-2.923222
		54.980766	-1.615849
		53.803895	-1.549931
		53.751959	-0.335941
		53.478239	-2.258549
		51.488224	-3.186893
		50.152266	-5.065556
		50.726024	-3.543949
		51.460852	-2.588139
		51.512161	-0.116215
		51.289406	1.075802
		
c	13 0 12 9 10 8 7 6 3 4 11 14 5 1 2 15	2762.88839400339	0.723711160599661	13	0	12	9	10	8	7	6	3	4	11	14	5	1	2	15		
		50.726024	-3.543949
		52.486125	-1.890507
		51.624837	-3.94495
		55.958426	-3.186893
		55.862982	-4.263554
		54.892406	-2.923222
		54.980766	-1.615849
		53.751959	-0.335941
		53.803895	-1.549931
		53.478239	-2.258549
		51.488224	-3.186893
		50.152266	-5.065556
		53.409532	-3.000126
		51.460852	-2.588139
		51.512161	-0.116215
		51.289406	1.075802
		
g173		1613.67648029291	0.838632351970709	0	10	9	8	7	6	3	4	5	0	11	12	14	13	1	2	15		
		55.862982	-4.263554
		55.958426	-3.186893
		54.892406	-2.923222
		54.980766	-1.615849
		53.751959	-0.335941
		53.803895	-1.549931
		53.478239	-2.258549
		53.409532	-3.000126
		52.486125	-1.890507
		51.488224	-3.186893
		51.624837	-3.94495
		50.152266	-5.065556
		50.726024	-3.543949
		51.460852	-2.588139
		51.512161	-0.116215
		51.289406	1.075802
		
g173		1614.70757855554	0.838529242144446	1	10	9	8	7	6	3	4	5	0	1	11	12	14	13	2	15		
		55.862982	-4.263554
		55.958426	-3.186893
		54.892406	-2.923222
		54.980766	-1.615849
		53.751959	-0.335941
		53.803895	-1.549931
		53.478239	-2.258549
		53.409532	-3.000126
		52.486125	-1.890507
		51.460852	-2.588139
		51.488224	-3.186893
		51.624837	-3.94495
		50.152266	-5.065556
		50.726024	-3.543949
		51.512161	-0.116215
		51.289406	1.075802
		
g173		1631.15131975355	0.836884868024645	2	9	10	8	7	6	3	4	5	0	11	12	14	13	1	2	15		
		55.958426	-3.186893
		55.862982	-4.263554
		54.892406	-2.923222
		54.980766	-1.615849
		53.751959	-0.335941
		53.803895	-1.549931
		53.478239	-2.258549
		53.409532	-3.000126
		52.486125	-1.890507
		51.488224	-3.186893
		51.624837	-3.94495
		50.152266	-5.065556
		50.726024	-3.543949
		51.460852	-2.588139
		51.512161	-0.116215
		51.289406	1.075802
		
g173		1632.18241801618	0.836781758198382	3	9	10	8	7	6	3	4	5	0	1	11	12	14	13	2	15		
		55.958426	-3.186893
		55.862982	-4.263554
		54.892406	-2.923222
		54.980766	-1.615849
		53.751959	-0.335941
		53.803895	-1.549931
		53.478239	-2.258549
		53.409532	-3.000126
		52.486125	-1.890507
		51.460852	-2.588139
		51.488224	-3.186893
		51.624837	-3.94495
		50.152266	-5.065556
		50.726024	-3.543949
		51.512161	-0.116215
		51.289406	1.075802
		
g173		1656.09836620198	0.834390163379802	4	10	9	8	7	3	6	4	5	0	11	12	14	13	1	2	15		
		55.862982	-4.263554
		55.958426	-3.186893
		54.892406	-2.923222
		54.980766	-1.615849
		53.803895	-1.549931
		53.751959	-0.335941
		53.478239	-2.258549
		53.409532	-3.000126
		52.486125	-1.890507
		51.488224	-3.186893
		51.624837	-3.94495
		50.152266	-5.065556
		50.726024	-3.543949
		51.460852	-2.588139
		51.512161	-0.116215
		51.289406	1.075802
		
g173		1657.12946446462	0.834287053553538	5	10	9	8	7	3	6	4	5	0	1	11	12	14	13	2	15		
		55.862982	-4.263554
		55.958426	-3.186893
		54.892406	-2.923222
		54.980766	-1.615849
		53.803895	-1.549931
		53.751959	-0.335941
		53.478239	-2.258549
		53.409532	-3.000126
		52.486125	-1.890507
		51.460852	-2.588139
		51.488224	-3.186893
		51.624837	-3.94495
		50.152266	-5.065556
		50.726024	-3.543949
		51.512161	-0.116215
		51.289406	1.075802
		
