c	13 2 5 9 10 8 7 3 6 4 0 11 12 14 1 15	2429.58429556569	0.757041570443431	13	2	5	9	10	8	7	3	6	4	0	11	12	14	1	15		
		50.726024	-3.543949
		51.512161	-0.116215
		53.409532	-3.000126
		55.958426	-3.186893
		55.862982	-4.263554
		54.892406	-2.923222
		54.980766	-1.615849
		53.803895	-1.549931
		53.751959	-0.335941
		53.478239	-2.258549
		52.486125	-1.890507
		51.488224	-3.186893
		51.624837	-3.94495
		50.152266	-5.065556
		51.460852	-2.588139
		51.289406	1.075802
		
c	13 10 9 8 0 1 11 12 2 7 6 3 4 5 14 15	3107.82409853305	0.689217590146695	13	10	9	8	0	1	11	12	2	7	6	3	4	5	14	15		
		50.726024	-3.543949
		55.862982	-4.263554
		55.958426	-3.186893
		54.892406	-2.923222
		52.486125	-1.890507
		51.460852	-2.588139
		51.488224	-3.186893
		51.624837	-3.94495
		51.512161	-0.116215
		54.980766	-1.615849
		53.751959	-0.335941
		53.803895	-1.549931
		53.478239	-2.258549
		53.409532	-3.000126
		50.152266	-5.065556
		51.289406	1.075802
		
c	4 6 5 0 11 14 13 10 9 8 7 3 12 1 2 15	2523.19056340502	0.747680943659498	4	6	5	0	11	14	13	10	9	8	7	3	12	1	2	15		
		53.478239	-2.258549
		53.751959	-0.335941
		53.409532	-3.000126
		52.486125	-1.890507
		51.488224	-3.186893
		50.152266	-5.065556
		50.726024	-3.543949
		55.862982	-4.263554
		55.958426	-3.186893
		54.892406	-2.923222
		54.980766	-1.615849
		53.803895	-1.549931
		51.624837	-3.94495
		51.460852	-2.588139
		51.512161	-0.116215
		51.289406	1.075802
		
c	1 11 12 14 13 9 10 8 4 7 6 3 5 0 2 15	2246.5538307758	0.77534461692242	1	11	12	14	13	9	10	8	4	7	6	3	5	0	2	15		
		51.460852	-2.588139
		51.488224	-3.186893
		51.624837	-3.94495
		50.152266	-5.065556
		50.726024	-3.543949
		55.958426	-3.186893
		55.862982	-4.263554
		54.892406	-2.923222
		53.478239	-2.258549
		54.980766	-1.615849
		53.751959	-0.335941
		53.803895	-1.549931
		53.409532	-3.000126
		52.486125	-1.890507
		51.512161	-0.116215
		51.289406	1.075802
		
c	4 5 0 1 11 12 14 13 2 7 6 3 10 9 8 15	2552.26407148368	0.744773592851632	4	5	0	1	11	12	14	13	2	7	6	3	10	9	8	15		
		53.478239	-2.258549
		53.409532	-3.000126
		52.486125	-1.890507
		51.460852	-2.588139
		51.488224	-3.186893
		51.624837	-3.94495
		50.152266	-5.065556
		50.726024	-3.543949
		51.512161	-0.116215
		54.980766	-1.615849
		53.751959	-0.335941
		53.803895	-1.549931
		55.862982	-4.263554
		55.958426	-3.186893
		54.892406	-2.923222
		51.289406	1.075802
		
c	5 7 6 3 4 14 13 10 9 8 0 1 11 12 2 15	2645.59712342684	0.735440287657316	5	7	6	3	4	14	13	10	9	8	0	1	11	12	2	15		
		53.409532	-3.000126
		54.980766	-1.615849
		53.751959	-0.335941
		53.803895	-1.549931
		53.478239	-2.258549
		50.152266	-5.065556
		50.726024	-3.543949
		55.862982	-4.263554
		55.958426	-3.186893
		54.892406	-2.923222
		52.486125	-1.890507
		51.460852	-2.588139
		51.488224	-3.186893
		51.624837	-3.94495
		51.512161	-0.116215
		51.289406	1.075802
		
c	3 4 5 0 14 13 9 10 8 7 6 1 2 11 12 15	2817.50061972718	0.718249938027282	3	4	5	0	14	13	9	10	8	7	6	1	2	11	12	15		
		53.803895	-1.549931
		53.478239	-2.258549
		53.409532	-3.000126
		52.486125	-1.890507
		50.152266	-5.065556
		50.726024	-3.543949
		55.958426	-3.186893
		55.862982	-4.263554
		54.892406	-2.923222
		54.980766	-1.615849
		53.751959	-0.335941
		51.460852	-2.588139
		51.512161	-0.116215
		51.488224	-3.186893
		51.624837	-3.94495
		51.289406	1.075802
		
c	7 6 3 0 1 11 12 14 13 2 4 9 10 8 5 15	2447.4402296219	0.75525597703781	7	6	3	0	1	11	12	14	13	2	4	9	10	8	5	15		
		54.980766	-1.615849
		53.751959	-0.335941
		53.803895	-1.549931
		52.486125	-1.890507
		51.460852	-2.588139
		51.488224	-3.186893
		51.624837	-3.94495
		50.152266	-5.065556
		50.726024	-3.543949
		51.512161	-0.116215
		53.478239	-2.258549
		55.958426	-3.186893
		55.862982	-4.263554
		54.892406	-2.923222
		53.409532	-3.000126
		51.289406	1.075802
		
c	6 3 5 0 1 2 11 12 9 10 8 7 4 14 13 15	2691.27018346854	0.730872981653146	6	3	5	0	1	2	11	12	9	10	8	7	4	14	13	15		
		53.751959	-0.335941
		53.803895	-1.549931
		53.409532	-3.000126
		52.486125	-1.890507
		51.460852	-2.588139
		51.512161	-0.116215
		51.488224	-3.186893
		51.624837	-3.94495
		55.958426	-3.186893
		55.862982	-4.263554
		54.892406	-2.923222
		54.980766	-1.615849
		53.478239	-2.258549
		50.152266	-5.065556
		50.726024	-3.543949
		51.289406	1.075802
		
c	11 12 9 10 8 7 6 3 4 5 0 14 13 1 2 15	2132.42623300565	0.786757376699435	11	12	9	10	8	7	6	3	4	5	0	14	13	1	2	15		
		51.488224	-3.186893
		51.624837	-3.94495
		55.958426	-3.186893
		55.862982	-4.263554
		54.892406	-2.923222
		54.980766	-1.615849
		53.751959	-0.335941
		53.803895	-1.549931
		53.478239	-2.258549
		53.409532	-3.000126
		52.486125	-1.890507
		50.152266	-5.065556
		50.726024	-3.543949
		51.460852	-2.588139
		51.512161	-0.116215
		51.289406	1.075802
		
c	12 14 9 10 8 6 4 13 7 3 5 0 11 1 2 15	2998.08826109054	0.700191173890946	12	14	9	10	8	6	4	13	7	3	5	0	11	1	2	15		
		51.624837	-3.94495
		50.152266	-5.065556
		55.958426	-3.186893
		55.862982	-4.263554
		54.892406	-2.923222
		53.751959	-0.335941
		53.478239	-2.258549
		50.726024	-3.543949
		54.980766	-1.615849
		53.803895	-1.549931
		53.409532	-3.000126
		52.486125	-1.890507
		51.488224	-3.186893
		51.460852	-2.588139
		51.512161	-0.116215
		51.289406	1.075802
		
c	1 11 12 14 13 2 9 6 3 4 5 10 8 7 0 15	2713.1963127874	0.72868036872126	1	11	12	14	13	2	9	6	3	4	5	10	8	7	0	15		
		51.460852	-2.588139
		51.488224	-3.186893
		51.624837	-3.94495
		50.152266	-5.065556
		50.726024	-3.543949
		51.512161	-0.116215
		55.958426	-3.186893
		53.751959	-0.335941
		53.803895	-1.549931
		53.478239	-2.258549
		53.409532	-3.000126
		55.862982	-4.263554
		54.892406	-2.923222
		54.980766	-1.615849
		52.486125	-1.890507
		51.289406	1.075802
		
c	4 5 0 11 12 14 13 1 7 3 9 10 8 6 2 15	2325.78281242101	0.767421718757899	4	5	0	11	12	14	13	1	7	3	9	10	8	6	2	15		
		53.478239	-2.258549
		53.409532	-3.000126
		52.486125	-1.890507
		51.488224	-3.186893
		51.624837	-3.94495
		50.152266	-5.065556
		50.726024	-3.543949
		51.460852	-2.588139
		54.980766	-1.615849
		53.803895	-1.549931
		55.958426	-3.186893
		55.862982	-4.263554
		54.892406	-2.923222
		53.751959	-0.335941
		51.512161	-0.116215
		51.289406	1.075802
		
c	1 11 12 14 13 2 6 3 10 4 5 9 8 7 0 15	2627.70381143245	0.737229618856755	1	11	12	14	13	2	6	3	10	4	5	9	8	7	0	15		
		51.460852	-2.588139
		51.488224	-3.186893
		51.624837	-3.94495
		50.152266	-5.065556
		50.726024	-3.543949
		51.512161	-0.116215
		53.751959	-0.335941
		53.803895	-1.549931
		55.862982	-4.263554
		53.478239	-2.258549
		53.409532	-3.000126
		55.958426	-3.186893
		54.892406	-2.923222
		54.980766	-1.615849
		52.486125	-1.890507
		51.289406	1.075802
		
c	3 1 2 6 4 9 10 8 7 5 0 11 12 14 13 15	2548.28736301407	0.745171263698593	3	1	2	6	4	9	10	8	7	5	0	11	12	14	13	15		
		53.803895	-1.549931
		51.460852	-2.588139
		51.512161	-0.116215
		53.751959	-0.335941
		53.478239	-2.258549
		55.958426	-3.186893
		55.862982	-4.263554
		54.892406	-2.923222
		54.980766	-1.615849
		53.409532	-3.000126
		52.486125	-1.890507
		51.488224	-3.186893
		51.624837	-3.94495
		50.152266	-5.065556
		50.726024	-3.543949
		51.289406	1.075802
		
c	5 11 12 14 13 9 8 7 6 3 10 4 0 1 2 15	2677.74818536171	0.732225181463829	5	11	12	14	13	9	8	7	6	3	10	4	0	1	2	15		
		53.409532	-3.000126
		51.488224	-3.186893
		51.624837	-3.94495
		50.152266	-5.065556
		50.726024	-3.543949
		55.958426	-3.186893
		54.892406	-2.923222
		54.980766	-1.615849
		53.751959	-0.335941
		53.803895	-1.549931
		55.862982	-4.263554
		53.478239	-2.258549
		52.486125	-1.890507
		51.460852	-2.588139
		51.512161	-0.116215
		51.289406	1.075802
		
c	3 6 4 5 0 11 12 14 13 7 10 9 8 1 2 15	2401.98087479731	0.759801912520269	3	6	4	5	0	11	12	14	13	7	10	9	8	1	2	15		
		53.803895	-1.549931
		53.751959	-0.335941
		53.478239	-2.258549
		53.409532	-3.000126
		52.486125	-1.890507
		51.488224	-3.186893
		51.624837	-3.94495
		50.152266	-5.065556
		50.726024	-3.543949
		54.980766	-1.615849
		55.862982	-4.263554
		55.958426	-3.186893
		54.892406	-2.923222
		51.460852	-2.588139
		51.512161	-0.116215
		51.289406	1.075802
		
c	3 2 6 4 9 10 8 7 5 0 11 12 14 13 1 15	2411.13137599339	0.758886862400661	3	2	6	4	9	10	8	7	5	0	11	12	14	13	1	15		
		53.803895	-1.549931
		51.512161	-0.116215
		53.751959	-0.335941
		53.478239	-2.258549
		55.958426	-3.186893
		55.862982	-4.263554
		54.892406	-2.923222
		54.980766	-1.615849
		53.409532	-3.000126
		52.486125	-1.890507
		51.488224	-3.186893
		51.624837	-3.94495
		50.152266	-5.065556
		50.726024	-3.543949
		51.460852	-2.588139
		51.289406	1.075802
		
c	0 7 3 6 11 10 1 9 8 4 5 12 14 13 2 15	3489.5028198922	0.65104971801078	0	7	3	6	11	10	1	9	8	4	5	12	14	13	2	15		
		52.486125	-1.890507
		54.980766	-1.615849
		53.803895	-1.549931
		53.751959	-0.335941
		51.488224	-3.186893
		55.862982	-4.263554
		51.460852	-2.588139
		55.958426	-3.186893
		54.892406	-2.923222
		53.478239	-2.258549
		53.409532	-3.000126
		51.624837	-3.94495
		50.152266	-5.065556
		50.726024	-3.543949
		51.512161	-0.116215
		51.289406	1.075802
		
c	3 4 5 0 1 11 12 9 10 8 7 6 14 13 2 15	2369.82403151668	0.763017596848332	3	4	5	0	1	11	12	9	10	8	7	6	14	13	2	15		
		53.803895	-1.549931
		53.478239	-2.258549
		53.409532	-3.000126
		52.486125	-1.890507
		51.460852	-2.588139
		51.488224	-3.186893
		51.624837	-3.94495
		55.958426	-3.186893
		55.862982	-4.263554
		54.892406	-2.923222
		54.980766	-1.615849
		53.751959	-0.335941
		50.152266	-5.065556
		50.726024	-3.543949
		51.512161	-0.116215
		51.289406	1.075802
		
c	10 8 7 1 11 12 14 13 6 9 3 4 5 0 2 15	2473.80394675647	0.752619605324353	10	8	7	1	11	12	14	13	6	9	3	4	5	0	2	15		
		55.862982	-4.263554
		54.892406	-2.923222
		54.980766	-1.615849
		51.460852	-2.588139
		51.488224	-3.186893
		51.624837	-3.94495
		50.152266	-5.065556
		50.726024	-3.543949
		53.751959	-0.335941
		55.958426	-3.186893
		53.803895	-1.549931
		53.478239	-2.258549
		53.409532	-3.000126
		52.486125	-1.890507
		51.512161	-0.116215
		51.289406	1.075802
		
c	6 3 10 9 4 8 7 1 2 5 0 11 12 14 13 15	2779.55002936958	0.722044997063042	6	3	10	9	4	8	7	1	2	5	0	11	12	14	13	15		
		53.751959	-0.335941
		53.803895	-1.549931
		55.862982	-4.263554
		55.958426	-3.186893
		53.478239	-2.258549
		54.892406	-2.923222
		54.980766	-1.615849
		51.460852	-2.588139
		51.512161	-0.116215
		53.409532	-3.000126
		52.486125	-1.890507
		51.488224	-3.186893
		51.624837	-3.94495
		50.152266	-5.065556
		50.726024	-3.543949
		51.289406	1.075802
		
c	6 10 9 11 14 13 4 8 7 3 5 0 1 12 2 15	2731.87929071262	0.726812070928738	6	10	9	11	14	13	4	8	7	3	5	0	1	12	2	15		
		53.751959	-0.335941
		55.862982	-4.263554
		55.958426	-3.186893
		51.488224	-3.186893
		50.152266	-5.065556
		50.726024	-3.543949
		53.478239	-2.258549
		54.892406	-2.923222
		54.980766	-1.615849
		53.803895	-1.549931
		53.409532	-3.000126
		52.486125	-1.890507
		51.460852	-2.588139
		51.624837	-3.94495
		51.512161	-0.116215
		51.289406	1.075802
		
c	10 8 7 1 2 6 13 3 9 4 5 0 11 12 14 15	3356.53146477259	0.664346853522741	10	8	7	1	2	6	13	3	9	4	5	0	11	12	14	15		
		55.862982	-4.263554
		54.892406	-2.923222
		54.980766	-1.615849
		51.460852	-2.588139
		51.512161	-0.116215
		53.751959	-0.335941
		50.726024	-3.543949
		53.803895	-1.549931
		55.958426	-3.186893
		53.478239	-2.258549
		53.409532	-3.000126
		52.486125	-1.890507
		51.488224	-3.186893
		51.624837	-3.94495
		50.152266	-5.065556
		51.289406	1.075802
		
c	1 2 6 4 9 10 8 7 3 5 0 11 12 14 13 15	2318.13429408876	0.768186570591124	1	2	6	4	9	10	8	7	3	5	0	11	12	14	13	15		
		51.460852	-2.588139
		51.512161	-0.116215
		53.751959	-0.335941
		53.478239	-2.258549
		55.958426	-3.186893
		55.862982	-4.263554
		54.892406	-2.923222
		54.980766	-1.615849
		53.803895	-1.549931
		53.409532	-3.000126
		52.486125	-1.890507
		51.488224	-3.186893
		51.624837	-3.94495
		50.152266	-5.065556
		50.726024	-3.543949
		51.289406	1.075802
		
c	14 13 4 9 10 8 7 6 3 5 0 1 2 11 12 15	2398.50391726479	0.760149608273521	14	13	4	9	10	8	7	6	3	5	0	1	2	11	12	15		
		50.152266	-5.065556
		50.726024	-3.543949
		53.478239	-2.258549
		55.958426	-3.186893
		55.862982	-4.263554
		54.892406	-2.923222
		54.980766	-1.615849
		53.751959	-0.335941
		53.803895	-1.549931
		53.409532	-3.000126
		52.486125	-1.890507
		51.460852	-2.588139
		51.512161	-0.116215
		51.488224	-3.186893
		51.624837	-3.94495
		51.289406	1.075802
		
c	13 9 10 8 7 4 6 3 5 0 1 11 12 14 2 15	2352.7701903109	0.76472298096891	13	9	10	8	7	4	6	3	5	0	1	11	12	14	2	15		
		50.726024	-3.543949
		55.958426	-3.186893
		55.862982	-4.263554
		54.892406	-2.923222
		54.980766	-1.615849
		53.478239	-2.258549
		53.751959	-0.335941
		53.803895	-1.549931
		53.409532	-3.000126
		52.486125	-1.890507
		51.460852	-2.588139
		51.488224	-3.186893
		51.624837	-3.94495
		50.152266	-5.065556
		51.512161	-0.116215
		51.289406	1.075802
		
c	4 0 11 12 14 13 1 2 6 9 10 8 7 3 5 15	2337.40931080883	0.766259068919117	4	0	11	12	14	13	1	2	6	9	10	8	7	3	5	15		
		53.478239	-2.258549
		52.486125	-1.890507
		51.488224	-3.186893
		51.624837	-3.94495
		50.152266	-5.065556
		50.726024	-3.543949
		51.460852	-2.588139
		51.512161	-0.116215
		53.751959	-0.335941
		55.958426	-3.186893
		55.862982	-4.263554
		54.892406	-2.923222
		54.980766	-1.615849
		53.803895	-1.549931
		53.409532	-3.000126
		51.289406	1.075802
		
c	1 11 14 13 0 8 7 6 3 4 5 10 9 12 2 15	2489.06829279717	0.751093170720283	1	11	14	13	0	8	7	6	3	4	5	10	9	12	2	15		
		51.460852	-2.588139
		51.488224	-3.186893
		50.152266	-5.065556
		50.726024	-3.543949
		52.486125	-1.890507
		54.892406	-2.923222
		54.980766	-1.615849
		53.751959	-0.335941
		53.803895	-1.549931
		53.478239	-2.258549
		53.409532	-3.000126
		55.862982	-4.263554
		55.958426	-3.186893
		51.624837	-3.94495
		51.512161	-0.116215
		51.289406	1.075802
		
c	3 10 8 7 6 4 0 1 11 14 13 12 9 5 2 15	2646.7655355033	0.73532344644967	3	10	8	7	6	4	0	1	11	14	13	12	9	5	2	15		
		53.803895	-1.549931
		55.862982	-4.263554
		54.892406	-2.923222
		54.980766	-1.615849
		53.751959	-0.335941
		53.478239	-2.258549
		52.486125	-1.890507
		51.460852	-2.588139
		51.488224	-3.186893
		50.152266	-5.065556
		50.726024	-3.543949
		51.624837	-3.94495
		55.958426	-3.186893
		53.409532	-3.000126
		51.512161	-0.116215
		51.289406	1.075802
		
c	3 6 4 0 1 11 9 10 8 7 2 5 12 14 13 15	2805.27501447928	0.719472498552072	3	6	4	0	1	11	9	10	8	7	2	5	12	14	13	15		
		53.803895	-1.549931
		53.751959	-0.335941
		53.478239	-2.258549
		52.486125	-1.890507
		51.460852	-2.588139
		51.488224	-3.186893
		55.958426	-3.186893
		55.862982	-4.263554
		54.892406	-2.923222
		54.980766	-1.615849
		51.512161	-0.116215
		53.409532	-3.000126
		51.624837	-3.94495
		50.152266	-5.065556
		50.726024	-3.543949
		51.289406	1.075802
		
c	1 2 7 0 10 9 8 3 6 4 5 11 12 14 13 15	2756.11080896441	0.72438891910356	1	2	7	0	10	9	8	3	6	4	5	11	12	14	13	15		
		51.460852	-2.588139
		51.512161	-0.116215
		54.980766	-1.615849
		52.486125	-1.890507
		55.862982	-4.263554
		55.958426	-3.186893
		54.892406	-2.923222
		53.803895	-1.549931
		53.751959	-0.335941
		53.478239	-2.258549
		53.409532	-3.000126
		51.488224	-3.186893
		51.624837	-3.94495
		50.152266	-5.065556
		50.726024	-3.543949
		51.289406	1.075802
		
c	1 2 6 4 3 5 0 11 12 14 13 9 10 8 7 15	2665.20903995372	0.733479096004628	1	2	6	4	3	5	0	11	12	14	13	9	10	8	7	15		
		51.460852	-2.588139
		51.512161	-0.116215
		53.751959	-0.335941
		53.478239	-2.258549
		53.803895	-1.549931
		53.409532	-3.000126
		52.486125	-1.890507
		51.488224	-3.186893
		51.624837	-3.94495
		50.152266	-5.065556
		50.726024	-3.543949
		55.958426	-3.186893
		55.862982	-4.263554
		54.892406	-2.923222
		54.980766	-1.615849
		51.289406	1.075802
		
c	8 7 6 4 5 0 1 11 12 14 13 2 9 10 3 15	2552.51499662661	0.744748500337339	8	7	6	4	5	0	1	11	12	14	13	2	9	10	3	15		
		54.892406	-2.923222
		54.980766	-1.615849
		53.751959	-0.335941
		53.478239	-2.258549
		53.409532	-3.000126
		52.486125	-1.890507
		51.460852	-2.588139
		51.488224	-3.186893
		51.624837	-3.94495
		50.152266	-5.065556
		50.726024	-3.543949
		51.512161	-0.116215
		55.958426	-3.186893
		55.862982	-4.263554
		53.803895	-1.549931
		51.289406	1.075802
		
c	9 10 8 7 3 6 4 0 11 12 14 13 1 5 2 15	1944.88132262648	0.805511867737352	9	10	8	7	3	6	4	0	11	12	14	13	1	5	2	15		
		55.958426	-3.186893
		55.862982	-4.263554
		54.892406	-2.923222
		54.980766	-1.615849
		53.803895	-1.549931
		53.751959	-0.335941
		53.478239	-2.258549
		52.486125	-1.890507
		51.488224	-3.186893
		51.624837	-3.94495
		50.152266	-5.065556
		50.726024	-3.543949
		51.460852	-2.588139
		53.409532	-3.000126
		51.512161	-0.116215
		51.289406	1.075802
		
c	12 14 13 9 10 8 7 6 3 4 5 0 1 11 2 15	2117.78236357239	0.788221763642761	12	14	13	9	10	8	7	6	3	4	5	0	1	11	2	15		
		51.624837	-3.94495
		50.152266	-5.065556
		50.726024	-3.543949
		55.958426	-3.186893
		55.862982	-4.263554
		54.892406	-2.923222
		54.980766	-1.615849
		53.751959	-0.335941
		53.803895	-1.549931
		53.478239	-2.258549
		53.409532	-3.000126
		52.486125	-1.890507
		51.460852	-2.588139
		51.488224	-3.186893
		51.512161	-0.116215
		51.289406	1.075802
		
c	7 3 4 6 5 0 1 9 10 8 11 12 14 13 2 15	2538.8853764683	0.74611146235317	7	3	4	6	5	0	1	9	10	8	11	12	14	13	2	15		
		54.980766	-1.615849
		53.803895	-1.549931
		53.478239	-2.258549
		53.751959	-0.335941
		53.409532	-3.000126
		52.486125	-1.890507
		51.460852	-2.588139
		55.958426	-3.186893
		55.862982	-4.263554
		54.892406	-2.923222
		51.488224	-3.186893
		51.624837	-3.94495
		50.152266	-5.065556
		50.726024	-3.543949
		51.512161	-0.116215
		51.289406	1.075802
		
c	4 5 0 1 2 7 10 12 8 3 6 11 9 14 13 15	4060.90864088249	0.593909135911751	4	5	0	1	2	7	10	12	8	3	6	11	9	14	13	15		
		53.478239	-2.258549
		53.409532	-3.000126
		52.486125	-1.890507
		51.460852	-2.588139
		51.512161	-0.116215
		54.980766	-1.615849
		55.862982	-4.263554
		51.624837	-3.94495
		54.892406	-2.923222
		53.803895	-1.549931
		53.751959	-0.335941
		51.488224	-3.186893
		55.958426	-3.186893
		50.152266	-5.065556
		50.726024	-3.543949
		51.289406	1.075802
		
c	7 10 9 8 6 3 4 0 12 14 13 5 1 11 2 15	2180.26142042004	0.781973857957996	7	10	9	8	6	3	4	0	12	14	13	5	1	11	2	15		
		54.980766	-1.615849
		55.862982	-4.263554
		55.958426	-3.186893
		54.892406	-2.923222
		53.751959	-0.335941
		53.803895	-1.549931
		53.478239	-2.258549
		52.486125	-1.890507
		51.624837	-3.94495
		50.152266	-5.065556
		50.726024	-3.543949
		53.409532	-3.000126
		51.460852	-2.588139
		51.488224	-3.186893
		51.512161	-0.116215
		51.289406	1.075802
		
c	9 8 3 10 7 6 4 5 0 1 11 12 14 13 2 15	2085.38917084305	0.791461082915695	9	8	3	10	7	6	4	5	0	1	11	12	14	13	2	15		
		55.958426	-3.186893
		54.892406	-2.923222
		53.803895	-1.549931
		55.862982	-4.263554
		54.980766	-1.615849
		53.751959	-0.335941
		53.478239	-2.258549
		53.409532	-3.000126
		52.486125	-1.890507
		51.460852	-2.588139
		51.488224	-3.186893
		51.624837	-3.94495
		50.152266	-5.065556
		50.726024	-3.543949
		51.512161	-0.116215
		51.289406	1.075802
		
c	1 5 0 11 12 14 6 3 10 4 9 8 7 13 2 15	3217.92975646197	0.678207024353803	1	5	0	11	12	14	6	3	10	4	9	8	7	13	2	15		
		51.460852	-2.588139
		53.409532	-3.000126
		52.486125	-1.890507
		51.488224	-3.186893
		51.624837	-3.94495
		50.152266	-5.065556
		53.751959	-0.335941
		53.803895	-1.549931
		55.862982	-4.263554
		53.478239	-2.258549
		55.958426	-3.186893
		54.892406	-2.923222
		54.980766	-1.615849
		50.726024	-3.543949
		51.512161	-0.116215
		51.289406	1.075802
		
c	7 0 1 11 12 14 6 3 4 9 10 8 5 13 2 15	2627.17987901756	0.737282012098244	7	0	1	11	12	14	6	3	4	9	10	8	5	13	2	15		
		54.980766	-1.615849
		52.486125	-1.890507
		51.460852	-2.588139
		51.488224	-3.186893
		51.624837	-3.94495
		50.152266	-5.065556
		53.751959	-0.335941
		53.803895	-1.549931
		53.478239	-2.258549
		55.958426	-3.186893
		55.862982	-4.263554
		54.892406	-2.923222
		53.409532	-3.000126
		50.726024	-3.543949
		51.512161	-0.116215
		51.289406	1.075802
		
c	6 3 4 5 0 1 11 12 14 13 2 7 10 9 8 15	2357.88411945276	0.764211588054724	6	3	4	5	0	1	11	12	14	13	2	7	10	9	8	15		
		53.751959	-0.335941
		53.803895	-1.549931
		53.478239	-2.258549
		53.409532	-3.000126
		52.486125	-1.890507
		51.460852	-2.588139
		51.488224	-3.186893
		51.624837	-3.94495
		50.152266	-5.065556
		50.726024	-3.543949
		51.512161	-0.116215
		54.980766	-1.615849
		55.862982	-4.263554
		55.958426	-3.186893
		54.892406	-2.923222
		51.289406	1.075802
		
c	0 1 11 12 14 13 6 10 9 8 7 3 4 5 2 15	2157.04183620316	0.784295816379684	0	1	11	12	14	13	6	10	9	8	7	3	4	5	2	15		
		52.486125	-1.890507
		51.460852	-2.588139
		51.488224	-3.186893
		51.624837	-3.94495
		50.152266	-5.065556
		50.726024	-3.543949
		53.751959	-0.335941
		55.862982	-4.263554
		55.958426	-3.186893
		54.892406	-2.923222
		54.980766	-1.615849
		53.803895	-1.549931
		53.478239	-2.258549
		53.409532	-3.000126
		51.512161	-0.116215
		51.289406	1.075802
		
c	10 9 8 4 5 0 1 11 14 13 2 7 6 3 12 15	2549.99243465329	0.745000756534671	10	9	8	4	5	0	1	11	14	13	2	7	6	3	12	15		
		55.862982	-4.263554
		55.958426	-3.186893
		54.892406	-2.923222
		53.478239	-2.258549
		53.409532	-3.000126
		52.486125	-1.890507
		51.460852	-2.588139
		51.488224	-3.186893
		50.152266	-5.065556
		50.726024	-3.543949
		51.512161	-0.116215
		54.980766	-1.615849
		53.751959	-0.335941
		53.803895	-1.549931
		51.624837	-3.94495
		51.289406	1.075802
		
c	3 4 5 0 10 9 8 7 6 11 12 14 13 1 2 15	2114.36172892993	0.788563827107007	3	4	5	0	10	9	8	7	6	11	12	14	13	1	2	15		
		53.803895	-1.549931
		53.478239	-2.258549
		53.409532	-3.000126
		52.486125	-1.890507
		55.862982	-4.263554
		55.958426	-3.186893
		54.892406	-2.923222
		54.980766	-1.615849
		53.751959	-0.335941
		51.488224	-3.186893
		51.624837	-3.94495
		50.152266	-5.065556
		50.726024	-3.543949
		51.460852	-2.588139
		51.512161	-0.116215
		51.289406	1.075802
		
c	9 8 7 3 12 1 10 6 4 5 0 11 14 13 2 15	2681.08900194532	0.731891099805468	9	8	7	3	12	1	10	6	4	5	0	11	14	13	2	15		
		55.958426	-3.186893
		54.892406	-2.923222
		54.980766	-1.615849
		53.803895	-1.549931
		51.624837	-3.94495
		51.460852	-2.588139
		55.862982	-4.263554
		53.751959	-0.335941
		53.478239	-2.258549
		53.409532	-3.000126
		52.486125	-1.890507
		51.488224	-3.186893
		50.152266	-5.065556
		50.726024	-3.543949
		51.512161	-0.116215
		51.289406	1.075802
		
c	12 14 13 2 3 6 4 0 1 11 9 10 8 7 5 15	2669.03229946838	0.733096770053162	12	14	13	2	3	6	4	0	1	11	9	10	8	7	5	15		
		51.624837	-3.94495
		50.152266	-5.065556
		50.726024	-3.543949
		51.512161	-0.116215
		53.803895	-1.549931
		53.751959	-0.335941
		53.478239	-2.258549
		52.486125	-1.890507
		51.460852	-2.588139
		51.488224	-3.186893
		55.958426	-3.186893
		55.862982	-4.263554
		54.892406	-2.923222
		54.980766	-1.615849
		53.409532	-3.000126
		51.289406	1.075802
		
c	0 3 8 7 12 6 10 9 4 5 1 11 14 13 2 15	2794.57354698615	0.720542645301385	0	3	8	7	12	6	10	9	4	5	1	11	14	13	2	15		
		52.486125	-1.890507
		53.803895	-1.549931
		54.892406	-2.923222
		54.980766	-1.615849
		51.624837	-3.94495
		53.751959	-0.335941
		55.862982	-4.263554
		55.958426	-3.186893
		53.478239	-2.258549
		53.409532	-3.000126
		51.460852	-2.588139
		51.488224	-3.186893
		50.152266	-5.065556
		50.726024	-3.543949
		51.512161	-0.116215
		51.289406	1.075802
		
c	6 5 4 10 9 8 7 3 0 1 11 12 14 13 2 15	1943.0153211071	0.80569846788929	6	5	4	10	9	8	7	3	0	1	11	12	14	13	2	15		
		53.751959	-0.335941
		53.409532	-3.000126
		53.478239	-2.258549
		55.862982	-4.263554
		55.958426	-3.186893
		54.892406	-2.923222
		54.980766	-1.615849
		53.803895	-1.549931
		52.486125	-1.890507
		51.460852	-2.588139
		51.488224	-3.186893
		51.624837	-3.94495
		50.152266	-5.065556
		50.726024	-3.543949
		51.512161	-0.116215
		51.289406	1.075802
		
c	9 8 4 5 6 10 0 3 7 1 11 12 14 13 2 15	2682.37021755389	0.731762978244611	9	8	4	5	6	10	0	3	7	1	11	12	14	13	2	15		
		55.958426	-3.186893
		54.892406	-2.923222
		53.478239	-2.258549
		53.409532	-3.000126
		53.751959	-0.335941
		55.862982	-4.263554
		52.486125	-1.890507
		53.803895	-1.549931
		54.980766	-1.615849
		51.460852	-2.588139
		51.488224	-3.186893
		51.624837	-3.94495
		50.152266	-5.065556
		50.726024	-3.543949
		51.512161	-0.116215
		51.289406	1.075802
		
c	1 9 10 8 7 3 4 6 5 0 11 12 14 13 2 15	2262.52434810346	0.773747565189654	1	9	10	8	7	3	4	6	5	0	11	12	14	13	2	15		
		51.460852	-2.588139
		55.958426	-3.186893
		55.862982	-4.263554
		54.892406	-2.923222
		54.980766	-1.615849
		53.803895	-1.549931
		53.478239	-2.258549
		53.751959	-0.335941
		53.409532	-3.000126
		52.486125	-1.890507
		51.488224	-3.186893
		51.624837	-3.94495
		50.152266	-5.065556
		50.726024	-3.543949
		51.512161	-0.116215
		51.289406	1.075802
		
c	4 5 0 1 11 12 14 13 6 2 9 10 8 7 3 15	2638.8572097277	0.73611427902723	4	5	0	1	11	12	14	13	6	2	9	10	8	7	3	15		
		53.478239	-2.258549
		53.409532	-3.000126
		52.486125	-1.890507
		51.460852	-2.588139
		51.488224	-3.186893
		51.624837	-3.94495
		50.152266	-5.065556
		50.726024	-3.543949
		53.751959	-0.335941
		51.512161	-0.116215
		55.958426	-3.186893
		55.862982	-4.263554
		54.892406	-2.923222
		54.980766	-1.615849
		53.803895	-1.549931
		51.289406	1.075802
		
c	0 1 14 2 11 12 13 5 6 3 4 9 10 8 7 15	2739.3289428461	0.72606710571539	0	1	14	2	11	12	13	5	6	3	4	9	10	8	7	15		
		52.486125	-1.890507
		51.460852	-2.588139
		50.152266	-5.065556
		51.512161	-0.116215
		51.488224	-3.186893
		51.624837	-3.94495
		50.726024	-3.543949
		53.409532	-3.000126
		53.751959	-0.335941
		53.803895	-1.549931
		53.478239	-2.258549
		55.958426	-3.186893
		55.862982	-4.263554
		54.892406	-2.923222
		54.980766	-1.615849
		51.289406	1.075802
		
c	13 1 11 12 14 7 9 10 8 6 3 4 5 0 2 15	2095.49058474037	0.790450941525963	13	1	11	12	14	7	9	10	8	6	3	4	5	0	2	15		
		50.726024	-3.543949
		51.460852	-2.588139
		51.488224	-3.186893
		51.624837	-3.94495
		50.152266	-5.065556
		54.980766	-1.615849
		55.958426	-3.186893
		55.862982	-4.263554
		54.892406	-2.923222
		53.751959	-0.335941
		53.803895	-1.549931
		53.478239	-2.258549
		53.409532	-3.000126
		52.486125	-1.890507
		51.512161	-0.116215
		51.289406	1.075802
		
c	4 5 0 1 11 12 14 13 6 2 10 9 8 7 3 15	2642.76650677765	0.735723349322235	4	5	0	1	11	12	14	13	6	2	10	9	8	7	3	15		
		53.478239	-2.258549
		53.409532	-3.000126
		52.486125	-1.890507
		51.460852	-2.588139
		51.488224	-3.186893
		51.624837	-3.94495
		50.152266	-5.065556
		50.726024	-3.543949
		53.751959	-0.335941
		51.512161	-0.116215
		55.862982	-4.263554
		55.958426	-3.186893
		54.892406	-2.923222
		54.980766	-1.615849
		53.803895	-1.549931
		51.289406	1.075802
		
c	7 6 3 4 5 0 10 9 8 1 11 12 14 13 2 15	2195.18035298352	0.780481964701648	7	6	3	4	5	0	10	9	8	1	11	12	14	13	2	15		
		54.980766	-1.615849
		53.751959	-0.335941
		53.803895	-1.549931
		53.478239	-2.258549
		53.409532	-3.000126
		52.486125	-1.890507
		55.862982	-4.263554
		55.958426	-3.186893
		54.892406	-2.923222
		51.460852	-2.588139
		51.488224	-3.186893
		51.624837	-3.94495
		50.152266	-5.065556
		50.726024	-3.543949
		51.512161	-0.116215
		51.289406	1.075802
		
c	14 13 10 9 8 7 3 12 1 2 4 5 0 11 6 15	2846.64695553387	0.715335304446613	14	13	10	9	8	7	3	12	1	2	4	5	0	11	6	15		
		50.152266	-5.065556
		50.726024	-3.543949
		55.862982	-4.263554
		55.958426	-3.186893
		54.892406	-2.923222
		54.980766	-1.615849
		53.803895	-1.549931
		51.624837	-3.94495
		51.460852	-2.588139
		51.512161	-0.116215
		53.478239	-2.258549
		53.409532	-3.000126
		52.486125	-1.890507
		51.488224	-3.186893
		53.751959	-0.335941
		51.289406	1.075802
		
c	12 14 3 1 2 6 4 9 10 8 7 5 0 11 13 15	2928.77555593744	0.707122444406256	12	14	3	1	2	6	4	9	10	8	7	5	0	11	13	15		
		51.624837	-3.94495
		50.152266	-5.065556
		53.803895	-1.549931
		51.460852	-2.588139
		51.512161	-0.116215
		53.751959	-0.335941
		53.478239	-2.258549
		55.958426	-3.186893
		55.862982	-4.263554
		54.892406	-2.923222
		54.980766	-1.615849
		53.409532	-3.000126
		52.486125	-1.890507
		51.488224	-3.186893
		50.726024	-3.543949
		51.289406	1.075802
		
c	1 11 12 14 13 5 0 10 9 8 7 6 3 4 2 15	2155.67711449701	0.784432288550299	1	11	12	14	13	5	0	10	9	8	7	6	3	4	2	15		
		51.460852	-2.588139
		51.488224	-3.186893
		51.624837	-3.94495
		50.152266	-5.065556
		50.726024	-3.543949
		53.409532	-3.000126
		52.486125	-1.890507
		55.862982	-4.263554
		55.958426	-3.186893
		54.892406	-2.923222
		54.980766	-1.615849
		53.751959	-0.335941
		53.803895	-1.549931
		53.478239	-2.258549
		51.512161	-0.116215
		51.289406	1.075802
		
c	2 6 1 11 12 14 13 10 9 8 7 3 4 5 0 15	2403.75876124596	0.759624123875404	2	6	1	11	12	14	13	10	9	8	7	3	4	5	0	15		
		51.512161	-0.116215
		53.751959	-0.335941
		51.460852	-2.588139
		51.488224	-3.186893
		51.624837	-3.94495
		50.152266	-5.065556
		50.726024	-3.543949
		55.862982	-4.263554
		55.958426	-3.186893
		54.892406	-2.923222
		54.980766	-1.615849
		53.803895	-1.549931
		53.478239	-2.258549
		53.409532	-3.000126
		52.486125	-1.890507
		51.289406	1.075802
		
c	8 7 3 10 9 6 4 5 0 1 11 12 14 13 2 15	2050.57383375863	0.794942616624137	8	7	3	10	9	6	4	5	0	1	11	12	14	13	2	15		
		54.892406	-2.923222
		54.980766	-1.615849
		53.803895	-1.549931
		55.862982	-4.263554
		55.958426	-3.186893
		53.751959	-0.335941
		53.478239	-2.258549
		53.409532	-3.000126
		52.486125	-1.890507
		51.460852	-2.588139
		51.488224	-3.186893
		51.624837	-3.94495
		50.152266	-5.065556
		50.726024	-3.543949
		51.512161	-0.116215
		51.289406	1.075802
		
c	4 6 5 0 11 12 14 10 9 8 7 3 13 1 2 15	2586.51251456039	0.741348748543961	4	6	5	0	11	12	14	10	9	8	7	3	13	1	2	15		
		53.478239	-2.258549
		53.751959	-0.335941
		53.409532	-3.000126
		52.486125	-1.890507
		51.488224	-3.186893
		51.624837	-3.94495
		50.152266	-5.065556
		55.862982	-4.263554
		55.958426	-3.186893
		54.892406	-2.923222
		54.980766	-1.615849
		53.803895	-1.549931
		50.726024	-3.543949
		51.460852	-2.588139
		51.512161	-0.116215
		51.289406	1.075802
		
c	2 11 6 4 9 10 5 0 3 8 7 1 12 14 13 15	2932.19900811535	0.706780099188465	2	11	6	4	9	10	5	0	3	8	7	1	12	14	13	15		
		51.512161	-0.116215
		51.488224	-3.186893
		53.751959	-0.335941
		53.478239	-2.258549
		55.958426	-3.186893
		55.862982	-4.263554
		53.409532	-3.000126
		52.486125	-1.890507
		53.803895	-1.549931
		54.892406	-2.923222
		54.980766	-1.615849
		51.460852	-2.588139
		51.624837	-3.94495
		50.152266	-5.065556
		50.726024	-3.543949
		51.289406	1.075802
		
c	1 11 12 14 13 6 10 9 8 7 3 4 5 0 2 15	2035.4087562003	0.79645912437997	1	11	12	14	13	6	10	9	8	7	3	4	5	0	2	15		
		51.460852	-2.588139
		51.488224	-3.186893
		51.624837	-3.94495
		50.152266	-5.065556
		50.726024	-3.543949
		53.751959	-0.335941
		55.862982	-4.263554
		55.958426	-3.186893
		54.892406	-2.923222
		54.980766	-1.615849
		53.803895	-1.549931
		53.478239	-2.258549
		53.409532	-3.000126
		52.486125	-1.890507
		51.512161	-0.116215
		51.289406	1.075802
		
c	12 14 9 10 8 7 4 6 3 5 0 1 2 11 13 15	2668.01592508257	0.733198407491743	12	14	9	10	8	7	4	6	3	5	0	1	2	11	13	15		
		51.624837	-3.94495
		50.152266	-5.065556
		55.958426	-3.186893
		55.862982	-4.263554
		54.892406	-2.923222
		54.980766	-1.615849
		53.478239	-2.258549
		53.751959	-0.335941
		53.803895	-1.549931
		53.409532	-3.000126
		52.486125	-1.890507
		51.460852	-2.588139
		51.512161	-0.116215
		51.488224	-3.186893
		50.726024	-3.543949
		51.289406	1.075802
		
c	0 11 12 10 9 8 7 3 6 4 5 1 14 13 2 15	2242.70731323999	0.775729268676001	0	11	12	10	9	8	7	3	6	4	5	1	14	13	2	15		
		52.486125	-1.890507
		51.488224	-3.186893
		51.624837	-3.94495
		55.862982	-4.263554
		55.958426	-3.186893
		54.892406	-2.923222
		54.980766	-1.615849
		53.803895	-1.549931
		53.751959	-0.335941
		53.478239	-2.258549
		53.409532	-3.000126
		51.460852	-2.588139
		50.152266	-5.065556
		50.726024	-3.543949
		51.512161	-0.116215
		51.289406	1.075802
		
c	1 11 12 9 10 8 7 3 4 6 5 0 14 13 2 15	2303.72757012527	0.769627242987473	1	11	12	9	10	8	7	3	4	6	5	0	14	13	2	15		
		51.460852	-2.588139
		51.488224	-3.186893
		51.624837	-3.94495
		55.958426	-3.186893
		55.862982	-4.263554
		54.892406	-2.923222
		54.980766	-1.615849
		53.803895	-1.549931
		53.478239	-2.258549
		53.751959	-0.335941
		53.409532	-3.000126
		52.486125	-1.890507
		50.152266	-5.065556
		50.726024	-3.543949
		51.512161	-0.116215
		51.289406	1.075802
		
c	4 5 10 8 7 6 3 9 1 0 11 12 14 13 2 15	2526.64691566194	0.747335308433805	4	5	10	8	7	6	3	9	1	0	11	12	14	13	2	15		
		53.478239	-2.258549
		53.409532	-3.000126
		55.862982	-4.263554
		54.892406	-2.923222
		54.980766	-1.615849
		53.751959	-0.335941
		53.803895	-1.549931
		55.958426	-3.186893
		51.460852	-2.588139
		52.486125	-1.890507
		51.488224	-3.186893
		51.624837	-3.94495
		50.152266	-5.065556
		50.726024	-3.543949
		51.512161	-0.116215
		51.289406	1.075802
		
c	3 4 6 5 0 11 12 10 9 8 7 1 14 13 2 15	2526.13107928968	0.747386892071032	3	4	6	5	0	11	12	10	9	8	7	1	14	13	2	15		
		53.803895	-1.549931
		53.478239	-2.258549
		53.751959	-0.335941
		53.409532	-3.000126
		52.486125	-1.890507
		51.488224	-3.186893
		51.624837	-3.94495
		55.862982	-4.263554
		55.958426	-3.186893
		54.892406	-2.923222
		54.980766	-1.615849
		51.460852	-2.588139
		50.152266	-5.065556
		50.726024	-3.543949
		51.512161	-0.116215
		51.289406	1.075802
		
c	7 6 3 4 5 0 9 10 8 1 11 12 14 13 2 15	2201.87664599381	0.779812335400619	7	6	3	4	5	0	9	10	8	1	11	12	14	13	2	15		
		54.980766	-1.615849
		53.751959	-0.335941
		53.803895	-1.549931
		53.478239	-2.258549
		53.409532	-3.000126
		52.486125	-1.890507
		55.958426	-3.186893
		55.862982	-4.263554
		54.892406	-2.923222
		51.460852	-2.588139
		51.488224	-3.186893
		51.624837	-3.94495
		50.152266	-5.065556
		50.726024	-3.543949
		51.512161	-0.116215
		51.289406	1.075802
		
c	14 13 9 8 7 10 4 5 0 11 12 6 3 1 2 15	2719.52846645286	0.728047153354714	14	13	9	8	7	10	4	5	0	11	12	6	3	1	2	15		
		50.152266	-5.065556
		50.726024	-3.543949
		55.958426	-3.186893
		54.892406	-2.923222
		54.980766	-1.615849
		55.862982	-4.263554
		53.478239	-2.258549
		53.409532	-3.000126
		52.486125	-1.890507
		51.488224	-3.186893
		51.624837	-3.94495
		53.751959	-0.335941
		53.803895	-1.549931
		51.460852	-2.588139
		51.512161	-0.116215
		51.289406	1.075802
		
c	9 12 14 13 7 3 6 10 8 4 5 0 1 11 2 15	2777.50742269689	0.722249257730311	9	12	14	13	7	3	6	10	8	4	5	0	1	11	2	15		
		55.958426	-3.186893
		51.624837	-3.94495
		50.152266	-5.065556
		50.726024	-3.543949
		54.980766	-1.615849
		53.803895	-1.549931
		53.751959	-0.335941
		55.862982	-4.263554
		54.892406	-2.923222
		53.478239	-2.258549
		53.409532	-3.000126
		52.486125	-1.890507
		51.460852	-2.588139
		51.488224	-3.186893
		51.512161	-0.116215
		51.289406	1.075802
		
c	12 14 3 4 1 10 8 7 6 5 0 11 13 9 2 15	3560.62259828535	0.643937740171465	12	14	3	4	1	10	8	7	6	5	0	11	13	9	2	15		
		51.624837	-3.94495
		50.152266	-5.065556
		53.803895	-1.549931
		53.478239	-2.258549
		51.460852	-2.588139
		55.862982	-4.263554
		54.892406	-2.923222
		54.980766	-1.615849
		53.751959	-0.335941
		53.409532	-3.000126
		52.486125	-1.890507
		51.488224	-3.186893
		50.726024	-3.543949
		55.958426	-3.186893
		51.512161	-0.116215
		51.289406	1.075802
		
c	9 10 8 7 1 6 3 4 5 0 11 12 14 13 2 15	2142.63508867646	0.785736491132354	9	10	8	7	1	6	3	4	5	0	11	12	14	13	2	15		
		55.958426	-3.186893
		55.862982	-4.263554
		54.892406	-2.923222
		54.980766	-1.615849
		51.460852	-2.588139
		53.751959	-0.335941
		53.803895	-1.549931
		53.478239	-2.258549
		53.409532	-3.000126
		52.486125	-1.890507
		51.488224	-3.186893
		51.624837	-3.94495
		50.152266	-5.065556
		50.726024	-3.543949
		51.512161	-0.116215
		51.289406	1.075802
		
c	12 5 0 1 11 14 13 4 10 9 8 7 3 6 2 15	2255.99219327928	0.774400780672072	12	5	0	1	11	14	13	4	10	9	8	7	3	6	2	15		
		51.624837	-3.94495
		53.409532	-3.000126
		52.486125	-1.890507
		51.460852	-2.588139
		51.488224	-3.186893
		50.152266	-5.065556
		50.726024	-3.543949
		53.478239	-2.258549
		55.862982	-4.263554
		55.958426	-3.186893
		54.892406	-2.923222
		54.980766	-1.615849
		53.803895	-1.549931
		53.751959	-0.335941
		51.512161	-0.116215
		51.289406	1.075802
		
c	14 10 9 8 7 6 3 4 5 12 0 1 11 13 2 15	2230.611208702	0.7769388791298	14	10	9	8	7	6	3	4	5	12	0	1	11	13	2	15		
		50.152266	-5.065556
		55.862982	-4.263554
		55.958426	-3.186893
		54.892406	-2.923222
		54.980766	-1.615849
		53.751959	-0.335941
		53.803895	-1.549931
		53.478239	-2.258549
		53.409532	-3.000126
		51.624837	-3.94495
		52.486125	-1.890507
		51.460852	-2.588139
		51.488224	-3.186893
		50.726024	-3.543949
		51.512161	-0.116215
		51.289406	1.075802
		
c	13 3 4 6 5 0 11 12 14 10 9 8 7 1 2 15	2805.8813025198	0.71941186974802	13	3	4	6	5	0	11	12	14	10	9	8	7	1	2	15		
		50.726024	-3.543949
		53.803895	-1.549931
		53.478239	-2.258549
		53.751959	-0.335941
		53.409532	-3.000126
		52.486125	-1.890507
		51.488224	-3.186893
		51.624837	-3.94495
		50.152266	-5.065556
		55.862982	-4.263554
		55.958426	-3.186893
		54.892406	-2.923222
		54.980766	-1.615849
		51.460852	-2.588139
		51.512161	-0.116215
		51.289406	1.075802
		
c	5 12 9 4 6 0 11 14 10 8 7 3 13 1 2 15	3341.7651698399	0.665823483016011	5	12	9	4	6	0	11	14	10	8	7	3	13	1	2	15		
		53.409532	-3.000126
		51.624837	-3.94495
		55.958426	-3.186893
		53.478239	-2.258549
		53.751959	-0.335941
		52.486125	-1.890507
		51.488224	-3.186893
		50.152266	-5.065556
		55.862982	-4.263554
		54.892406	-2.923222
		54.980766	-1.615849
		53.803895	-1.549931
		50.726024	-3.543949
		51.460852	-2.588139
		51.512161	-0.116215
		51.289406	1.075802
		
c	13 10 9 8 7 3 6 4 5 0 11 12 14 1 2 15	2225.42540175047	0.777457459824953	13	10	9	8	7	3	6	4	5	0	11	12	14	1	2	15		
		50.726024	-3.543949
		55.862982	-4.263554
		55.958426	-3.186893
		54.892406	-2.923222
		54.980766	-1.615849
		53.803895	-1.549931
		53.751959	-0.335941
		53.478239	-2.258549
		53.409532	-3.000126
		52.486125	-1.890507
		51.488224	-3.186893
		51.624837	-3.94495
		50.152266	-5.065556
		51.460852	-2.588139
		51.512161	-0.116215
		51.289406	1.075802
		
c	6 3 4 14 13 10 9 8 0 1 11 7 5 12 2 15	3041.85471899905	0.695814528100094	6	3	4	14	13	10	9	8	0	1	11	7	5	12	2	15		
		53.751959	-0.335941
		53.803895	-1.549931
		53.478239	-2.258549
		50.152266	-5.065556
		50.726024	-3.543949
		55.862982	-4.263554
		55.958426	-3.186893
		54.892406	-2.923222
		52.486125	-1.890507
		51.460852	-2.588139
		51.488224	-3.186893
		54.980766	-1.615849
		53.409532	-3.000126
		51.624837	-3.94495
		51.512161	-0.116215
		51.289406	1.075802
		
c	8 7 3 6 0 1 5 4 11 12 14 10 13 9 2 15	3740.8553950804	0.62591446049196	8	7	3	6	0	1	5	4	11	12	14	10	13	9	2	15		
		54.892406	-2.923222
		54.980766	-1.615849
		53.803895	-1.549931
		53.751959	-0.335941
		52.486125	-1.890507
		51.460852	-2.588139
		53.409532	-3.000126
		53.478239	-2.258549
		51.488224	-3.186893
		51.624837	-3.94495
		50.152266	-5.065556
		55.862982	-4.263554
		50.726024	-3.543949
		55.958426	-3.186893
		51.512161	-0.116215
		51.289406	1.075802
		
c	8 7 5 0 1 11 12 14 13 6 3 10 9 4 2 15	2401.17848354463	0.759882151645537	8	7	5	0	1	11	12	14	13	6	3	10	9	4	2	15		
		54.892406	-2.923222
		54.980766	-1.615849
		53.409532	-3.000126
		52.486125	-1.890507
		51.460852	-2.588139
		51.488224	-3.186893
		51.624837	-3.94495
		50.152266	-5.065556
		50.726024	-3.543949
		53.751959	-0.335941
		53.803895	-1.549931
		55.862982	-4.263554
		55.958426	-3.186893
		53.478239	-2.258549
		51.512161	-0.116215
		51.289406	1.075802
		
c	9 10 8 7 6 3 0 1 11 12 14 4 5 13 2 15	2187.12685388096	0.781287314611904	9	10	8	7	6	3	0	1	11	12	14	4	5	13	2	15		
		55.958426	-3.186893
		55.862982	-4.263554
		54.892406	-2.923222
		54.980766	-1.615849
		53.751959	-0.335941
		53.803895	-1.549931
		52.486125	-1.890507
		51.460852	-2.588139
		51.488224	-3.186893
		51.624837	-3.94495
		50.152266	-5.065556
		53.478239	-2.258549
		53.409532	-3.000126
		50.726024	-3.543949
		51.512161	-0.116215
		51.289406	1.075802
		
c	4 5 0 11 12 14 13 9 8 7 6 3 10 1 2 15	2752.57725790132	0.724742274209868	4	5	0	11	12	14	13	9	8	7	6	3	10	1	2	15		
		53.478239	-2.258549
		53.409532	-3.000126
		52.486125	-1.890507
		51.488224	-3.186893
		51.624837	-3.94495
		50.152266	-5.065556
		50.726024	-3.543949
		55.958426	-3.186893
		54.892406	-2.923222
		54.980766	-1.615849
		53.751959	-0.335941
		53.803895	-1.549931
		55.862982	-4.263554
		51.460852	-2.588139
		51.512161	-0.116215
		51.289406	1.075802
		
c	8 7 9 10 1 6 5 0 11 12 14 13 3 4 2 15	2683.57492087456	0.731642507912544	8	7	9	10	1	6	5	0	11	12	14	13	3	4	2	15		
		54.892406	-2.923222
		54.980766	-1.615849
		55.958426	-3.186893
		55.862982	-4.263554
		51.460852	-2.588139
		53.751959	-0.335941
		53.409532	-3.000126
		52.486125	-1.890507
		51.488224	-3.186893
		51.624837	-3.94495
		50.152266	-5.065556
		50.726024	-3.543949
		53.803895	-1.549931
		53.478239	-2.258549
		51.512161	-0.116215
		51.289406	1.075802
		
c	3 6 4 5 13 9 10 8 7 0 1 11 12 14 2 15	2576.92715672369	0.742307284327631	3	6	4	5	13	9	10	8	7	0	1	11	12	14	2	15		
		53.803895	-1.549931
		53.751959	-0.335941
		53.478239	-2.258549
		53.409532	-3.000126
		50.726024	-3.543949
		55.958426	-3.186893
		55.862982	-4.263554
		54.892406	-2.923222
		54.980766	-1.615849
		52.486125	-1.890507
		51.460852	-2.588139
		51.488224	-3.186893
		51.624837	-3.94495
		50.152266	-5.065556
		51.512161	-0.116215
		51.289406	1.075802
		
c	7 6 3 5 12 14 13 0 1 11 10 8 4 9 2 15	2946.38587096336	0.705361412903664	7	6	3	5	12	14	13	0	1	11	10	8	4	9	2	15		
		54.980766	-1.615849
		53.751959	-0.335941
		53.803895	-1.549931
		53.409532	-3.000126
		51.624837	-3.94495
		50.152266	-5.065556
		50.726024	-3.543949
		52.486125	-1.890507
		51.460852	-2.588139
		51.488224	-3.186893
		55.862982	-4.263554
		54.892406	-2.923222
		53.478239	-2.258549
		55.958426	-3.186893
		51.512161	-0.116215
		51.289406	1.075802
		
c	4 6 3 5 1 10 9 8 7 0 11 12 14 13 2 15	2430.07916903984	0.756992083096016	4	6	3	5	1	10	9	8	7	0	11	12	14	13	2	15		
		53.478239	-2.258549
		53.751959	-0.335941
		53.803895	-1.549931
		53.409532	-3.000126
		51.460852	-2.588139
		55.862982	-4.263554
		55.958426	-3.186893
		54.892406	-2.923222
		54.980766	-1.615849
		52.486125	-1.890507
		51.488224	-3.186893
		51.624837	-3.94495
		50.152266	-5.065556
		50.726024	-3.543949
		51.512161	-0.116215
		51.289406	1.075802
		
c	3 4 5 12 9 0 1 11 14 13 10 8 7 6 2 15	2976.10624269207	0.702389375730793	3	4	5	12	9	0	1	11	14	13	10	8	7	6	2	15		
		53.803895	-1.549931
		53.478239	-2.258549
		53.409532	-3.000126
		51.624837	-3.94495
		55.958426	-3.186893
		52.486125	-1.890507
		51.460852	-2.588139
		51.488224	-3.186893
		50.152266	-5.065556
		50.726024	-3.543949
		55.862982	-4.263554
		54.892406	-2.923222
		54.980766	-1.615849
		53.751959	-0.335941
		51.512161	-0.116215
		51.289406	1.075802
		
c	1 11 12 14 7 9 10 8 6 3 4 5 13 0 2 15	2390.49169108549	0.760950830891451	1	11	12	14	7	9	10	8	6	3	4	5	13	0	2	15		
		51.460852	-2.588139
		51.488224	-3.186893
		51.624837	-3.94495
		50.152266	-5.065556
		54.980766	-1.615849
		55.958426	-3.186893
		55.862982	-4.263554
		54.892406	-2.923222
		53.751959	-0.335941
		53.803895	-1.549931
		53.478239	-2.258549
		53.409532	-3.000126
		50.726024	-3.543949
		52.486125	-1.890507
		51.512161	-0.116215
		51.289406	1.075802
		
c	5 0 11 12 14 4 6 13 10 9 8 7 3 1 2 15	2956.79154377225	0.704320845622775	5	0	11	12	14	4	6	13	10	9	8	7	3	1	2	15		
		53.409532	-3.000126
		52.486125	-1.890507
		51.488224	-3.186893
		51.624837	-3.94495
		50.152266	-5.065556
		53.478239	-2.258549
		53.751959	-0.335941
		50.726024	-3.543949
		55.862982	-4.263554
		55.958426	-3.186893
		54.892406	-2.923222
		54.980766	-1.615849
		53.803895	-1.549931
		51.460852	-2.588139
		51.512161	-0.116215
		51.289406	1.075802
		
c	12 14 0 8 7 6 3 4 5 1 11 10 9 13 2 15	2973.82280077821	0.702617719922179	12	14	0	8	7	6	3	4	5	1	11	10	9	13	2	15		
		51.624837	-3.94495
		50.152266	-5.065556
		52.486125	-1.890507
		54.892406	-2.923222
		54.980766	-1.615849
		53.751959	-0.335941
		53.803895	-1.549931
		53.478239	-2.258549
		53.409532	-3.000126
		51.460852	-2.588139
		51.488224	-3.186893
		55.862982	-4.263554
		55.958426	-3.186893
		50.726024	-3.543949
		51.512161	-0.116215
		51.289406	1.075802
		
c	12 14 7 0 10 9 8 3 6 4 5 1 11 13 2 15	2738.09106889471	0.726190893110529	12	14	7	0	10	9	8	3	6	4	5	1	11	13	2	15		
		51.624837	-3.94495
		50.152266	-5.065556
		54.980766	-1.615849
		52.486125	-1.890507
		55.862982	-4.263554
		55.958426	-3.186893
		54.892406	-2.923222
		53.803895	-1.549931
		53.751959	-0.335941
		53.478239	-2.258549
		53.409532	-3.000126
		51.460852	-2.588139
		51.488224	-3.186893
		50.726024	-3.543949
		51.512161	-0.116215
		51.289406	1.075802
		
g165		1613.67648029291	0.838632351970709	0	10	9	8	7	6	3	4	5	0	11	12	14	13	1	2	15		
		55.862982	-4.263554
		55.958426	-3.186893
		54.892406	-2.923222
		54.980766	-1.615849
		53.751959	-0.335941
		53.803895	-1.549931
		53.478239	-2.258549
		53.409532	-3.000126
		52.486125	-1.890507
		51.488224	-3.186893
		51.624837	-3.94495
		50.152266	-5.065556
		50.726024	-3.543949
		51.460852	-2.588139
		51.512161	-0.116215
		51.289406	1.075802
		
g165		1614.70757855554	0.838529242144446	1	10	9	8	7	6	3	4	5	0	1	11	12	14	13	2	15		
		55.862982	-4.263554
		55.958426	-3.186893
		54.892406	-2.923222
		54.980766	-1.615849
		53.751959	-0.335941
		53.803895	-1.549931
		53.478239	-2.258549
		53.409532	-3.000126
		52.486125	-1.890507
		51.460852	-2.588139
		51.488224	-3.186893
		51.624837	-3.94495
		50.152266	-5.065556
		50.726024	-3.543949
		51.512161	-0.116215
		51.289406	1.075802
		
g165		1631.15131975355	0.836884868024645	2	9	10	8	7	6	3	4	5	0	11	12	14	13	1	2	15		
		55.958426	-3.186893
		55.862982	-4.263554
		54.892406	-2.923222
		54.980766	-1.615849
		53.751959	-0.335941
		53.803895	-1.549931
		53.478239	-2.258549
		53.409532	-3.000126
		52.486125	-1.890507
		51.488224	-3.186893
		51.624837	-3.94495
		50.152266	-5.065556
		50.726024	-3.543949
		51.460852	-2.588139
		51.512161	-0.116215
		51.289406	1.075802
		
g165		1632.18241801618	0.836781758198382	3	9	10	8	7	6	3	4	5	0	1	11	12	14	13	2	15		
		55.958426	-3.186893
		55.862982	-4.263554
		54.892406	-2.923222
		54.980766	-1.615849
		53.751959	-0.335941
		53.803895	-1.549931
		53.478239	-2.258549
		53.409532	-3.000126
		52.486125	-1.890507
		51.460852	-2.588139
		51.488224	-3.186893
		51.624837	-3.94495
		50.152266	-5.065556
		50.726024	-3.543949
		51.512161	-0.116215
		51.289406	1.075802
		
g165		1656.09836620198	0.834390163379802	4	10	9	8	7	3	6	4	5	0	11	12	14	13	1	2	15		
		55.862982	-4.263554
		55.958426	-3.186893
		54.892406	-2.923222
		54.980766	-1.615849
		53.803895	-1.549931
		53.751959	-0.335941
		53.478239	-2.258549
		53.409532	-3.000126
		52.486125	-1.890507
		51.488224	-3.186893
		51.624837	-3.94495
		50.152266	-5.065556
		50.726024	-3.543949
		51.460852	-2.588139
		51.512161	-0.116215
		51.289406	1.075802
		
g165		1657.12946446462	0.834287053553538	5	10	9	8	7	3	6	4	5	0	1	11	12	14	13	2	15		
		55.862982	-4.263554
		55.958426	-3.186893
		54.892406	-2.923222
		54.980766	-1.615849
		53.803895	-1.549931
		53.751959	-0.335941
		53.478239	-2.258549
		53.409532	-3.000126
		52.486125	-1.890507
		51.460852	-2.588139
		51.488224	-3.186893
		51.624837	-3.94495
		50.152266	-5.065556
		50.726024	-3.543949
		51.512161	-0.116215
		51.289406	1.075802
		
