c	9 8 5 12 13 2 4 6 3 7 10 11 14 1 0 15	2932.92760142473	0.706707239857527	9	8	5	12	13	2	4	6	3	7	10	11	14	1	0	15		
		55.958426	-3.186893
		54.892406	-2.923222
		53.409532	-3.000126
		51.624837	-3.94495
		50.726024	-3.543949
		51.512161	-0.116215
		53.478239	-2.258549
		53.751959	-0.335941
		53.803895	-1.549931
		54.980766	-1.615849
		55.862982	-4.263554
		51.488224	-3.186893
		50.152266	-5.065556
		51.460852	-2.588139
		52.486125	-1.890507
		51.289406	1.075802
		
c	1 0 6 3 4 7 10 9 8 5 11 12 14 13 2 15	2072.52507185229	0.792747492814771	1	0	6	3	4	7	10	9	8	5	11	12	14	13	2	15		
		51.460852	-2.588139
		52.486125	-1.890507
		53.751959	-0.335941
		53.803895	-1.549931
		53.478239	-2.258549
		54.980766	-1.615849
		55.862982	-4.263554
		55.958426	-3.186893
		54.892406	-2.923222
		53.409532	-3.000126
		51.488224	-3.186893
		51.624837	-3.94495
		50.152266	-5.065556
		50.726024	-3.543949
		51.512161	-0.116215
		51.289406	1.075802
		
c	0 6 4 3 7 10 9 8 5 1 11 12 14 13 2 15	2004.10901212204	0.799589098787796	0	6	4	3	7	10	9	8	5	1	11	12	14	13	2	15		
		52.486125	-1.890507
		53.751959	-0.335941
		53.478239	-2.258549
		53.803895	-1.549931
		54.980766	-1.615849
		55.862982	-4.263554
		55.958426	-3.186893
		54.892406	-2.923222
		53.409532	-3.000126
		51.460852	-2.588139
		51.488224	-3.186893
		51.624837	-3.94495
		50.152266	-5.065556
		50.726024	-3.543949
		51.512161	-0.116215
		51.289406	1.075802
		
c	7 10 9 8 5 11 12 14 13 1 0 4 2 15 6 3	2182.53027411792	0.781746972588208	7	10	9	8	5	11	12	14	13	1	0	4	2	15	6	3		
		54.980766	-1.615849
		55.862982	-4.263554
		55.958426	-3.186893
		54.892406	-2.923222
		53.409532	-3.000126
		51.488224	-3.186893
		51.624837	-3.94495
		50.152266	-5.065556
		50.726024	-3.543949
		51.460852	-2.588139
		52.486125	-1.890507
		53.478239	-2.258549
		51.512161	-0.116215
		51.289406	1.075802
		53.751959	-0.335941
		53.803895	-1.549931
		
c	5 12 11 14 13 1 2 15 0 4 3 6 7 10 9 8	1986.52826140914	0.801347173859086	5	12	11	14	13	1	2	15	0	4	3	6	7	10	9	8		
		53.409532	-3.000126
		51.624837	-3.94495
		51.488224	-3.186893
		50.152266	-5.065556
		50.726024	-3.543949
		51.460852	-2.588139
		51.512161	-0.116215
		51.289406	1.075802
		52.486125	-1.890507
		53.478239	-2.258549
		53.803895	-1.549931
		53.751959	-0.335941
		54.980766	-1.615849
		55.862982	-4.263554
		55.958426	-3.186893
		54.892406	-2.923222
		
c	5 12 11 14 13 6 7 10 9 8 3 1 2 15 0 4	2563.02373278988	0.743697626721012	5	12	11	14	13	6	7	10	9	8	3	1	2	15	0	4		
		53.409532	-3.000126
		51.624837	-3.94495
		51.488224	-3.186893
		50.152266	-5.065556
		50.726024	-3.543949
		53.751959	-0.335941
		54.980766	-1.615849
		55.862982	-4.263554
		55.958426	-3.186893
		54.892406	-2.923222
		53.803895	-1.549931
		51.460852	-2.588139
		51.512161	-0.116215
		51.289406	1.075802
		52.486125	-1.890507
		53.478239	-2.258549
		
c	1 2 15 0 4 3 6 7 10 9 8 5 12 11 14 13	2045.98611496975	0.795401388503026	1	2	15	0	4	3	6	7	10	9	8	5	12	11	14	13		
		51.460852	-2.588139
		51.512161	-0.116215
		51.289406	1.075802
		52.486125	-1.890507
		53.478239	-2.258549
		53.803895	-1.549931
		53.751959	-0.335941
		54.980766	-1.615849
		55.862982	-4.263554
		55.958426	-3.186893
		54.892406	-2.923222
		53.409532	-3.000126
		51.624837	-3.94495
		51.488224	-3.186893
		50.152266	-5.065556
		50.726024	-3.543949
		
c	6 7 10 9 8 5 12 11 14 13 1 0 4 2 15 3	2315.08300953166	0.768491699046834	6	7	10	9	8	5	12	11	14	13	1	0	4	2	15	3		
		53.751959	-0.335941
		54.980766	-1.615849
		55.862982	-4.263554
		55.958426	-3.186893
		54.892406	-2.923222
		53.409532	-3.000126
		51.624837	-3.94495
		51.488224	-3.186893
		50.152266	-5.065556
		50.726024	-3.543949
		51.460852	-2.588139
		52.486125	-1.890507
		53.478239	-2.258549
		51.512161	-0.116215
		51.289406	1.075802
		53.803895	-1.549931
		
c	3 6 7 14 13 1 2 15 10 9 8 5 11 12 0 4	2835.86935648554	0.716413064351446	3	6	7	14	13	1	2	15	10	9	8	5	11	12	0	4		
		53.803895	-1.549931
		53.751959	-0.335941
		54.980766	-1.615849
		50.152266	-5.065556
		50.726024	-3.543949
		51.460852	-2.588139
		51.512161	-0.116215
		51.289406	1.075802
		55.862982	-4.263554
		55.958426	-3.186893
		54.892406	-2.923222
		53.409532	-3.000126
		51.488224	-3.186893
		51.624837	-3.94495
		52.486125	-1.890507
		53.478239	-2.258549
		
c	6 7 10 9 8 5 12 11 14 13 1 0 2 15 4 3	2162.66743143095	0.783733256856905	6	7	10	9	8	5	12	11	14	13	1	0	2	15	4	3		
		53.751959	-0.335941
		54.980766	-1.615849
		55.862982	-4.263554
		55.958426	-3.186893
		54.892406	-2.923222
		53.409532	-3.000126
		51.624837	-3.94495
		51.488224	-3.186893
		50.152266	-5.065556
		50.726024	-3.543949
		51.460852	-2.588139
		52.486125	-1.890507
		51.512161	-0.116215
		51.289406	1.075802
		53.478239	-2.258549
		53.803895	-1.549931
		
c	1 5 4 3 6 7 9 10 8 0 11 12 14 13 2 15	2039.81423073862	0.796018576926138	1	5	4	3	6	7	9	10	8	0	11	12	14	13	2	15		
		51.460852	-2.588139
		53.409532	-3.000126
		53.478239	-2.258549
		53.803895	-1.549931
		53.751959	-0.335941
		54.980766	-1.615849
		55.958426	-3.186893
		55.862982	-4.263554
		54.892406	-2.923222
		52.486125	-1.890507
		51.488224	-3.186893
		51.624837	-3.94495
		50.152266	-5.065556
		50.726024	-3.543949
		51.512161	-0.116215
		51.289406	1.075802
		
c	0 6 3 4 7 10 9 8 5 1 11 12 14 13 2 15	1994.95244758936	0.800504755241064	0	6	3	4	7	10	9	8	5	1	11	12	14	13	2	15		
		52.486125	-1.890507
		53.751959	-0.335941
		53.803895	-1.549931
		53.478239	-2.258549
		54.980766	-1.615849
		55.862982	-4.263554
		55.958426	-3.186893
		54.892406	-2.923222
		53.409532	-3.000126
		51.460852	-2.588139
		51.488224	-3.186893
		51.624837	-3.94495
		50.152266	-5.065556
		50.726024	-3.543949
		51.512161	-0.116215
		51.289406	1.075802
		
c	13 2 15 4 3 6 5 7 9 10 8 0 1 11 12 14	2218.4393826595	0.77815606173405	13	2	15	4	3	6	5	7	9	10	8	0	1	11	12	14		
		50.726024	-3.543949
		51.512161	-0.116215
		51.289406	1.075802
		53.478239	-2.258549
		53.803895	-1.549931
		53.751959	-0.335941
		53.409532	-3.000126
		54.980766	-1.615849
		55.958426	-3.186893
		55.862982	-4.263554
		54.892406	-2.923222
		52.486125	-1.890507
		51.460852	-2.588139
		51.488224	-3.186893
		51.624837	-3.94495
		50.152266	-5.065556
		
c	1 11 12 14 10 9 8 3 6 7 5 4 13 0 2 15	2532.92144482917	0.746707855517083	1	11	12	14	10	9	8	3	6	7	5	4	13	0	2	15		
		51.460852	-2.588139
		51.488224	-3.186893
		51.624837	-3.94495
		50.152266	-5.065556
		55.862982	-4.263554
		55.958426	-3.186893
		54.892406	-2.923222
		53.803895	-1.549931
		53.751959	-0.335941
		54.980766	-1.615849
		53.409532	-3.000126
		53.478239	-2.258549
		50.726024	-3.543949
		52.486125	-1.890507
		51.512161	-0.116215
		51.289406	1.075802
		
c	9 10 8 0 1 11 12 14 13 2 15 4 3 6 7 5	2176.50419869048	0.782349580130952	9	10	8	0	1	11	12	14	13	2	15	4	3	6	7	5		
		55.958426	-3.186893
		55.862982	-4.263554
		54.892406	-2.923222
		52.486125	-1.890507
		51.460852	-2.588139
		51.488224	-3.186893
		51.624837	-3.94495
		50.152266	-5.065556
		50.726024	-3.543949
		51.512161	-0.116215
		51.289406	1.075802
		53.478239	-2.258549
		53.803895	-1.549931
		53.751959	-0.335941
		54.980766	-1.615849
		53.409532	-3.000126
		
c	4 3 6 7 10 9 8 5 12 11 14 13 1 0 2 15	1910.37302383395	0.808962697616605	4	3	6	7	10	9	8	5	12	11	14	13	1	0	2	15		
		53.478239	-2.258549
		53.803895	-1.549931
		53.751959	-0.335941
		54.980766	-1.615849
		55.862982	-4.263554
		55.958426	-3.186893
		54.892406	-2.923222
		53.409532	-3.000126
		51.624837	-3.94495
		51.488224	-3.186893
		50.152266	-5.065556
		50.726024	-3.543949
		51.460852	-2.588139
		52.486125	-1.890507
		51.512161	-0.116215
		51.289406	1.075802
		
c	1 2 15 0 6 4 3 7 10 9 8 5 11 12 14 13	2117.80701152642	0.788219298847358	1	2	15	0	6	4	3	7	10	9	8	5	11	12	14	13		
		51.460852	-2.588139
		51.512161	-0.116215
		51.289406	1.075802
		52.486125	-1.890507
		53.751959	-0.335941
		53.478239	-2.258549
		53.803895	-1.549931
		54.980766	-1.615849
		55.862982	-4.263554
		55.958426	-3.186893
		54.892406	-2.923222
		53.409532	-3.000126
		51.488224	-3.186893
		51.624837	-3.94495
		50.152266	-5.065556
		50.726024	-3.543949
		
c	4 3 6 7 8 5 12 10 9 11 14 13 1 2 15 0	2723.33468056785	0.727666531943215	4	3	6	7	8	5	12	10	9	11	14	13	1	2	15	0		
		53.478239	-2.258549
		53.803895	-1.549931
		53.751959	-0.335941
		54.980766	-1.615849
		54.892406	-2.923222
		53.409532	-3.000126
		51.624837	-3.94495
		55.862982	-4.263554
		55.958426	-3.186893
		51.488224	-3.186893
		50.152266	-5.065556
		50.726024	-3.543949
		51.460852	-2.588139
		51.512161	-0.116215
		51.289406	1.075802
		52.486125	-1.890507
		
c	4 3 6 7 8 5 0 1 12 14 13 10 9 11 2 15	2637.83421870713	0.736216578129287	4	3	6	7	8	5	0	1	12	14	13	10	9	11	2	15		
		53.478239	-2.258549
		53.803895	-1.549931
		53.751959	-0.335941
		54.980766	-1.615849
		54.892406	-2.923222
		53.409532	-3.000126
		52.486125	-1.890507
		51.460852	-2.588139
		51.624837	-3.94495
		50.152266	-5.065556
		50.726024	-3.543949
		55.862982	-4.263554
		55.958426	-3.186893
		51.488224	-3.186893
		51.512161	-0.116215
		51.289406	1.075802
		
c	7 10 9 11 2 15 0 4 3 6 5 12 14 13 1 8	2735.91376245462	0.726408623754538	7	10	9	11	2	15	0	4	3	6	5	12	14	13	1	8		
		54.980766	-1.615849
		55.862982	-4.263554
		55.958426	-3.186893
		51.488224	-3.186893
		51.512161	-0.116215
		51.289406	1.075802
		52.486125	-1.890507
		53.478239	-2.258549
		53.803895	-1.549931
		53.751959	-0.335941
		53.409532	-3.000126
		51.624837	-3.94495
		50.152266	-5.065556
		50.726024	-3.543949
		51.460852	-2.588139
		54.892406	-2.923222
		
c	7 10 9 8 4 5 3 6 0 11 14 12 13 1 2 15	1943.49237669791	0.805650762330209	7	10	9	8	4	5	3	6	0	11	14	12	13	1	2	15		
		54.980766	-1.615849
		55.862982	-4.263554
		55.958426	-3.186893
		54.892406	-2.923222
		53.478239	-2.258549
		53.409532	-3.000126
		53.803895	-1.549931
		53.751959	-0.335941
		52.486125	-1.890507
		51.488224	-3.186893
		50.152266	-5.065556
		51.624837	-3.94495
		50.726024	-3.543949
		51.460852	-2.588139
		51.512161	-0.116215
		51.289406	1.075802
		
c	7 10 9 8 5 12 11 14 13 1 2 15 0 6 4 3	2103.92161658027	0.789607838341973	7	10	9	8	5	12	11	14	13	1	2	15	0	6	4	3		
		54.980766	-1.615849
		55.862982	-4.263554
		55.958426	-3.186893
		54.892406	-2.923222
		53.409532	-3.000126
		51.624837	-3.94495
		51.488224	-3.186893
		50.152266	-5.065556
		50.726024	-3.543949
		51.460852	-2.588139
		51.512161	-0.116215
		51.289406	1.075802
		52.486125	-1.890507
		53.751959	-0.335941
		53.478239	-2.258549
		53.803895	-1.549931
		
c	1 2 15 4 0 6 3 7 10 9 14 13 8 5 11 12	3031.85977277048	0.696814022722952	1	2	15	4	0	6	3	7	10	9	14	13	8	5	11	12		
		51.460852	-2.588139
		51.512161	-0.116215
		51.289406	1.075802
		53.478239	-2.258549
		52.486125	-1.890507
		53.751959	-0.335941
		53.803895	-1.549931
		54.980766	-1.615849
		55.862982	-4.263554
		55.958426	-3.186893
		50.152266	-5.065556
		50.726024	-3.543949
		54.892406	-2.923222
		53.409532	-3.000126
		51.488224	-3.186893
		51.624837	-3.94495
		
c	14 13 1 2 15 6 7 10 9 8 3 5 11 12 0 4	2126.56852614055	0.787343147385945	14	13	1	2	15	6	7	10	9	8	3	5	11	12	0	4		
		50.152266	-5.065556
		50.726024	-3.543949
		51.460852	-2.588139
		51.512161	-0.116215
		51.289406	1.075802
		53.751959	-0.335941
		54.980766	-1.615849
		55.862982	-4.263554
		55.958426	-3.186893
		54.892406	-2.923222
		53.803895	-1.549931
		53.409532	-3.000126
		51.488224	-3.186893
		51.624837	-3.94495
		52.486125	-1.890507
		53.478239	-2.258549
		
c	6 7 10 9 8 0 5 11 12 3 14 13 1 2 15 4	2796.15788429387	0.720384211570613	6	7	10	9	8	0	5	11	12	3	14	13	1	2	15	4		
		53.751959	-0.335941
		54.980766	-1.615849
		55.862982	-4.263554
		55.958426	-3.186893
		54.892406	-2.923222
		52.486125	-1.890507
		53.409532	-3.000126
		51.488224	-3.186893
		51.624837	-3.94495
		53.803895	-1.549931
		50.152266	-5.065556
		50.726024	-3.543949
		51.460852	-2.588139
		51.512161	-0.116215
		51.289406	1.075802
		53.478239	-2.258549
		
c	11 12 14 5 13 1 2 15 0 4 3 6 7 10 9 8	2325.46682738002	0.767453317261998	11	12	14	5	13	1	2	15	0	4	3	6	7	10	9	8		
		51.488224	-3.186893
		51.624837	-3.94495
		50.152266	-5.065556
		53.409532	-3.000126
		50.726024	-3.543949
		51.460852	-2.588139
		51.512161	-0.116215
		51.289406	1.075802
		52.486125	-1.890507
		53.478239	-2.258549
		53.803895	-1.549931
		53.751959	-0.335941
		54.980766	-1.615849
		55.862982	-4.263554
		55.958426	-3.186893
		54.892406	-2.923222
		
c	7 10 0 6 3 4 9 8 5 11 12 14 13 1 2 15	2418.92916622047	0.758107083377953	7	10	0	6	3	4	9	8	5	11	12	14	13	1	2	15		
		54.980766	-1.615849
		55.862982	-4.263554
		52.486125	-1.890507
		53.751959	-0.335941
		53.803895	-1.549931
		53.478239	-2.258549
		55.958426	-3.186893
		54.892406	-2.923222
		53.409532	-3.000126
		51.488224	-3.186893
		51.624837	-3.94495
		50.152266	-5.065556
		50.726024	-3.543949
		51.460852	-2.588139
		51.512161	-0.116215
		51.289406	1.075802
		
c	12 11 14 5 13 1 2 15 0 4 3 6 7 10 9 8	2342.53318415833	0.765746681584167	12	11	14	5	13	1	2	15	0	4	3	6	7	10	9	8		
		51.624837	-3.94495
		51.488224	-3.186893
		50.152266	-5.065556
		53.409532	-3.000126
		50.726024	-3.543949
		51.460852	-2.588139
		51.512161	-0.116215
		51.289406	1.075802
		52.486125	-1.890507
		53.478239	-2.258549
		53.803895	-1.549931
		53.751959	-0.335941
		54.980766	-1.615849
		55.862982	-4.263554
		55.958426	-3.186893
		54.892406	-2.923222
		
c	3 7 5 6 10 9 8 1 0 4 12 11 14 13 2 15	2612.99611923511	0.738700388076489	3	7	5	6	10	9	8	1	0	4	12	11	14	13	2	15		
		53.803895	-1.549931
		54.980766	-1.615849
		53.409532	-3.000126
		53.751959	-0.335941
		55.862982	-4.263554
		55.958426	-3.186893
		54.892406	-2.923222
		51.460852	-2.588139
		52.486125	-1.890507
		53.478239	-2.258549
		51.624837	-3.94495
		51.488224	-3.186893
		50.152266	-5.065556
		50.726024	-3.543949
		51.512161	-0.116215
		51.289406	1.075802
		
c	0 1 11 12 2 14 7 10 4 8 5 13 15 6 9 3	3752.41041563811	0.624758958436189	0	1	11	12	2	14	7	10	4	8	5	13	15	6	9	3		
		52.486125	-1.890507
		51.460852	-2.588139
		51.488224	-3.186893
		51.624837	-3.94495
		51.512161	-0.116215
		50.152266	-5.065556
		54.980766	-1.615849
		55.862982	-4.263554
		53.478239	-2.258549
		54.892406	-2.923222
		53.409532	-3.000126
		50.726024	-3.543949
		51.289406	1.075802
		53.751959	-0.335941
		55.958426	-3.186893
		53.803895	-1.549931
		
c	12 11 14 13 6 3 7 10 1 2 15 0 4 9 8 5	2866.53311527461	0.713346688472539	12	11	14	13	6	3	7	10	1	2	15	0	4	9	8	5		
		51.624837	-3.94495
		51.488224	-3.186893
		50.152266	-5.065556
		50.726024	-3.543949
		53.751959	-0.335941
		53.803895	-1.549931
		54.980766	-1.615849
		55.862982	-4.263554
		51.460852	-2.588139
		51.512161	-0.116215
		51.289406	1.075802
		52.486125	-1.890507
		53.478239	-2.258549
		55.958426	-3.186893
		54.892406	-2.923222
		53.409532	-3.000126
		
c	4 10 9 11 14 13 1 6 7 8 3 5 0 12 2 15	2733.27683997344	0.726672316002656	4	10	9	11	14	13	1	6	7	8	3	5	0	12	2	15		
		53.478239	-2.258549
		55.862982	-4.263554
		55.958426	-3.186893
		51.488224	-3.186893
		50.152266	-5.065556
		50.726024	-3.543949
		51.460852	-2.588139
		53.751959	-0.335941
		54.980766	-1.615849
		54.892406	-2.923222
		53.803895	-1.549931
		53.409532	-3.000126
		52.486125	-1.890507
		51.624837	-3.94495
		51.512161	-0.116215
		51.289406	1.075802
		
c	0 1 11 5 12 14 13 2 15 4 6 3 7 10 9 8	2290.51618936326	0.770948381063674	0	1	11	5	12	14	13	2	15	4	6	3	7	10	9	8		
		52.486125	-1.890507
		51.460852	-2.588139
		51.488224	-3.186893
		53.409532	-3.000126
		51.624837	-3.94495
		50.152266	-5.065556
		50.726024	-3.543949
		51.512161	-0.116215
		51.289406	1.075802
		53.478239	-2.258549
		53.751959	-0.335941
		53.803895	-1.549931
		54.980766	-1.615849
		55.862982	-4.263554
		55.958426	-3.186893
		54.892406	-2.923222
		
c	9 6 7 0 3 4 10 8 5 11 12 14 13 1 2 15	2486.36106179394	0.751363893820606	9	6	7	0	3	4	10	8	5	11	12	14	13	1	2	15		
		55.958426	-3.186893
		53.751959	-0.335941
		54.980766	-1.615849
		52.486125	-1.890507
		53.803895	-1.549931
		53.478239	-2.258549
		55.862982	-4.263554
		54.892406	-2.923222
		53.409532	-3.000126
		51.488224	-3.186893
		51.624837	-3.94495
		50.152266	-5.065556
		50.726024	-3.543949
		51.460852	-2.588139
		51.512161	-0.116215
		51.289406	1.075802
		
c	12 14 13 4 5 0 1 11 2 6 3 7 10 9 8 15	2502.50804168686	0.749749195831314	12	14	13	4	5	0	1	11	2	6	3	7	10	9	8	15		
		51.624837	-3.94495
		50.152266	-5.065556
		50.726024	-3.543949
		53.478239	-2.258549
		53.409532	-3.000126
		52.486125	-1.890507
		51.460852	-2.588139
		51.488224	-3.186893
		51.512161	-0.116215
		53.751959	-0.335941
		53.803895	-1.549931
		54.980766	-1.615849
		55.862982	-4.263554
		55.958426	-3.186893
		54.892406	-2.923222
		51.289406	1.075802
		
c	3 6 7 10 9 8 5 12 11 14 13 1 0 4 2 15	2063.90130079463	0.793609869920537	3	6	7	10	9	8	5	12	11	14	13	1	0	4	2	15		
		53.803895	-1.549931
		53.751959	-0.335941
		54.980766	-1.615849
		55.862982	-4.263554
		55.958426	-3.186893
		54.892406	-2.923222
		53.409532	-3.000126
		51.624837	-3.94495
		51.488224	-3.186893
		50.152266	-5.065556
		50.726024	-3.543949
		51.460852	-2.588139
		52.486125	-1.890507
		53.478239	-2.258549
		51.512161	-0.116215
		51.289406	1.075802
		
c	15 6 13 1 12 14 0 4 3 7 10 9 8 5 11 2	2690.31366771341	0.730968633228659	15	6	13	1	12	14	0	4	3	7	10	9	8	5	11	2		
		51.289406	1.075802
		53.751959	-0.335941
		50.726024	-3.543949
		51.460852	-2.588139
		51.624837	-3.94495
		50.152266	-5.065556
		52.486125	-1.890507
		53.478239	-2.258549
		53.803895	-1.549931
		54.980766	-1.615849
		55.862982	-4.263554
		55.958426	-3.186893
		54.892406	-2.923222
		53.409532	-3.000126
		51.488224	-3.186893
		51.512161	-0.116215
		
c	1 0 4 2 15 12 11 14 13 3 6 7 10 9 8 5	2467.82244507325	0.753217755492675	1	0	4	2	15	12	11	14	13	3	6	7	10	9	8	5		
		51.460852	-2.588139
		52.486125	-1.890507
		53.478239	-2.258549
		51.512161	-0.116215
		51.289406	1.075802
		51.624837	-3.94495
		51.488224	-3.186893
		50.152266	-5.065556
		50.726024	-3.543949
		53.803895	-1.549931
		53.751959	-0.335941
		54.980766	-1.615849
		55.862982	-4.263554
		55.958426	-3.186893
		54.892406	-2.923222
		53.409532	-3.000126
		
c	3 6 2 1 11 12 14 13 15 7 10 9 8 5 0 4	2466.95857341633	0.753304142658367	3	6	2	1	11	12	14	13	15	7	10	9	8	5	0	4		
		53.803895	-1.549931
		53.751959	-0.335941
		51.512161	-0.116215
		51.460852	-2.588139
		51.488224	-3.186893
		51.624837	-3.94495
		50.152266	-5.065556
		50.726024	-3.543949
		51.289406	1.075802
		54.980766	-1.615849
		55.862982	-4.263554
		55.958426	-3.186893
		54.892406	-2.923222
		53.409532	-3.000126
		52.486125	-1.890507
		53.478239	-2.258549
		
c	14 13 0 6 3 7 10 9 8 4 5 11 12 1 2 15	1953.44034248657	0.804655965751343	14	13	0	6	3	7	10	9	8	4	5	11	12	1	2	15		
		50.152266	-5.065556
		50.726024	-3.543949
		52.486125	-1.890507
		53.751959	-0.335941
		53.803895	-1.549931
		54.980766	-1.615849
		55.862982	-4.263554
		55.958426	-3.186893
		54.892406	-2.923222
		53.478239	-2.258549
		53.409532	-3.000126
		51.488224	-3.186893
		51.624837	-3.94495
		51.460852	-2.588139
		51.512161	-0.116215
		51.289406	1.075802
		
c	8 5 12 11 14 13 4 1 0 2 15 6 3 7 10 9	2430.95915484897	0.756904084515103	8	5	12	11	14	13	4	1	0	2	15	6	3	7	10	9		
		54.892406	-2.923222
		53.409532	-3.000126
		51.624837	-3.94495
		51.488224	-3.186893
		50.152266	-5.065556
		50.726024	-3.543949
		53.478239	-2.258549
		51.460852	-2.588139
		52.486125	-1.890507
		51.512161	-0.116215
		51.289406	1.075802
		53.751959	-0.335941
		53.803895	-1.549931
		54.980766	-1.615849
		55.862982	-4.263554
		55.958426	-3.186893
		
c	0 4 6 7 10 11 12 14 13 1 2 15 3 9 8 5	2690.33182402511	0.730966817597489	0	4	6	7	10	11	12	14	13	1	2	15	3	9	8	5		
		52.486125	-1.890507
		53.478239	-2.258549
		53.751959	-0.335941
		54.980766	-1.615849
		55.862982	-4.263554
		51.488224	-3.186893
		51.624837	-3.94495
		50.152266	-5.065556
		50.726024	-3.543949
		51.460852	-2.588139
		51.512161	-0.116215
		51.289406	1.075802
		53.803895	-1.549931
		55.958426	-3.186893
		54.892406	-2.923222
		53.409532	-3.000126
		
c	0 5 12 14 13 2 7 10 9 8 11 1 15 6 4 3	2831.54755982445	0.716845244017555	0	5	12	14	13	2	7	10	9	8	11	1	15	6	4	3		
		52.486125	-1.890507
		53.409532	-3.000126
		51.624837	-3.94495
		50.152266	-5.065556
		50.726024	-3.543949
		51.512161	-0.116215
		54.980766	-1.615849
		55.862982	-4.263554
		55.958426	-3.186893
		54.892406	-2.923222
		51.488224	-3.186893
		51.460852	-2.588139
		51.289406	1.075802
		53.751959	-0.335941
		53.478239	-2.258549
		53.803895	-1.549931
		
c	12 11 14 13 3 6 7 10 9 8 4 5 0 1 2 15	2088.50722230626	0.791149277769374	12	11	14	13	3	6	7	10	9	8	4	5	0	1	2	15		
		51.624837	-3.94495
		51.488224	-3.186893
		50.152266	-5.065556
		50.726024	-3.543949
		53.803895	-1.549931
		53.751959	-0.335941
		54.980766	-1.615849
		55.862982	-4.263554
		55.958426	-3.186893
		54.892406	-2.923222
		53.478239	-2.258549
		53.409532	-3.000126
		52.486125	-1.890507
		51.460852	-2.588139
		51.512161	-0.116215
		51.289406	1.075802
		
c	14 13 1 0 4 5 7 3 6 10 9 8 12 11 2 15	2179.30955475636	0.782069044524364	14	13	1	0	4	5	7	3	6	10	9	8	12	11	2	15		
		50.152266	-5.065556
		50.726024	-3.543949
		51.460852	-2.588139
		52.486125	-1.890507
		53.478239	-2.258549
		53.409532	-3.000126
		54.980766	-1.615849
		53.803895	-1.549931
		53.751959	-0.335941
		55.862982	-4.263554
		55.958426	-3.186893
		54.892406	-2.923222
		51.624837	-3.94495
		51.488224	-3.186893
		51.512161	-0.116215
		51.289406	1.075802
		
c	6 3 7 10 9 8 5 12 11 14 13 1 0 2 15 4	2154.6496898087	0.78453503101913	6	3	7	10	9	8	5	12	11	14	13	1	0	2	15	4		
		53.751959	-0.335941
		53.803895	-1.549931
		54.980766	-1.615849
		55.862982	-4.263554
		55.958426	-3.186893
		54.892406	-2.923222
		53.409532	-3.000126
		51.624837	-3.94495
		51.488224	-3.186893
		50.152266	-5.065556
		50.726024	-3.543949
		51.460852	-2.588139
		52.486125	-1.890507
		51.512161	-0.116215
		51.289406	1.075802
		53.478239	-2.258549
		
c	13 1 12 14 0 4 3 6 7 10 9 8 5 15 11 2	2554.19933364437	0.744580066635563	13	1	12	14	0	4	3	6	7	10	9	8	5	15	11	2		
		50.726024	-3.543949
		51.460852	-2.588139
		51.624837	-3.94495
		50.152266	-5.065556
		52.486125	-1.890507
		53.478239	-2.258549
		53.803895	-1.549931
		53.751959	-0.335941
		54.980766	-1.615849
		55.862982	-4.263554
		55.958426	-3.186893
		54.892406	-2.923222
		53.409532	-3.000126
		51.289406	1.075802
		51.488224	-3.186893
		51.512161	-0.116215
		
c	13 3 7 10 4 6 9 8 5 12 11 14 1 0 2 15	2769.68338760313	0.723031661239687	13	3	7	10	4	6	9	8	5	12	11	14	1	0	2	15		
		50.726024	-3.543949
		53.803895	-1.549931
		54.980766	-1.615849
		55.862982	-4.263554
		53.478239	-2.258549
		53.751959	-0.335941
		55.958426	-3.186893
		54.892406	-2.923222
		53.409532	-3.000126
		51.624837	-3.94495
		51.488224	-3.186893
		50.152266	-5.065556
		51.460852	-2.588139
		52.486125	-1.890507
		51.512161	-0.116215
		51.289406	1.075802
		
c	13 1 2 15 12 14 11 0 4 6 7 10 9 8 5 3	2290.12714028735	0.770987285971265	13	1	2	15	12	14	11	0	4	6	7	10	9	8	5	3		
		50.726024	-3.543949
		51.460852	-2.588139
		51.512161	-0.116215
		51.289406	1.075802
		51.624837	-3.94495
		50.152266	-5.065556
		51.488224	-3.186893
		52.486125	-1.890507
		53.478239	-2.258549
		53.751959	-0.335941
		54.980766	-1.615849
		55.862982	-4.263554
		55.958426	-3.186893
		54.892406	-2.923222
		53.409532	-3.000126
		53.803895	-1.549931
		
c	6 3 12 11 14 8 7 10 9 13 4 5 0 1 2 15	2974.93605279583	0.702506394720417	6	3	12	11	14	8	7	10	9	13	4	5	0	1	2	15		
		53.751959	-0.335941
		53.803895	-1.549931
		51.624837	-3.94495
		51.488224	-3.186893
		50.152266	-5.065556
		54.892406	-2.923222
		54.980766	-1.615849
		55.862982	-4.263554
		55.958426	-3.186893
		50.726024	-3.543949
		53.478239	-2.258549
		53.409532	-3.000126
		52.486125	-1.890507
		51.460852	-2.588139
		51.512161	-0.116215
		51.289406	1.075802
		
c	10 4 8 5 12 0 1 11 2 13 6 3 7 9 14 15	3500.74424970387	0.649925575029613	10	4	8	5	12	0	1	11	2	13	6	3	7	9	14	15		
		55.862982	-4.263554
		53.478239	-2.258549
		54.892406	-2.923222
		53.409532	-3.000126
		51.624837	-3.94495
		52.486125	-1.890507
		51.460852	-2.588139
		51.488224	-3.186893
		51.512161	-0.116215
		50.726024	-3.543949
		53.751959	-0.335941
		53.803895	-1.549931
		54.980766	-1.615849
		55.958426	-3.186893
		50.152266	-5.065556
		51.289406	1.075802
		
c	4 3 9 8 5 12 11 14 0 6 7 10 13 1 2 15	2872.18868202451	0.712781131797549	4	3	9	8	5	12	11	14	0	6	7	10	13	1	2	15		
		53.478239	-2.258549
		53.803895	-1.549931
		55.958426	-3.186893
		54.892406	-2.923222
		53.409532	-3.000126
		51.624837	-3.94495
		51.488224	-3.186893
		50.152266	-5.065556
		52.486125	-1.890507
		53.751959	-0.335941
		54.980766	-1.615849
		55.862982	-4.263554
		50.726024	-3.543949
		51.460852	-2.588139
		51.512161	-0.116215
		51.289406	1.075802
		
c	15 0 4 6 3 7 10 9 8 5 12 11 14 13 1 2	2107.59391346397	0.789240608653603	15	0	4	6	3	7	10	9	8	5	12	11	14	13	1	2		
		51.289406	1.075802
		52.486125	-1.890507
		53.478239	-2.258549
		53.751959	-0.335941
		53.803895	-1.549931
		54.980766	-1.615849
		55.862982	-4.263554
		55.958426	-3.186893
		54.892406	-2.923222
		53.409532	-3.000126
		51.624837	-3.94495
		51.488224	-3.186893
		50.152266	-5.065556
		50.726024	-3.543949
		51.460852	-2.588139
		51.512161	-0.116215
		
c	3 6 7 8 5 0 1 12 14 13 10 9 11 4 2 15	2858.53161915048	0.714146838084952	3	6	7	8	5	0	1	12	14	13	10	9	11	4	2	15		
		53.803895	-1.549931
		53.751959	-0.335941
		54.980766	-1.615849
		54.892406	-2.923222
		53.409532	-3.000126
		52.486125	-1.890507
		51.460852	-2.588139
		51.624837	-3.94495
		50.152266	-5.065556
		50.726024	-3.543949
		55.862982	-4.263554
		55.958426	-3.186893
		51.488224	-3.186893
		53.478239	-2.258549
		51.512161	-0.116215
		51.289406	1.075802
		
c	5 9 8 3 0 4 6 7 10 11 12 14 13 1 2 15	2514.96127186614	0.748503872813386	5	9	8	3	0	4	6	7	10	11	12	14	13	1	2	15		
		53.409532	-3.000126
		55.958426	-3.186893
		54.892406	-2.923222
		53.803895	-1.549931
		52.486125	-1.890507
		53.478239	-2.258549
		53.751959	-0.335941
		54.980766	-1.615849
		55.862982	-4.263554
		51.488224	-3.186893
		51.624837	-3.94495
		50.152266	-5.065556
		50.726024	-3.543949
		51.460852	-2.588139
		51.512161	-0.116215
		51.289406	1.075802
		
c	6 5 12 14 13 4 8 1 2 15 0 3 7 10 9 11	3097.64235868476	0.690235764131524	6	5	12	14	13	4	8	1	2	15	0	3	7	10	9	11		
		53.751959	-0.335941
		53.409532	-3.000126
		51.624837	-3.94495
		50.152266	-5.065556
		50.726024	-3.543949
		53.478239	-2.258549
		54.892406	-2.923222
		51.460852	-2.588139
		51.512161	-0.116215
		51.289406	1.075802
		52.486125	-1.890507
		53.803895	-1.549931
		54.980766	-1.615849
		55.862982	-4.263554
		55.958426	-3.186893
		51.488224	-3.186893
		
c	3 7 10 9 8 5 6 4 0 1 11 12 14 13 2 15	1968.27332960245	0.803172667039755	3	7	10	9	8	5	6	4	0	1	11	12	14	13	2	15		
		53.803895	-1.549931
		54.980766	-1.615849
		55.862982	-4.263554
		55.958426	-3.186893
		54.892406	-2.923222
		53.409532	-3.000126
		53.751959	-0.335941
		53.478239	-2.258549
		52.486125	-1.890507
		51.460852	-2.588139
		51.488224	-3.186893
		51.624837	-3.94495
		50.152266	-5.065556
		50.726024	-3.543949
		51.512161	-0.116215
		51.289406	1.075802
		
c	8 4 5 0 1 12 14 13 3 6 7 10 9 11 2 15	2531.13537748884	0.746886462251116	8	4	5	0	1	12	14	13	3	6	7	10	9	11	2	15		
		54.892406	-2.923222
		53.478239	-2.258549
		53.409532	-3.000126
		52.486125	-1.890507
		51.460852	-2.588139
		51.624837	-3.94495
		50.152266	-5.065556
		50.726024	-3.543949
		53.803895	-1.549931
		53.751959	-0.335941
		54.980766	-1.615849
		55.862982	-4.263554
		55.958426	-3.186893
		51.488224	-3.186893
		51.512161	-0.116215
		51.289406	1.075802
		
c	10 9 8 3 0 4 6 5 12 11 14 13 1 7 2 15	2483.39868591579	0.751660131408421	10	9	8	3	0	4	6	5	12	11	14	13	1	7	2	15		
		55.862982	-4.263554
		55.958426	-3.186893
		54.892406	-2.923222
		53.803895	-1.549931
		52.486125	-1.890507
		53.478239	-2.258549
		53.751959	-0.335941
		53.409532	-3.000126
		51.624837	-3.94495
		51.488224	-3.186893
		50.152266	-5.065556
		50.726024	-3.543949
		51.460852	-2.588139
		54.980766	-1.615849
		51.512161	-0.116215
		51.289406	1.075802
		
c	3 4 5 0 1 11 12 14 13 2 15 6 7 10 9 8	1934.36949299703	0.806563050700297	3	4	5	0	1	11	12	14	13	2	15	6	7	10	9	8		
		53.803895	-1.549931
		53.478239	-2.258549
		53.409532	-3.000126
		52.486125	-1.890507
		51.460852	-2.588139
		51.488224	-3.186893
		51.624837	-3.94495
		50.152266	-5.065556
		50.726024	-3.543949
		51.512161	-0.116215
		51.289406	1.075802
		53.751959	-0.335941
		54.980766	-1.615849
		55.862982	-4.263554
		55.958426	-3.186893
		54.892406	-2.923222
		
c	2 15 0 4 11 1 5 12 14 13 6 3 7 10 9 8	2441.30369262806	0.755869630737194	2	15	0	4	11	1	5	12	14	13	6	3	7	10	9	8		
		51.512161	-0.116215
		51.289406	1.075802
		52.486125	-1.890507
		53.478239	-2.258549
		51.488224	-3.186893
		51.460852	-2.588139
		53.409532	-3.000126
		51.624837	-3.94495
		50.152266	-5.065556
		50.726024	-3.543949
		53.751959	-0.335941
		53.803895	-1.549931
		54.980766	-1.615849
		55.862982	-4.263554
		55.958426	-3.186893
		54.892406	-2.923222
		
c	7 10 9 5 6 8 3 11 12 14 13 1 2 15 0 4	2446.68088403315	0.755331911596685	7	10	9	5	6	8	3	11	12	14	13	1	2	15	0	4		
		54.980766	-1.615849
		55.862982	-4.263554
		55.958426	-3.186893
		53.409532	-3.000126
		53.751959	-0.335941
		54.892406	-2.923222
		53.803895	-1.549931
		51.488224	-3.186893
		51.624837	-3.94495
		50.152266	-5.065556
		50.726024	-3.543949
		51.460852	-2.588139
		51.512161	-0.116215
		51.289406	1.075802
		52.486125	-1.890507
		53.478239	-2.258549
		
c	6 7 10 9 8 5 12 11 4 3 14 13 1 0 2 15	2333.67174162151	0.766632825837849	6	7	10	9	8	5	12	11	4	3	14	13	1	0	2	15		
		53.751959	-0.335941
		54.980766	-1.615849
		55.862982	-4.263554
		55.958426	-3.186893
		54.892406	-2.923222
		53.409532	-3.000126
		51.624837	-3.94495
		51.488224	-3.186893
		53.478239	-2.258549
		53.803895	-1.549931
		50.152266	-5.065556
		50.726024	-3.543949
		51.460852	-2.588139
		52.486125	-1.890507
		51.512161	-0.116215
		51.289406	1.075802
		
c	12 11 14 13 1 0 4 3 6 7 10 9 8 5 15 2	2015.71535666175	0.798428464333825	12	11	14	13	1	0	4	3	6	7	10	9	8	5	15	2		
		51.624837	-3.94495
		51.488224	-3.186893
		50.152266	-5.065556
		50.726024	-3.543949
		51.460852	-2.588139
		52.486125	-1.890507
		53.478239	-2.258549
		53.803895	-1.549931
		53.751959	-0.335941
		54.980766	-1.615849
		55.862982	-4.263554
		55.958426	-3.186893
		54.892406	-2.923222
		53.409532	-3.000126
		51.289406	1.075802
		51.512161	-0.116215
		
c	12 14 0 4 3 5 11 13 1 2 15 6 7 10 9 8	2296.1870753137	0.77038129246863	12	14	0	4	3	5	11	13	1	2	15	6	7	10	9	8		
		51.624837	-3.94495
		50.152266	-5.065556
		52.486125	-1.890507
		53.478239	-2.258549
		53.803895	-1.549931
		53.409532	-3.000126
		51.488224	-3.186893
		50.726024	-3.543949
		51.460852	-2.588139
		51.512161	-0.116215
		51.289406	1.075802
		53.751959	-0.335941
		54.980766	-1.615849
		55.862982	-4.263554
		55.958426	-3.186893
		54.892406	-2.923222
		
c	12 11 3 6 7 10 9 8 5 14 13 1 0 4 2 15	2325.89900204228	0.767410099795772	12	11	3	6	7	10	9	8	5	14	13	1	0	4	2	15		
		51.624837	-3.94495
		51.488224	-3.186893
		53.803895	-1.549931
		53.751959	-0.335941
		54.980766	-1.615849
		55.862982	-4.263554
		55.958426	-3.186893
		54.892406	-2.923222
		53.409532	-3.000126
		50.152266	-5.065556
		50.726024	-3.543949
		51.460852	-2.588139
		52.486125	-1.890507
		53.478239	-2.258549
		51.512161	-0.116215
		51.289406	1.075802
		
c	14 0 4 6 7 10 9 8 3 5 1 11 12 13 2 15	2140.0912409746	0.78599087590254	14	0	4	6	7	10	9	8	3	5	1	11	12	13	2	15		
		50.152266	-5.065556
		52.486125	-1.890507
		53.478239	-2.258549
		53.751959	-0.335941
		54.980766	-1.615849
		55.862982	-4.263554
		55.958426	-3.186893
		54.892406	-2.923222
		53.803895	-1.549931
		53.409532	-3.000126
		51.460852	-2.588139
		51.488224	-3.186893
		51.624837	-3.94495
		50.726024	-3.543949
		51.512161	-0.116215
		51.289406	1.075802
		
c	6 4 3 7 10 9 8 5 12 11 14 13 1 0 2 15	1931.92362280586	0.806807637719414	6	4	3	7	10	9	8	5	12	11	14	13	1	0	2	15		
		53.751959	-0.335941
		53.478239	-2.258549
		53.803895	-1.549931
		54.980766	-1.615849
		55.862982	-4.263554
		55.958426	-3.186893
		54.892406	-2.923222
		53.409532	-3.000126
		51.624837	-3.94495
		51.488224	-3.186893
		50.152266	-5.065556
		50.726024	-3.543949
		51.460852	-2.588139
		52.486125	-1.890507
		51.512161	-0.116215
		51.289406	1.075802
		
c	10 9 8 5 11 12 14 13 1 0 4 2 15 6 3 7	2119.72520764271	0.788027479235729	10	9	8	5	11	12	14	13	1	0	4	2	15	6	3	7		
		55.862982	-4.263554
		55.958426	-3.186893
		54.892406	-2.923222
		53.409532	-3.000126
		51.488224	-3.186893
		51.624837	-3.94495
		50.152266	-5.065556
		50.726024	-3.543949
		51.460852	-2.588139
		52.486125	-1.890507
		53.478239	-2.258549
		51.512161	-0.116215
		51.289406	1.075802
		53.751959	-0.335941
		53.803895	-1.549931
		54.980766	-1.615849
		
c	1 0 2 7 10 11 12 14 13 15 6 4 3 5 9 8	3048.74483753902	0.695125516246098	1	0	2	7	10	11	12	14	13	15	6	4	3	5	9	8		
		51.460852	-2.588139
		52.486125	-1.890507
		51.512161	-0.116215
		54.980766	-1.615849
		55.862982	-4.263554
		51.488224	-3.186893
		51.624837	-3.94495
		50.152266	-5.065556
		50.726024	-3.543949
		51.289406	1.075802
		53.751959	-0.335941
		53.478239	-2.258549
		53.803895	-1.549931
		53.409532	-3.000126
		55.958426	-3.186893
		54.892406	-2.923222
		
c	5 12 1 7 10 9 8 11 14 13 2 15 0 6 4 3	2733.54909889205	0.726645090110795	5	12	1	7	10	9	8	11	14	13	2	15	0	6	4	3		
		53.409532	-3.000126
		51.624837	-3.94495
		51.460852	-2.588139
		54.980766	-1.615849
		55.862982	-4.263554
		55.958426	-3.186893
		54.892406	-2.923222
		51.488224	-3.186893
		50.152266	-5.065556
		50.726024	-3.543949
		51.512161	-0.116215
		51.289406	1.075802
		52.486125	-1.890507
		53.751959	-0.335941
		53.478239	-2.258549
		53.803895	-1.549931
		
c	2 15 0 11 14 13 4 6 3 7 10 9 8 5 12 1	2305.60777845301	0.769439222154699	2	15	0	11	14	13	4	6	3	7	10	9	8	5	12	1		
		51.512161	-0.116215
		51.289406	1.075802
		52.486125	-1.890507
		51.488224	-3.186893
		50.152266	-5.065556
		50.726024	-3.543949
		53.478239	-2.258549
		53.751959	-0.335941
		53.803895	-1.549931
		54.980766	-1.615849
		55.862982	-4.263554
		55.958426	-3.186893
		54.892406	-2.923222
		53.409532	-3.000126
		51.624837	-3.94495
		51.460852	-2.588139
		
c	5 6 7 10 9 8 3 11 12 14 13 1 2 15 0 4	2232.2233449834	0.77677766550166	5	6	7	10	9	8	3	11	12	14	13	1	2	15	0	4		
		53.409532	-3.000126
		53.751959	-0.335941
		54.980766	-1.615849
		55.862982	-4.263554
		55.958426	-3.186893
		54.892406	-2.923222
		53.803895	-1.549931
		51.488224	-3.186893
		51.624837	-3.94495
		50.152266	-5.065556
		50.726024	-3.543949
		51.460852	-2.588139
		51.512161	-0.116215
		51.289406	1.075802
		52.486125	-1.890507
		53.478239	-2.258549
		
c	10 0 1 11 12 14 9 8 3 6 7 5 4 13 2 15	2880.32962952104	0.711967037047897	10	0	1	11	12	14	9	8	3	6	7	5	4	13	2	15		
		55.862982	-4.263554
		52.486125	-1.890507
		51.460852	-2.588139
		51.488224	-3.186893
		51.624837	-3.94495
		50.152266	-5.065556
		55.958426	-3.186893
		54.892406	-2.923222
		53.803895	-1.549931
		53.751959	-0.335941
		54.980766	-1.615849
		53.409532	-3.000126
		53.478239	-2.258549
		50.726024	-3.543949
		51.512161	-0.116215
		51.289406	1.075802
		
c	3 14 6 7 10 0 4 12 9 8 5 11 13 1 2 15	3529.32822990611	0.647067177009389	3	14	6	7	10	0	4	12	9	8	5	11	13	1	2	15		
		53.803895	-1.549931
		50.152266	-5.065556
		53.751959	-0.335941
		54.980766	-1.615849
		55.862982	-4.263554
		52.486125	-1.890507
		53.478239	-2.258549
		51.624837	-3.94495
		55.958426	-3.186893
		54.892406	-2.923222
		53.409532	-3.000126
		51.488224	-3.186893
		50.726024	-3.543949
		51.460852	-2.588139
		51.512161	-0.116215
		51.289406	1.075802
		
c	3 7 10 9 15 0 4 6 8 5 11 12 14 13 1 2	2696.8105832889	0.73031894167111	3	7	10	9	15	0	4	6	8	5	11	12	14	13	1	2		
		53.803895	-1.549931
		54.980766	-1.615849
		55.862982	-4.263554
		55.958426	-3.186893
		51.289406	1.075802
		52.486125	-1.890507
		53.478239	-2.258549
		53.751959	-0.335941
		54.892406	-2.923222
		53.409532	-3.000126
		51.488224	-3.186893
		51.624837	-3.94495
		50.152266	-5.065556
		50.726024	-3.543949
		51.460852	-2.588139
		51.512161	-0.116215
		
c	14 13 2 1 6 3 4 7 10 9 8 5 12 11 0 15	2353.78243446688	0.764621756553312	14	13	2	1	6	3	4	7	10	9	8	5	12	11	0	15		
		50.152266	-5.065556
		50.726024	-3.543949
		51.512161	-0.116215
		51.460852	-2.588139
		53.751959	-0.335941
		53.803895	-1.549931
		53.478239	-2.258549
		54.980766	-1.615849
		55.862982	-4.263554
		55.958426	-3.186893
		54.892406	-2.923222
		53.409532	-3.000126
		51.624837	-3.94495
		51.488224	-3.186893
		52.486125	-1.890507
		51.289406	1.075802
		
c	9 8 5 0 4 3 6 7 10 12 11 14 13 1 2 15	2230.37800321349	0.776962199678651	9	8	5	0	4	3	6	7	10	12	11	14	13	1	2	15		
		55.958426	-3.186893
		54.892406	-2.923222
		53.409532	-3.000126
		52.486125	-1.890507
		53.478239	-2.258549
		53.803895	-1.549931
		53.751959	-0.335941
		54.980766	-1.615849
		55.862982	-4.263554
		51.624837	-3.94495
		51.488224	-3.186893
		50.152266	-5.065556
		50.726024	-3.543949
		51.460852	-2.588139
		51.512161	-0.116215
		51.289406	1.075802
		
c	8 5 6 13 1 2 15 0 4 3 7 10 9 11 12 14	2650.21844534355	0.734978155465645	8	5	6	13	1	2	15	0	4	3	7	10	9	11	12	14		
		54.892406	-2.923222
		53.409532	-3.000126
		53.751959	-0.335941
		50.726024	-3.543949
		51.460852	-2.588139
		51.512161	-0.116215
		51.289406	1.075802
		52.486125	-1.890507
		53.478239	-2.258549
		53.803895	-1.549931
		54.980766	-1.615849
		55.862982	-4.263554
		55.958426	-3.186893
		51.488224	-3.186893
		51.624837	-3.94495
		50.152266	-5.065556
		
c	10 9 8 5 13 11 12 14 1 2 15 0 4 6 3 7	2159.79558625128	0.784020441374872	10	9	8	5	13	11	12	14	1	2	15	0	4	6	3	7		
		55.862982	-4.263554
		55.958426	-3.186893
		54.892406	-2.923222
		53.409532	-3.000126
		50.726024	-3.543949
		51.488224	-3.186893
		51.624837	-3.94495
		50.152266	-5.065556
		51.460852	-2.588139
		51.512161	-0.116215
		51.289406	1.075802
		52.486125	-1.890507
		53.478239	-2.258549
		53.751959	-0.335941
		53.803895	-1.549931
		54.980766	-1.615849
		
c	4 3 6 10 9 8 5 11 12 14 13 1 2 15 0 7	2295.41049871371	0.770458950128629	4	3	6	10	9	8	5	11	12	14	13	1	2	15	0	7		
		53.478239	-2.258549
		53.803895	-1.549931
		53.751959	-0.335941
		55.862982	-4.263554
		55.958426	-3.186893
		54.892406	-2.923222
		53.409532	-3.000126
		51.488224	-3.186893
		51.624837	-3.94495
		50.152266	-5.065556
		50.726024	-3.543949
		51.460852	-2.588139
		51.512161	-0.116215
		51.289406	1.075802
		52.486125	-1.890507
		54.980766	-1.615849
		
c	13 1 11 0 6 3 7 10 9 8 4 5 12 14 2 15	2124.48911463531	0.787551088536469	13	1	11	0	6	3	7	10	9	8	4	5	12	14	2	15		
		50.726024	-3.543949
		51.460852	-2.588139
		51.488224	-3.186893
		52.486125	-1.890507
		53.751959	-0.335941
		53.803895	-1.549931
		54.980766	-1.615849
		55.862982	-4.263554
		55.958426	-3.186893
		54.892406	-2.923222
		53.478239	-2.258549
		53.409532	-3.000126
		51.624837	-3.94495
		50.152266	-5.065556
		51.512161	-0.116215
		51.289406	1.075802
		
c	7 10 9 8 5 6 4 0 1 11 12 14 13 3 2 15	2223.32690977562	0.777667309022438	7	10	9	8	5	6	4	0	1	11	12	14	13	3	2	15		
		54.980766	-1.615849
		55.862982	-4.263554
		55.958426	-3.186893
		54.892406	-2.923222
		53.409532	-3.000126
		53.751959	-0.335941
		53.478239	-2.258549
		52.486125	-1.890507
		51.460852	-2.588139
		51.488224	-3.186893
		51.624837	-3.94495
		50.152266	-5.065556
		50.726024	-3.543949
		53.803895	-1.549931
		51.512161	-0.116215
		51.289406	1.075802
		
c	8 5 11 12 14 13 1 2 15 0 3 6 7 10 9 4	2278.54267797	0.772145732203001	8	5	11	12	14	13	1	2	15	0	3	6	7	10	9	4		
		54.892406	-2.923222
		53.409532	-3.000126
		51.488224	-3.186893
		51.624837	-3.94495
		50.152266	-5.065556
		50.726024	-3.543949
		51.460852	-2.588139
		51.512161	-0.116215
		51.289406	1.075802
		52.486125	-1.890507
		53.803895	-1.549931
		53.751959	-0.335941
		54.980766	-1.615849
		55.862982	-4.263554
		55.958426	-3.186893
		53.478239	-2.258549
		
c	0 1 11 12 14 13 3 7 6 10 9 8 5 4 2 15	2280.50852715973	0.771949147284027	0	1	11	12	14	13	3	7	6	10	9	8	5	4	2	15		
		52.486125	-1.890507
		51.460852	-2.588139
		51.488224	-3.186893
		51.624837	-3.94495
		50.152266	-5.065556
		50.726024	-3.543949
		53.803895	-1.549931
		54.980766	-1.615849
		53.751959	-0.335941
		55.862982	-4.263554
		55.958426	-3.186893
		54.892406	-2.923222
		53.409532	-3.000126
		53.478239	-2.258549
		51.512161	-0.116215
		51.289406	1.075802
		
c	6 5 11 12 14 13 1 2 15 0 4 3 7 10 9 8	2046.06342697864	0.795393657302136	6	5	11	12	14	13	1	2	15	0	4	3	7	10	9	8		
		53.751959	-0.335941
		53.409532	-3.000126
		51.488224	-3.186893
		51.624837	-3.94495
		50.152266	-5.065556
		50.726024	-3.543949
		51.460852	-2.588139
		51.512161	-0.116215
		51.289406	1.075802
		52.486125	-1.890507
		53.478239	-2.258549
		53.803895	-1.549931
		54.980766	-1.615849
		55.862982	-4.263554
		55.958426	-3.186893
		54.892406	-2.923222
		
c	11 12 14 13 1 2 7 10 9 8 5 15 0 6 4 3	2553.93380072175	0.744606619927825	11	12	14	13	1	2	7	10	9	8	5	15	0	6	4	3		
		51.488224	-3.186893
		51.624837	-3.94495
		50.152266	-5.065556
		50.726024	-3.543949
		51.460852	-2.588139
		51.512161	-0.116215
		54.980766	-1.615849
		55.862982	-4.263554
		55.958426	-3.186893
		54.892406	-2.923222
		53.409532	-3.000126
		51.289406	1.075802
		52.486125	-1.890507
		53.751959	-0.335941
		53.478239	-2.258549
		53.803895	-1.549931
		
c	3 6 10 9 8 5 12 11 14 13 1 0 4 2 15 7	2502.35013163191	0.749764986836809	3	6	10	9	8	5	12	11	14	13	1	0	4	2	15	7		
		53.803895	-1.549931
		53.751959	-0.335941
		55.862982	-4.263554
		55.958426	-3.186893
		54.892406	-2.923222
		53.409532	-3.000126
		51.624837	-3.94495
		51.488224	-3.186893
		50.152266	-5.065556
		50.726024	-3.543949
		51.460852	-2.588139
		52.486125	-1.890507
		53.478239	-2.258549
		51.512161	-0.116215
		51.289406	1.075802
		54.980766	-1.615849
		
c	7 0 1 11 12 14 13 15 4 3 6 5 10 9 8 2	2677.06291380191	0.732293708619809	7	0	1	11	12	14	13	15	4	3	6	5	10	9	8	2		
		54.980766	-1.615849
		52.486125	-1.890507
		51.460852	-2.588139
		51.488224	-3.186893
		51.624837	-3.94495
		50.152266	-5.065556
		50.726024	-3.543949
		51.289406	1.075802
		53.478239	-2.258549
		53.803895	-1.549931
		53.751959	-0.335941
		53.409532	-3.000126
		55.862982	-4.263554
		55.958426	-3.186893
		54.892406	-2.923222
		51.512161	-0.116215
		
c	9 8 3 13 1 12 14 0 4 6 7 10 5 15 11 2	3115.65283332822	0.688434716667178	9	8	3	13	1	12	14	0	4	6	7	10	5	15	11	2		
		55.958426	-3.186893
		54.892406	-2.923222
		53.803895	-1.549931
		50.726024	-3.543949
		51.460852	-2.588139
		51.624837	-3.94495
		50.152266	-5.065556
		52.486125	-1.890507
		53.478239	-2.258549
		53.751959	-0.335941
		54.980766	-1.615849
		55.862982	-4.263554
		53.409532	-3.000126
		51.289406	1.075802
		51.488224	-3.186893
		51.512161	-0.116215
		
c	14 7 3 10 9 8 5 6 4 0 1 11 12 13 2 15	2444.03224064855	0.755596775935145	14	7	3	10	9	8	5	6	4	0	1	11	12	13	2	15		
		50.152266	-5.065556
		54.980766	-1.615849
		53.803895	-1.549931
		55.862982	-4.263554
		55.958426	-3.186893
		54.892406	-2.923222
		53.409532	-3.000126
		53.751959	-0.335941
		53.478239	-2.258549
		52.486125	-1.890507
		51.460852	-2.588139
		51.488224	-3.186893
		51.624837	-3.94495
		50.726024	-3.543949
		51.512161	-0.116215
		51.289406	1.075802
		
c	11 12 6 0 4 3 10 9 8 5 14 7 13 1 2 15	3208.46538459094	0.679153461540906	11	12	6	0	4	3	10	9	8	5	14	7	13	1	2	15		
		51.488224	-3.186893
		51.624837	-3.94495
		53.751959	-0.335941
		52.486125	-1.890507
		53.478239	-2.258549
		53.803895	-1.549931
		55.862982	-4.263554
		55.958426	-3.186893
		54.892406	-2.923222
		53.409532	-3.000126
		50.152266	-5.065556
		54.980766	-1.615849
		50.726024	-3.543949
		51.460852	-2.588139
		51.512161	-0.116215
		51.289406	1.075802
		
c	2 15 6 3 14 13 11 1 12 0 4 7 10 9 8 5	2280.53929701707	0.771946070298293	2	15	6	3	14	13	11	1	12	0	4	7	10	9	8	5		
		51.512161	-0.116215
		51.289406	1.075802
		53.751959	-0.335941
		53.803895	-1.549931
		50.152266	-5.065556
		50.726024	-3.543949
		51.488224	-3.186893
		51.460852	-2.588139
		51.624837	-3.94495
		52.486125	-1.890507
		53.478239	-2.258549
		54.980766	-1.615849
		55.862982	-4.263554
		55.958426	-3.186893
		54.892406	-2.923222
		53.409532	-3.000126
		
c	11 14 13 4 6 3 7 10 9 8 5 12 1 0 2 15	2206.67123533934	0.779332876466066	11	14	13	4	6	3	7	10	9	8	5	12	1	0	2	15		
		51.488224	-3.186893
		50.152266	-5.065556
		50.726024	-3.543949
		53.478239	-2.258549
		53.751959	-0.335941
		53.803895	-1.549931
		54.980766	-1.615849
		55.862982	-4.263554
		55.958426	-3.186893
		54.892406	-2.923222
		53.409532	-3.000126
		51.624837	-3.94495
		51.460852	-2.588139
		52.486125	-1.890507
		51.512161	-0.116215
		51.289406	1.075802
		
g47		1794.61235065558	0.820538764934442	0	6	7	10	9	8	3	4	5	0	1	11	12	14	13	2	15		
		53.751959	-0.335941
		54.980766	-1.615849
		55.862982	-4.263554
		55.958426	-3.186893
		54.892406	-2.923222
		53.803895	-1.549931
		53.478239	-2.258549
		53.409532	-3.000126
		52.486125	-1.890507
		51.460852	-2.588139
		51.488224	-3.186893
		51.624837	-3.94495
		50.152266	-5.065556
		50.726024	-3.543949
		51.512161	-0.116215
		51.289406	1.075802
		
g47		1828.33630628242	0.817166369371758	1	3	6	7	10	9	8	4	5	0	1	11	12	14	13	2	15		
		53.803895	-1.549931
		53.751959	-0.335941
		54.980766	-1.615849
		55.862982	-4.263554
		55.958426	-3.186893
		54.892406	-2.923222
		53.478239	-2.258549
		53.409532	-3.000126
		52.486125	-1.890507
		51.460852	-2.588139
		51.488224	-3.186893
		51.624837	-3.94495
		50.152266	-5.065556
		50.726024	-3.543949
		51.512161	-0.116215
		51.289406	1.075802
		
g47		1844.43579025575	0.815556420974425	2	5	4	3	6	7	9	10	8	0	1	11	12	14	13	2	15		
		53.409532	-3.000126
		53.478239	-2.258549
		53.803895	-1.549931
		53.751959	-0.335941
		54.980766	-1.615849
		55.958426	-3.186893
		55.862982	-4.263554
		54.892406	-2.923222
		52.486125	-1.890507
		51.460852	-2.588139
		51.488224	-3.186893
		51.624837	-3.94495
		50.152266	-5.065556
		50.726024	-3.543949
		51.512161	-0.116215
		51.289406	1.075802
		
g47		1895.7902504043	0.81042097495957	3	12	14	13	11	1	2	15	0	4	3	6	7	10	9	8	5		
		51.624837	-3.94495
		50.152266	-5.065556
		50.726024	-3.543949
		51.488224	-3.186893
		51.460852	-2.588139
		51.512161	-0.116215
		51.289406	1.075802
		52.486125	-1.890507
		53.478239	-2.258549
		53.803895	-1.549931
		53.751959	-0.335941
		54.980766	-1.615849
		55.862982	-4.263554
		55.958426	-3.186893
		54.892406	-2.923222
		53.409532	-3.000126
		
g47		1896.77204691273	0.810322795308727	4	0	4	3	6	7	10	9	8	5	11	12	14	13	1	2	15		
		52.486125	-1.890507
		53.478239	-2.258549
		53.803895	-1.549931
		53.751959	-0.335941
		54.980766	-1.615849
		55.862982	-4.263554
		55.958426	-3.186893
		54.892406	-2.923222
		53.409532	-3.000126
		51.488224	-3.186893
		51.624837	-3.94495
		50.152266	-5.065556
		50.726024	-3.543949
		51.460852	-2.588139
		51.512161	-0.116215
		51.289406	1.075802
		
g47		1903.39693289035	0.809660306710965	5	14	13	11	1	12	2	15	0	4	3	6	7	10	9	8	5		
		50.152266	-5.065556
		50.726024	-3.543949
		51.488224	-3.186893
		51.460852	-2.588139
		51.624837	-3.94495
		51.512161	-0.116215
		51.289406	1.075802
		52.486125	-1.890507
		53.478239	-2.258549
		53.803895	-1.549931
		53.751959	-0.335941
		54.980766	-1.615849
		55.862982	-4.263554
		55.958426	-3.186893
		54.892406	-2.923222
		53.409532	-3.000126
		
