c	2 6 7 3 15 9 10 8 4 0 1 11 5 12 14 13	2837.31291478633	0.716268708521367	2	6	7	3	15	9	10	8	4	0	1	11	5	12	14	13		
		51.512161	-0.116215
		53.751959	-0.335941
		54.980766	-1.615849
		53.803895	-1.549931
		51.289406	1.075802
		55.958426	-3.186893
		55.862982	-4.263554
		54.892406	-2.923222
		53.478239	-2.258549
		52.486125	-1.890507
		51.460852	-2.588139
		51.488224	-3.186893
		53.409532	-3.000126
		51.624837	-3.94495
		50.152266	-5.065556
		50.726024	-3.543949
		
c	6 3 4 0 1 11 12 14 13 9 10 8 5 7 2 15	2412.32487492656	0.758767512507344	6	3	4	0	1	11	12	14	13	9	10	8	5	7	2	15		
		53.751959	-0.335941
		53.803895	-1.549931
		53.478239	-2.258549
		52.486125	-1.890507
		51.460852	-2.588139
		51.488224	-3.186893
		51.624837	-3.94495
		50.152266	-5.065556
		50.726024	-3.543949
		55.958426	-3.186893
		55.862982	-4.263554
		54.892406	-2.923222
		53.409532	-3.000126
		54.980766	-1.615849
		51.512161	-0.116215
		51.289406	1.075802
		
c	0 1 11 5 9 10 8 4 12 2 6 7 3 14 13 15	2998.07379465694	0.700192620534306	0	1	11	5	9	10	8	4	12	2	6	7	3	14	13	15		
		52.486125	-1.890507
		51.460852	-2.588139
		51.488224	-3.186893
		53.409532	-3.000126
		55.958426	-3.186893
		55.862982	-4.263554
		54.892406	-2.923222
		53.478239	-2.258549
		51.624837	-3.94495
		51.512161	-0.116215
		53.751959	-0.335941
		54.980766	-1.615849
		53.803895	-1.549931
		50.152266	-5.065556
		50.726024	-3.543949
		51.289406	1.075802
		
c	1 6 3 7 10 9 8 4 5 0 11 12 14 13 2 15	2073.01801211121	0.792698198788879	1	6	3	7	10	9	8	4	5	0	11	12	14	13	2	15		
		51.460852	-2.588139
		53.751959	-0.335941
		53.803895	-1.549931
		54.980766	-1.615849
		55.862982	-4.263554
		55.958426	-3.186893
		54.892406	-2.923222
		53.478239	-2.258549
		53.409532	-3.000126
		52.486125	-1.890507
		51.488224	-3.186893
		51.624837	-3.94495
		50.152266	-5.065556
		50.726024	-3.543949
		51.512161	-0.116215
		51.289406	1.075802
		
c	11 12 14 13 2 15 1 6 7 9 10 8 3 5 4 0	2184.2781241856	0.78157218758144	11	12	14	13	2	15	1	6	7	9	10	8	3	5	4	0		
		51.488224	-3.186893
		51.624837	-3.94495
		50.152266	-5.065556
		50.726024	-3.543949
		51.512161	-0.116215
		51.289406	1.075802
		51.460852	-2.588139
		53.751959	-0.335941
		54.980766	-1.615849
		55.958426	-3.186893
		55.862982	-4.263554
		54.892406	-2.923222
		53.803895	-1.549931
		53.409532	-3.000126
		53.478239	-2.258549
		52.486125	-1.890507
		
c	5 11 12 1 2 15 6 3 7 9 8 4 0 10 14 13	2833.91947688643	0.716608052311357	5	11	12	1	2	15	6	3	7	9	8	4	0	10	14	13		
		53.409532	-3.000126
		51.488224	-3.186893
		51.624837	-3.94495
		51.460852	-2.588139
		51.512161	-0.116215
		51.289406	1.075802
		53.751959	-0.335941
		53.803895	-1.549931
		54.980766	-1.615849
		55.958426	-3.186893
		54.892406	-2.923222
		53.478239	-2.258549
		52.486125	-1.890507
		55.862982	-4.263554
		50.152266	-5.065556
		50.726024	-3.543949
		
c	0 1 4 6 7 3 12 14 13 9 10 8 5 11 2 15	2833.37953171477	0.716662046828523	0	1	4	6	7	3	12	14	13	9	10	8	5	11	2	15		
		52.486125	-1.890507
		51.460852	-2.588139
		53.478239	-2.258549
		53.751959	-0.335941
		54.980766	-1.615849
		53.803895	-1.549931
		51.624837	-3.94495
		50.152266	-5.065556
		50.726024	-3.543949
		55.958426	-3.186893
		55.862982	-4.263554
		54.892406	-2.923222
		53.409532	-3.000126
		51.488224	-3.186893
		51.512161	-0.116215
		51.289406	1.075802
		
c	5 6 10 8 3 7 9 4 0 1 11 12 14 13 2 15	2352.19473727781	0.764780526272218	5	6	10	8	3	7	9	4	0	1	11	12	14	13	2	15		
		53.409532	-3.000126
		53.751959	-0.335941
		55.862982	-4.263554
		54.892406	-2.923222
		53.803895	-1.549931
		54.980766	-1.615849
		55.958426	-3.186893
		53.478239	-2.258549
		52.486125	-1.890507
		51.460852	-2.588139
		51.488224	-3.186893
		51.624837	-3.94495
		50.152266	-5.065556
		50.726024	-3.543949
		51.512161	-0.116215
		51.289406	1.075802
		
c	3 4 6 7 10 9 8 5 0 1 11 12 14 13 2 15	1890.05470364553	0.810994529635447	3	4	6	7	10	9	8	5	0	1	11	12	14	13	2	15		
		53.803895	-1.549931
		53.478239	-2.258549
		53.751959	-0.335941
		54.980766	-1.615849
		55.862982	-4.263554
		55.958426	-3.186893
		54.892406	-2.923222
		53.409532	-3.000126
		52.486125	-1.890507
		51.460852	-2.588139
		51.488224	-3.186893
		51.624837	-3.94495
		50.152266	-5.065556
		50.726024	-3.543949
		51.512161	-0.116215
		51.289406	1.075802
		
c	7 10 9 8 4 3 5 0 1 6 11 12 14 13 2 15	2275.07668501549	0.772492331498451	7	10	9	8	4	3	5	0	1	6	11	12	14	13	2	15		
		54.980766	-1.615849
		55.862982	-4.263554
		55.958426	-3.186893
		54.892406	-2.923222
		53.478239	-2.258549
		53.803895	-1.549931
		53.409532	-3.000126
		52.486125	-1.890507
		51.460852	-2.588139
		53.751959	-0.335941
		51.488224	-3.186893
		51.624837	-3.94495
		50.152266	-5.065556
		50.726024	-3.543949
		51.512161	-0.116215
		51.289406	1.075802
		
c	9 10 8 5 4 0 1 11 3 12 6 7 14 13 2 15	2819.64852173517	0.718035147826483	9	10	8	5	4	0	1	11	3	12	6	7	14	13	2	15		
		55.958426	-3.186893
		55.862982	-4.263554
		54.892406	-2.923222
		53.409532	-3.000126
		53.478239	-2.258549
		52.486125	-1.890507
		51.460852	-2.588139
		51.488224	-3.186893
		53.803895	-1.549931
		51.624837	-3.94495
		53.751959	-0.335941
		54.980766	-1.615849
		50.152266	-5.065556
		50.726024	-3.543949
		51.512161	-0.116215
		51.289406	1.075802
		
c	7 9 8 5 4 0 1 11 12 10 6 3 14 13 2 15	2648.14491140581	0.735185508859419	7	9	8	5	4	0	1	11	12	10	6	3	14	13	2	15		
		54.980766	-1.615849
		55.958426	-3.186893
		54.892406	-2.923222
		53.409532	-3.000126
		53.478239	-2.258549
		52.486125	-1.890507
		51.460852	-2.588139
		51.488224	-3.186893
		51.624837	-3.94495
		55.862982	-4.263554
		53.751959	-0.335941
		53.803895	-1.549931
		50.152266	-5.065556
		50.726024	-3.543949
		51.512161	-0.116215
		51.289406	1.075802
		
c	9 8 5 4 0 1 11 12 7 10 2 15 6 3 14 13	2873.58881328498	0.712641118671502	9	8	5	4	0	1	11	12	7	10	2	15	6	3	14	13		
		55.958426	-3.186893
		54.892406	-2.923222
		53.409532	-3.000126
		53.478239	-2.258549
		52.486125	-1.890507
		51.460852	-2.588139
		51.488224	-3.186893
		51.624837	-3.94495
		54.980766	-1.615849
		55.862982	-4.263554
		51.512161	-0.116215
		51.289406	1.075802
		53.751959	-0.335941
		53.803895	-1.549931
		50.152266	-5.065556
		50.726024	-3.543949
		
c	5 0 1 6 11 12 14 13 2 7 10 9 8 4 15 3	3086.19929831502	0.691380070168498	5	0	1	6	11	12	14	13	2	7	10	9	8	4	15	3		
		53.409532	-3.000126
		52.486125	-1.890507
		51.460852	-2.588139
		53.751959	-0.335941
		51.488224	-3.186893
		51.624837	-3.94495
		50.152266	-5.065556
		50.726024	-3.543949
		51.512161	-0.116215
		54.980766	-1.615849
		55.862982	-4.263554
		55.958426	-3.186893
		54.892406	-2.923222
		53.478239	-2.258549
		51.289406	1.075802
		53.803895	-1.549931
		
c	8 3 5 4 0 6 7 10 9 1 11 12 14 13 2 15	2260.21107500378	0.773978892499622	8	3	5	4	0	6	7	10	9	1	11	12	14	13	2	15		
		54.892406	-2.923222
		53.803895	-1.549931
		53.409532	-3.000126
		53.478239	-2.258549
		52.486125	-1.890507
		53.751959	-0.335941
		54.980766	-1.615849
		55.862982	-4.263554
		55.958426	-3.186893
		51.460852	-2.588139
		51.488224	-3.186893
		51.624837	-3.94495
		50.152266	-5.065556
		50.726024	-3.543949
		51.512161	-0.116215
		51.289406	1.075802
		
c	5 6 10 8 3 4 0 1 11 12 14 13 2 15 7 9	2446.15178480939	0.755384821519061	5	6	10	8	3	4	0	1	11	12	14	13	2	15	7	9		
		53.409532	-3.000126
		53.751959	-0.335941
		55.862982	-4.263554
		54.892406	-2.923222
		53.803895	-1.549931
		53.478239	-2.258549
		52.486125	-1.890507
		51.460852	-2.588139
		51.488224	-3.186893
		51.624837	-3.94495
		50.152266	-5.065556
		50.726024	-3.543949
		51.512161	-0.116215
		51.289406	1.075802
		54.980766	-1.615849
		55.958426	-3.186893
		
c	8 3 7 9 10 4 5 6 0 1 11 12 14 13 2 15	2063.07038996682	0.793692961003318	8	3	7	9	10	4	5	6	0	1	11	12	14	13	2	15		
		54.892406	-2.923222
		53.803895	-1.549931
		54.980766	-1.615849
		55.958426	-3.186893
		55.862982	-4.263554
		53.478239	-2.258549
		53.409532	-3.000126
		53.751959	-0.335941
		52.486125	-1.890507
		51.460852	-2.588139
		51.488224	-3.186893
		51.624837	-3.94495
		50.152266	-5.065556
		50.726024	-3.543949
		51.512161	-0.116215
		51.289406	1.075802
		
c	4 0 1 11 3 12 14 13 2 15 6 7 9 10 8 5	2464.22813216703	0.753577186783297	4	0	1	11	3	12	14	13	2	15	6	7	9	10	8	5		
		53.478239	-2.258549
		52.486125	-1.890507
		51.460852	-2.588139
		51.488224	-3.186893
		53.803895	-1.549931
		51.624837	-3.94495
		50.152266	-5.065556
		50.726024	-3.543949
		51.512161	-0.116215
		51.289406	1.075802
		53.751959	-0.335941
		54.980766	-1.615849
		55.958426	-3.186893
		55.862982	-4.263554
		54.892406	-2.923222
		53.409532	-3.000126
		
c	4 5 0 1 11 12 14 13 2 15 6 7 9 10 8 3	1996.27845947178	0.800372154052822	4	5	0	1	11	12	14	13	2	15	6	7	9	10	8	3		
		53.478239	-2.258549
		53.409532	-3.000126
		52.486125	-1.890507
		51.460852	-2.588139
		51.488224	-3.186893
		51.624837	-3.94495
		50.152266	-5.065556
		50.726024	-3.543949
		51.512161	-0.116215
		51.289406	1.075802
		53.751959	-0.335941
		54.980766	-1.615849
		55.958426	-3.186893
		55.862982	-4.263554
		54.892406	-2.923222
		53.803895	-1.549931
		
c	1 6 7 9 10 8 3 4 5 0 11 12 14 13 2 15	2038.9635798171	0.79610364201829	1	6	7	9	10	8	3	4	5	0	11	12	14	13	2	15		
		51.460852	-2.588139
		53.751959	-0.335941
		54.980766	-1.615849
		55.958426	-3.186893
		55.862982	-4.263554
		54.892406	-2.923222
		53.803895	-1.549931
		53.478239	-2.258549
		53.409532	-3.000126
		52.486125	-1.890507
		51.488224	-3.186893
		51.624837	-3.94495
		50.152266	-5.065556
		50.726024	-3.543949
		51.512161	-0.116215
		51.289406	1.075802
		
c	12 14 13 3 9 10 8 4 0 1 6 7 5 11 2 15	2707.18071223943	0.729281928776057	12	14	13	3	9	10	8	4	0	1	6	7	5	11	2	15		
		51.624837	-3.94495
		50.152266	-5.065556
		50.726024	-3.543949
		53.803895	-1.549931
		55.958426	-3.186893
		55.862982	-4.263554
		54.892406	-2.923222
		53.478239	-2.258549
		52.486125	-1.890507
		51.460852	-2.588139
		53.751959	-0.335941
		54.980766	-1.615849
		53.409532	-3.000126
		51.488224	-3.186893
		51.512161	-0.116215
		51.289406	1.075802
		
c	6 7 5 11 12 14 13 4 0 1 3 9 10 8 2 15	2729.17414754094	0.727082585245906	6	7	5	11	12	14	13	4	0	1	3	9	10	8	2	15		
		53.751959	-0.335941
		54.980766	-1.615849
		53.409532	-3.000126
		51.488224	-3.186893
		51.624837	-3.94495
		50.152266	-5.065556
		50.726024	-3.543949
		53.478239	-2.258549
		52.486125	-1.890507
		51.460852	-2.588139
		53.803895	-1.549931
		55.958426	-3.186893
		55.862982	-4.263554
		54.892406	-2.923222
		51.512161	-0.116215
		51.289406	1.075802
		
c	1 11 6 7 9 10 8 3 4 5 0 12 14 13 2 15	2074.02083584313	0.792597916415687	1	11	6	7	9	10	8	3	4	5	0	12	14	13	2	15		
		51.460852	-2.588139
		51.488224	-3.186893
		53.751959	-0.335941
		54.980766	-1.615849
		55.958426	-3.186893
		55.862982	-4.263554
		54.892406	-2.923222
		53.803895	-1.549931
		53.478239	-2.258549
		53.409532	-3.000126
		52.486125	-1.890507
		51.624837	-3.94495
		50.152266	-5.065556
		50.726024	-3.543949
		51.512161	-0.116215
		51.289406	1.075802
		
c	9 10 8 3 4 12 1 11 6 7 5 0 14 13 2 15	2393.85747634844	0.760614252365156	9	10	8	3	4	12	1	11	6	7	5	0	14	13	2	15		
		55.958426	-3.186893
		55.862982	-4.263554
		54.892406	-2.923222
		53.803895	-1.549931
		53.478239	-2.258549
		51.624837	-3.94495
		51.460852	-2.588139
		51.488224	-3.186893
		53.751959	-0.335941
		54.980766	-1.615849
		53.409532	-3.000126
		52.486125	-1.890507
		50.152266	-5.065556
		50.726024	-3.543949
		51.512161	-0.116215
		51.289406	1.075802
		
c	10 8 5 4 0 1 11 12 14 13 2 15 6 7 9 3	2190.78687029553	0.780921312970447	10	8	5	4	0	1	11	12	14	13	2	15	6	7	9	3		
		55.862982	-4.263554
		54.892406	-2.923222
		53.409532	-3.000126
		53.478239	-2.258549
		52.486125	-1.890507
		51.460852	-2.588139
		51.488224	-3.186893
		51.624837	-3.94495
		50.152266	-5.065556
		50.726024	-3.543949
		51.512161	-0.116215
		51.289406	1.075802
		53.751959	-0.335941
		54.980766	-1.615849
		55.958426	-3.186893
		53.803895	-1.549931
		
c	2 3 6 7 9 10 8 5 4 0 1 11 12 14 13 15	2047.98598334795	0.795201401665205	2	3	6	7	9	10	8	5	4	0	1	11	12	14	13	15		
		51.512161	-0.116215
		53.803895	-1.549931
		53.751959	-0.335941
		54.980766	-1.615849
		55.958426	-3.186893
		55.862982	-4.263554
		54.892406	-2.923222
		53.409532	-3.000126
		53.478239	-2.258549
		52.486125	-1.890507
		51.460852	-2.588139
		51.488224	-3.186893
		51.624837	-3.94495
		50.152266	-5.065556
		50.726024	-3.543949
		51.289406	1.075802
		
c	6 7 9 10 8 5 4 0 1 11 3 12 14 13 2 15	2223.94263833396	0.777605736166604	6	7	9	10	8	5	4	0	1	11	3	12	14	13	2	15		
		53.751959	-0.335941
		54.980766	-1.615849
		55.958426	-3.186893
		55.862982	-4.263554
		54.892406	-2.923222
		53.409532	-3.000126
		53.478239	-2.258549
		52.486125	-1.890507
		51.460852	-2.588139
		51.488224	-3.186893
		53.803895	-1.549931
		51.624837	-3.94495
		50.152266	-5.065556
		50.726024	-3.543949
		51.512161	-0.116215
		51.289406	1.075802
		
c	4 0 1 11 9 8 3 6 7 10 5 12 14 13 2 15	2619.76170956986	0.738023829043014	4	0	1	11	9	8	3	6	7	10	5	12	14	13	2	15		
		53.478239	-2.258549
		52.486125	-1.890507
		51.460852	-2.588139
		51.488224	-3.186893
		55.958426	-3.186893
		54.892406	-2.923222
		53.803895	-1.549931
		53.751959	-0.335941
		54.980766	-1.615849
		55.862982	-4.263554
		53.409532	-3.000126
		51.624837	-3.94495
		50.152266	-5.065556
		50.726024	-3.543949
		51.512161	-0.116215
		51.289406	1.075802
		
c	6 7 9 10 8 3 4 12 14 13 5 0 1 11 2 15	2155.19986727191	0.784480013272809	6	7	9	10	8	3	4	12	14	13	5	0	1	11	2	15		
		53.751959	-0.335941
		54.980766	-1.615849
		55.958426	-3.186893
		55.862982	-4.263554
		54.892406	-2.923222
		53.803895	-1.549931
		53.478239	-2.258549
		51.624837	-3.94495
		50.152266	-5.065556
		50.726024	-3.543949
		53.409532	-3.000126
		52.486125	-1.890507
		51.460852	-2.588139
		51.488224	-3.186893
		51.512161	-0.116215
		51.289406	1.075802
		
c	0 3 5 4 11 12 14 13 2 15 1 6 7 9 10 8	2299.31963006141	0.770068036993859	0	3	5	4	11	12	14	13	2	15	1	6	7	9	10	8		
		52.486125	-1.890507
		53.803895	-1.549931
		53.409532	-3.000126
		53.478239	-2.258549
		51.488224	-3.186893
		51.624837	-3.94495
		50.152266	-5.065556
		50.726024	-3.543949
		51.512161	-0.116215
		51.289406	1.075802
		51.460852	-2.588139
		53.751959	-0.335941
		54.980766	-1.615849
		55.958426	-3.186893
		55.862982	-4.263554
		54.892406	-2.923222
		
c	9 10 6 7 8 5 4 0 1 11 3 12 14 13 2 15	2367.88953505851	0.763211046494149	9	10	6	7	8	5	4	0	1	11	3	12	14	13	2	15		
		55.958426	-3.186893
		55.862982	-4.263554
		53.751959	-0.335941
		54.980766	-1.615849
		54.892406	-2.923222
		53.409532	-3.000126
		53.478239	-2.258549
		52.486125	-1.890507
		51.460852	-2.588139
		51.488224	-3.186893
		53.803895	-1.549931
		51.624837	-3.94495
		50.152266	-5.065556
		50.726024	-3.543949
		51.512161	-0.116215
		51.289406	1.075802
		
c	14 13 5 2 8 3 4 0 1 11 12 6 7 9 10 15	3007.67682193312	0.699232317806688	14	13	5	2	8	3	4	0	1	11	12	6	7	9	10	15		
		50.152266	-5.065556
		50.726024	-3.543949
		53.409532	-3.000126
		51.512161	-0.116215
		54.892406	-2.923222
		53.803895	-1.549931
		53.478239	-2.258549
		52.486125	-1.890507
		51.460852	-2.588139
		51.488224	-3.186893
		51.624837	-3.94495
		53.751959	-0.335941
		54.980766	-1.615849
		55.958426	-3.186893
		55.862982	-4.263554
		51.289406	1.075802
		
c	4 0 1 6 11 12 5 7 9 10 8 3 14 13 2 15	2750.27124374889	0.724972875625111	4	0	1	6	11	12	5	7	9	10	8	3	14	13	2	15		
		53.478239	-2.258549
		52.486125	-1.890507
		51.460852	-2.588139
		53.751959	-0.335941
		51.488224	-3.186893
		51.624837	-3.94495
		53.409532	-3.000126
		54.980766	-1.615849
		55.958426	-3.186893
		55.862982	-4.263554
		54.892406	-2.923222
		53.803895	-1.549931
		50.152266	-5.065556
		50.726024	-3.543949
		51.512161	-0.116215
		51.289406	1.075802
		
c	6 7 9 10 0 1 11 8 3 4 12 14 13 5 2 15	2751.1076337433	0.72488923662567	6	7	9	10	0	1	11	8	3	4	12	14	13	5	2	15		
		53.751959	-0.335941
		54.980766	-1.615849
		55.958426	-3.186893
		55.862982	-4.263554
		52.486125	-1.890507
		51.460852	-2.588139
		51.488224	-3.186893
		54.892406	-2.923222
		53.803895	-1.549931
		53.478239	-2.258549
		51.624837	-3.94495
		50.152266	-5.065556
		50.726024	-3.543949
		53.409532	-3.000126
		51.512161	-0.116215
		51.289406	1.075802
		
c	8 3 4 11 12 14 7 9 10 5 0 1 6 13 2 15	3049.47876353886	0.695052123646114	8	3	4	11	12	14	7	9	10	5	0	1	6	13	2	15		
		54.892406	-2.923222
		53.803895	-1.549931
		53.478239	-2.258549
		51.488224	-3.186893
		51.624837	-3.94495
		50.152266	-5.065556
		54.980766	-1.615849
		55.958426	-3.186893
		55.862982	-4.263554
		53.409532	-3.000126
		52.486125	-1.890507
		51.460852	-2.588139
		53.751959	-0.335941
		50.726024	-3.543949
		51.512161	-0.116215
		51.289406	1.075802
		
c	5 6 7 13 10 8 3 4 0 1 14 11 12 9 2 15	3571.36997528188	0.642863002471812	5	6	7	13	10	8	3	4	0	1	14	11	12	9	2	15		
		53.409532	-3.000126
		53.751959	-0.335941
		54.980766	-1.615849
		50.726024	-3.543949
		55.862982	-4.263554
		54.892406	-2.923222
		53.803895	-1.549931
		53.478239	-2.258549
		52.486125	-1.890507
		51.460852	-2.588139
		50.152266	-5.065556
		51.488224	-3.186893
		51.624837	-3.94495
		55.958426	-3.186893
		51.512161	-0.116215
		51.289406	1.075802
		
c	9 10 8 3 4 0 1 11 5 12 14 13 2 15 6 7	2212.84519673475	0.778715480326525	9	10	8	3	4	0	1	11	5	12	14	13	2	15	6	7		
		55.958426	-3.186893
		55.862982	-4.263554
		54.892406	-2.923222
		53.803895	-1.549931
		53.478239	-2.258549
		52.486125	-1.890507
		51.460852	-2.588139
		51.488224	-3.186893
		53.409532	-3.000126
		51.624837	-3.94495
		50.152266	-5.065556
		50.726024	-3.543949
		51.512161	-0.116215
		51.289406	1.075802
		53.751959	-0.335941
		54.980766	-1.615849
		
c	1 6 7 10 9 8 0 3 5 4 11 12 14 13 2 15	2349.60214057107	0.765039785942893	1	6	7	10	9	8	0	3	5	4	11	12	14	13	2	15		
		51.460852	-2.588139
		53.751959	-0.335941
		54.980766	-1.615849
		55.862982	-4.263554
		55.958426	-3.186893
		54.892406	-2.923222
		52.486125	-1.890507
		53.803895	-1.549931
		53.409532	-3.000126
		53.478239	-2.258549
		51.488224	-3.186893
		51.624837	-3.94495
		50.152266	-5.065556
		50.726024	-3.543949
		51.512161	-0.116215
		51.289406	1.075802
		
c	11 12 14 13 2 3 15 6 7 9 10 8 4 0 1 5	2639.97537852491	0.73600246214751	11	12	14	13	2	3	15	6	7	9	10	8	4	0	1	5		
		51.488224	-3.186893
		51.624837	-3.94495
		50.152266	-5.065556
		50.726024	-3.543949
		51.512161	-0.116215
		53.803895	-1.549931
		51.289406	1.075802
		53.751959	-0.335941
		54.980766	-1.615849
		55.958426	-3.186893
		55.862982	-4.263554
		54.892406	-2.923222
		53.478239	-2.258549
		52.486125	-1.890507
		51.460852	-2.588139
		53.409532	-3.000126
		
c	6 5 0 1 11 7 9 10 8 3 4 12 14 13 2 15	2318.90986554348	0.768109013445652	6	5	0	1	11	7	9	10	8	3	4	12	14	13	2	15		
		53.751959	-0.335941
		53.409532	-3.000126
		52.486125	-1.890507
		51.460852	-2.588139
		51.488224	-3.186893
		54.980766	-1.615849
		55.958426	-3.186893
		55.862982	-4.263554
		54.892406	-2.923222
		53.803895	-1.549931
		53.478239	-2.258549
		51.624837	-3.94495
		50.152266	-5.065556
		50.726024	-3.543949
		51.512161	-0.116215
		51.289406	1.075802
		
c	12 5 6 7 10 9 8 3 4 0 1 11 14 13 2 15	2082.10920346824	0.791789079653176	12	5	6	7	10	9	8	3	4	0	1	11	14	13	2	15		
		51.624837	-3.94495
		53.409532	-3.000126
		53.751959	-0.335941
		54.980766	-1.615849
		55.862982	-4.263554
		55.958426	-3.186893
		54.892406	-2.923222
		53.803895	-1.549931
		53.478239	-2.258549
		52.486125	-1.890507
		51.460852	-2.588139
		51.488224	-3.186893
		50.152266	-5.065556
		50.726024	-3.543949
		51.512161	-0.116215
		51.289406	1.075802
		
c	3 5 4 11 12 14 13 2 15 1 6 7 9 10 8 0	2427.10432594157	0.757289567405843	3	5	4	11	12	14	13	2	15	1	6	7	9	10	8	0		
		53.803895	-1.549931
		53.409532	-3.000126
		53.478239	-2.258549
		51.488224	-3.186893
		51.624837	-3.94495
		50.152266	-5.065556
		50.726024	-3.543949
		51.512161	-0.116215
		51.289406	1.075802
		51.460852	-2.588139
		53.751959	-0.335941
		54.980766	-1.615849
		55.958426	-3.186893
		55.862982	-4.263554
		54.892406	-2.923222
		52.486125	-1.890507
		
c	1 11 12 14 6 7 9 10 8 3 5 4 13 2 15 0	2512.2853624726	0.74877146375274	1	11	12	14	6	7	9	10	8	3	5	4	13	2	15	0		
		51.460852	-2.588139
		51.488224	-3.186893
		51.624837	-3.94495
		50.152266	-5.065556
		53.751959	-0.335941
		54.980766	-1.615849
		55.958426	-3.186893
		55.862982	-4.263554
		54.892406	-2.923222
		53.803895	-1.549931
		53.409532	-3.000126
		53.478239	-2.258549
		50.726024	-3.543949
		51.512161	-0.116215
		51.289406	1.075802
		52.486125	-1.890507
		
c	10 9 8 4 5 11 14 13 2 0 1 6 12 15 7 3	3043.90957143165	0.695609042856835	10	9	8	4	5	11	14	13	2	0	1	6	12	15	7	3		
		55.862982	-4.263554
		55.958426	-3.186893
		54.892406	-2.923222
		53.478239	-2.258549
		53.409532	-3.000126
		51.488224	-3.186893
		50.152266	-5.065556
		50.726024	-3.543949
		51.512161	-0.116215
		52.486125	-1.890507
		51.460852	-2.588139
		53.751959	-0.335941
		51.624837	-3.94495
		51.289406	1.075802
		54.980766	-1.615849
		53.803895	-1.549931
		
c	4 11 12 14 13 2 5 3 0 1 6 7 10 9 8 15	2829.94434549735	0.717005565450265	4	11	12	14	13	2	5	3	0	1	6	7	10	9	8	15		
		53.478239	-2.258549
		51.488224	-3.186893
		51.624837	-3.94495
		50.152266	-5.065556
		50.726024	-3.543949
		51.512161	-0.116215
		53.409532	-3.000126
		53.803895	-1.549931
		52.486125	-1.890507
		51.460852	-2.588139
		53.751959	-0.335941
		54.980766	-1.615849
		55.862982	-4.263554
		55.958426	-3.186893
		54.892406	-2.923222
		51.289406	1.075802
		
c	2 15 6 7 9 10 8 3 5 4 0 1 11 12 14 13	1833.10833990359	0.816689166009641	2	15	6	7	9	10	8	3	5	4	0	1	11	12	14	13		
		51.512161	-0.116215
		51.289406	1.075802
		53.751959	-0.335941
		54.980766	-1.615849
		55.958426	-3.186893
		55.862982	-4.263554
		54.892406	-2.923222
		53.803895	-1.549931
		53.409532	-3.000126
		53.478239	-2.258549
		52.486125	-1.890507
		51.460852	-2.588139
		51.488224	-3.186893
		51.624837	-3.94495
		50.152266	-5.065556
		50.726024	-3.543949
		
c	13 2 15 6 7 10 9 8 3 1 0 5 4 11 12 14	2358.50555090553	0.764149444909447	13	2	15	6	7	10	9	8	3	1	0	5	4	11	12	14		
		50.726024	-3.543949
		51.512161	-0.116215
		51.289406	1.075802
		53.751959	-0.335941
		54.980766	-1.615849
		55.862982	-4.263554
		55.958426	-3.186893
		54.892406	-2.923222
		53.803895	-1.549931
		51.460852	-2.588139
		52.486125	-1.890507
		53.409532	-3.000126
		53.478239	-2.258549
		51.488224	-3.186893
		51.624837	-3.94495
		50.152266	-5.065556
		
c	2 10 9 8 7 5 6 3 4 0 1 11 12 14 13 15	2311.42936342117	0.768857063657883	2	10	9	8	7	5	6	3	4	0	1	11	12	14	13	15		
		51.512161	-0.116215
		55.862982	-4.263554
		55.958426	-3.186893
		54.892406	-2.923222
		54.980766	-1.615849
		53.409532	-3.000126
		53.751959	-0.335941
		53.803895	-1.549931
		53.478239	-2.258549
		52.486125	-1.890507
		51.460852	-2.588139
		51.488224	-3.186893
		51.624837	-3.94495
		50.152266	-5.065556
		50.726024	-3.543949
		51.289406	1.075802
		
c	1 3 7 10 9 8 4 5 0 11 6 12 14 13 2 15	2567.60586091505	0.743239413908495	1	3	7	10	9	8	4	5	0	11	6	12	14	13	2	15		
		51.460852	-2.588139
		53.803895	-1.549931
		54.980766	-1.615849
		55.862982	-4.263554
		55.958426	-3.186893
		54.892406	-2.923222
		53.478239	-2.258549
		53.409532	-3.000126
		52.486125	-1.890507
		51.488224	-3.186893
		53.751959	-0.335941
		51.624837	-3.94495
		50.152266	-5.065556
		50.726024	-3.543949
		51.512161	-0.116215
		51.289406	1.075802
		
c	2 15 6 7 3 5 10 9 8 4 0 1 11 12 14 13	2047.32874900839	0.795267125099161	2	15	6	7	3	5	10	9	8	4	0	1	11	12	14	13		
		51.512161	-0.116215
		51.289406	1.075802
		53.751959	-0.335941
		54.980766	-1.615849
		53.803895	-1.549931
		53.409532	-3.000126
		55.862982	-4.263554
		55.958426	-3.186893
		54.892406	-2.923222
		53.478239	-2.258549
		52.486125	-1.890507
		51.460852	-2.588139
		51.488224	-3.186893
		51.624837	-3.94495
		50.152266	-5.065556
		50.726024	-3.543949
		
c	7 10 9 8 3 4 5 0 1 11 12 14 6 13 2 15	2425.44370813193	0.757455629186807	7	10	9	8	3	4	5	0	1	11	12	14	6	13	2	15		
		54.980766	-1.615849
		55.862982	-4.263554
		55.958426	-3.186893
		54.892406	-2.923222
		53.803895	-1.549931
		53.478239	-2.258549
		53.409532	-3.000126
		52.486125	-1.890507
		51.460852	-2.588139
		51.488224	-3.186893
		51.624837	-3.94495
		50.152266	-5.065556
		53.751959	-0.335941
		50.726024	-3.543949
		51.512161	-0.116215
		51.289406	1.075802
		
c	0 1 5 4 11 12 14 13 2 3 15 6 7 9 10 8	2643.58944747781	0.735641055252219	0	1	5	4	11	12	14	13	2	3	15	6	7	9	10	8		
		52.486125	-1.890507
		51.460852	-2.588139
		53.409532	-3.000126
		53.478239	-2.258549
		51.488224	-3.186893
		51.624837	-3.94495
		50.152266	-5.065556
		50.726024	-3.543949
		51.512161	-0.116215
		53.803895	-1.549931
		51.289406	1.075802
		53.751959	-0.335941
		54.980766	-1.615849
		55.958426	-3.186893
		55.862982	-4.263554
		54.892406	-2.923222
		
c	8 3 9 10 7 5 6 4 0 1 11 12 14 13 2 15	2160.89642699617	0.783910357300383	8	3	9	10	7	5	6	4	0	1	11	12	14	13	2	15		
		54.892406	-2.923222
		53.803895	-1.549931
		55.958426	-3.186893
		55.862982	-4.263554
		54.980766	-1.615849
		53.409532	-3.000126
		53.751959	-0.335941
		53.478239	-2.258549
		52.486125	-1.890507
		51.460852	-2.588139
		51.488224	-3.186893
		51.624837	-3.94495
		50.152266	-5.065556
		50.726024	-3.543949
		51.512161	-0.116215
		51.289406	1.075802
		
c	7 5 10 9 8 3 4 0 1 11 6 12 14 13 2 15	2460.27238618631	0.753972761381369	7	5	10	9	8	3	4	0	1	11	6	12	14	13	2	15		
		54.980766	-1.615849
		53.409532	-3.000126
		55.862982	-4.263554
		55.958426	-3.186893
		54.892406	-2.923222
		53.803895	-1.549931
		53.478239	-2.258549
		52.486125	-1.890507
		51.460852	-2.588139
		51.488224	-3.186893
		53.751959	-0.335941
		51.624837	-3.94495
		50.152266	-5.065556
		50.726024	-3.543949
		51.512161	-0.116215
		51.289406	1.075802
		
c	7 9 8 3 0 1 11 4 6 10 5 12 14 13 2 15	2575.96927155624	0.742403072844376	7	9	8	3	0	1	11	4	6	10	5	12	14	13	2	15		
		54.980766	-1.615849
		55.958426	-3.186893
		54.892406	-2.923222
		53.803895	-1.549931
		52.486125	-1.890507
		51.460852	-2.588139
		51.488224	-3.186893
		53.478239	-2.258549
		53.751959	-0.335941
		55.862982	-4.263554
		53.409532	-3.000126
		51.624837	-3.94495
		50.152266	-5.065556
		50.726024	-3.543949
		51.512161	-0.116215
		51.289406	1.075802
		
c	2 15 6 7 9 10 8 3 4 0 1 11 5 12 14 13	2105.20128515449	0.789479871484551	2	15	6	7	9	10	8	3	4	0	1	11	5	12	14	13		
		51.512161	-0.116215
		51.289406	1.075802
		53.751959	-0.335941
		54.980766	-1.615849
		55.958426	-3.186893
		55.862982	-4.263554
		54.892406	-2.923222
		53.803895	-1.549931
		53.478239	-2.258549
		52.486125	-1.890507
		51.460852	-2.588139
		51.488224	-3.186893
		53.409532	-3.000126
		51.624837	-3.94495
		50.152266	-5.065556
		50.726024	-3.543949
		
c	11 12 14 13 2 15 1 6 7 9 10 8 5 3 4 0	2208.40956270705	0.779159043729295	11	12	14	13	2	15	1	6	7	9	10	8	5	3	4	0		
		51.488224	-3.186893
		51.624837	-3.94495
		50.152266	-5.065556
		50.726024	-3.543949
		51.512161	-0.116215
		51.289406	1.075802
		51.460852	-2.588139
		53.751959	-0.335941
		54.980766	-1.615849
		55.958426	-3.186893
		55.862982	-4.263554
		54.892406	-2.923222
		53.409532	-3.000126
		53.803895	-1.549931
		53.478239	-2.258549
		52.486125	-1.890507
		
c	15 12 5 6 7 10 9 8 3 4 0 1 11 14 13 2	2345.57788672938	0.765442211327062	15	12	5	6	7	10	9	8	3	4	0	1	11	14	13	2		
		51.289406	1.075802
		51.624837	-3.94495
		53.409532	-3.000126
		53.751959	-0.335941
		54.980766	-1.615849
		55.862982	-4.263554
		55.958426	-3.186893
		54.892406	-2.923222
		53.803895	-1.549931
		53.478239	-2.258549
		52.486125	-1.890507
		51.460852	-2.588139
		51.488224	-3.186893
		50.152266	-5.065556
		50.726024	-3.543949
		51.512161	-0.116215
		
c	7 9 10 8 3 4 5 0 11 12 14 13 6 1 2 15	2196.76698920648	0.780323301079352	7	9	10	8	3	4	5	0	11	12	14	13	6	1	2	15		
		54.980766	-1.615849
		55.958426	-3.186893
		55.862982	-4.263554
		54.892406	-2.923222
		53.803895	-1.549931
		53.478239	-2.258549
		53.409532	-3.000126
		52.486125	-1.890507
		51.488224	-3.186893
		51.624837	-3.94495
		50.152266	-5.065556
		50.726024	-3.543949
		53.751959	-0.335941
		51.460852	-2.588139
		51.512161	-0.116215
		51.289406	1.075802
		
c	6 5 3 7 9 8 0 1 11 12 14 10 4 13 2 15	2951.74966477579	0.704825033522421	6	5	3	7	9	8	0	1	11	12	14	10	4	13	2	15		
		53.751959	-0.335941
		53.409532	-3.000126
		53.803895	-1.549931
		54.980766	-1.615849
		55.958426	-3.186893
		54.892406	-2.923222
		52.486125	-1.890507
		51.460852	-2.588139
		51.488224	-3.186893
		51.624837	-3.94495
		50.152266	-5.065556
		55.862982	-4.263554
		53.478239	-2.258549
		50.726024	-3.543949
		51.512161	-0.116215
		51.289406	1.075802
		
c	11 14 13 9 10 8 7 5 6 3 4 0 1 12 2 15	2394.42514288616	0.760557485711384	11	14	13	9	10	8	7	5	6	3	4	0	1	12	2	15		
		51.488224	-3.186893
		50.152266	-5.065556
		50.726024	-3.543949
		55.958426	-3.186893
		55.862982	-4.263554
		54.892406	-2.923222
		54.980766	-1.615849
		53.409532	-3.000126
		53.751959	-0.335941
		53.803895	-1.549931
		53.478239	-2.258549
		52.486125	-1.890507
		51.460852	-2.588139
		51.624837	-3.94495
		51.512161	-0.116215
		51.289406	1.075802
		
c	3 5 6 7 13 2 15 1 14 4 0 11 12 9 10 8	3174.62540625872	0.682537459374128	3	5	6	7	13	2	15	1	14	4	0	11	12	9	10	8		
		53.803895	-1.549931
		53.409532	-3.000126
		53.751959	-0.335941
		54.980766	-1.615849
		50.726024	-3.543949
		51.512161	-0.116215
		51.289406	1.075802
		51.460852	-2.588139
		50.152266	-5.065556
		53.478239	-2.258549
		52.486125	-1.890507
		51.488224	-3.186893
		51.624837	-3.94495
		55.958426	-3.186893
		55.862982	-4.263554
		54.892406	-2.923222
		
c	1 11 6 12 14 7 9 10 8 3 4 5 0 13 2 15	2769.92292556869	0.723007707443131	1	11	6	12	14	7	9	10	8	3	4	5	0	13	2	15		
		51.460852	-2.588139
		51.488224	-3.186893
		53.751959	-0.335941
		51.624837	-3.94495
		50.152266	-5.065556
		54.980766	-1.615849
		55.958426	-3.186893
		55.862982	-4.263554
		54.892406	-2.923222
		53.803895	-1.549931
		53.478239	-2.258549
		53.409532	-3.000126
		52.486125	-1.890507
		50.726024	-3.543949
		51.512161	-0.116215
		51.289406	1.075802
		
c	5 4 0 1 11 3 12 6 7 10 9 8 14 13 2 15	2792.35393449668	0.720764606550332	5	4	0	1	11	3	12	6	7	10	9	8	14	13	2	15		
		53.409532	-3.000126
		53.478239	-2.258549
		52.486125	-1.890507
		51.460852	-2.588139
		51.488224	-3.186893
		53.803895	-1.549931
		51.624837	-3.94495
		53.751959	-0.335941
		54.980766	-1.615849
		55.862982	-4.263554
		55.958426	-3.186893
		54.892406	-2.923222
		50.152266	-5.065556
		50.726024	-3.543949
		51.512161	-0.116215
		51.289406	1.075802
		
c	0 1 11 12 10 7 14 9 8 3 4 5 6 13 2 15	3428.7853293233	0.65712146706767	0	1	11	12	10	7	14	9	8	3	4	5	6	13	2	15		
		52.486125	-1.890507
		51.460852	-2.588139
		51.488224	-3.186893
		51.624837	-3.94495
		55.862982	-4.263554
		54.980766	-1.615849
		50.152266	-5.065556
		55.958426	-3.186893
		54.892406	-2.923222
		53.803895	-1.549931
		53.478239	-2.258549
		53.409532	-3.000126
		53.751959	-0.335941
		50.726024	-3.543949
		51.512161	-0.116215
		51.289406	1.075802
		
c	0 1 11 12 14 13 2 3 15 6 7 5 9 10 8 4	2683.22631984327	0.731677368015673	0	1	11	12	14	13	2	3	15	6	7	5	9	10	8	4		
		52.486125	-1.890507
		51.460852	-2.588139
		51.488224	-3.186893
		51.624837	-3.94495
		50.152266	-5.065556
		50.726024	-3.543949
		51.512161	-0.116215
		53.803895	-1.549931
		51.289406	1.075802
		53.751959	-0.335941
		54.980766	-1.615849
		53.409532	-3.000126
		55.958426	-3.186893
		55.862982	-4.263554
		54.892406	-2.923222
		53.478239	-2.258549
		
c	2 9 8 0 3 6 7 10 4 5 11 12 14 13 1 15	2791.96984974664	0.720803015025336	2	9	8	0	3	6	7	10	4	5	11	12	14	13	1	15		
		51.512161	-0.116215
		55.958426	-3.186893
		54.892406	-2.923222
		52.486125	-1.890507
		53.803895	-1.549931
		53.751959	-0.335941
		54.980766	-1.615849
		55.862982	-4.263554
		53.478239	-2.258549
		53.409532	-3.000126
		51.488224	-3.186893
		51.624837	-3.94495
		50.152266	-5.065556
		50.726024	-3.543949
		51.460852	-2.588139
		51.289406	1.075802
		
c	8 3 5 11 12 14 13 2 15 1 6 7 9 10 4 0	2506.23666104383	0.749376333895617	8	3	5	11	12	14	13	2	15	1	6	7	9	10	4	0		
		54.892406	-2.923222
		53.803895	-1.549931
		53.409532	-3.000126
		51.488224	-3.186893
		51.624837	-3.94495
		50.152266	-5.065556
		50.726024	-3.543949
		51.512161	-0.116215
		51.289406	1.075802
		51.460852	-2.588139
		53.751959	-0.335941
		54.980766	-1.615849
		55.958426	-3.186893
		55.862982	-4.263554
		53.478239	-2.258549
		52.486125	-1.890507
		
c	7 10 9 8 3 4 5 0 1 11 12 14 13 2 6 15	2087.95593106949	0.791204406893051	7	10	9	8	3	4	5	0	1	11	12	14	13	2	6	15		
		54.980766	-1.615849
		55.862982	-4.263554
		55.958426	-3.186893
		54.892406	-2.923222
		53.803895	-1.549931
		53.478239	-2.258549
		53.409532	-3.000126
		52.486125	-1.890507
		51.460852	-2.588139
		51.488224	-3.186893
		51.624837	-3.94495
		50.152266	-5.065556
		50.726024	-3.543949
		51.512161	-0.116215
		53.751959	-0.335941
		51.289406	1.075802
		
c	9 10 8 0 1 11 12 14 3 7 13 5 4 2 15 6	2964.90982279446	0.703509017720554	9	10	8	0	1	11	12	14	3	7	13	5	4	2	15	6		
		55.958426	-3.186893
		55.862982	-4.263554
		54.892406	-2.923222
		52.486125	-1.890507
		51.460852	-2.588139
		51.488224	-3.186893
		51.624837	-3.94495
		50.152266	-5.065556
		53.803895	-1.549931
		54.980766	-1.615849
		50.726024	-3.543949
		53.409532	-3.000126
		53.478239	-2.258549
		51.512161	-0.116215
		51.289406	1.075802
		53.751959	-0.335941
		
c	14 13 12 6 7 9 10 8 11 2 15 1 5 3 4 0	2508.84800176336	0.749115199823664	14	13	12	6	7	9	10	8	11	2	15	1	5	3	4	0		
		50.152266	-5.065556
		50.726024	-3.543949
		51.624837	-3.94495
		53.751959	-0.335941
		54.980766	-1.615849
		55.958426	-3.186893
		55.862982	-4.263554
		54.892406	-2.923222
		51.488224	-3.186893
		51.512161	-0.116215
		51.289406	1.075802
		51.460852	-2.588139
		53.409532	-3.000126
		53.803895	-1.549931
		53.478239	-2.258549
		52.486125	-1.890507
		
c	0 1 11 7 9 10 8 4 5 14 13 2 15 6 3 12	2648.56650479347	0.735143349520653	0	1	11	7	9	10	8	4	5	14	13	2	15	6	3	12		
		52.486125	-1.890507
		51.460852	-2.588139
		51.488224	-3.186893
		54.980766	-1.615849
		55.958426	-3.186893
		55.862982	-4.263554
		54.892406	-2.923222
		53.478239	-2.258549
		53.409532	-3.000126
		50.152266	-5.065556
		50.726024	-3.543949
		51.512161	-0.116215
		51.289406	1.075802
		53.751959	-0.335941
		53.803895	-1.549931
		51.624837	-3.94495
		
c	6 7 9 10 8 5 3 4 0 1 11 2 14 13 12 15	2289.81819108452	0.771018180891548	6	7	9	10	8	5	3	4	0	1	11	2	14	13	12	15		
		53.751959	-0.335941
		54.980766	-1.615849
		55.958426	-3.186893
		55.862982	-4.263554
		54.892406	-2.923222
		53.409532	-3.000126
		53.803895	-1.549931
		53.478239	-2.258549
		52.486125	-1.890507
		51.460852	-2.588139
		51.488224	-3.186893
		51.512161	-0.116215
		50.152266	-5.065556
		50.726024	-3.543949
		51.624837	-3.94495
		51.289406	1.075802
		
c	9 8 4 0 1 11 12 6 7 10 5 3 14 13 2 15	2636.4114981604	0.73635885018396	9	8	4	0	1	11	12	6	7	10	5	3	14	13	2	15		
		55.958426	-3.186893
		54.892406	-2.923222
		53.478239	-2.258549
		52.486125	-1.890507
		51.460852	-2.588139
		51.488224	-3.186893
		51.624837	-3.94495
		53.751959	-0.335941
		54.980766	-1.615849
		55.862982	-4.263554
		53.409532	-3.000126
		53.803895	-1.549931
		50.152266	-5.065556
		50.726024	-3.543949
		51.512161	-0.116215
		51.289406	1.075802
		
c	9 10 8 3 5 4 2 15 6 7 0 1 11 12 14 13	2113.33347998614	0.788666652001386	9	10	8	3	5	4	2	15	6	7	0	1	11	12	14	13		
		55.958426	-3.186893
		55.862982	-4.263554
		54.892406	-2.923222
		53.803895	-1.549931
		53.409532	-3.000126
		53.478239	-2.258549
		51.512161	-0.116215
		51.289406	1.075802
		53.751959	-0.335941
		54.980766	-1.615849
		52.486125	-1.890507
		51.460852	-2.588139
		51.488224	-3.186893
		51.624837	-3.94495
		50.152266	-5.065556
		50.726024	-3.543949
		
c	0 12 14 7 10 9 8 3 4 5 1 11 6 13 2 15	2896.13959998694	0.710386040001306	0	12	14	7	10	9	8	3	4	5	1	11	6	13	2	15		
		52.486125	-1.890507
		51.624837	-3.94495
		50.152266	-5.065556
		54.980766	-1.615849
		55.862982	-4.263554
		55.958426	-3.186893
		54.892406	-2.923222
		53.803895	-1.549931
		53.478239	-2.258549
		53.409532	-3.000126
		51.460852	-2.588139
		51.488224	-3.186893
		53.751959	-0.335941
		50.726024	-3.543949
		51.512161	-0.116215
		51.289406	1.075802
		
c	12 14 13 15 1 6 7 9 10 4 11 8 3 5 0 2	3011.251524303	0.6988748475697	12	14	13	15	1	6	7	9	10	4	11	8	3	5	0	2		
		51.624837	-3.94495
		50.152266	-5.065556
		50.726024	-3.543949
		51.289406	1.075802
		51.460852	-2.588139
		53.751959	-0.335941
		54.980766	-1.615849
		55.958426	-3.186893
		55.862982	-4.263554
		53.478239	-2.258549
		51.488224	-3.186893
		54.892406	-2.923222
		53.803895	-1.549931
		53.409532	-3.000126
		52.486125	-1.890507
		51.512161	-0.116215
		
c	2 6 7 9 10 8 3 4 5 0 11 12 14 13 1 15	2011.2916557824	0.79887083442176	2	6	7	9	10	8	3	4	5	0	11	12	14	13	1	15		
		51.512161	-0.116215
		53.751959	-0.335941
		54.980766	-1.615849
		55.958426	-3.186893
		55.862982	-4.263554
		54.892406	-2.923222
		53.803895	-1.549931
		53.478239	-2.258549
		53.409532	-3.000126
		52.486125	-1.890507
		51.488224	-3.186893
		51.624837	-3.94495
		50.152266	-5.065556
		50.726024	-3.543949
		51.460852	-2.588139
		51.289406	1.075802
		
c	3 5 4 0 1 11 12 14 13 7 9 10 8 2 15 6	2433.21960537316	0.756678039462684	3	5	4	0	1	11	12	14	13	7	9	10	8	2	15	6		
		53.803895	-1.549931
		53.409532	-3.000126
		53.478239	-2.258549
		52.486125	-1.890507
		51.460852	-2.588139
		51.488224	-3.186893
		51.624837	-3.94495
		50.152266	-5.065556
		50.726024	-3.543949
		54.980766	-1.615849
		55.958426	-3.186893
		55.862982	-4.263554
		54.892406	-2.923222
		51.512161	-0.116215
		51.289406	1.075802
		53.751959	-0.335941
		
c	7 10 9 8 3 4 5 0 1 11 6 12 14 13 2 15	2236.23844182033	0.776376155817967	7	10	9	8	3	4	5	0	1	11	6	12	14	13	2	15		
		54.980766	-1.615849
		55.862982	-4.263554
		55.958426	-3.186893
		54.892406	-2.923222
		53.803895	-1.549931
		53.478239	-2.258549
		53.409532	-3.000126
		52.486125	-1.890507
		51.460852	-2.588139
		51.488224	-3.186893
		53.751959	-0.335941
		51.624837	-3.94495
		50.152266	-5.065556
		50.726024	-3.543949
		51.512161	-0.116215
		51.289406	1.075802
		
c	12 8 3 4 9 10 5 0 1 11 14 13 2 15 6 7	2620.39904721354	0.737960095278646	12	8	3	4	9	10	5	0	1	11	14	13	2	15	6	7		
		51.624837	-3.94495
		54.892406	-2.923222
		53.803895	-1.549931
		53.478239	-2.258549
		55.958426	-3.186893
		55.862982	-4.263554
		53.409532	-3.000126
		52.486125	-1.890507
		51.460852	-2.588139
		51.488224	-3.186893
		50.152266	-5.065556
		50.726024	-3.543949
		51.512161	-0.116215
		51.289406	1.075802
		53.751959	-0.335941
		54.980766	-1.615849
		
c	9 8 4 0 1 11 12 14 3 6 7 10 5 13 2 15	2629.03468006501	0.737096531993499	9	8	4	0	1	11	12	14	3	6	7	10	5	13	2	15		
		55.958426	-3.186893
		54.892406	-2.923222
		53.478239	-2.258549
		52.486125	-1.890507
		51.460852	-2.588139
		51.488224	-3.186893
		51.624837	-3.94495
		50.152266	-5.065556
		53.803895	-1.549931
		53.751959	-0.335941
		54.980766	-1.615849
		55.862982	-4.263554
		53.409532	-3.000126
		50.726024	-3.543949
		51.512161	-0.116215
		51.289406	1.075802
		
c	4 5 11 12 14 13 1 2 15 6 7 3 10 9 8 0	2320.0453635789	0.76799546364211	4	5	11	12	14	13	1	2	15	6	7	3	10	9	8	0		
		53.478239	-2.258549
		53.409532	-3.000126
		51.488224	-3.186893
		51.624837	-3.94495
		50.152266	-5.065556
		50.726024	-3.543949
		51.460852	-2.588139
		51.512161	-0.116215
		51.289406	1.075802
		53.751959	-0.335941
		54.980766	-1.615849
		53.803895	-1.549931
		55.862982	-4.263554
		55.958426	-3.186893
		54.892406	-2.923222
		52.486125	-1.890507
		
c	14 13 3 9 10 6 7 8 5 4 0 1 11 12 2 15	2309.38548057689	0.769061451942311	14	13	3	9	10	6	7	8	5	4	0	1	11	12	2	15		
		50.152266	-5.065556
		50.726024	-3.543949
		53.803895	-1.549931
		55.958426	-3.186893
		55.862982	-4.263554
		53.751959	-0.335941
		54.980766	-1.615849
		54.892406	-2.923222
		53.409532	-3.000126
		53.478239	-2.258549
		52.486125	-1.890507
		51.460852	-2.588139
		51.488224	-3.186893
		51.624837	-3.94495
		51.512161	-0.116215
		51.289406	1.075802
		
c	3 4 0 1 11 12 14 13 5 2 15 6 7 9 10 8	2175.23884513002	0.782476115486998	3	4	0	1	11	12	14	13	5	2	15	6	7	9	10	8		
		53.803895	-1.549931
		53.478239	-2.258549
		52.486125	-1.890507
		51.460852	-2.588139
		51.488224	-3.186893
		51.624837	-3.94495
		50.152266	-5.065556
		50.726024	-3.543949
		53.409532	-3.000126
		51.512161	-0.116215
		51.289406	1.075802
		53.751959	-0.335941
		54.980766	-1.615849
		55.958426	-3.186893
		55.862982	-4.263554
		54.892406	-2.923222
		
c	8 3 4 0 1 11 12 14 13 2 5 6 7 9 10 15	2564.3127973628	0.74356872026372	8	3	4	0	1	11	12	14	13	2	5	6	7	9	10	15		
		54.892406	-2.923222
		53.803895	-1.549931
		53.478239	-2.258549
		52.486125	-1.890507
		51.460852	-2.588139
		51.488224	-3.186893
		51.624837	-3.94495
		50.152266	-5.065556
		50.726024	-3.543949
		51.512161	-0.116215
		53.409532	-3.000126
		53.751959	-0.335941
		54.980766	-1.615849
		55.958426	-3.186893
		55.862982	-4.263554
		51.289406	1.075802
		
c	9 10 8 5 4 0 1 11 12 2 6 7 3 14 13 15	2484.05345458957	0.751594654541043	9	10	8	5	4	0	1	11	12	2	6	7	3	14	13	15		
		55.958426	-3.186893
		55.862982	-4.263554
		54.892406	-2.923222
		53.409532	-3.000126
		53.478239	-2.258549
		52.486125	-1.890507
		51.460852	-2.588139
		51.488224	-3.186893
		51.624837	-3.94495
		51.512161	-0.116215
		53.751959	-0.335941
		54.980766	-1.615849
		53.803895	-1.549931
		50.152266	-5.065556
		50.726024	-3.543949
		51.289406	1.075802
		
c	9 10 8 3 5 4 0 1 11 12 14 13 2 15 6 7	1940.75225148386	0.805924774851614	9	10	8	3	5	4	0	1	11	12	14	13	2	15	6	7		
		55.958426	-3.186893
		55.862982	-4.263554
		54.892406	-2.923222
		53.803895	-1.549931
		53.409532	-3.000126
		53.478239	-2.258549
		52.486125	-1.890507
		51.460852	-2.588139
		51.488224	-3.186893
		51.624837	-3.94495
		50.152266	-5.065556
		50.726024	-3.543949
		51.512161	-0.116215
		51.289406	1.075802
		53.751959	-0.335941
		54.980766	-1.615849
		
c	5 1 7 10 9 8 3 4 11 12 14 6 0 13 2 15	2929.34489692965	0.707065510307034	5	1	7	10	9	8	3	4	11	12	14	6	0	13	2	15		
		53.409532	-3.000126
		51.460852	-2.588139
		54.980766	-1.615849
		55.862982	-4.263554
		55.958426	-3.186893
		54.892406	-2.923222
		53.803895	-1.549931
		53.478239	-2.258549
		51.488224	-3.186893
		51.624837	-3.94495
		50.152266	-5.065556
		53.751959	-0.335941
		52.486125	-1.890507
		50.726024	-3.543949
		51.512161	-0.116215
		51.289406	1.075802
		
c	3 15 6 7 11 13 14 12 2 1 9 10 8 5 4 0	3048.92059965277	0.695107940034723	3	15	6	7	11	13	14	12	2	1	9	10	8	5	4	0		
		53.803895	-1.549931
		51.289406	1.075802
		53.751959	-0.335941
		54.980766	-1.615849
		51.488224	-3.186893
		50.726024	-3.543949
		50.152266	-5.065556
		51.624837	-3.94495
		51.512161	-0.116215
		51.460852	-2.588139
		55.958426	-3.186893
		55.862982	-4.263554
		54.892406	-2.923222
		53.409532	-3.000126
		53.478239	-2.258549
		52.486125	-1.890507
		
c	12 1 11 6 7 9 10 8 3 4 5 0 14 13 2 15	2158.54699929731	0.784145300070269	12	1	11	6	7	9	10	8	3	4	5	0	14	13	2	15		
		51.624837	-3.94495
		51.460852	-2.588139
		51.488224	-3.186893
		53.751959	-0.335941
		54.980766	-1.615849
		55.958426	-3.186893
		55.862982	-4.263554
		54.892406	-2.923222
		53.803895	-1.549931
		53.478239	-2.258549
		53.409532	-3.000126
		52.486125	-1.890507
		50.152266	-5.065556
		50.726024	-3.543949
		51.512161	-0.116215
		51.289406	1.075802
		
c	12 14 0 6 5 7 9 10 8 3 4 1 11 13 2 15	2331.3728316254	0.76686271683746	12	14	0	6	5	7	9	10	8	3	4	1	11	13	2	15		
		51.624837	-3.94495
		50.152266	-5.065556
		52.486125	-1.890507
		53.751959	-0.335941
		53.409532	-3.000126
		54.980766	-1.615849
		55.958426	-3.186893
		55.862982	-4.263554
		54.892406	-2.923222
		53.803895	-1.549931
		53.478239	-2.258549
		51.460852	-2.588139
		51.488224	-3.186893
		50.726024	-3.543949
		51.512161	-0.116215
		51.289406	1.075802
		
c	7 9 10 8 3 5 6 4 0 1 11 12 14 13 2 15	1898.63462616519	0.810136537383481	7	9	10	8	3	5	6	4	0	1	11	12	14	13	2	15		
		54.980766	-1.615849
		55.958426	-3.186893
		55.862982	-4.263554
		54.892406	-2.923222
		53.803895	-1.549931
		53.409532	-3.000126
		53.751959	-0.335941
		53.478239	-2.258549
		52.486125	-1.890507
		51.460852	-2.588139
		51.488224	-3.186893
		51.624837	-3.94495
		50.152266	-5.065556
		50.726024	-3.543949
		51.512161	-0.116215
		51.289406	1.075802
		
c	11 12 14 13 2 0 1 6 7 9 10 8 3 5 4 15	2348.53318948659	0.765146681051341	11	12	14	13	2	0	1	6	7	9	10	8	3	5	4	15		
		51.488224	-3.186893
		51.624837	-3.94495
		50.152266	-5.065556
		50.726024	-3.543949
		51.512161	-0.116215
		52.486125	-1.890507
		51.460852	-2.588139
		53.751959	-0.335941
		54.980766	-1.615849
		55.958426	-3.186893
		55.862982	-4.263554
		54.892406	-2.923222
		53.803895	-1.549931
		53.409532	-3.000126
		53.478239	-2.258549
		51.289406	1.075802
		
g88		1758.37881581719	0.824162118418281	0	6	3	7	9	10	8	5	4	0	1	11	12	14	13	2	15		
		53.751959	-0.335941
		53.803895	-1.549931
		54.980766	-1.615849
		55.958426	-3.186893
		55.862982	-4.263554
		54.892406	-2.923222
		53.409532	-3.000126
		53.478239	-2.258549
		52.486125	-1.890507
		51.460852	-2.588139
		51.488224	-3.186893
		51.624837	-3.94495
		50.152266	-5.065556
		50.726024	-3.543949
		51.512161	-0.116215
		51.289406	1.075802
		
g88		1764.36174716627	0.823563825283373	1	6	7	9	10	8	3	4	5	0	11	12	14	13	1	2	15		
		53.751959	-0.335941
		54.980766	-1.615849
		55.958426	-3.186893
		55.862982	-4.263554
		54.892406	-2.923222
		53.803895	-1.549931
		53.478239	-2.258549
		53.409532	-3.000126
		52.486125	-1.890507
		51.488224	-3.186893
		51.624837	-3.94495
		50.152266	-5.065556
		50.726024	-3.543949
		51.460852	-2.588139
		51.512161	-0.116215
		51.289406	1.075802
		
g88		1767.93964020092	0.823206035979908	2	10	9	8	7	5	6	3	4	0	1	11	12	14	13	2	15		
		55.862982	-4.263554
		55.958426	-3.186893
		54.892406	-2.923222
		54.980766	-1.615849
		53.409532	-3.000126
		53.751959	-0.335941
		53.803895	-1.549931
		53.478239	-2.258549
		52.486125	-1.890507
		51.460852	-2.588139
		51.488224	-3.186893
		51.624837	-3.94495
		50.152266	-5.065556
		50.726024	-3.543949
		51.512161	-0.116215
		51.289406	1.075802
		
g88		1785.41447966156	0.821458552033844	3	9	10	8	7	5	6	3	4	0	1	11	12	14	13	2	15		
		55.958426	-3.186893
		55.862982	-4.263554
		54.892406	-2.923222
		54.980766	-1.615849
		53.409532	-3.000126
		53.751959	-0.335941
		53.803895	-1.549931
		53.478239	-2.258549
		52.486125	-1.890507
		51.460852	-2.588139
		51.488224	-3.186893
		51.624837	-3.94495
		50.152266	-5.065556
		50.726024	-3.543949
		51.512161	-0.116215
		51.289406	1.075802
		
g88		1787.2678443766	0.82127321556234	4	3	6	7	9	10	8	5	4	0	1	11	12	14	13	2	15		
		53.803895	-1.549931
		53.751959	-0.335941
		54.980766	-1.615849
		55.958426	-3.186893
		55.862982	-4.263554
		54.892406	-2.923222
		53.409532	-3.000126
		53.478239	-2.258549
		52.486125	-1.890507
		51.460852	-2.588139
		51.488224	-3.186893
		51.624837	-3.94495
		50.152266	-5.065556
		50.726024	-3.543949
		51.512161	-0.116215
		51.289406	1.075802
		
g88		1794.61235065558	0.820538764934442	5	6	7	10	9	8	3	4	5	0	1	11	12	14	13	2	15		
		53.751959	-0.335941
		54.980766	-1.615849
		55.862982	-4.263554
		55.958426	-3.186893
		54.892406	-2.923222
		53.803895	-1.549931
		53.478239	-2.258549
		53.409532	-3.000126
		52.486125	-1.890507
		51.460852	-2.588139
		51.488224	-3.186893
		51.624837	-3.94495
		50.152266	-5.065556
		50.726024	-3.543949
		51.512161	-0.116215
		51.289406	1.075802
		
