c	6 4 5 0 1 11 12 14 13 10 9 7 8 3 2 15	2214.85251908721	0.778514748091279	6	4	5	0	1	11	12	14	13	10	9	7	8	3	2	15		
		53.751959	-0.335941
		53.478239	-2.258549
		53.409532	-3.000126
		52.486125	-1.890507
		51.460852	-2.588139
		51.488224	-3.186893
		51.624837	-3.94495
		50.152266	-5.065556
		50.726024	-3.543949
		55.862982	-4.263554
		55.958426	-3.186893
		54.980766	-1.615849
		54.892406	-2.923222
		53.803895	-1.549931
		51.512161	-0.116215
		51.289406	1.075802
		
c	8 3 6 4 5 0 11 12 1 13 2 7 10 9 14 15	2957.50181042535	0.704249818957465	8	3	6	4	5	0	11	12	1	13	2	7	10	9	14	15		
		54.892406	-2.923222
		53.803895	-1.549931
		53.751959	-0.335941
		53.478239	-2.258549
		53.409532	-3.000126
		52.486125	-1.890507
		51.488224	-3.186893
		51.624837	-3.94495
		51.460852	-2.588139
		50.726024	-3.543949
		51.512161	-0.116215
		54.980766	-1.615849
		55.862982	-4.263554
		55.958426	-3.186893
		50.152266	-5.065556
		51.289406	1.075802
		
c	6 3 4 5 13 1 11 12 14 10 9 8 7 0 2 15	2308.76038315183	0.769123961684817	6	3	4	5	13	1	11	12	14	10	9	8	7	0	2	15		
		53.751959	-0.335941
		53.803895	-1.549931
		53.478239	-2.258549
		53.409532	-3.000126
		50.726024	-3.543949
		51.460852	-2.588139
		51.488224	-3.186893
		51.624837	-3.94495
		50.152266	-5.065556
		55.862982	-4.263554
		55.958426	-3.186893
		54.892406	-2.923222
		54.980766	-1.615849
		52.486125	-1.890507
		51.512161	-0.116215
		51.289406	1.075802
		
c	5 0 11 12 14 13 1 6 4 9 10 8 7 3 2 15	2224.00969564456	0.777599030435544	5	0	11	12	14	13	1	6	4	9	10	8	7	3	2	15		
		53.409532	-3.000126
		52.486125	-1.890507
		51.488224	-3.186893
		51.624837	-3.94495
		50.152266	-5.065556
		50.726024	-3.543949
		51.460852	-2.588139
		53.751959	-0.335941
		53.478239	-2.258549
		55.958426	-3.186893
		55.862982	-4.263554
		54.892406	-2.923222
		54.980766	-1.615849
		53.803895	-1.549931
		51.512161	-0.116215
		51.289406	1.075802
		
c	8 11 12 14 13 1 10 9 7 3 6 4 5 0 2 15	2329.42085317933	0.767057914682067	8	11	12	14	13	1	10	9	7	3	6	4	5	0	2	15		
		54.892406	-2.923222
		51.488224	-3.186893
		51.624837	-3.94495
		50.152266	-5.065556
		50.726024	-3.543949
		51.460852	-2.588139
		55.862982	-4.263554
		55.958426	-3.186893
		54.980766	-1.615849
		53.803895	-1.549931
		53.751959	-0.335941
		53.478239	-2.258549
		53.409532	-3.000126
		52.486125	-1.890507
		51.512161	-0.116215
		51.289406	1.075802
		
c	8 4 5 11 14 13 10 9 7 3 6 0 1 12 2 15	2495.05917001684	0.750494082998316	8	4	5	11	14	13	10	9	7	3	6	0	1	12	2	15		
		54.892406	-2.923222
		53.478239	-2.258549
		53.409532	-3.000126
		51.488224	-3.186893
		50.152266	-5.065556
		50.726024	-3.543949
		55.862982	-4.263554
		55.958426	-3.186893
		54.980766	-1.615849
		53.803895	-1.549931
		53.751959	-0.335941
		52.486125	-1.890507
		51.460852	-2.588139
		51.624837	-3.94495
		51.512161	-0.116215
		51.289406	1.075802
		
c	8 4 5 1 12 14 13 10 9 7 3 6 0 11 2 15	2448.59740092709	0.755140259907291	8	4	5	1	12	14	13	10	9	7	3	6	0	11	2	15		
		54.892406	-2.923222
		53.478239	-2.258549
		53.409532	-3.000126
		51.460852	-2.588139
		51.624837	-3.94495
		50.152266	-5.065556
		50.726024	-3.543949
		55.862982	-4.263554
		55.958426	-3.186893
		54.980766	-1.615849
		53.803895	-1.549931
		53.751959	-0.335941
		52.486125	-1.890507
		51.488224	-3.186893
		51.512161	-0.116215
		51.289406	1.075802
		
c	6 0 10 9 7 8 3 4 5 11 12 14 13 1 2 15	2077.40875993502	0.792259124006498	6	0	10	9	7	8	3	4	5	11	12	14	13	1	2	15		
		53.751959	-0.335941
		52.486125	-1.890507
		55.862982	-4.263554
		55.958426	-3.186893
		54.980766	-1.615849
		54.892406	-2.923222
		53.803895	-1.549931
		53.478239	-2.258549
		53.409532	-3.000126
		51.488224	-3.186893
		51.624837	-3.94495
		50.152266	-5.065556
		50.726024	-3.543949
		51.460852	-2.588139
		51.512161	-0.116215
		51.289406	1.075802
		
c	10 9 8 7 3 6 0 11 2 4 5 1 12 14 13 15	2274.24661824005	0.772575338175995	10	9	8	7	3	6	0	11	2	4	5	1	12	14	13	15		
		55.862982	-4.263554
		55.958426	-3.186893
		54.892406	-2.923222
		54.980766	-1.615849
		53.803895	-1.549931
		53.751959	-0.335941
		52.486125	-1.890507
		51.488224	-3.186893
		51.512161	-0.116215
		53.478239	-2.258549
		53.409532	-3.000126
		51.460852	-2.588139
		51.624837	-3.94495
		50.152266	-5.065556
		50.726024	-3.543949
		51.289406	1.075802
		
c	12 7 10 9 8 3 6 1 11 14 13 2 4 5 0 15	2614.32857262834	0.738567142737166	12	7	10	9	8	3	6	1	11	14	13	2	4	5	0	15		
		51.624837	-3.94495
		54.980766	-1.615849
		55.862982	-4.263554
		55.958426	-3.186893
		54.892406	-2.923222
		53.803895	-1.549931
		53.751959	-0.335941
		51.460852	-2.588139
		51.488224	-3.186893
		50.152266	-5.065556
		50.726024	-3.543949
		51.512161	-0.116215
		53.478239	-2.258549
		53.409532	-3.000126
		52.486125	-1.890507
		51.289406	1.075802
		
c	12 5 0 11 10 9 8 3 6 4 1 14 13 7 2 15	3069.83718086413	0.693016281913587	12	5	0	11	10	9	8	3	6	4	1	14	13	7	2	15		
		51.624837	-3.94495
		53.409532	-3.000126
		52.486125	-1.890507
		51.488224	-3.186893
		55.862982	-4.263554
		55.958426	-3.186893
		54.892406	-2.923222
		53.803895	-1.549931
		53.751959	-0.335941
		53.478239	-2.258549
		51.460852	-2.588139
		50.152266	-5.065556
		50.726024	-3.543949
		54.980766	-1.615849
		51.512161	-0.116215
		51.289406	1.075802
		
c	10 9 4 5 0 3 6 7 8 11 12 14 13 1 2 15	2102.13871249383	0.789786128750617	10	9	4	5	0	3	6	7	8	11	12	14	13	1	2	15		
		55.862982	-4.263554
		55.958426	-3.186893
		53.478239	-2.258549
		53.409532	-3.000126
		52.486125	-1.890507
		53.803895	-1.549931
		53.751959	-0.335941
		54.980766	-1.615849
		54.892406	-2.923222
		51.488224	-3.186893
		51.624837	-3.94495
		50.152266	-5.065556
		50.726024	-3.543949
		51.460852	-2.588139
		51.512161	-0.116215
		51.289406	1.075802
		
c	9 8 7 3 2 14 10 6 4 5 0 11 12 1 13 15	3001.36460011909	0.699863539988091	9	8	7	3	2	14	10	6	4	5	0	11	12	1	13	15		
		55.958426	-3.186893
		54.892406	-2.923222
		54.980766	-1.615849
		53.803895	-1.549931
		51.512161	-0.116215
		50.152266	-5.065556
		55.862982	-4.263554
		53.751959	-0.335941
		53.478239	-2.258549
		53.409532	-3.000126
		52.486125	-1.890507
		51.488224	-3.186893
		51.624837	-3.94495
		51.460852	-2.588139
		50.726024	-3.543949
		51.289406	1.075802
		
c	7 9 11 12 14 13 1 10 8 3 6 4 5 0 2 15	2536.08955212147	0.746391044787853	7	9	11	12	14	13	1	10	8	3	6	4	5	0	2	15		
		54.980766	-1.615849
		55.958426	-3.186893
		51.488224	-3.186893
		51.624837	-3.94495
		50.152266	-5.065556
		50.726024	-3.543949
		51.460852	-2.588139
		55.862982	-4.263554
		54.892406	-2.923222
		53.803895	-1.549931
		53.751959	-0.335941
		53.478239	-2.258549
		53.409532	-3.000126
		52.486125	-1.890507
		51.512161	-0.116215
		51.289406	1.075802
		
c	11 12 14 13 2 9 10 8 4 5 1 7 3 6 0 15	2812.04349908812	0.718795650091188	11	12	14	13	2	9	10	8	4	5	1	7	3	6	0	15		
		51.488224	-3.186893
		51.624837	-3.94495
		50.152266	-5.065556
		50.726024	-3.543949
		51.512161	-0.116215
		55.958426	-3.186893
		55.862982	-4.263554
		54.892406	-2.923222
		53.478239	-2.258549
		53.409532	-3.000126
		51.460852	-2.588139
		54.980766	-1.615849
		53.803895	-1.549931
		53.751959	-0.335941
		52.486125	-1.890507
		51.289406	1.075802
		
c	13 10 9 8 7 3 6 4 5 0 1 11 12 14 2 15	2229.36918484452	0.777063081515548	13	10	9	8	7	3	6	4	5	0	1	11	12	14	2	15		
		50.726024	-3.543949
		55.862982	-4.263554
		55.958426	-3.186893
		54.892406	-2.923222
		54.980766	-1.615849
		53.803895	-1.549931
		53.751959	-0.335941
		53.478239	-2.258549
		53.409532	-3.000126
		52.486125	-1.890507
		51.460852	-2.588139
		51.488224	-3.186893
		51.624837	-3.94495
		50.152266	-5.065556
		51.512161	-0.116215
		51.289406	1.075802
		
c	6 4 5 0 11 12 14 13 10 9 8 7 1 2 3 15	2826.9636548535	0.71730363451465	6	4	5	0	11	12	14	13	10	9	8	7	1	2	3	15		
		53.751959	-0.335941
		53.478239	-2.258549
		53.409532	-3.000126
		52.486125	-1.890507
		51.488224	-3.186893
		51.624837	-3.94495
		50.152266	-5.065556
		50.726024	-3.543949
		55.862982	-4.263554
		55.958426	-3.186893
		54.892406	-2.923222
		54.980766	-1.615849
		51.460852	-2.588139
		51.512161	-0.116215
		53.803895	-1.549931
		51.289406	1.075802
		
c	4 5 0 11 12 14 13 1 2 8 10 9 7 3 6 15	2229.4955807103	0.77705044192897	4	5	0	11	12	14	13	1	2	8	10	9	7	3	6	15		
		53.478239	-2.258549
		53.409532	-3.000126
		52.486125	-1.890507
		51.488224	-3.186893
		51.624837	-3.94495
		50.152266	-5.065556
		50.726024	-3.543949
		51.460852	-2.588139
		51.512161	-0.116215
		54.892406	-2.923222
		55.862982	-4.263554
		55.958426	-3.186893
		54.980766	-1.615849
		53.803895	-1.549931
		53.751959	-0.335941
		51.289406	1.075802
		
c	9 8 7 1 12 14 13 2 10 3 6 4 5 0 11 15	2925.85409228606	0.707414590771394	9	8	7	1	12	14	13	2	10	3	6	4	5	0	11	15		
		55.958426	-3.186893
		54.892406	-2.923222
		54.980766	-1.615849
		51.460852	-2.588139
		51.624837	-3.94495
		50.152266	-5.065556
		50.726024	-3.543949
		51.512161	-0.116215
		55.862982	-4.263554
		53.803895	-1.549931
		53.751959	-0.335941
		53.478239	-2.258549
		53.409532	-3.000126
		52.486125	-1.890507
		51.488224	-3.186893
		51.289406	1.075802
		
c	6 7 9 10 8 11 1 12 4 14 13 2 3 5 0 15	2808.28918055404	0.719171081944596	6	7	9	10	8	11	1	12	4	14	13	2	3	5	0	15		
		53.751959	-0.335941
		54.980766	-1.615849
		55.958426	-3.186893
		55.862982	-4.263554
		54.892406	-2.923222
		51.488224	-3.186893
		51.460852	-2.588139
		51.624837	-3.94495
		53.478239	-2.258549
		50.152266	-5.065556
		50.726024	-3.543949
		51.512161	-0.116215
		53.803895	-1.549931
		53.409532	-3.000126
		52.486125	-1.890507
		51.289406	1.075802
		
c	0 3 6 7 9 10 8 11 12 14 13 1 4 5 2 15	2235.04825947418	0.776495174052582	0	3	6	7	9	10	8	11	12	14	13	1	4	5	2	15		
		52.486125	-1.890507
		53.803895	-1.549931
		53.751959	-0.335941
		54.980766	-1.615849
		55.958426	-3.186893
		55.862982	-4.263554
		54.892406	-2.923222
		51.488224	-3.186893
		51.624837	-3.94495
		50.152266	-5.065556
		50.726024	-3.543949
		51.460852	-2.588139
		53.478239	-2.258549
		53.409532	-3.000126
		51.512161	-0.116215
		51.289406	1.075802
		
c	7 3 6 4 5 0 11 12 14 13 1 2 9 10 8 15	2518.40232077603	0.748159767922397	7	3	6	4	5	0	11	12	14	13	1	2	9	10	8	15		
		54.980766	-1.615849
		53.803895	-1.549931
		53.751959	-0.335941
		53.478239	-2.258549
		53.409532	-3.000126
		52.486125	-1.890507
		51.488224	-3.186893
		51.624837	-3.94495
		50.152266	-5.065556
		50.726024	-3.543949
		51.460852	-2.588139
		51.512161	-0.116215
		55.958426	-3.186893
		55.862982	-4.263554
		54.892406	-2.923222
		51.289406	1.075802
		
c	2 8 10 9 7 3 6 4 5 11 12 0 14 13 1 15	2427.77156607087	0.757222843392913	2	8	10	9	7	3	6	4	5	11	12	0	14	13	1	15		
		51.512161	-0.116215
		54.892406	-2.923222
		55.862982	-4.263554
		55.958426	-3.186893
		54.980766	-1.615849
		53.803895	-1.549931
		53.751959	-0.335941
		53.478239	-2.258549
		53.409532	-3.000126
		51.488224	-3.186893
		51.624837	-3.94495
		52.486125	-1.890507
		50.152266	-5.065556
		50.726024	-3.543949
		51.460852	-2.588139
		51.289406	1.075802
		
c	0 1 11 12 14 13 8 10 9 7 6 4 5 3 2 15	2147.96109361593	0.785203890638407	0	1	11	12	14	13	8	10	9	7	6	4	5	3	2	15		
		52.486125	-1.890507
		51.460852	-2.588139
		51.488224	-3.186893
		51.624837	-3.94495
		50.152266	-5.065556
		50.726024	-3.543949
		54.892406	-2.923222
		55.862982	-4.263554
		55.958426	-3.186893
		54.980766	-1.615849
		53.751959	-0.335941
		53.478239	-2.258549
		53.409532	-3.000126
		53.803895	-1.549931
		51.512161	-0.116215
		51.289406	1.075802
		
c	3 6 4 5 10 9 0 7 8 11 1 12 14 13 2 15	2533.88704359746	0.746611295640254	3	6	4	5	10	9	0	7	8	11	1	12	14	13	2	15		
		53.803895	-1.549931
		53.751959	-0.335941
		53.478239	-2.258549
		53.409532	-3.000126
		55.862982	-4.263554
		55.958426	-3.186893
		52.486125	-1.890507
		54.980766	-1.615849
		54.892406	-2.923222
		51.488224	-3.186893
		51.460852	-2.588139
		51.624837	-3.94495
		50.152266	-5.065556
		50.726024	-3.543949
		51.512161	-0.116215
		51.289406	1.075802
		
c	2 8 7 10 9 3 6 4 5 0 1 11 12 14 13 15	2269.563162968	0.7730436837032	2	8	7	10	9	3	6	4	5	0	1	11	12	14	13	15		
		51.512161	-0.116215
		54.892406	-2.923222
		54.980766	-1.615849
		55.862982	-4.263554
		55.958426	-3.186893
		53.803895	-1.549931
		53.751959	-0.335941
		53.478239	-2.258549
		53.409532	-3.000126
		52.486125	-1.890507
		51.460852	-2.588139
		51.488224	-3.186893
		51.624837	-3.94495
		50.152266	-5.065556
		50.726024	-3.543949
		51.289406	1.075802
		
c	14 13 2 5 10 9 8 7 3 6 4 0 1 11 12 15	2247.70730310979	0.775229269689021	14	13	2	5	10	9	8	7	3	6	4	0	1	11	12	15		
		50.152266	-5.065556
		50.726024	-3.543949
		51.512161	-0.116215
		53.409532	-3.000126
		55.862982	-4.263554
		55.958426	-3.186893
		54.892406	-2.923222
		54.980766	-1.615849
		53.803895	-1.549931
		53.751959	-0.335941
		53.478239	-2.258549
		52.486125	-1.890507
		51.460852	-2.588139
		51.488224	-3.186893
		51.624837	-3.94495
		51.289406	1.075802
		
c	11 12 14 13 2 6 3 4 5 0 1 8 7 10 9 15	2622.87469828994	0.737712530171006	11	12	14	13	2	6	3	4	5	0	1	8	7	10	9	15		
		51.488224	-3.186893
		51.624837	-3.94495
		50.152266	-5.065556
		50.726024	-3.543949
		51.512161	-0.116215
		53.751959	-0.335941
		53.803895	-1.549931
		53.478239	-2.258549
		53.409532	-3.000126
		52.486125	-1.890507
		51.460852	-2.588139
		54.892406	-2.923222
		54.980766	-1.615849
		55.862982	-4.263554
		55.958426	-3.186893
		51.289406	1.075802
		
c	8 7 3 6 4 0 1 11 12 14 13 2 5 10 9 15	2549.97928011964	0.745002071988037	8	7	3	6	4	0	1	11	12	14	13	2	5	10	9	15		
		54.892406	-2.923222
		54.980766	-1.615849
		53.803895	-1.549931
		53.751959	-0.335941
		53.478239	-2.258549
		52.486125	-1.890507
		51.460852	-2.588139
		51.488224	-3.186893
		51.624837	-3.94495
		50.152266	-5.065556
		50.726024	-3.543949
		51.512161	-0.116215
		53.409532	-3.000126
		55.862982	-4.263554
		55.958426	-3.186893
		51.289406	1.075802
		
c	13 2 1 11 12 14 10 9 7 8 6 3 4 5 0 15	2409.04883178011	0.759095116821989	13	2	1	11	12	14	10	9	7	8	6	3	4	5	0	15		
		50.726024	-3.543949
		51.512161	-0.116215
		51.460852	-2.588139
		51.488224	-3.186893
		51.624837	-3.94495
		50.152266	-5.065556
		55.862982	-4.263554
		55.958426	-3.186893
		54.980766	-1.615849
		54.892406	-2.923222
		53.751959	-0.335941
		53.803895	-1.549931
		53.478239	-2.258549
		53.409532	-3.000126
		52.486125	-1.890507
		51.289406	1.075802
		
c	10 7 3 6 4 5 0 8 9 11 12 14 13 1 2 15	2328.84105270643	0.767115894729357	10	7	3	6	4	5	0	8	9	11	12	14	13	1	2	15		
		55.862982	-4.263554
		54.980766	-1.615849
		53.803895	-1.549931
		53.751959	-0.335941
		53.478239	-2.258549
		53.409532	-3.000126
		52.486125	-1.890507
		54.892406	-2.923222
		55.958426	-3.186893
		51.488224	-3.186893
		51.624837	-3.94495
		50.152266	-5.065556
		50.726024	-3.543949
		51.460852	-2.588139
		51.512161	-0.116215
		51.289406	1.075802
		
c	11 12 1 13 2 8 7 6 10 9 3 4 5 0 14 15	2873.84351755058	0.712615648244942	11	12	1	13	2	8	7	6	10	9	3	4	5	0	14	15		
		51.488224	-3.186893
		51.624837	-3.94495
		51.460852	-2.588139
		50.726024	-3.543949
		51.512161	-0.116215
		54.892406	-2.923222
		54.980766	-1.615849
		53.751959	-0.335941
		55.862982	-4.263554
		55.958426	-3.186893
		53.803895	-1.549931
		53.478239	-2.258549
		53.409532	-3.000126
		52.486125	-1.890507
		50.152266	-5.065556
		51.289406	1.075802
		
c	0 11 12 8 7 10 9 3 6 4 5 1 14 13 2 15	2345.15690925874	0.765484309074126	0	11	12	8	7	10	9	3	6	4	5	1	14	13	2	15		
		52.486125	-1.890507
		51.488224	-3.186893
		51.624837	-3.94495
		54.892406	-2.923222
		54.980766	-1.615849
		55.862982	-4.263554
		55.958426	-3.186893
		53.803895	-1.549931
		53.751959	-0.335941
		53.478239	-2.258549
		53.409532	-3.000126
		51.460852	-2.588139
		50.152266	-5.065556
		50.726024	-3.543949
		51.512161	-0.116215
		51.289406	1.075802
		
c	4 5 0 3 6 7 9 10 8 11 12 14 13 1 2 15	2020.11566873546	0.797988433126454	4	5	0	3	6	7	9	10	8	11	12	14	13	1	2	15		
		53.478239	-2.258549
		53.409532	-3.000126
		52.486125	-1.890507
		53.803895	-1.549931
		53.751959	-0.335941
		54.980766	-1.615849
		55.958426	-3.186893
		55.862982	-4.263554
		54.892406	-2.923222
		51.488224	-3.186893
		51.624837	-3.94495
		50.152266	-5.065556
		50.726024	-3.543949
		51.460852	-2.588139
		51.512161	-0.116215
		51.289406	1.075802
		
c	2 13 3 6 9 4 5 0 11 12 14 1 10 7 8 15	3333.15671410314	0.666684328589686	2	13	3	6	9	4	5	0	11	12	14	1	10	7	8	15		
		51.512161	-0.116215
		50.726024	-3.543949
		53.803895	-1.549931
		53.751959	-0.335941
		55.958426	-3.186893
		53.478239	-2.258549
		53.409532	-3.000126
		52.486125	-1.890507
		51.488224	-3.186893
		51.624837	-3.94495
		50.152266	-5.065556
		51.460852	-2.588139
		55.862982	-4.263554
		54.980766	-1.615849
		54.892406	-2.923222
		51.289406	1.075802
		
c	6 4 5 0 1 11 12 14 9 10 8 7 3 13 2 15	2495.17475800705	0.750482524199295	6	4	5	0	1	11	12	14	9	10	8	7	3	13	2	15		
		53.751959	-0.335941
		53.478239	-2.258549
		53.409532	-3.000126
		52.486125	-1.890507
		51.460852	-2.588139
		51.488224	-3.186893
		51.624837	-3.94495
		50.152266	-5.065556
		55.958426	-3.186893
		55.862982	-4.263554
		54.892406	-2.923222
		54.980766	-1.615849
		53.803895	-1.549931
		50.726024	-3.543949
		51.512161	-0.116215
		51.289406	1.075802
		
c	8 6 3 4 12 14 13 10 9 7 5 0 11 1 2 15	2444.4655391345	0.75555344608655	8	6	3	4	12	14	13	10	9	7	5	0	11	1	2	15		
		54.892406	-2.923222
		53.751959	-0.335941
		53.803895	-1.549931
		53.478239	-2.258549
		51.624837	-3.94495
		50.152266	-5.065556
		50.726024	-3.543949
		55.862982	-4.263554
		55.958426	-3.186893
		54.980766	-1.615849
		53.409532	-3.000126
		52.486125	-1.890507
		51.488224	-3.186893
		51.460852	-2.588139
		51.512161	-0.116215
		51.289406	1.075802
		
c	7 3 6 4 5 0 8 9 10 11 12 14 13 1 2 15	2197.55125027207	0.780244874972793	7	3	6	4	5	0	8	9	10	11	12	14	13	1	2	15		
		54.980766	-1.615849
		53.803895	-1.549931
		53.751959	-0.335941
		53.478239	-2.258549
		53.409532	-3.000126
		52.486125	-1.890507
		54.892406	-2.923222
		55.958426	-3.186893
		55.862982	-4.263554
		51.488224	-3.186893
		51.624837	-3.94495
		50.152266	-5.065556
		50.726024	-3.543949
		51.460852	-2.588139
		51.512161	-0.116215
		51.289406	1.075802
		
c	6 3 4 5 0 1 11 12 14 13 2 8 7 10 9 15	2452.45208066105	0.754754791933895	6	3	4	5	0	1	11	12	14	13	2	8	7	10	9	15		
		53.751959	-0.335941
		53.803895	-1.549931
		53.478239	-2.258549
		53.409532	-3.000126
		52.486125	-1.890507
		51.460852	-2.588139
		51.488224	-3.186893
		51.624837	-3.94495
		50.152266	-5.065556
		50.726024	-3.543949
		51.512161	-0.116215
		54.892406	-2.923222
		54.980766	-1.615849
		55.862982	-4.263554
		55.958426	-3.186893
		51.289406	1.075802
		
c	5 10 9 0 12 14 13 8 7 3 6 4 11 1 2 15	2644.35774965393	0.735564225034607	5	10	9	0	12	14	13	8	7	3	6	4	11	1	2	15		
		53.409532	-3.000126
		55.862982	-4.263554
		55.958426	-3.186893
		52.486125	-1.890507
		51.624837	-3.94495
		50.152266	-5.065556
		50.726024	-3.543949
		54.892406	-2.923222
		54.980766	-1.615849
		53.803895	-1.549931
		53.751959	-0.335941
		53.478239	-2.258549
		51.488224	-3.186893
		51.460852	-2.588139
		51.512161	-0.116215
		51.289406	1.075802
		
c	13 6 4 5 1 11 12 14 10 9 7 8 0 3 2 15	2796.95913844237	0.720304086155763	13	6	4	5	1	11	12	14	10	9	7	8	0	3	2	15		
		50.726024	-3.543949
		53.751959	-0.335941
		53.478239	-2.258549
		53.409532	-3.000126
		51.460852	-2.588139
		51.488224	-3.186893
		51.624837	-3.94495
		50.152266	-5.065556
		55.862982	-4.263554
		55.958426	-3.186893
		54.980766	-1.615849
		54.892406	-2.923222
		52.486125	-1.890507
		53.803895	-1.549931
		51.512161	-0.116215
		51.289406	1.075802
		
c	11 12 3 7 9 10 8 6 4 5 0 14 13 1 2 15	2174.75158194881	0.782524841805119	11	12	3	7	9	10	8	6	4	5	0	14	13	1	2	15		
		51.488224	-3.186893
		51.624837	-3.94495
		53.803895	-1.549931
		54.980766	-1.615849
		55.958426	-3.186893
		55.862982	-4.263554
		54.892406	-2.923222
		53.751959	-0.335941
		53.478239	-2.258549
		53.409532	-3.000126
		52.486125	-1.890507
		50.152266	-5.065556
		50.726024	-3.543949
		51.460852	-2.588139
		51.512161	-0.116215
		51.289406	1.075802
		
c	14 9 10 8 7 3 13 6 4 5 0 11 12 1 2 15	2703.66015196946	0.729633984803054	14	9	10	8	7	3	13	6	4	5	0	11	12	1	2	15		
		50.152266	-5.065556
		55.958426	-3.186893
		55.862982	-4.263554
		54.892406	-2.923222
		54.980766	-1.615849
		53.803895	-1.549931
		50.726024	-3.543949
		53.751959	-0.335941
		53.478239	-2.258549
		53.409532	-3.000126
		52.486125	-1.890507
		51.488224	-3.186893
		51.624837	-3.94495
		51.460852	-2.588139
		51.512161	-0.116215
		51.289406	1.075802
		
c	6 4 5 0 11 1 12 14 13 10 9 8 7 3 2 15	2227.71107370087	0.777228892629913	6	4	5	0	11	1	12	14	13	10	9	8	7	3	2	15		
		53.751959	-0.335941
		53.478239	-2.258549
		53.409532	-3.000126
		52.486125	-1.890507
		51.488224	-3.186893
		51.460852	-2.588139
		51.624837	-3.94495
		50.152266	-5.065556
		50.726024	-3.543949
		55.862982	-4.263554
		55.958426	-3.186893
		54.892406	-2.923222
		54.980766	-1.615849
		53.803895	-1.549931
		51.512161	-0.116215
		51.289406	1.075802
		
c	8 3 6 4 5 0 2 7 9 10 11 1 12 14 13 15	2577.93325525533	0.742206674474467	8	3	6	4	5	0	2	7	9	10	11	1	12	14	13	15		
		54.892406	-2.923222
		53.803895	-1.549931
		53.751959	-0.335941
		53.478239	-2.258549
		53.409532	-3.000126
		52.486125	-1.890507
		51.512161	-0.116215
		54.980766	-1.615849
		55.958426	-3.186893
		55.862982	-4.263554
		51.488224	-3.186893
		51.460852	-2.588139
		51.624837	-3.94495
		50.152266	-5.065556
		50.726024	-3.543949
		51.289406	1.075802
		
c	9 10 8 4 5 11 6 12 0 1 14 13 7 3 2 15	2913.87488785959	0.708612511214041	9	10	8	4	5	11	6	12	0	1	14	13	7	3	2	15		
		55.958426	-3.186893
		55.862982	-4.263554
		54.892406	-2.923222
		53.478239	-2.258549
		53.409532	-3.000126
		51.488224	-3.186893
		53.751959	-0.335941
		51.624837	-3.94495
		52.486125	-1.890507
		51.460852	-2.588139
		50.152266	-5.065556
		50.726024	-3.543949
		54.980766	-1.615849
		53.803895	-1.549931
		51.512161	-0.116215
		51.289406	1.075802
		
c	5 11 1 12 14 13 2 10 9 7 8 3 6 4 0 15	2483.9398382816	0.75160601617184	5	11	1	12	14	13	2	10	9	7	8	3	6	4	0	15		
		53.409532	-3.000126
		51.488224	-3.186893
		51.460852	-2.588139
		51.624837	-3.94495
		50.152266	-5.065556
		50.726024	-3.543949
		51.512161	-0.116215
		55.862982	-4.263554
		55.958426	-3.186893
		54.980766	-1.615849
		54.892406	-2.923222
		53.803895	-1.549931
		53.751959	-0.335941
		53.478239	-2.258549
		52.486125	-1.890507
		51.289406	1.075802
		
c	11 12 0 1 14 13 3 6 9 10 8 4 5 7 2 15	2553.2155800741	0.74467844199259	11	12	0	1	14	13	3	6	9	10	8	4	5	7	2	15		
		51.488224	-3.186893
		51.624837	-3.94495
		52.486125	-1.890507
		51.460852	-2.588139
		50.152266	-5.065556
		50.726024	-3.543949
		53.803895	-1.549931
		53.751959	-0.335941
		55.958426	-3.186893
		55.862982	-4.263554
		54.892406	-2.923222
		53.478239	-2.258549
		53.409532	-3.000126
		54.980766	-1.615849
		51.512161	-0.116215
		51.289406	1.075802
		
c	10 9 7 8 3 6 14 13 4 0 11 12 5 1 2 15	2481.90207925969	0.751809792074031	10	9	7	8	3	6	14	13	4	0	11	12	5	1	2	15		
		55.862982	-4.263554
		55.958426	-3.186893
		54.980766	-1.615849
		54.892406	-2.923222
		53.803895	-1.549931
		53.751959	-0.335941
		50.152266	-5.065556
		50.726024	-3.543949
		53.478239	-2.258549
		52.486125	-1.890507
		51.488224	-3.186893
		51.624837	-3.94495
		53.409532	-3.000126
		51.460852	-2.588139
		51.512161	-0.116215
		51.289406	1.075802
		
c	1 11 12 14 10 9 7 8 6 3 4 5 0 13 2 15	2307.51789590105	0.769248210409895	1	11	12	14	10	9	7	8	6	3	4	5	0	13	2	15		
		51.460852	-2.588139
		51.488224	-3.186893
		51.624837	-3.94495
		50.152266	-5.065556
		55.862982	-4.263554
		55.958426	-3.186893
		54.980766	-1.615849
		54.892406	-2.923222
		53.751959	-0.335941
		53.803895	-1.549931
		53.478239	-2.258549
		53.409532	-3.000126
		52.486125	-1.890507
		50.726024	-3.543949
		51.512161	-0.116215
		51.289406	1.075802
		
c	4 5 1 12 14 13 10 9 8 7 3 6 0 11 2 15	2342.25670070175	0.765774329929825	4	5	1	12	14	13	10	9	8	7	3	6	0	11	2	15		
		53.478239	-2.258549
		53.409532	-3.000126
		51.460852	-2.588139
		51.624837	-3.94495
		50.152266	-5.065556
		50.726024	-3.543949
		55.862982	-4.263554
		55.958426	-3.186893
		54.892406	-2.923222
		54.980766	-1.615849
		53.803895	-1.549931
		53.751959	-0.335941
		52.486125	-1.890507
		51.488224	-3.186893
		51.512161	-0.116215
		51.289406	1.075802
		
c	5 0 11 12 14 13 1 10 9 8 7 3 6 4 2 15	2199.2216241942	0.78007783758058	5	0	11	12	14	13	1	10	9	8	7	3	6	4	2	15		
		53.409532	-3.000126
		52.486125	-1.890507
		51.488224	-3.186893
		51.624837	-3.94495
		50.152266	-5.065556
		50.726024	-3.543949
		51.460852	-2.588139
		55.862982	-4.263554
		55.958426	-3.186893
		54.892406	-2.923222
		54.980766	-1.615849
		53.803895	-1.549931
		53.751959	-0.335941
		53.478239	-2.258549
		51.512161	-0.116215
		51.289406	1.075802
		
c	0 1 5 11 12 14 13 10 9 8 7 3 6 4 2 15	2452.40226344515	0.754759773655485	0	1	5	11	12	14	13	10	9	8	7	3	6	4	2	15		
		52.486125	-1.890507
		51.460852	-2.588139
		53.409532	-3.000126
		51.488224	-3.186893
		51.624837	-3.94495
		50.152266	-5.065556
		50.726024	-3.543949
		55.862982	-4.263554
		55.958426	-3.186893
		54.892406	-2.923222
		54.980766	-1.615849
		53.803895	-1.549931
		53.751959	-0.335941
		53.478239	-2.258549
		51.512161	-0.116215
		51.289406	1.075802
		
c	12 1 13 2 7 10 9 8 3 6 11 14 4 5 0 15	2817.92753443147	0.718207246556853	12	1	13	2	7	10	9	8	3	6	11	14	4	5	0	15		
		51.624837	-3.94495
		51.460852	-2.588139
		50.726024	-3.543949
		51.512161	-0.116215
		54.980766	-1.615849
		55.862982	-4.263554
		55.958426	-3.186893
		54.892406	-2.923222
		53.803895	-1.549931
		53.751959	-0.335941
		51.488224	-3.186893
		50.152266	-5.065556
		53.478239	-2.258549
		53.409532	-3.000126
		52.486125	-1.890507
		51.289406	1.075802
		
c	7 3 0 6 9 10 8 4 5 11 1 12 14 13 2 15	2176.70886142945	0.782329113857055	7	3	0	6	9	10	8	4	5	11	1	12	14	13	2	15		
		54.980766	-1.615849
		53.803895	-1.549931
		52.486125	-1.890507
		53.751959	-0.335941
		55.958426	-3.186893
		55.862982	-4.263554
		54.892406	-2.923222
		53.478239	-2.258549
		53.409532	-3.000126
		51.488224	-3.186893
		51.460852	-2.588139
		51.624837	-3.94495
		50.152266	-5.065556
		50.726024	-3.543949
		51.512161	-0.116215
		51.289406	1.075802
		
c	3 6 1 11 14 13 2 4 5 0 12 7 10 9 8 15	2872.22222621429	0.712777777378571	3	6	1	11	14	13	2	4	5	0	12	7	10	9	8	15		
		53.803895	-1.549931
		53.751959	-0.335941
		51.460852	-2.588139
		51.488224	-3.186893
		50.152266	-5.065556
		50.726024	-3.543949
		51.512161	-0.116215
		53.478239	-2.258549
		53.409532	-3.000126
		52.486125	-1.890507
		51.624837	-3.94495
		54.980766	-1.615849
		55.862982	-4.263554
		55.958426	-3.186893
		54.892406	-2.923222
		51.289406	1.075802
		
c	14 13 6 4 5 0 11 1 12 10 9 8 7 3 2 15	2345.67971175998	0.765432028824002	14	13	6	4	5	0	11	1	12	10	9	8	7	3	2	15		
		50.152266	-5.065556
		50.726024	-3.543949
		53.751959	-0.335941
		53.478239	-2.258549
		53.409532	-3.000126
		52.486125	-1.890507
		51.488224	-3.186893
		51.460852	-2.588139
		51.624837	-3.94495
		55.862982	-4.263554
		55.958426	-3.186893
		54.892406	-2.923222
		54.980766	-1.615849
		53.803895	-1.549931
		51.512161	-0.116215
		51.289406	1.075802
		
c	7 9 10 8 5 0 6 3 4 1 11 12 14 13 2 15	1927.23770368332	0.807276229631668	7	9	10	8	5	0	6	3	4	1	11	12	14	13	2	15		
		54.980766	-1.615849
		55.958426	-3.186893
		55.862982	-4.263554
		54.892406	-2.923222
		53.409532	-3.000126
		52.486125	-1.890507
		53.751959	-0.335941
		53.803895	-1.549931
		53.478239	-2.258549
		51.460852	-2.588139
		51.488224	-3.186893
		51.624837	-3.94495
		50.152266	-5.065556
		50.726024	-3.543949
		51.512161	-0.116215
		51.289406	1.075802
		
c	8 3 6 4 5 0 1 14 12 11 10 9 7 13 2 15	2661.77097043665	0.733822902956335	8	3	6	4	5	0	1	14	12	11	10	9	7	13	2	15		
		54.892406	-2.923222
		53.803895	-1.549931
		53.751959	-0.335941
		53.478239	-2.258549
		53.409532	-3.000126
		52.486125	-1.890507
		51.460852	-2.588139
		50.152266	-5.065556
		51.624837	-3.94495
		51.488224	-3.186893
		55.862982	-4.263554
		55.958426	-3.186893
		54.980766	-1.615849
		50.726024	-3.543949
		51.512161	-0.116215
		51.289406	1.075802
		
c	7 3 6 0 1 11 12 14 13 2 5 10 9 8 4 15	2422.20641583864	0.757779358416136	7	3	6	0	1	11	12	14	13	2	5	10	9	8	4	15		
		54.980766	-1.615849
		53.803895	-1.549931
		53.751959	-0.335941
		52.486125	-1.890507
		51.460852	-2.588139
		51.488224	-3.186893
		51.624837	-3.94495
		50.152266	-5.065556
		50.726024	-3.543949
		51.512161	-0.116215
		53.409532	-3.000126
		55.862982	-4.263554
		55.958426	-3.186893
		54.892406	-2.923222
		53.478239	-2.258549
		51.289406	1.075802
		
c	5 8 10 9 0 3 6 7 4 11 1 12 14 13 2 15	2340.590118979	0.7659409881021	5	8	10	9	0	3	6	7	4	11	1	12	14	13	2	15		
		53.409532	-3.000126
		54.892406	-2.923222
		55.862982	-4.263554
		55.958426	-3.186893
		52.486125	-1.890507
		53.803895	-1.549931
		53.751959	-0.335941
		54.980766	-1.615849
		53.478239	-2.258549
		51.488224	-3.186893
		51.460852	-2.588139
		51.624837	-3.94495
		50.152266	-5.065556
		50.726024	-3.543949
		51.512161	-0.116215
		51.289406	1.075802
		
c	7 5 12 14 13 10 9 8 3 6 4 0 11 1 2 15	2387.61445853751	0.761238554146249	7	5	12	14	13	10	9	8	3	6	4	0	11	1	2	15		
		54.980766	-1.615849
		53.409532	-3.000126
		51.624837	-3.94495
		50.152266	-5.065556
		50.726024	-3.543949
		55.862982	-4.263554
		55.958426	-3.186893
		54.892406	-2.923222
		53.803895	-1.549931
		53.751959	-0.335941
		53.478239	-2.258549
		52.486125	-1.890507
		51.488224	-3.186893
		51.460852	-2.588139
		51.512161	-0.116215
		51.289406	1.075802
		
c	0 3 7 9 5 8 10 6 4 11 12 14 13 1 2 15	2441.07553625695	0.755892446374305	0	3	7	9	5	8	10	6	4	11	12	14	13	1	2	15		
		52.486125	-1.890507
		53.803895	-1.549931
		54.980766	-1.615849
		55.958426	-3.186893
		53.409532	-3.000126
		54.892406	-2.923222
		55.862982	-4.263554
		53.751959	-0.335941
		53.478239	-2.258549
		51.488224	-3.186893
		51.624837	-3.94495
		50.152266	-5.065556
		50.726024	-3.543949
		51.460852	-2.588139
		51.512161	-0.116215
		51.289406	1.075802
		
c	11 1 14 13 6 4 3 0 12 8 10 9 7 5 2 15	2594.68879963161	0.740531120036839	11	1	14	13	6	4	3	0	12	8	10	9	7	5	2	15		
		51.488224	-3.186893
		51.460852	-2.588139
		50.152266	-5.065556
		50.726024	-3.543949
		53.751959	-0.335941
		53.478239	-2.258549
		53.803895	-1.549931
		52.486125	-1.890507
		51.624837	-3.94495
		54.892406	-2.923222
		55.862982	-4.263554
		55.958426	-3.186893
		54.980766	-1.615849
		53.409532	-3.000126
		51.512161	-0.116215
		51.289406	1.075802
		
c	14 13 10 9 8 7 3 6 4 5 0 1 11 12 2 15	2058.90436655884	0.794109563344116	14	13	10	9	8	7	3	6	4	5	0	1	11	12	2	15		
		50.152266	-5.065556
		50.726024	-3.543949
		55.862982	-4.263554
		55.958426	-3.186893
		54.892406	-2.923222
		54.980766	-1.615849
		53.803895	-1.549931
		53.751959	-0.335941
		53.478239	-2.258549
		53.409532	-3.000126
		52.486125	-1.890507
		51.460852	-2.588139
		51.488224	-3.186893
		51.624837	-3.94495
		51.512161	-0.116215
		51.289406	1.075802
		
c	8 3 6 4 5 0 1 11 12 14 13 2 10 9 7 15	2536.61597645717	0.746338402354283	8	3	6	4	5	0	1	11	12	14	13	2	10	9	7	15		
		54.892406	-2.923222
		53.803895	-1.549931
		53.751959	-0.335941
		53.478239	-2.258549
		53.409532	-3.000126
		52.486125	-1.890507
		51.460852	-2.588139
		51.488224	-3.186893
		51.624837	-3.94495
		50.152266	-5.065556
		50.726024	-3.543949
		51.512161	-0.116215
		55.862982	-4.263554
		55.958426	-3.186893
		54.980766	-1.615849
		51.289406	1.075802
		
c	0 3 6 7 9 10 8 4 5 11 1 12 14 13 2 15	1952.05221583734	0.804794778416266	0	3	6	7	9	10	8	4	5	11	1	12	14	13	2	15		
		52.486125	-1.890507
		53.803895	-1.549931
		53.751959	-0.335941
		54.980766	-1.615849
		55.958426	-3.186893
		55.862982	-4.263554
		54.892406	-2.923222
		53.478239	-2.258549
		53.409532	-3.000126
		51.488224	-3.186893
		51.460852	-2.588139
		51.624837	-3.94495
		50.152266	-5.065556
		50.726024	-3.543949
		51.512161	-0.116215
		51.289406	1.075802
		
c	4 10 9 8 7 3 6 5 0 11 12 14 13 1 2 15	1950.73995586087	0.804926004413913	4	10	9	8	7	3	6	5	0	11	12	14	13	1	2	15		
		53.478239	-2.258549
		55.862982	-4.263554
		55.958426	-3.186893
		54.892406	-2.923222
		54.980766	-1.615849
		53.803895	-1.549931
		53.751959	-0.335941
		53.409532	-3.000126
		52.486125	-1.890507
		51.488224	-3.186893
		51.624837	-3.94495
		50.152266	-5.065556
		50.726024	-3.543949
		51.460852	-2.588139
		51.512161	-0.116215
		51.289406	1.075802
		
c	11 1 7 3 6 12 14 13 2 8 10 9 4 5 0 15	2876.55319313538	0.712344680686462	11	1	7	3	6	12	14	13	2	8	10	9	4	5	0	15		
		51.488224	-3.186893
		51.460852	-2.588139
		54.980766	-1.615849
		53.803895	-1.549931
		53.751959	-0.335941
		51.624837	-3.94495
		50.152266	-5.065556
		50.726024	-3.543949
		51.512161	-0.116215
		54.892406	-2.923222
		55.862982	-4.263554
		55.958426	-3.186893
		53.478239	-2.258549
		53.409532	-3.000126
		52.486125	-1.890507
		51.289406	1.075802
		
c	14 10 9 7 8 3 6 4 5 0 11 12 1 13 2 15	2212.17047706646	0.778782952293354	14	10	9	7	8	3	6	4	5	0	11	12	1	13	2	15		
		50.152266	-5.065556
		55.862982	-4.263554
		55.958426	-3.186893
		54.980766	-1.615849
		54.892406	-2.923222
		53.803895	-1.549931
		53.751959	-0.335941
		53.478239	-2.258549
		53.409532	-3.000126
		52.486125	-1.890507
		51.488224	-3.186893
		51.624837	-3.94495
		51.460852	-2.588139
		50.726024	-3.543949
		51.512161	-0.116215
		51.289406	1.075802
		
c	12 8 7 10 9 3 6 4 5 0 11 14 13 1 2 15	2192.77384635231	0.78072261536477	12	8	7	10	9	3	6	4	5	0	11	14	13	1	2	15		
		51.624837	-3.94495
		54.892406	-2.923222
		54.980766	-1.615849
		55.862982	-4.263554
		55.958426	-3.186893
		53.803895	-1.549931
		53.751959	-0.335941
		53.478239	-2.258549
		53.409532	-3.000126
		52.486125	-1.890507
		51.488224	-3.186893
		50.152266	-5.065556
		50.726024	-3.543949
		51.460852	-2.588139
		51.512161	-0.116215
		51.289406	1.075802
		
c	14 13 1 4 5 11 12 10 9 8 7 3 6 0 2 15	2152.69262295716	0.784730737704284	14	13	1	4	5	11	12	10	9	8	7	3	6	0	2	15		
		50.152266	-5.065556
		50.726024	-3.543949
		51.460852	-2.588139
		53.478239	-2.258549
		53.409532	-3.000126
		51.488224	-3.186893
		51.624837	-3.94495
		55.862982	-4.263554
		55.958426	-3.186893
		54.892406	-2.923222
		54.980766	-1.615849
		53.803895	-1.549931
		53.751959	-0.335941
		52.486125	-1.890507
		51.512161	-0.116215
		51.289406	1.075802
		
c	14 13 4 0 1 11 12 10 9 7 8 6 3 5 2 15	2316.52197649946	0.768347802350054	14	13	4	0	1	11	12	10	9	7	8	6	3	5	2	15		
		50.152266	-5.065556
		50.726024	-3.543949
		53.478239	-2.258549
		52.486125	-1.890507
		51.460852	-2.588139
		51.488224	-3.186893
		51.624837	-3.94495
		55.862982	-4.263554
		55.958426	-3.186893
		54.980766	-1.615849
		54.892406	-2.923222
		53.751959	-0.335941
		53.803895	-1.549931
		53.409532	-3.000126
		51.512161	-0.116215
		51.289406	1.075802
		
c	3 6 4 5 0 11 12 8 7 10 9 1 14 13 2 15	2493.65909055511	0.750634090944489	3	6	4	5	0	11	12	8	7	10	9	1	14	13	2	15		
		53.803895	-1.549931
		53.751959	-0.335941
		53.478239	-2.258549
		53.409532	-3.000126
		52.486125	-1.890507
		51.488224	-3.186893
		51.624837	-3.94495
		54.892406	-2.923222
		54.980766	-1.615849
		55.862982	-4.263554
		55.958426	-3.186893
		51.460852	-2.588139
		50.152266	-5.065556
		50.726024	-3.543949
		51.512161	-0.116215
		51.289406	1.075802
		
c	14 1 12 5 0 11 10 9 8 7 3 6 4 13 2 15	2563.78833784116	0.743621166215884	14	1	12	5	0	11	10	9	8	7	3	6	4	13	2	15		
		50.152266	-5.065556
		51.460852	-2.588139
		51.624837	-3.94495
		53.409532	-3.000126
		52.486125	-1.890507
		51.488224	-3.186893
		55.862982	-4.263554
		55.958426	-3.186893
		54.892406	-2.923222
		54.980766	-1.615849
		53.803895	-1.549931
		53.751959	-0.335941
		53.478239	-2.258549
		50.726024	-3.543949
		51.512161	-0.116215
		51.289406	1.075802
		
c	1 11 12 14 13 2 6 3 4 7 9 10 8 5 0 15	2105.53053540146	0.789446946459854	1	11	12	14	13	2	6	3	4	7	9	10	8	5	0	15		
		51.460852	-2.588139
		51.488224	-3.186893
		51.624837	-3.94495
		50.152266	-5.065556
		50.726024	-3.543949
		51.512161	-0.116215
		53.751959	-0.335941
		53.803895	-1.549931
		53.478239	-2.258549
		54.980766	-1.615849
		55.958426	-3.186893
		55.862982	-4.263554
		54.892406	-2.923222
		53.409532	-3.000126
		52.486125	-1.890507
		51.289406	1.075802
		
c	11 12 14 13 1 10 9 8 7 3 6 4 5 0 2 15	2007.23093499378	0.799276906500622	11	12	14	13	1	10	9	8	7	3	6	4	5	0	2	15		
		51.488224	-3.186893
		51.624837	-3.94495
		50.152266	-5.065556
		50.726024	-3.543949
		51.460852	-2.588139
		55.862982	-4.263554
		55.958426	-3.186893
		54.892406	-2.923222
		54.980766	-1.615849
		53.803895	-1.549931
		53.751959	-0.335941
		53.478239	-2.258549
		53.409532	-3.000126
		52.486125	-1.890507
		51.512161	-0.116215
		51.289406	1.075802
		
c	13 10 9 8 7 3 6 4 5 14 1 0 11 12 2 15	2523.3201436367	0.74766798563633	13	10	9	8	7	3	6	4	5	14	1	0	11	12	2	15		
		50.726024	-3.543949
		55.862982	-4.263554
		55.958426	-3.186893
		54.892406	-2.923222
		54.980766	-1.615849
		53.803895	-1.549931
		53.751959	-0.335941
		53.478239	-2.258549
		53.409532	-3.000126
		50.152266	-5.065556
		51.460852	-2.588139
		52.486125	-1.890507
		51.488224	-3.186893
		51.624837	-3.94495
		51.512161	-0.116215
		51.289406	1.075802
		
c	10 9 4 5 0 11 12 14 7 6 3 8 13 1 2 15	2708.26082409323	0.729173917590677	10	9	4	5	0	11	12	14	7	6	3	8	13	1	2	15		
		55.862982	-4.263554
		55.958426	-3.186893
		53.478239	-2.258549
		53.409532	-3.000126
		52.486125	-1.890507
		51.488224	-3.186893
		51.624837	-3.94495
		50.152266	-5.065556
		54.980766	-1.615849
		53.751959	-0.335941
		53.803895	-1.549931
		54.892406	-2.923222
		50.726024	-3.543949
		51.460852	-2.588139
		51.512161	-0.116215
		51.289406	1.075802
		
c	13 1 5 0 11 12 8 10 9 14 7 3 6 4 2 15	3154.9241823403	0.68450758176597	13	1	5	0	11	12	8	10	9	14	7	3	6	4	2	15		
		50.726024	-3.543949
		51.460852	-2.588139
		53.409532	-3.000126
		52.486125	-1.890507
		51.488224	-3.186893
		51.624837	-3.94495
		54.892406	-2.923222
		55.862982	-4.263554
		55.958426	-3.186893
		50.152266	-5.065556
		54.980766	-1.615849
		53.803895	-1.549931
		53.751959	-0.335941
		53.478239	-2.258549
		51.512161	-0.116215
		51.289406	1.075802
		
c	12 0 1 11 14 13 8 10 9 7 6 4 5 3 2 15	2280.46334402314	0.771953665597686	12	0	1	11	14	13	8	10	9	7	6	4	5	3	2	15		
		51.624837	-3.94495
		52.486125	-1.890507
		51.460852	-2.588139
		51.488224	-3.186893
		50.152266	-5.065556
		50.726024	-3.543949
		54.892406	-2.923222
		55.862982	-4.263554
		55.958426	-3.186893
		54.980766	-1.615849
		53.751959	-0.335941
		53.478239	-2.258549
		53.409532	-3.000126
		53.803895	-1.549931
		51.512161	-0.116215
		51.289406	1.075802
		
c	14 13 10 9 7 3 0 6 8 4 5 11 1 12 2 15	2492.93415149542	0.750706584850458	14	13	10	9	7	3	0	6	8	4	5	11	1	12	2	15		
		50.152266	-5.065556
		50.726024	-3.543949
		55.862982	-4.263554
		55.958426	-3.186893
		54.980766	-1.615849
		53.803895	-1.549931
		52.486125	-1.890507
		53.751959	-0.335941
		54.892406	-2.923222
		53.478239	-2.258549
		53.409532	-3.000126
		51.488224	-3.186893
		51.460852	-2.588139
		51.624837	-3.94495
		51.512161	-0.116215
		51.289406	1.075802
		
c	6 7 9 10 8 11 1 12 2 3 4 5 0 14 13 15	2596.05531521444	0.740394468478556	6	7	9	10	8	11	1	12	2	3	4	5	0	14	13	15		
		53.751959	-0.335941
		54.980766	-1.615849
		55.958426	-3.186893
		55.862982	-4.263554
		54.892406	-2.923222
		51.488224	-3.186893
		51.460852	-2.588139
		51.624837	-3.94495
		51.512161	-0.116215
		53.803895	-1.549931
		53.478239	-2.258549
		53.409532	-3.000126
		52.486125	-1.890507
		50.152266	-5.065556
		50.726024	-3.543949
		51.289406	1.075802
		
c	13 1 4 5 0 3 6 7 9 10 8 11 12 14 2 15	2328.03331434902	0.767196668565098	13	1	4	5	0	3	6	7	9	10	8	11	12	14	2	15		
		50.726024	-3.543949
		51.460852	-2.588139
		53.478239	-2.258549
		53.409532	-3.000126
		52.486125	-1.890507
		53.803895	-1.549931
		53.751959	-0.335941
		54.980766	-1.615849
		55.958426	-3.186893
		55.862982	-4.263554
		54.892406	-2.923222
		51.488224	-3.186893
		51.624837	-3.94495
		50.152266	-5.065556
		51.512161	-0.116215
		51.289406	1.075802
		
c	11 12 1 13 2 6 4 5 0 14 10 9 8 7 3 15	2778.35226543234	0.722164773456766	11	12	1	13	2	6	4	5	0	14	10	9	8	7	3	15		
		51.488224	-3.186893
		51.624837	-3.94495
		51.460852	-2.588139
		50.726024	-3.543949
		51.512161	-0.116215
		53.751959	-0.335941
		53.478239	-2.258549
		53.409532	-3.000126
		52.486125	-1.890507
		50.152266	-5.065556
		55.862982	-4.263554
		55.958426	-3.186893
		54.892406	-2.923222
		54.980766	-1.615849
		53.803895	-1.549931
		51.289406	1.075802
		
c	3 6 4 10 9 8 7 5 0 1 11 12 14 13 2 15	1967.86002325319	0.803213997674681	3	6	4	10	9	8	7	5	0	1	11	12	14	13	2	15		
		53.803895	-1.549931
		53.751959	-0.335941
		53.478239	-2.258549
		55.862982	-4.263554
		55.958426	-3.186893
		54.892406	-2.923222
		54.980766	-1.615849
		53.409532	-3.000126
		52.486125	-1.890507
		51.460852	-2.588139
		51.488224	-3.186893
		51.624837	-3.94495
		50.152266	-5.065556
		50.726024	-3.543949
		51.512161	-0.116215
		51.289406	1.075802
		
c	9 10 8 4 5 1 12 14 13 7 3 6 0 11 2 15	2355.98351807237	0.764401648192763	9	10	8	4	5	1	12	14	13	7	3	6	0	11	2	15		
		55.958426	-3.186893
		55.862982	-4.263554
		54.892406	-2.923222
		53.478239	-2.258549
		53.409532	-3.000126
		51.460852	-2.588139
		51.624837	-3.94495
		50.152266	-5.065556
		50.726024	-3.543949
		54.980766	-1.615849
		53.803895	-1.549931
		53.751959	-0.335941
		52.486125	-1.890507
		51.488224	-3.186893
		51.512161	-0.116215
		51.289406	1.075802
		
c	5 0 11 12 14 13 3 6 7 9 10 8 4 1 2 15	2236.43220812968	0.776356779187032	5	0	11	12	14	13	3	6	7	9	10	8	4	1	2	15		
		53.409532	-3.000126
		52.486125	-1.890507
		51.488224	-3.186893
		51.624837	-3.94495
		50.152266	-5.065556
		50.726024	-3.543949
		53.803895	-1.549931
		53.751959	-0.335941
		54.980766	-1.615849
		55.958426	-3.186893
		55.862982	-4.263554
		54.892406	-2.923222
		53.478239	-2.258549
		51.460852	-2.588139
		51.512161	-0.116215
		51.289406	1.075802
		
c	9 7 3 6 4 5 11 12 0 10 8 1 14 13 2 15	2595.09457273458	0.740490542726542	9	7	3	6	4	5	11	12	0	10	8	1	14	13	2	15		
		55.958426	-3.186893
		54.980766	-1.615849
		53.803895	-1.549931
		53.751959	-0.335941
		53.478239	-2.258549
		53.409532	-3.000126
		51.488224	-3.186893
		51.624837	-3.94495
		52.486125	-1.890507
		55.862982	-4.263554
		54.892406	-2.923222
		51.460852	-2.588139
		50.152266	-5.065556
		50.726024	-3.543949
		51.512161	-0.116215
		51.289406	1.075802
		
c	7 6 10 9 3 4 5 0 11 14 8 12 1 13 2 15	2867.9319427349	0.71320680572651	7	6	10	9	3	4	5	0	11	14	8	12	1	13	2	15		
		54.980766	-1.615849
		53.751959	-0.335941
		55.862982	-4.263554
		55.958426	-3.186893
		53.803895	-1.549931
		53.478239	-2.258549
		53.409532	-3.000126
		52.486125	-1.890507
		51.488224	-3.186893
		50.152266	-5.065556
		54.892406	-2.923222
		51.624837	-3.94495
		51.460852	-2.588139
		50.726024	-3.543949
		51.512161	-0.116215
		51.289406	1.075802
		
c	3 4 5 11 12 14 13 1 0 6 9 7 10 8 2 15	2377.91028643957	0.762208971356043	3	4	5	11	12	14	13	1	0	6	9	7	10	8	2	15		
		53.803895	-1.549931
		53.478239	-2.258549
		53.409532	-3.000126
		51.488224	-3.186893
		51.624837	-3.94495
		50.152266	-5.065556
		50.726024	-3.543949
		51.460852	-2.588139
		52.486125	-1.890507
		53.751959	-0.335941
		55.958426	-3.186893
		54.980766	-1.615849
		55.862982	-4.263554
		54.892406	-2.923222
		51.512161	-0.116215
		51.289406	1.075802
		
c	12 14 13 1 2 7 4 5 0 3 6 9 10 8 11 15	2745.23148990723	0.725476851009277	12	14	13	1	2	7	4	5	0	3	6	9	10	8	11	15		
		51.624837	-3.94495
		50.152266	-5.065556
		50.726024	-3.543949
		51.460852	-2.588139
		51.512161	-0.116215
		54.980766	-1.615849
		53.478239	-2.258549
		53.409532	-3.000126
		52.486125	-1.890507
		53.803895	-1.549931
		53.751959	-0.335941
		55.958426	-3.186893
		55.862982	-4.263554
		54.892406	-2.923222
		51.488224	-3.186893
		51.289406	1.075802
		
c	11 12 14 13 1 10 9 7 8 3 6 4 5 0 2 15	2053.87644566889	0.794612355433111	11	12	14	13	1	10	9	7	8	3	6	4	5	0	2	15		
		51.488224	-3.186893
		51.624837	-3.94495
		50.152266	-5.065556
		50.726024	-3.543949
		51.460852	-2.588139
		55.862982	-4.263554
		55.958426	-3.186893
		54.980766	-1.615849
		54.892406	-2.923222
		53.803895	-1.549931
		53.751959	-0.335941
		53.478239	-2.258549
		53.409532	-3.000126
		52.486125	-1.890507
		51.512161	-0.116215
		51.289406	1.075802
		
c	6 3 4 11 12 7 9 10 8 5 0 14 13 1 2 15	2300.34488629759	0.769965511370241	6	3	4	11	12	7	9	10	8	5	0	14	13	1	2	15		
		53.751959	-0.335941
		53.803895	-1.549931
		53.478239	-2.258549
		51.488224	-3.186893
		51.624837	-3.94495
		54.980766	-1.615849
		55.958426	-3.186893
		55.862982	-4.263554
		54.892406	-2.923222
		53.409532	-3.000126
		52.486125	-1.890507
		50.152266	-5.065556
		50.726024	-3.543949
		51.460852	-2.588139
		51.512161	-0.116215
		51.289406	1.075802
		
g137		1614.70757855554	0.838529242144446	0	10	9	8	7	6	3	4	5	0	1	11	12	14	13	2	15		
		55.862982	-4.263554
		55.958426	-3.186893
		54.892406	-2.923222
		54.980766	-1.615849
		53.751959	-0.335941
		53.803895	-1.549931
		53.478239	-2.258549
		53.409532	-3.000126
		52.486125	-1.890507
		51.460852	-2.588139
		51.488224	-3.186893
		51.624837	-3.94495
		50.152266	-5.065556
		50.726024	-3.543949
		51.512161	-0.116215
		51.289406	1.075802
		
g137		1632.18241801618	0.836781758198382	1	9	10	8	7	6	3	4	5	0	1	11	12	14	13	2	15		
		55.958426	-3.186893
		55.862982	-4.263554
		54.892406	-2.923222
		54.980766	-1.615849
		53.751959	-0.335941
		53.803895	-1.549931
		53.478239	-2.258549
		53.409532	-3.000126
		52.486125	-1.890507
		51.460852	-2.588139
		51.488224	-3.186893
		51.624837	-3.94495
		50.152266	-5.065556
		50.726024	-3.543949
		51.512161	-0.116215
		51.289406	1.075802
		
g137		1656.09836620198	0.834390163379802	2	10	9	8	7	3	6	4	5	0	11	12	14	13	1	2	15		
		55.862982	-4.263554
		55.958426	-3.186893
		54.892406	-2.923222
		54.980766	-1.615849
		53.803895	-1.549931
		53.751959	-0.335941
		53.478239	-2.258549
		53.409532	-3.000126
		52.486125	-1.890507
		51.488224	-3.186893
		51.624837	-3.94495
		50.152266	-5.065556
		50.726024	-3.543949
		51.460852	-2.588139
		51.512161	-0.116215
		51.289406	1.075802
		
g137		1657.12946446462	0.834287053553538	3	10	9	8	7	3	6	4	5	0	1	11	12	14	13	2	15		
		55.862982	-4.263554
		55.958426	-3.186893
		54.892406	-2.923222
		54.980766	-1.615849
		53.803895	-1.549931
		53.751959	-0.335941
		53.478239	-2.258549
		53.409532	-3.000126
		52.486125	-1.890507
		51.460852	-2.588139
		51.488224	-3.186893
		51.624837	-3.94495
		50.152266	-5.065556
		50.726024	-3.543949
		51.512161	-0.116215
		51.289406	1.075802
		
g137		1673.57320566262	0.832642679433738	4	9	10	8	7	3	6	4	5	0	11	12	14	13	1	2	15		
		55.958426	-3.186893
		55.862982	-4.263554
		54.892406	-2.923222
		54.980766	-1.615849
		53.803895	-1.549931
		53.751959	-0.335941
		53.478239	-2.258549
		53.409532	-3.000126
		52.486125	-1.890507
		51.488224	-3.186893
		51.624837	-3.94495
		50.152266	-5.065556
		50.726024	-3.543949
		51.460852	-2.588139
		51.512161	-0.116215
		51.289406	1.075802
		
g137		1691.49843627536	0.830850156372464	5	10	9	7	8	6	3	4	5	0	11	12	14	13	1	2	15		
		55.862982	-4.263554
		55.958426	-3.186893
		54.980766	-1.615849
		54.892406	-2.923222
		53.751959	-0.335941
		53.803895	-1.549931
		53.478239	-2.258549
		53.409532	-3.000126
		52.486125	-1.890507
		51.488224	-3.186893
		51.624837	-3.94495
		50.152266	-5.065556
		50.726024	-3.543949
		51.460852	-2.588139
		51.512161	-0.116215
		51.289406	1.075802
		
