c	11 15 0 12 13 14 10 7 2 1 9 8 3 4 6 5	3480.39491841044	0.651960508158956	11	15	0	12	13	14	10	7	2	1	9	8	3	4	6	5		
		51.488224	-3.186893
		51.289406	1.075802
		52.486125	-1.890507
		51.624837	-3.94495
		50.726024	-3.543949
		50.152266	-5.065556
		55.862982	-4.263554
		54.980766	-1.615849
		51.512161	-0.116215
		51.460852	-2.588139
		55.958426	-3.186893
		54.892406	-2.923222
		53.803895	-1.549931
		53.478239	-2.258549
		53.751959	-0.335941
		53.409532	-3.000126
		
c	9 5 0 10 8 6 7 12 14 13 1 2 15 11 4 3	2983.23895668852	0.701676104331148	9	5	0	10	8	6	7	12	14	13	1	2	15	11	4	3		
		55.958426	-3.186893
		53.409532	-3.000126
		52.486125	-1.890507
		55.862982	-4.263554
		54.892406	-2.923222
		53.751959	-0.335941
		54.980766	-1.615849
		51.624837	-3.94495
		50.152266	-5.065556
		50.726024	-3.543949
		51.460852	-2.588139
		51.512161	-0.116215
		51.289406	1.075802
		51.488224	-3.186893
		53.478239	-2.258549
		53.803895	-1.549931
		
c	9 6 15 2 14 13 5 3 8 10 12 1 11 0 4 7	2915.7953228703	0.70842046771297	9	6	15	2	14	13	5	3	8	10	12	1	11	0	4	7		
		55.958426	-3.186893
		53.751959	-0.335941
		51.289406	1.075802
		51.512161	-0.116215
		50.152266	-5.065556
		50.726024	-3.543949
		53.409532	-3.000126
		53.803895	-1.549931
		54.892406	-2.923222
		55.862982	-4.263554
		51.624837	-3.94495
		51.460852	-2.588139
		51.488224	-3.186893
		52.486125	-1.890507
		53.478239	-2.258549
		54.980766	-1.615849
		
c	14 11 0 4 6 3 8 7 10 9 5 2 15 13 1 12	2347.98896481538	0.765201103518462	14	11	0	4	6	3	8	7	10	9	5	2	15	13	1	12		
		50.152266	-5.065556
		51.488224	-3.186893
		52.486125	-1.890507
		53.478239	-2.258549
		53.751959	-0.335941
		53.803895	-1.549931
		54.892406	-2.923222
		54.980766	-1.615849
		55.862982	-4.263554
		55.958426	-3.186893
		53.409532	-3.000126
		51.512161	-0.116215
		51.289406	1.075802
		50.726024	-3.543949
		51.460852	-2.588139
		51.624837	-3.94495
		
c	6 11 15 2 4 9 8 3 10 7 5 12 14 13 1 0	2936.24058627432	0.706375941372568	6	11	15	2	4	9	8	3	10	7	5	12	14	13	1	0		
		53.751959	-0.335941
		51.488224	-3.186893
		51.289406	1.075802
		51.512161	-0.116215
		53.478239	-2.258549
		55.958426	-3.186893
		54.892406	-2.923222
		53.803895	-1.549931
		55.862982	-4.263554
		54.980766	-1.615849
		53.409532	-3.000126
		51.624837	-3.94495
		50.152266	-5.065556
		50.726024	-3.543949
		51.460852	-2.588139
		52.486125	-1.890507
		
c	3 9 8 1 12 14 13 11 0 4 7 5 10 6 15 2	2883.07353950576	0.711692646049424	3	9	8	1	12	14	13	11	0	4	7	5	10	6	15	2		
		53.803895	-1.549931
		55.958426	-3.186893
		54.892406	-2.923222
		51.460852	-2.588139
		51.624837	-3.94495
		50.152266	-5.065556
		50.726024	-3.543949
		51.488224	-3.186893
		52.486125	-1.890507
		53.478239	-2.258549
		54.980766	-1.615849
		53.409532	-3.000126
		55.862982	-4.263554
		53.751959	-0.335941
		51.289406	1.075802
		51.512161	-0.116215
		
c	3 9 10 8 6 7 5 4 1 13 2 15 14 0 12 11	2770.28230932604	0.722971769067396	3	9	10	8	6	7	5	4	1	13	2	15	14	0	12	11		
		53.803895	-1.549931
		55.958426	-3.186893
		55.862982	-4.263554
		54.892406	-2.923222
		53.751959	-0.335941
		54.980766	-1.615849
		53.409532	-3.000126
		53.478239	-2.258549
		51.460852	-2.588139
		50.726024	-3.543949
		51.512161	-0.116215
		51.289406	1.075802
		50.152266	-5.065556
		52.486125	-1.890507
		51.624837	-3.94495
		51.488224	-3.186893
		
c	0 4 6 3 8 7 10 9 5 11 2 15 13 14 1 12	2392.84024772675	0.760715975227325	0	4	6	3	8	7	10	9	5	11	2	15	13	14	1	12		
		52.486125	-1.890507
		53.478239	-2.258549
		53.751959	-0.335941
		53.803895	-1.549931
		54.892406	-2.923222
		54.980766	-1.615849
		55.862982	-4.263554
		55.958426	-3.186893
		53.409532	-3.000126
		51.488224	-3.186893
		51.512161	-0.116215
		51.289406	1.075802
		50.726024	-3.543949
		50.152266	-5.065556
		51.460852	-2.588139
		51.624837	-3.94495
		
c	9 5 11 2 15 14 0 3 4 8 7 10 6 12 13 1	3128.2833962498	0.68717166037502	9	5	11	2	15	14	0	3	4	8	7	10	6	12	13	1		
		55.958426	-3.186893
		53.409532	-3.000126
		51.488224	-3.186893
		51.512161	-0.116215
		51.289406	1.075802
		50.152266	-5.065556
		52.486125	-1.890507
		53.803895	-1.549931
		53.478239	-2.258549
		54.892406	-2.923222
		54.980766	-1.615849
		55.862982	-4.263554
		53.751959	-0.335941
		51.624837	-3.94495
		50.726024	-3.543949
		51.460852	-2.588139
		
c	0 1 11 13 4 8 7 10 9 5 12 14 2 15 3 6	2630.94842158677	0.736905157841323	0	1	11	13	4	8	7	10	9	5	12	14	2	15	3	6		
		52.486125	-1.890507
		51.460852	-2.588139
		51.488224	-3.186893
		50.726024	-3.543949
		53.478239	-2.258549
		54.892406	-2.923222
		54.980766	-1.615849
		55.862982	-4.263554
		55.958426	-3.186893
		53.409532	-3.000126
		51.624837	-3.94495
		50.152266	-5.065556
		51.512161	-0.116215
		51.289406	1.075802
		53.803895	-1.549931
		53.751959	-0.335941
		
c	13 11 0 4 12 2 15 8 6 3 7 10 9 5 1 14	2823.40248860565	0.717659751139435	13	11	0	4	12	2	15	8	6	3	7	10	9	5	1	14		
		50.726024	-3.543949
		51.488224	-3.186893
		52.486125	-1.890507
		53.478239	-2.258549
		51.624837	-3.94495
		51.512161	-0.116215
		51.289406	1.075802
		54.892406	-2.923222
		53.751959	-0.335941
		53.803895	-1.549931
		54.980766	-1.615849
		55.862982	-4.263554
		55.958426	-3.186893
		53.409532	-3.000126
		51.460852	-2.588139
		50.152266	-5.065556
		
c	14 0 12 11 8 3 7 10 9 5 1 2 15 4 6 13	3110.37215019057	0.688962784980943	14	0	12	11	8	3	7	10	9	5	1	2	15	4	6	13		
		50.152266	-5.065556
		52.486125	-1.890507
		51.624837	-3.94495
		51.488224	-3.186893
		54.892406	-2.923222
		53.803895	-1.549931
		54.980766	-1.615849
		55.862982	-4.263554
		55.958426	-3.186893
		53.409532	-3.000126
		51.460852	-2.588139
		51.512161	-0.116215
		51.289406	1.075802
		53.478239	-2.258549
		53.751959	-0.335941
		50.726024	-3.543949
		
c	14 8 10 6 3 1 12 5 4 7 9 11 0 15 2 13	3273.96378620596	0.672603621379404	14	8	10	6	3	1	12	5	4	7	9	11	0	15	2	13		
		50.152266	-5.065556
		54.892406	-2.923222
		55.862982	-4.263554
		53.751959	-0.335941
		53.803895	-1.549931
		51.460852	-2.588139
		51.624837	-3.94495
		53.409532	-3.000126
		53.478239	-2.258549
		54.980766	-1.615849
		55.958426	-3.186893
		51.488224	-3.186893
		52.486125	-1.890507
		51.289406	1.075802
		51.512161	-0.116215
		50.726024	-3.543949
		
c	4 8 6 12 14 10 9 3 1 5 13 2 15 0 11 7	3778.23774672485	0.622176225327515	4	8	6	12	14	10	9	3	1	5	13	2	15	0	11	7		
		53.478239	-2.258549
		54.892406	-2.923222
		53.751959	-0.335941
		51.624837	-3.94495
		50.152266	-5.065556
		55.862982	-4.263554
		55.958426	-3.186893
		53.803895	-1.549931
		51.460852	-2.588139
		53.409532	-3.000126
		50.726024	-3.543949
		51.512161	-0.116215
		51.289406	1.075802
		52.486125	-1.890507
		51.488224	-3.186893
		54.980766	-1.615849
		
c	15 2 11 0 3 9 4 7 8 10 6 1 12 14 13 5	2870.18932579114	0.712981067420886	15	2	11	0	3	9	4	7	8	10	6	1	12	14	13	5		
		51.289406	1.075802
		51.512161	-0.116215
		51.488224	-3.186893
		52.486125	-1.890507
		53.803895	-1.549931
		55.958426	-3.186893
		53.478239	-2.258549
		54.980766	-1.615849
		54.892406	-2.923222
		55.862982	-4.263554
		53.751959	-0.335941
		51.460852	-2.588139
		51.624837	-3.94495
		50.152266	-5.065556
		50.726024	-3.543949
		53.409532	-3.000126
		
c	8 7 10 3 6 4 1 5 13 2 15 9 12 14 11 0	3458.20578338652	0.654179421661348	8	7	10	3	6	4	1	5	13	2	15	9	12	14	11	0		
		54.892406	-2.923222
		54.980766	-1.615849
		55.862982	-4.263554
		53.803895	-1.549931
		53.751959	-0.335941
		53.478239	-2.258549
		51.460852	-2.588139
		53.409532	-3.000126
		50.726024	-3.543949
		51.512161	-0.116215
		51.289406	1.075802
		55.958426	-3.186893
		51.624837	-3.94495
		50.152266	-5.065556
		51.488224	-3.186893
		52.486125	-1.890507
		
c	11 0 4 6 3 8 7 10 9 5 2 15 13 1 12 14	2330.92260803707	0.766907739196293	11	0	4	6	3	8	7	10	9	5	2	15	13	1	12	14		
		51.488224	-3.186893
		52.486125	-1.890507
		53.478239	-2.258549
		53.751959	-0.335941
		53.803895	-1.549931
		54.892406	-2.923222
		54.980766	-1.615849
		55.862982	-4.263554
		55.958426	-3.186893
		53.409532	-3.000126
		51.512161	-0.116215
		51.289406	1.075802
		50.726024	-3.543949
		51.460852	-2.588139
		51.624837	-3.94495
		50.152266	-5.065556
		
c	5 13 2 0 4 6 3 8 7 10 9 11 15 14 1 12	3103.90128194149	0.689609871805851	5	13	2	0	4	6	3	8	7	10	9	11	15	14	1	12		
		53.409532	-3.000126
		50.726024	-3.543949
		51.512161	-0.116215
		52.486125	-1.890507
		53.478239	-2.258549
		53.751959	-0.335941
		53.803895	-1.549931
		54.892406	-2.923222
		54.980766	-1.615849
		55.862982	-4.263554
		55.958426	-3.186893
		51.488224	-3.186893
		51.289406	1.075802
		50.152266	-5.065556
		51.460852	-2.588139
		51.624837	-3.94495
		
c	3 8 7 10 9 5 0 4 6 11 2 15 13 14 1 12	2542.42033766728	0.745757966233272	3	8	7	10	9	5	0	4	6	11	2	15	13	14	1	12		
		53.803895	-1.549931
		54.892406	-2.923222
		54.980766	-1.615849
		55.862982	-4.263554
		55.958426	-3.186893
		53.409532	-3.000126
		52.486125	-1.890507
		53.478239	-2.258549
		53.751959	-0.335941
		51.488224	-3.186893
		51.512161	-0.116215
		51.289406	1.075802
		50.726024	-3.543949
		50.152266	-5.065556
		51.460852	-2.588139
		51.624837	-3.94495
		
c	15 14 0 3 4 8 5 12 13 1 2 7 9 10 6 11	3189.52957558932	0.681047042441068	15	14	0	3	4	8	5	12	13	1	2	7	9	10	6	11		
		51.289406	1.075802
		50.152266	-5.065556
		52.486125	-1.890507
		53.803895	-1.549931
		53.478239	-2.258549
		54.892406	-2.923222
		53.409532	-3.000126
		51.624837	-3.94495
		50.726024	-3.543949
		51.460852	-2.588139
		51.512161	-0.116215
		54.980766	-1.615849
		55.958426	-3.186893
		55.862982	-4.263554
		53.751959	-0.335941
		51.488224	-3.186893
		
c	12 14 13 8 4 6 3 7 10 9 5 0 1 11 2 15	2412.59143761856	0.758740856238144	12	14	13	8	4	6	3	7	10	9	5	0	1	11	2	15		
		51.624837	-3.94495
		50.152266	-5.065556
		50.726024	-3.543949
		54.892406	-2.923222
		53.478239	-2.258549
		53.751959	-0.335941
		53.803895	-1.549931
		54.980766	-1.615849
		55.862982	-4.263554
		55.958426	-3.186893
		53.409532	-3.000126
		52.486125	-1.890507
		51.460852	-2.588139
		51.488224	-3.186893
		51.512161	-0.116215
		51.289406	1.075802
		
c	2 0 7 9 15 8 5 11 14 3 4 10 6 12 13 1	3955.28300968527	0.604471699031473	2	0	7	9	15	8	5	11	14	3	4	10	6	12	13	1		
		51.512161	-0.116215
		52.486125	-1.890507
		54.980766	-1.615849
		55.958426	-3.186893
		51.289406	1.075802
		54.892406	-2.923222
		53.409532	-3.000126
		51.488224	-3.186893
		50.152266	-5.065556
		53.803895	-1.549931
		53.478239	-2.258549
		55.862982	-4.263554
		53.751959	-0.335941
		51.624837	-3.94495
		50.726024	-3.543949
		51.460852	-2.588139
		
c	14 11 0 4 8 7 10 9 5 6 3 2 15 1 12 13	2319.49489286992	0.768050510713008	14	11	0	4	8	7	10	9	5	6	3	2	15	1	12	13		
		50.152266	-5.065556
		51.488224	-3.186893
		52.486125	-1.890507
		53.478239	-2.258549
		54.892406	-2.923222
		54.980766	-1.615849
		55.862982	-4.263554
		55.958426	-3.186893
		53.409532	-3.000126
		53.751959	-0.335941
		53.803895	-1.549931
		51.512161	-0.116215
		51.289406	1.075802
		51.460852	-2.588139
		51.624837	-3.94495
		50.726024	-3.543949
		
c	14 13 1 2 15 9 8 12 11 0 4 7 5 10 3 6	2898.24648771661	0.71017535122834	14	13	1	2	15	9	8	12	11	0	4	7	5	10	3	6		
		50.152266	-5.065556
		50.726024	-3.543949
		51.460852	-2.588139
		51.512161	-0.116215
		51.289406	1.075802
		55.958426	-3.186893
		54.892406	-2.923222
		51.624837	-3.94495
		51.488224	-3.186893
		52.486125	-1.890507
		53.478239	-2.258549
		54.980766	-1.615849
		53.409532	-3.000126
		55.862982	-4.263554
		53.803895	-1.549931
		53.751959	-0.335941
		
c	9 6 11 12 14 13 0 4 8 7 10 5 3 2 15 1	2768.22993014164	0.723177006985836	9	6	11	12	14	13	0	4	8	7	10	5	3	2	15	1		
		55.958426	-3.186893
		53.751959	-0.335941
		51.488224	-3.186893
		51.624837	-3.94495
		50.152266	-5.065556
		50.726024	-3.543949
		52.486125	-1.890507
		53.478239	-2.258549
		54.892406	-2.923222
		54.980766	-1.615849
		55.862982	-4.263554
		53.409532	-3.000126
		53.803895	-1.549931
		51.512161	-0.116215
		51.289406	1.075802
		51.460852	-2.588139
		
c	3 9 10 8 6 7 5 12 14 13 1 2 15 11 0 4	2463.32346669914	0.753667653330086	3	9	10	8	6	7	5	12	14	13	1	2	15	11	0	4		
		53.803895	-1.549931
		55.958426	-3.186893
		55.862982	-4.263554
		54.892406	-2.923222
		53.751959	-0.335941
		54.980766	-1.615849
		53.409532	-3.000126
		51.624837	-3.94495
		50.152266	-5.065556
		50.726024	-3.543949
		51.460852	-2.588139
		51.512161	-0.116215
		51.289406	1.075802
		51.488224	-3.186893
		52.486125	-1.890507
		53.478239	-2.258549
		
c	11 0 5 12 13 2 15 3 4 7 9 8 10 6 1 14	2756.12869136323	0.724387130863677	11	0	5	12	13	2	15	3	4	7	9	8	10	6	1	14		
		51.488224	-3.186893
		52.486125	-1.890507
		53.409532	-3.000126
		51.624837	-3.94495
		50.726024	-3.543949
		51.512161	-0.116215
		51.289406	1.075802
		53.803895	-1.549931
		53.478239	-2.258549
		54.980766	-1.615849
		55.958426	-3.186893
		54.892406	-2.923222
		55.862982	-4.263554
		53.751959	-0.335941
		51.460852	-2.588139
		50.152266	-5.065556
		
c	15 11 0 13 4 3 9 10 8 6 7 5 12 1 2 14	2930.19226042454	0.706980773957546	15	11	0	13	4	3	9	10	8	6	7	5	12	1	2	14		
		51.289406	1.075802
		51.488224	-3.186893
		52.486125	-1.890507
		50.726024	-3.543949
		53.478239	-2.258549
		53.803895	-1.549931
		55.958426	-3.186893
		55.862982	-4.263554
		54.892406	-2.923222
		53.751959	-0.335941
		54.980766	-1.615849
		53.409532	-3.000126
		51.624837	-3.94495
		51.460852	-2.588139
		51.512161	-0.116215
		50.152266	-5.065556
		
c	4 12 5 14 8 6 3 7 10 9 0 1 11 2 15 13	3250.89722285649	0.674910277714351	4	12	5	14	8	6	3	7	10	9	0	1	11	2	15	13		
		53.478239	-2.258549
		51.624837	-3.94495
		53.409532	-3.000126
		50.152266	-5.065556
		54.892406	-2.923222
		53.751959	-0.335941
		53.803895	-1.549931
		54.980766	-1.615849
		55.862982	-4.263554
		55.958426	-3.186893
		52.486125	-1.890507
		51.460852	-2.588139
		51.488224	-3.186893
		51.512161	-0.116215
		51.289406	1.075802
		50.726024	-3.543949
		
c	9 8 10 6 5 7 3 1 11 15 2 14 13 0 12 4	2938.88260789768	0.706111739210232	9	8	10	6	5	7	3	1	11	15	2	14	13	0	12	4		
		55.958426	-3.186893
		54.892406	-2.923222
		55.862982	-4.263554
		53.751959	-0.335941
		53.409532	-3.000126
		54.980766	-1.615849
		53.803895	-1.549931
		51.460852	-2.588139
		51.488224	-3.186893
		51.289406	1.075802
		51.512161	-0.116215
		50.152266	-5.065556
		50.726024	-3.543949
		52.486125	-1.890507
		51.624837	-3.94495
		53.478239	-2.258549
		
c	14 8 11 0 4 12 2 15 6 3 7 9 10 5 13 1	3174.10523114135	0.682589476885865	14	8	11	0	4	12	2	15	6	3	7	9	10	5	13	1		
		50.152266	-5.065556
		54.892406	-2.923222
		51.488224	-3.186893
		52.486125	-1.890507
		53.478239	-2.258549
		51.624837	-3.94495
		51.512161	-0.116215
		51.289406	1.075802
		53.751959	-0.335941
		53.803895	-1.549931
		54.980766	-1.615849
		55.958426	-3.186893
		55.862982	-4.263554
		53.409532	-3.000126
		50.726024	-3.543949
		51.460852	-2.588139
		
c	0 12 13 14 9 8 5 4 10 7 2 1 11 15 3 6	3198.46535811966	0.680153464188034	0	12	13	14	9	8	5	4	10	7	2	1	11	15	3	6		
		52.486125	-1.890507
		51.624837	-3.94495
		50.726024	-3.543949
		50.152266	-5.065556
		55.958426	-3.186893
		54.892406	-2.923222
		53.409532	-3.000126
		53.478239	-2.258549
		55.862982	-4.263554
		54.980766	-1.615849
		51.512161	-0.116215
		51.460852	-2.588139
		51.488224	-3.186893
		51.289406	1.075802
		53.803895	-1.549931
		53.751959	-0.335941
		
c	8 7 10 9 5 0 4 6 3 11 2 15 13 14 1 12	2435.51364850131	0.756448635149869	8	7	10	9	5	0	4	6	3	11	2	15	13	14	1	12		
		54.892406	-2.923222
		54.980766	-1.615849
		55.862982	-4.263554
		55.958426	-3.186893
		53.409532	-3.000126
		52.486125	-1.890507
		53.478239	-2.258549
		53.751959	-0.335941
		53.803895	-1.549931
		51.488224	-3.186893
		51.512161	-0.116215
		51.289406	1.075802
		50.726024	-3.543949
		50.152266	-5.065556
		51.460852	-2.588139
		51.624837	-3.94495
		
c	11 4 7 9 8 12 14 13 1 2 15 0 10 5 6 3	2902.24345708104	0.709775654291896	11	4	7	9	8	12	14	13	1	2	15	0	10	5	6	3		
		51.488224	-3.186893
		53.478239	-2.258549
		54.980766	-1.615849
		55.958426	-3.186893
		54.892406	-2.923222
		51.624837	-3.94495
		50.152266	-5.065556
		50.726024	-3.543949
		51.460852	-2.588139
		51.512161	-0.116215
		51.289406	1.075802
		52.486125	-1.890507
		55.862982	-4.263554
		53.409532	-3.000126
		53.751959	-0.335941
		53.803895	-1.549931
		
c	1 11 2 15 13 14 12 0 4 8 7 10 9 5 6 3	2311.96152235542	0.768803847764458	1	11	2	15	13	14	12	0	4	8	7	10	9	5	6	3		
		51.460852	-2.588139
		51.488224	-3.186893
		51.512161	-0.116215
		51.289406	1.075802
		50.726024	-3.543949
		50.152266	-5.065556
		51.624837	-3.94495
		52.486125	-1.890507
		53.478239	-2.258549
		54.892406	-2.923222
		54.980766	-1.615849
		55.862982	-4.263554
		55.958426	-3.186893
		53.409532	-3.000126
		53.751959	-0.335941
		53.803895	-1.549931
		
c	6 4 1 14 11 0 5 12 13 2 15 3 8 7 10 9	2530.68897349452	0.746931102650548	6	4	1	14	11	0	5	12	13	2	15	3	8	7	10	9		
		53.751959	-0.335941
		53.478239	-2.258549
		51.460852	-2.588139
		50.152266	-5.065556
		51.488224	-3.186893
		52.486125	-1.890507
		53.409532	-3.000126
		51.624837	-3.94495
		50.726024	-3.543949
		51.512161	-0.116215
		51.289406	1.075802
		53.803895	-1.549931
		54.892406	-2.923222
		54.980766	-1.615849
		55.862982	-4.263554
		55.958426	-3.186893
		
c	9 5 6 3 2 15 8 4 7 10 0 1 11 13 14 12	2879.14351776863	0.712085648223137	9	5	6	3	2	15	8	4	7	10	0	1	11	13	14	12		
		55.958426	-3.186893
		53.409532	-3.000126
		53.751959	-0.335941
		53.803895	-1.549931
		51.512161	-0.116215
		51.289406	1.075802
		54.892406	-2.923222
		53.478239	-2.258549
		54.980766	-1.615849
		55.862982	-4.263554
		52.486125	-1.890507
		51.460852	-2.588139
		51.488224	-3.186893
		50.726024	-3.543949
		50.152266	-5.065556
		51.624837	-3.94495
		
c	8 5 12 7 10 9 0 13 1 14 11 4 2 15 6 3	3140.50318157512	0.685949681842488	8	5	12	7	10	9	0	13	1	14	11	4	2	15	6	3		
		54.892406	-2.923222
		53.409532	-3.000126
		51.624837	-3.94495
		54.980766	-1.615849
		55.862982	-4.263554
		55.958426	-3.186893
		52.486125	-1.890507
		50.726024	-3.543949
		51.460852	-2.588139
		50.152266	-5.065556
		51.488224	-3.186893
		53.478239	-2.258549
		51.512161	-0.116215
		51.289406	1.075802
		53.751959	-0.335941
		53.803895	-1.549931
		
c	5 11 8 4 0 6 3 7 10 9 2 15 13 1 12 14	2848.64334456056	0.715135665543944	5	11	8	4	0	6	3	7	10	9	2	15	13	1	12	14		
		53.409532	-3.000126
		51.488224	-3.186893
		54.892406	-2.923222
		53.478239	-2.258549
		52.486125	-1.890507
		53.751959	-0.335941
		53.803895	-1.549931
		54.980766	-1.615849
		55.862982	-4.263554
		55.958426	-3.186893
		51.512161	-0.116215
		51.289406	1.075802
		50.726024	-3.543949
		51.460852	-2.588139
		51.624837	-3.94495
		50.152266	-5.065556
		
c	9 8 1 12 14 13 11 0 4 7 5 10 3 6 15 2	2644.93737170084	0.735506262829916	9	8	1	12	14	13	11	0	4	7	5	10	3	6	15	2		
		55.958426	-3.186893
		54.892406	-2.923222
		51.460852	-2.588139
		51.624837	-3.94495
		50.152266	-5.065556
		50.726024	-3.543949
		51.488224	-3.186893
		52.486125	-1.890507
		53.478239	-2.258549
		54.980766	-1.615849
		53.409532	-3.000126
		55.862982	-4.263554
		53.803895	-1.549931
		53.751959	-0.335941
		51.289406	1.075802
		51.512161	-0.116215
		
c	6 3 8 7 2 14 13 5 11 4 10 9 0 1 15 12	3447.9198196763	0.65520801803237	6	3	8	7	2	14	13	5	11	4	10	9	0	1	15	12		
		53.751959	-0.335941
		53.803895	-1.549931
		54.892406	-2.923222
		54.980766	-1.615849
		51.512161	-0.116215
		50.152266	-5.065556
		50.726024	-3.543949
		53.409532	-3.000126
		51.488224	-3.186893
		53.478239	-2.258549
		55.862982	-4.263554
		55.958426	-3.186893
		52.486125	-1.890507
		51.460852	-2.588139
		51.289406	1.075802
		51.624837	-3.94495
		
c	0 4 9 7 5 10 8 3 6 15 11 2 13 14 1 12	2892.28366534168	0.710771633465832	0	4	9	7	5	10	8	3	6	15	11	2	13	14	1	12		
		52.486125	-1.890507
		53.478239	-2.258549
		55.958426	-3.186893
		54.980766	-1.615849
		53.409532	-3.000126
		55.862982	-4.263554
		54.892406	-2.923222
		53.803895	-1.549931
		53.751959	-0.335941
		51.289406	1.075802
		51.488224	-3.186893
		51.512161	-0.116215
		50.726024	-3.543949
		50.152266	-5.065556
		51.460852	-2.588139
		51.624837	-3.94495
		
c	5 3 1 11 0 4 9 14 13 12 2 15 8 6 7 10	3236.91720926348	0.676308279073652	5	3	1	11	0	4	9	14	13	12	2	15	8	6	7	10		
		53.409532	-3.000126
		53.803895	-1.549931
		51.460852	-2.588139
		51.488224	-3.186893
		52.486125	-1.890507
		53.478239	-2.258549
		55.958426	-3.186893
		50.152266	-5.065556
		50.726024	-3.543949
		51.624837	-3.94495
		51.512161	-0.116215
		51.289406	1.075802
		54.892406	-2.923222
		53.751959	-0.335941
		54.980766	-1.615849
		55.862982	-4.263554
		
c	3 6 1 11 15 2 14 13 0 12 5 4 9 10 8 7	2531.40692596414	0.746859307403586	3	6	1	11	15	2	14	13	0	12	5	4	9	10	8	7		
		53.803895	-1.549931
		53.751959	-0.335941
		51.460852	-2.588139
		51.488224	-3.186893
		51.289406	1.075802
		51.512161	-0.116215
		50.152266	-5.065556
		50.726024	-3.543949
		52.486125	-1.890507
		51.624837	-3.94495
		53.409532	-3.000126
		53.478239	-2.258549
		55.958426	-3.186893
		55.862982	-4.263554
		54.892406	-2.923222
		54.980766	-1.615849
		
c	12 2 11 4 7 9 8 10 6 3 1 14 0 5 13 15	3301.51196897487	0.669848803102513	12	2	11	4	7	9	8	10	6	3	1	14	0	5	13	15		
		51.624837	-3.94495
		51.512161	-0.116215
		51.488224	-3.186893
		53.478239	-2.258549
		54.980766	-1.615849
		55.958426	-3.186893
		54.892406	-2.923222
		55.862982	-4.263554
		53.751959	-0.335941
		53.803895	-1.549931
		51.460852	-2.588139
		50.152266	-5.065556
		52.486125	-1.890507
		53.409532	-3.000126
		50.726024	-3.543949
		51.289406	1.075802
		
c	12 14 13 1 2 15 11 0 4 3 9 8 6 7 5 10	2513.18824524878	0.748681175475122	12	14	13	1	2	15	11	0	4	3	9	8	6	7	5	10		
		51.624837	-3.94495
		50.152266	-5.065556
		50.726024	-3.543949
		51.460852	-2.588139
		51.512161	-0.116215
		51.289406	1.075802
		51.488224	-3.186893
		52.486125	-1.890507
		53.478239	-2.258549
		53.803895	-1.549931
		55.958426	-3.186893
		54.892406	-2.923222
		53.751959	-0.335941
		54.980766	-1.615849
		53.409532	-3.000126
		55.862982	-4.263554
		
c	6 3 1 14 13 11 0 4 12 2 15 8 5 9 7 10	2902.77993945978	0.709722006054021	6	3	1	14	13	11	0	4	12	2	15	8	5	9	7	10		
		53.751959	-0.335941
		53.803895	-1.549931
		51.460852	-2.588139
		50.152266	-5.065556
		50.726024	-3.543949
		51.488224	-3.186893
		52.486125	-1.890507
		53.478239	-2.258549
		51.624837	-3.94495
		51.512161	-0.116215
		51.289406	1.075802
		54.892406	-2.923222
		53.409532	-3.000126
		55.958426	-3.186893
		54.980766	-1.615849
		55.862982	-4.263554
		
c	9 8 10 6 3 1 14 0 5 12 7 11 2 15 4 13	3608.9761098042	0.63910238901958	9	8	10	6	3	1	14	0	5	12	7	11	2	15	4	13		
		55.958426	-3.186893
		54.892406	-2.923222
		55.862982	-4.263554
		53.751959	-0.335941
		53.803895	-1.549931
		51.460852	-2.588139
		50.152266	-5.065556
		52.486125	-1.890507
		53.409532	-3.000126
		51.624837	-3.94495
		54.980766	-1.615849
		51.488224	-3.186893
		51.512161	-0.116215
		51.289406	1.075802
		53.478239	-2.258549
		50.726024	-3.543949
		
c	13 1 2 15 11 3 7 10 9 5 0 4 8 6 12 14	2750.0912299949	0.72499087700051	13	1	2	15	11	3	7	10	9	5	0	4	8	6	12	14		
		50.726024	-3.543949
		51.460852	-2.588139
		51.512161	-0.116215
		51.289406	1.075802
		51.488224	-3.186893
		53.803895	-1.549931
		54.980766	-1.615849
		55.862982	-4.263554
		55.958426	-3.186893
		53.409532	-3.000126
		52.486125	-1.890507
		53.478239	-2.258549
		54.892406	-2.923222
		53.751959	-0.335941
		51.624837	-3.94495
		50.152266	-5.065556
		
c	9 5 0 1 11 2 15 4 8 6 7 10 3 14 12 13	2978.46301304443	0.702153698695557	9	5	0	1	11	2	15	4	8	6	7	10	3	14	12	13		
		55.958426	-3.186893
		53.409532	-3.000126
		52.486125	-1.890507
		51.460852	-2.588139
		51.488224	-3.186893
		51.512161	-0.116215
		51.289406	1.075802
		53.478239	-2.258549
		54.892406	-2.923222
		53.751959	-0.335941
		54.980766	-1.615849
		55.862982	-4.263554
		53.803895	-1.549931
		50.152266	-5.065556
		51.624837	-3.94495
		50.726024	-3.543949
		
c	5 0 1 11 2 10 12 14 13 15 4 3 9 8 6 7	3310.21459592284	0.668978540407716	5	0	1	11	2	10	12	14	13	15	4	3	9	8	6	7		
		53.409532	-3.000126
		52.486125	-1.890507
		51.460852	-2.588139
		51.488224	-3.186893
		51.512161	-0.116215
		55.862982	-4.263554
		51.624837	-3.94495
		50.152266	-5.065556
		50.726024	-3.543949
		51.289406	1.075802
		53.478239	-2.258549
		53.803895	-1.549931
		55.958426	-3.186893
		54.892406	-2.923222
		53.751959	-0.335941
		54.980766	-1.615849
		
c	8 6 7 5 12 14 13 1 3 11 15 2 4 9 10 0	3138.69921087095	0.686130078912905	8	6	7	5	12	14	13	1	3	11	15	2	4	9	10	0		
		54.892406	-2.923222
		53.751959	-0.335941
		54.980766	-1.615849
		53.409532	-3.000126
		51.624837	-3.94495
		50.152266	-5.065556
		50.726024	-3.543949
		51.460852	-2.588139
		53.803895	-1.549931
		51.488224	-3.186893
		51.289406	1.075802
		51.512161	-0.116215
		53.478239	-2.258549
		55.958426	-3.186893
		55.862982	-4.263554
		52.486125	-1.890507
		
c	4 8 2 14 11 5 9 7 3 6 1 15 13 0 12 10	3765.23926028889	0.623476073971111	4	8	2	14	11	5	9	7	3	6	1	15	13	0	12	10		
		53.478239	-2.258549
		54.892406	-2.923222
		51.512161	-0.116215
		50.152266	-5.065556
		51.488224	-3.186893
		53.409532	-3.000126
		55.958426	-3.186893
		54.980766	-1.615849
		53.803895	-1.549931
		53.751959	-0.335941
		51.460852	-2.588139
		51.289406	1.075802
		50.726024	-3.543949
		52.486125	-1.890507
		51.624837	-3.94495
		55.862982	-4.263554
		
c	4 6 3 7 10 9 5 14 12 13 1 2 15 11 0 8	2638.90012324497	0.736109987675503	4	6	3	7	10	9	5	14	12	13	1	2	15	11	0	8		
		53.478239	-2.258549
		53.751959	-0.335941
		53.803895	-1.549931
		54.980766	-1.615849
		55.862982	-4.263554
		55.958426	-3.186893
		53.409532	-3.000126
		50.152266	-5.065556
		51.624837	-3.94495
		50.726024	-3.543949
		51.460852	-2.588139
		51.512161	-0.116215
		51.289406	1.075802
		51.488224	-3.186893
		52.486125	-1.890507
		54.892406	-2.923222
		
c	6 1 11 15 2 14 13 12 0 3 8 7 10 9 5 4	2476.75310606702	0.752324689393298	6	1	11	15	2	14	13	12	0	3	8	7	10	9	5	4		
		53.751959	-0.335941
		51.460852	-2.588139
		51.488224	-3.186893
		51.289406	1.075802
		51.512161	-0.116215
		50.152266	-5.065556
		50.726024	-3.543949
		51.624837	-3.94495
		52.486125	-1.890507
		53.803895	-1.549931
		54.892406	-2.923222
		54.980766	-1.615849
		55.862982	-4.263554
		55.958426	-3.186893
		53.409532	-3.000126
		53.478239	-2.258549
		
c	3 7 10 9 5 0 1 11 2 15 4 8 6 12 14 13	2618.82413883002	0.738117586116998	3	7	10	9	5	0	1	11	2	15	4	8	6	12	14	13		
		53.803895	-1.549931
		54.980766	-1.615849
		55.862982	-4.263554
		55.958426	-3.186893
		53.409532	-3.000126
		52.486125	-1.890507
		51.460852	-2.588139
		51.488224	-3.186893
		51.512161	-0.116215
		51.289406	1.075802
		53.478239	-2.258549
		54.892406	-2.923222
		53.751959	-0.335941
		51.624837	-3.94495
		50.152266	-5.065556
		50.726024	-3.543949
		
c	4 3 9 10 8 6 7 5 12 1 2 0 11 15 13 14	2623.43035351052	0.737656964648948	4	3	9	10	8	6	7	5	12	1	2	0	11	15	13	14		
		53.478239	-2.258549
		53.803895	-1.549931
		55.958426	-3.186893
		55.862982	-4.263554
		54.892406	-2.923222
		53.751959	-0.335941
		54.980766	-1.615849
		53.409532	-3.000126
		51.624837	-3.94495
		51.460852	-2.588139
		51.512161	-0.116215
		52.486125	-1.890507
		51.488224	-3.186893
		51.289406	1.075802
		50.726024	-3.543949
		50.152266	-5.065556
		
c	10 5 12 14 13 1 2 15 11 0 4 3 9 8 6 7	2525.13081699675	0.747486918300325	10	5	12	14	13	1	2	15	11	0	4	3	9	8	6	7		
		55.862982	-4.263554
		53.409532	-3.000126
		51.624837	-3.94495
		50.152266	-5.065556
		50.726024	-3.543949
		51.460852	-2.588139
		51.512161	-0.116215
		51.289406	1.075802
		51.488224	-3.186893
		52.486125	-1.890507
		53.478239	-2.258549
		53.803895	-1.549931
		55.958426	-3.186893
		54.892406	-2.923222
		53.751959	-0.335941
		54.980766	-1.615849
		
c	15 5 3 1 11 0 4 9 8 12 10 6 2 14 13 7	3866.6646561527	0.61333353438473	15	5	3	1	11	0	4	9	8	12	10	6	2	14	13	7		
		51.289406	1.075802
		53.409532	-3.000126
		53.803895	-1.549931
		51.460852	-2.588139
		51.488224	-3.186893
		52.486125	-1.890507
		53.478239	-2.258549
		55.958426	-3.186893
		54.892406	-2.923222
		51.624837	-3.94495
		55.862982	-4.263554
		53.751959	-0.335941
		51.512161	-0.116215
		50.152266	-5.065556
		50.726024	-3.543949
		54.980766	-1.615849
		
c	9 5 0 4 6 11 2 15 13 7 10 1 14 12 3 8	3634.46955218634	0.636553044781366	9	5	0	4	6	11	2	15	13	7	10	1	14	12	3	8		
		55.958426	-3.186893
		53.409532	-3.000126
		52.486125	-1.890507
		53.478239	-2.258549
		53.751959	-0.335941
		51.488224	-3.186893
		51.512161	-0.116215
		51.289406	1.075802
		50.726024	-3.543949
		54.980766	-1.615849
		55.862982	-4.263554
		51.460852	-2.588139
		50.152266	-5.065556
		51.624837	-3.94495
		53.803895	-1.549931
		54.892406	-2.923222
		
c	7 2 1 11 15 0 12 13 14 10 8 6 5 4 3 9	3084.8548708254	0.69151451291746	7	2	1	11	15	0	12	13	14	10	8	6	5	4	3	9		
		54.980766	-1.615849
		51.512161	-0.116215
		51.460852	-2.588139
		51.488224	-3.186893
		51.289406	1.075802
		52.486125	-1.890507
		51.624837	-3.94495
		50.726024	-3.543949
		50.152266	-5.065556
		55.862982	-4.263554
		54.892406	-2.923222
		53.751959	-0.335941
		53.409532	-3.000126
		53.478239	-2.258549
		53.803895	-1.549931
		55.958426	-3.186893
		
c	2 12 14 13 1 15 11 0 3 6 9 5 4 8 7 10	2679.18477311561	0.732081522688439	2	12	14	13	1	15	11	0	3	6	9	5	4	8	7	10		
		51.512161	-0.116215
		51.624837	-3.94495
		50.152266	-5.065556
		50.726024	-3.543949
		51.460852	-2.588139
		51.289406	1.075802
		51.488224	-3.186893
		52.486125	-1.890507
		53.803895	-1.549931
		53.751959	-0.335941
		55.958426	-3.186893
		53.409532	-3.000126
		53.478239	-2.258549
		54.892406	-2.923222
		54.980766	-1.615849
		55.862982	-4.263554
		
c	7 5 12 4 1 14 11 0 13 10 2 15 9 8 3 6	3815.07520272229	0.618492479727771	7	5	12	4	1	14	11	0	13	10	2	15	9	8	3	6		
		54.980766	-1.615849
		53.409532	-3.000126
		51.624837	-3.94495
		53.478239	-2.258549
		51.460852	-2.588139
		50.152266	-5.065556
		51.488224	-3.186893
		52.486125	-1.890507
		50.726024	-3.543949
		55.862982	-4.263554
		51.512161	-0.116215
		51.289406	1.075802
		55.958426	-3.186893
		54.892406	-2.923222
		53.803895	-1.549931
		53.751959	-0.335941
		
c	13 11 0 4 1 15 7 9 10 8 14 5 6 3 12 2	3375.45730995669	0.662454269004331	13	11	0	4	1	15	7	9	10	8	14	5	6	3	12	2		
		50.726024	-3.543949
		51.488224	-3.186893
		52.486125	-1.890507
		53.478239	-2.258549
		51.460852	-2.588139
		51.289406	1.075802
		54.980766	-1.615849
		55.958426	-3.186893
		55.862982	-4.263554
		54.892406	-2.923222
		50.152266	-5.065556
		53.409532	-3.000126
		53.751959	-0.335941
		53.803895	-1.549931
		51.624837	-3.94495
		51.512161	-0.116215
		
c	10 8 6 0 5 11 12 14 13 7 3 2 1 15 9 4	3416.96514143945	0.658303485856055	10	8	6	0	5	11	12	14	13	7	3	2	1	15	9	4		
		55.862982	-4.263554
		54.892406	-2.923222
		53.751959	-0.335941
		52.486125	-1.890507
		53.409532	-3.000126
		51.488224	-3.186893
		51.624837	-3.94495
		50.152266	-5.065556
		50.726024	-3.543949
		54.980766	-1.615849
		53.803895	-1.549931
		51.512161	-0.116215
		51.460852	-2.588139
		51.289406	1.075802
		55.958426	-3.186893
		53.478239	-2.258549
		
c	8 7 10 9 5 11 2 15 13 14 1 0 4 3 6 12	2538.53167005394	0.746146832994606	8	7	10	9	5	11	2	15	13	14	1	0	4	3	6	12		
		54.892406	-2.923222
		54.980766	-1.615849
		55.862982	-4.263554
		55.958426	-3.186893
		53.409532	-3.000126
		51.488224	-3.186893
		51.512161	-0.116215
		51.289406	1.075802
		50.726024	-3.543949
		50.152266	-5.065556
		51.460852	-2.588139
		52.486125	-1.890507
		53.478239	-2.258549
		53.803895	-1.549931
		53.751959	-0.335941
		51.624837	-3.94495
		
c	10 5 11 9 8 6 7 12 14 13 1 2 15 0 4 3	2974.72278756147	0.702527721243853	10	5	11	9	8	6	7	12	14	13	1	2	15	0	4	3		
		55.862982	-4.263554
		53.409532	-3.000126
		51.488224	-3.186893
		55.958426	-3.186893
		54.892406	-2.923222
		53.751959	-0.335941
		54.980766	-1.615849
		51.624837	-3.94495
		50.152266	-5.065556
		50.726024	-3.543949
		51.460852	-2.588139
		51.512161	-0.116215
		51.289406	1.075802
		52.486125	-1.890507
		53.478239	-2.258549
		53.803895	-1.549931
		
c	8 7 10 9 6 4 5 1 12 14 13 0 11 15 2 3	2476.61469704654	0.752338530295346	8	7	10	9	6	4	5	1	12	14	13	0	11	15	2	3		
		54.892406	-2.923222
		54.980766	-1.615849
		55.862982	-4.263554
		55.958426	-3.186893
		53.751959	-0.335941
		53.478239	-2.258549
		53.409532	-3.000126
		51.460852	-2.588139
		51.624837	-3.94495
		50.152266	-5.065556
		50.726024	-3.543949
		52.486125	-1.890507
		51.488224	-3.186893
		51.289406	1.075802
		51.512161	-0.116215
		53.803895	-1.549931
		
c	1 14 13 11 0 4 12 2 15 8 5 6 3 9 7 10	2790.69686135645	0.720930313864355	1	14	13	11	0	4	12	2	15	8	5	6	3	9	7	10		
		51.460852	-2.588139
		50.152266	-5.065556
		50.726024	-3.543949
		51.488224	-3.186893
		52.486125	-1.890507
		53.478239	-2.258549
		51.624837	-3.94495
		51.512161	-0.116215
		51.289406	1.075802
		54.892406	-2.923222
		53.409532	-3.000126
		53.751959	-0.335941
		53.803895	-1.549931
		55.958426	-3.186893
		54.980766	-1.615849
		55.862982	-4.263554
		
c	9 8 6 1 15 7 10 5 0 4 3 11 2 13 14 12	3161.14400853693	0.683885599146307	9	8	6	1	15	7	10	5	0	4	3	11	2	13	14	12		
		55.958426	-3.186893
		54.892406	-2.923222
		53.751959	-0.335941
		51.460852	-2.588139
		51.289406	1.075802
		54.980766	-1.615849
		55.862982	-4.263554
		53.409532	-3.000126
		52.486125	-1.890507
		53.478239	-2.258549
		53.803895	-1.549931
		51.488224	-3.186893
		51.512161	-0.116215
		50.726024	-3.543949
		50.152266	-5.065556
		51.624837	-3.94495
		
c	4 6 14 13 12 7 10 9 2 11 1 15 3 8 5 0	3356.0151840933	0.66439848159067	4	6	14	13	12	7	10	9	2	11	1	15	3	8	5	0		
		53.478239	-2.258549
		53.751959	-0.335941
		50.152266	-5.065556
		50.726024	-3.543949
		51.624837	-3.94495
		54.980766	-1.615849
		55.862982	-4.263554
		55.958426	-3.186893
		51.512161	-0.116215
		51.488224	-3.186893
		51.460852	-2.588139
		51.289406	1.075802
		53.803895	-1.549931
		54.892406	-2.923222
		53.409532	-3.000126
		52.486125	-1.890507
		
c	3 2 1 14 13 11 0 4 12 15 8 5 6 9 7 10	3197.36511667928	0.680263488332072	3	2	1	14	13	11	0	4	12	15	8	5	6	9	7	10		
		53.803895	-1.549931
		51.512161	-0.116215
		51.460852	-2.588139
		50.152266	-5.065556
		50.726024	-3.543949
		51.488224	-3.186893
		52.486125	-1.890507
		53.478239	-2.258549
		51.624837	-3.94495
		51.289406	1.075802
		54.892406	-2.923222
		53.409532	-3.000126
		53.751959	-0.335941
		55.958426	-3.186893
		54.980766	-1.615849
		55.862982	-4.263554
		
c	10 6 13 11 8 3 9 5 4 7 2 0 15 14 1 12	3706.69584553823	0.629330415446177	10	6	13	11	8	3	9	5	4	7	2	0	15	14	1	12		
		55.862982	-4.263554
		53.751959	-0.335941
		50.726024	-3.543949
		51.488224	-3.186893
		54.892406	-2.923222
		53.803895	-1.549931
		55.958426	-3.186893
		53.409532	-3.000126
		53.478239	-2.258549
		54.980766	-1.615849
		51.512161	-0.116215
		52.486125	-1.890507
		51.289406	1.075802
		50.152266	-5.065556
		51.460852	-2.588139
		51.624837	-3.94495
		
c	11 15 2 14 0 4 12 7 9 8 10 6 3 1 13 5	3358.8360691769	0.66411639308231	11	15	2	14	0	4	12	7	9	8	10	6	3	1	13	5		
		51.488224	-3.186893
		51.289406	1.075802
		51.512161	-0.116215
		50.152266	-5.065556
		52.486125	-1.890507
		53.478239	-2.258549
		51.624837	-3.94495
		54.980766	-1.615849
		55.958426	-3.186893
		54.892406	-2.923222
		55.862982	-4.263554
		53.751959	-0.335941
		53.803895	-1.549931
		51.460852	-2.588139
		50.726024	-3.543949
		53.409532	-3.000126
		
c	9 5 4 6 3 8 7 10 13 11 1 15 2 14 0 12	2905.79664358673	0.709420335641327	9	5	4	6	3	8	7	10	13	11	1	15	2	14	0	12		
		55.958426	-3.186893
		53.409532	-3.000126
		53.478239	-2.258549
		53.751959	-0.335941
		53.803895	-1.549931
		54.892406	-2.923222
		54.980766	-1.615849
		55.862982	-4.263554
		50.726024	-3.543949
		51.488224	-3.186893
		51.460852	-2.588139
		51.289406	1.075802
		51.512161	-0.116215
		50.152266	-5.065556
		52.486125	-1.890507
		51.624837	-3.94495
		
c	4 9 10 8 6 7 5 12 14 13 1 2 15 11 0 3	2519.27677277155	0.748072322722845	4	9	10	8	6	7	5	12	14	13	1	2	15	11	0	3		
		53.478239	-2.258549
		55.958426	-3.186893
		55.862982	-4.263554
		54.892406	-2.923222
		53.751959	-0.335941
		54.980766	-1.615849
		53.409532	-3.000126
		51.624837	-3.94495
		50.152266	-5.065556
		50.726024	-3.543949
		51.460852	-2.588139
		51.512161	-0.116215
		51.289406	1.075802
		51.488224	-3.186893
		52.486125	-1.890507
		53.803895	-1.549931
		
c	5 11 2 15 14 13 10 12 1 0 6 4 9 8 7 3	3274.64987177452	0.672535012822548	5	11	2	15	14	13	10	12	1	0	6	4	9	8	7	3		
		53.409532	-3.000126
		51.488224	-3.186893
		51.512161	-0.116215
		51.289406	1.075802
		50.152266	-5.065556
		50.726024	-3.543949
		55.862982	-4.263554
		51.624837	-3.94495
		51.460852	-2.588139
		52.486125	-1.890507
		53.751959	-0.335941
		53.478239	-2.258549
		55.958426	-3.186893
		54.892406	-2.923222
		54.980766	-1.615849
		53.803895	-1.549931
		
c	13 9 7 1 12 14 11 0 4 8 15 2 3 6 5 10	3404.90962589054	0.659509037410946	13	9	7	1	12	14	11	0	4	8	15	2	3	6	5	10		
		50.726024	-3.543949
		55.958426	-3.186893
		54.980766	-1.615849
		51.460852	-2.588139
		51.624837	-3.94495
		50.152266	-5.065556
		51.488224	-3.186893
		52.486125	-1.890507
		53.478239	-2.258549
		54.892406	-2.923222
		51.289406	1.075802
		51.512161	-0.116215
		53.803895	-1.549931
		53.751959	-0.335941
		53.409532	-3.000126
		55.862982	-4.263554
		
c	11 0 6 4 3 8 7 10 9 5 2 15 13 14 1 12	2436.82005024377	0.756317994975623	11	0	6	4	3	8	7	10	9	5	2	15	13	14	1	12		
		51.488224	-3.186893
		52.486125	-1.890507
		53.751959	-0.335941
		53.478239	-2.258549
		53.803895	-1.549931
		54.892406	-2.923222
		54.980766	-1.615849
		55.862982	-4.263554
		55.958426	-3.186893
		53.409532	-3.000126
		51.512161	-0.116215
		51.289406	1.075802
		50.726024	-3.543949
		50.152266	-5.065556
		51.460852	-2.588139
		51.624837	-3.94495
		
c	1 2 15 11 0 13 4 3 9 10 8 6 7 5 12 14	2723.59664929253	0.727640335070747	1	2	15	11	0	13	4	3	9	10	8	6	7	5	12	14		
		51.460852	-2.588139
		51.512161	-0.116215
		51.289406	1.075802
		51.488224	-3.186893
		52.486125	-1.890507
		50.726024	-3.543949
		53.478239	-2.258549
		53.803895	-1.549931
		55.958426	-3.186893
		55.862982	-4.263554
		54.892406	-2.923222
		53.751959	-0.335941
		54.980766	-1.615849
		53.409532	-3.000126
		51.624837	-3.94495
		50.152266	-5.065556
		
c	8 1 12 14 13 2 15 11 0 4 7 10 9 5 6 3	2654.84711120758	0.734515288879242	8	1	12	14	13	2	15	11	0	4	7	10	9	5	6	3		
		54.892406	-2.923222
		51.460852	-2.588139
		51.624837	-3.94495
		50.152266	-5.065556
		50.726024	-3.543949
		51.512161	-0.116215
		51.289406	1.075802
		51.488224	-3.186893
		52.486125	-1.890507
		53.478239	-2.258549
		54.980766	-1.615849
		55.862982	-4.263554
		55.958426	-3.186893
		53.409532	-3.000126
		53.751959	-0.335941
		53.803895	-1.549931
		
c	4 1 14 11 0 5 9 10 8 6 7 12 13 2 15 3	2958.62335021665	0.704137664978335	4	1	14	11	0	5	9	10	8	6	7	12	13	2	15	3		
		53.478239	-2.258549
		51.460852	-2.588139
		50.152266	-5.065556
		51.488224	-3.186893
		52.486125	-1.890507
		53.409532	-3.000126
		55.958426	-3.186893
		55.862982	-4.263554
		54.892406	-2.923222
		53.751959	-0.335941
		54.980766	-1.615849
		51.624837	-3.94495
		50.726024	-3.543949
		51.512161	-0.116215
		51.289406	1.075802
		53.803895	-1.549931
		
c	13 1 15 4 3 9 10 8 6 7 5 12 14 2 11 0	2908.81507684473	0.709118492315527	13	1	15	4	3	9	10	8	6	7	5	12	14	2	11	0		
		50.726024	-3.543949
		51.460852	-2.588139
		51.289406	1.075802
		53.478239	-2.258549
		53.803895	-1.549931
		55.958426	-3.186893
		55.862982	-4.263554
		54.892406	-2.923222
		53.751959	-0.335941
		54.980766	-1.615849
		53.409532	-3.000126
		51.624837	-3.94495
		50.152266	-5.065556
		51.512161	-0.116215
		51.488224	-3.186893
		52.486125	-1.890507
		
c	5 0 4 6 3 11 9 7 1 12 14 13 8 15 2 10	3761.68555547395	0.623831444452605	5	0	4	6	3	11	9	7	1	12	14	13	8	15	2	10		
		53.409532	-3.000126
		52.486125	-1.890507
		53.478239	-2.258549
		53.751959	-0.335941
		53.803895	-1.549931
		51.488224	-3.186893
		55.958426	-3.186893
		54.980766	-1.615849
		51.460852	-2.588139
		51.624837	-3.94495
		50.152266	-5.065556
		50.726024	-3.543949
		54.892406	-2.923222
		51.289406	1.075802
		51.512161	-0.116215
		55.862982	-4.263554
		
c	14 10 5 12 13 1 2 15 11 0 6 4 9 8 7 3	2958.04412381456	0.704195587618544	14	10	5	12	13	1	2	15	11	0	6	4	9	8	7	3		
		50.152266	-5.065556
		55.862982	-4.263554
		53.409532	-3.000126
		51.624837	-3.94495
		50.726024	-3.543949
		51.460852	-2.588139
		51.512161	-0.116215
		51.289406	1.075802
		51.488224	-3.186893
		52.486125	-1.890507
		53.751959	-0.335941
		53.478239	-2.258549
		55.958426	-3.186893
		54.892406	-2.923222
		54.980766	-1.615849
		53.803895	-1.549931
		
c	11 0 5 8 7 10 9 12 14 13 1 15 2 3 6 4	2500.63233121723	0.749936766878277	11	0	5	8	7	10	9	12	14	13	1	15	2	3	6	4		
		51.488224	-3.186893
		52.486125	-1.890507
		53.409532	-3.000126
		54.892406	-2.923222
		54.980766	-1.615849
		55.862982	-4.263554
		55.958426	-3.186893
		51.624837	-3.94495
		50.152266	-5.065556
		50.726024	-3.543949
		51.460852	-2.588139
		51.289406	1.075802
		51.512161	-0.116215
		53.803895	-1.549931
		53.751959	-0.335941
		53.478239	-2.258549
		
c	12 13 1 2 15 11 0 8 4 6 3 7 10 9 5 14	2620.35837044304	0.737964162955696	12	13	1	2	15	11	0	8	4	6	3	7	10	9	5	14		
		51.624837	-3.94495
		50.726024	-3.543949
		51.460852	-2.588139
		51.512161	-0.116215
		51.289406	1.075802
		51.488224	-3.186893
		52.486125	-1.890507
		54.892406	-2.923222
		53.478239	-2.258549
		53.751959	-0.335941
		53.803895	-1.549931
		54.980766	-1.615849
		55.862982	-4.263554
		55.958426	-3.186893
		53.409532	-3.000126
		50.152266	-5.065556
		
c	0 8 7 3 6 1 11 15 2 14 13 12 5 4 9 10	2508.4335306439	0.74915664693561	0	8	7	3	6	1	11	15	2	14	13	12	5	4	9	10		
		52.486125	-1.890507
		54.892406	-2.923222
		54.980766	-1.615849
		53.803895	-1.549931
		53.751959	-0.335941
		51.460852	-2.588139
		51.488224	-3.186893
		51.289406	1.075802
		51.512161	-0.116215
		50.152266	-5.065556
		50.726024	-3.543949
		51.624837	-3.94495
		53.409532	-3.000126
		53.478239	-2.258549
		55.958426	-3.186893
		55.862982	-4.263554
		
c	7 10 9 5 4 6 3 8 11 2 0 15 13 14 1 12	2729.92789187856	0.727007210812144	7	10	9	5	4	6	3	8	11	2	0	15	13	14	1	12		
		54.980766	-1.615849
		55.862982	-4.263554
		55.958426	-3.186893
		53.409532	-3.000126
		53.478239	-2.258549
		53.751959	-0.335941
		53.803895	-1.549931
		54.892406	-2.923222
		51.488224	-3.186893
		51.512161	-0.116215
		52.486125	-1.890507
		51.289406	1.075802
		50.726024	-3.543949
		50.152266	-5.065556
		51.460852	-2.588139
		51.624837	-3.94495
		
c	11 0 4 8 15 2 1 7 10 9 5 6 3 13 14 12	3034.03574959593	0.696596425040407	11	0	4	8	15	2	1	7	10	9	5	6	3	13	14	12		
		51.488224	-3.186893
		52.486125	-1.890507
		53.478239	-2.258549
		54.892406	-2.923222
		51.289406	1.075802
		51.512161	-0.116215
		51.460852	-2.588139
		54.980766	-1.615849
		55.862982	-4.263554
		55.958426	-3.186893
		53.409532	-3.000126
		53.751959	-0.335941
		53.803895	-1.549931
		50.726024	-3.543949
		50.152266	-5.065556
		51.624837	-3.94495
		
c	7 11 2 0 12 14 13 4 8 10 9 5 6 3 15 1	3070.59601807321	0.692940398192679	7	11	2	0	12	14	13	4	8	10	9	5	6	3	15	1		
		54.980766	-1.615849
		51.488224	-3.186893
		51.512161	-0.116215
		52.486125	-1.890507
		51.624837	-3.94495
		50.152266	-5.065556
		50.726024	-3.543949
		53.478239	-2.258549
		54.892406	-2.923222
		55.862982	-4.263554
		55.958426	-3.186893
		53.409532	-3.000126
		53.751959	-0.335941
		53.803895	-1.549931
		51.289406	1.075802
		51.460852	-2.588139
		
c	5 11 2 0 15 13 14 1 4 3 9 10 8 6 7 12	3038.87248430328	0.696112751569672	5	11	2	0	15	13	14	1	4	3	9	10	8	6	7	12		
		53.409532	-3.000126
		51.488224	-3.186893
		51.512161	-0.116215
		52.486125	-1.890507
		51.289406	1.075802
		50.726024	-3.543949
		50.152266	-5.065556
		51.460852	-2.588139
		53.478239	-2.258549
		53.803895	-1.549931
		55.958426	-3.186893
		55.862982	-4.263554
		54.892406	-2.923222
		53.751959	-0.335941
		54.980766	-1.615849
		51.624837	-3.94495
		
c	3 9 12 14 13 11 0 4 8 7 10 5 6 2 15 1	2892.52278880281	0.710747721119719	3	9	12	14	13	11	0	4	8	7	10	5	6	2	15	1		
		53.803895	-1.549931
		55.958426	-3.186893
		51.624837	-3.94495
		50.152266	-5.065556
		50.726024	-3.543949
		51.488224	-3.186893
		52.486125	-1.890507
		53.478239	-2.258549
		54.892406	-2.923222
		54.980766	-1.615849
		55.862982	-4.263554
		53.409532	-3.000126
		53.751959	-0.335941
		51.512161	-0.116215
		51.289406	1.075802
		51.460852	-2.588139
		
c	3 9 10 8 6 7 5 4 11 2 0 15 13 14 1 12	2708.26202157701	0.729173797842299	3	9	10	8	6	7	5	4	11	2	0	15	13	14	1	12		
		53.803895	-1.549931
		55.958426	-3.186893
		55.862982	-4.263554
		54.892406	-2.923222
		53.751959	-0.335941
		54.980766	-1.615849
		53.409532	-3.000126
		53.478239	-2.258549
		51.488224	-3.186893
		51.512161	-0.116215
		52.486125	-1.890507
		51.289406	1.075802
		50.726024	-3.543949
		50.152266	-5.065556
		51.460852	-2.588139
		51.624837	-3.94495
		
g15		2260.82423546293	0.773917576453707	0	7	10	9	8	6	5	12	14	13	1	2	15	11	0	4	3		
		54.980766	-1.615849
		55.862982	-4.263554
		55.958426	-3.186893
		54.892406	-2.923222
		53.751959	-0.335941
		53.409532	-3.000126
		51.624837	-3.94495
		50.152266	-5.065556
		50.726024	-3.543949
		51.460852	-2.588139
		51.512161	-0.116215
		51.289406	1.075802
		51.488224	-3.186893
		52.486125	-1.890507
		53.478239	-2.258549
		53.803895	-1.549931
		
g15		2260.98868365819	0.773901131634181	1	9	10	8	6	7	5	12	14	13	1	2	15	11	0	4	3		
		55.958426	-3.186893
		55.862982	-4.263554
		54.892406	-2.923222
		53.751959	-0.335941
		54.980766	-1.615849
		53.409532	-3.000126
		51.624837	-3.94495
		50.152266	-5.065556
		50.726024	-3.543949
		51.460852	-2.588139
		51.512161	-0.116215
		51.289406	1.075802
		51.488224	-3.186893
		52.486125	-1.890507
		53.478239	-2.258549
		53.803895	-1.549931
		
g15		2270.11992578962	0.772988007421038	2	0	4	8	7	10	9	5	6	3	2	15	1	12	14	13	11		
		52.486125	-1.890507
		53.478239	-2.258549
		54.892406	-2.923222
		54.980766	-1.615849
		55.862982	-4.263554
		55.958426	-3.186893
		53.409532	-3.000126
		53.751959	-0.335941
		53.803895	-1.549931
		51.512161	-0.116215
		51.289406	1.075802
		51.460852	-2.588139
		51.624837	-3.94495
		50.152266	-5.065556
		50.726024	-3.543949
		51.488224	-3.186893
		
g15		2274.0642827464	0.77259357172536	3	12	14	13	1	2	15	11	0	4	8	7	10	9	5	6	3		
		51.624837	-3.94495
		50.152266	-5.065556
		50.726024	-3.543949
		51.460852	-2.588139
		51.512161	-0.116215
		51.289406	1.075802
		51.488224	-3.186893
		52.486125	-1.890507
		53.478239	-2.258549
		54.892406	-2.923222
		54.980766	-1.615849
		55.862982	-4.263554
		55.958426	-3.186893
		53.409532	-3.000126
		53.751959	-0.335941
		53.803895	-1.549931
		
g15		2276.62053323469	0.772337946676531	4	8	4	6	3	7	10	9	5	0	1	11	2	15	13	14	12		
		54.892406	-2.923222
		53.478239	-2.258549
		53.751959	-0.335941
		53.803895	-1.549931
		54.980766	-1.615849
		55.862982	-4.263554
		55.958426	-3.186893
		53.409532	-3.000126
		52.486125	-1.890507
		51.460852	-2.588139
		51.488224	-3.186893
		51.512161	-0.116215
		51.289406	1.075802
		50.726024	-3.543949
		50.152266	-5.065556
		51.624837	-3.94495
		
g15		2316.63350191196	0.768336649808804	5	12	14	13	11	0	4	8	7	10	9	5	6	3	2	15	1		
		51.624837	-3.94495
		50.152266	-5.065556
		50.726024	-3.543949
		51.488224	-3.186893
		52.486125	-1.890507
		53.478239	-2.258549
		54.892406	-2.923222
		54.980766	-1.615849
		55.862982	-4.263554
		55.958426	-3.186893
		53.409532	-3.000126
		53.751959	-0.335941
		53.803895	-1.549931
		51.512161	-0.116215
		51.289406	1.075802
		51.460852	-2.588139
		
