c	3 4 5 0 11 12 14 13 2 6 7 10 9 8 1 15	2421.68176730592	0.757831823269408	3	4	5	0	11	12	14	13	2	6	7	10	9	8	1	15		
		53.803895	-1.549931
		53.478239	-2.258549
		53.409532	-3.000126
		52.486125	-1.890507
		51.488224	-3.186893
		51.624837	-3.94495
		50.152266	-5.065556
		50.726024	-3.543949
		51.512161	-0.116215
		53.751959	-0.335941
		54.980766	-1.615849
		55.862982	-4.263554
		55.958426	-3.186893
		54.892406	-2.923222
		51.460852	-2.588139
		51.289406	1.075802
		
c	11 12 13 7 9 10 8 5 14 6 3 4 0 1 2 15	2703.03639809615	0.729696360190385	11	12	13	7	9	10	8	5	14	6	3	4	0	1	2	15		
		51.488224	-3.186893
		51.624837	-3.94495
		50.726024	-3.543949
		54.980766	-1.615849
		55.958426	-3.186893
		55.862982	-4.263554
		54.892406	-2.923222
		53.409532	-3.000126
		50.152266	-5.065556
		53.751959	-0.335941
		53.803895	-1.549931
		53.478239	-2.258549
		52.486125	-1.890507
		51.460852	-2.588139
		51.512161	-0.116215
		51.289406	1.075802
		
c	7 10 9 8 3 6 4 5 0 11 12 14 13 1 2 15	1785.04683324998	0.821495316675002	7	10	9	8	3	6	4	5	0	11	12	14	13	1	2	15		
		54.980766	-1.615849
		55.862982	-4.263554
		55.958426	-3.186893
		54.892406	-2.923222
		53.803895	-1.549931
		53.751959	-0.335941
		53.478239	-2.258549
		53.409532	-3.000126
		52.486125	-1.890507
		51.488224	-3.186893
		51.624837	-3.94495
		50.152266	-5.065556
		50.726024	-3.543949
		51.460852	-2.588139
		51.512161	-0.116215
		51.289406	1.075802
		
c	13 6 7 9 8 3 11 12 14 1 0 10 5 4 2 15	2933.64533704244	0.706635466295756	13	6	7	9	8	3	11	12	14	1	0	10	5	4	2	15		
		50.726024	-3.543949
		53.751959	-0.335941
		54.980766	-1.615849
		55.958426	-3.186893
		54.892406	-2.923222
		53.803895	-1.549931
		51.488224	-3.186893
		51.624837	-3.94495
		50.152266	-5.065556
		51.460852	-2.588139
		52.486125	-1.890507
		55.862982	-4.263554
		53.409532	-3.000126
		53.478239	-2.258549
		51.512161	-0.116215
		51.289406	1.075802
		
c	7 9 10 8 5 3 4 11 12 0 1 13 14 2 15 6	2245.67182052071	0.775432817947929	7	9	10	8	5	3	4	11	12	0	1	13	14	2	15	6		
		54.980766	-1.615849
		55.958426	-3.186893
		55.862982	-4.263554
		54.892406	-2.923222
		53.409532	-3.000126
		53.803895	-1.549931
		53.478239	-2.258549
		51.488224	-3.186893
		51.624837	-3.94495
		52.486125	-1.890507
		51.460852	-2.588139
		50.726024	-3.543949
		50.152266	-5.065556
		51.512161	-0.116215
		51.289406	1.075802
		53.751959	-0.335941
		
c	4 0 1 11 12 14 13 2 15 6 7 9 10 8 3 5	2038.09044505114	0.796190955494886	4	0	1	11	12	14	13	2	15	6	7	9	10	8	3	5		
		53.478239	-2.258549
		52.486125	-1.890507
		51.460852	-2.588139
		51.488224	-3.186893
		51.624837	-3.94495
		50.152266	-5.065556
		50.726024	-3.543949
		51.512161	-0.116215
		51.289406	1.075802
		53.751959	-0.335941
		54.980766	-1.615849
		55.958426	-3.186893
		55.862982	-4.263554
		54.892406	-2.923222
		53.803895	-1.549931
		53.409532	-3.000126
		
c	0 11 12 14 6 7 9 10 8 3 4 5 1 13 2 15	2329.10098812513	0.767089901187487	0	11	12	14	6	7	9	10	8	3	4	5	1	13	2	15		
		52.486125	-1.890507
		51.488224	-3.186893
		51.624837	-3.94495
		50.152266	-5.065556
		53.751959	-0.335941
		54.980766	-1.615849
		55.958426	-3.186893
		55.862982	-4.263554
		54.892406	-2.923222
		53.803895	-1.549931
		53.478239	-2.258549
		53.409532	-3.000126
		51.460852	-2.588139
		50.726024	-3.543949
		51.512161	-0.116215
		51.289406	1.075802
		
c	10 8 3 4 5 0 1 11 13 12 14 2 15 6 7 9	2124.0508736476	0.78759491263524	10	8	3	4	5	0	1	11	13	12	14	2	15	6	7	9		
		55.862982	-4.263554
		54.892406	-2.923222
		53.803895	-1.549931
		53.478239	-2.258549
		53.409532	-3.000126
		52.486125	-1.890507
		51.460852	-2.588139
		51.488224	-3.186893
		50.726024	-3.543949
		51.624837	-3.94495
		50.152266	-5.065556
		51.512161	-0.116215
		51.289406	1.075802
		53.751959	-0.335941
		54.980766	-1.615849
		55.958426	-3.186893
		
c	12 14 13 2 1 15 6 5 7 9 10 8 3 4 0 11	2470.87902818546	0.752912097181454	12	14	13	2	1	15	6	5	7	9	10	8	3	4	0	11		
		51.624837	-3.94495
		50.152266	-5.065556
		50.726024	-3.543949
		51.512161	-0.116215
		51.460852	-2.588139
		51.289406	1.075802
		53.751959	-0.335941
		53.409532	-3.000126
		54.980766	-1.615849
		55.958426	-3.186893
		55.862982	-4.263554
		54.892406	-2.923222
		53.803895	-1.549931
		53.478239	-2.258549
		52.486125	-1.890507
		51.488224	-3.186893
		
c	11 12 13 6 3 7 9 10 8 5 4 0 1 14 2 15	2265.92667808775	0.773407332191225	11	12	13	6	3	7	9	10	8	5	4	0	1	14	2	15		
		51.488224	-3.186893
		51.624837	-3.94495
		50.726024	-3.543949
		53.751959	-0.335941
		53.803895	-1.549931
		54.980766	-1.615849
		55.958426	-3.186893
		55.862982	-4.263554
		54.892406	-2.923222
		53.409532	-3.000126
		53.478239	-2.258549
		52.486125	-1.890507
		51.460852	-2.588139
		50.152266	-5.065556
		51.512161	-0.116215
		51.289406	1.075802
		
c	14 3 7 9 10 8 5 6 4 0 1 11 12 13 2 15	2207.91636235133	0.779208363764867	14	3	7	9	10	8	5	6	4	0	1	11	12	13	2	15		
		50.152266	-5.065556
		53.803895	-1.549931
		54.980766	-1.615849
		55.958426	-3.186893
		55.862982	-4.263554
		54.892406	-2.923222
		53.409532	-3.000126
		53.751959	-0.335941
		53.478239	-2.258549
		52.486125	-1.890507
		51.460852	-2.588139
		51.488224	-3.186893
		51.624837	-3.94495
		50.726024	-3.543949
		51.512161	-0.116215
		51.289406	1.075802
		
c	8 5 4 3 0 1 11 12 13 14 6 7 9 10 2 15	2402.06296026092	0.759793703973908	8	5	4	3	0	1	11	12	13	14	6	7	9	10	2	15		
		54.892406	-2.923222
		53.409532	-3.000126
		53.478239	-2.258549
		53.803895	-1.549931
		52.486125	-1.890507
		51.460852	-2.588139
		51.488224	-3.186893
		51.624837	-3.94495
		50.726024	-3.543949
		50.152266	-5.065556
		53.751959	-0.335941
		54.980766	-1.615849
		55.958426	-3.186893
		55.862982	-4.263554
		51.512161	-0.116215
		51.289406	1.075802
		
c	9 5 6 7 10 8 3 4 0 11 12 14 13 1 2 15	2143.30743877678	0.785669256122322	9	5	6	7	10	8	3	4	0	11	12	14	13	1	2	15		
		55.958426	-3.186893
		53.409532	-3.000126
		53.751959	-0.335941
		54.980766	-1.615849
		55.862982	-4.263554
		54.892406	-2.923222
		53.803895	-1.549931
		53.478239	-2.258549
		52.486125	-1.890507
		51.488224	-3.186893
		51.624837	-3.94495
		50.152266	-5.065556
		50.726024	-3.543949
		51.460852	-2.588139
		51.512161	-0.116215
		51.289406	1.075802
		
c	14 6 7 9 10 1 2 0 8 3 4 5 11 12 13 15	2961.97309103072	0.703802690896928	14	6	7	9	10	1	2	0	8	3	4	5	11	12	13	15		
		50.152266	-5.065556
		53.751959	-0.335941
		54.980766	-1.615849
		55.958426	-3.186893
		55.862982	-4.263554
		51.460852	-2.588139
		51.512161	-0.116215
		52.486125	-1.890507
		54.892406	-2.923222
		53.803895	-1.549931
		53.478239	-2.258549
		53.409532	-3.000126
		51.488224	-3.186893
		51.624837	-3.94495
		50.726024	-3.543949
		51.289406	1.075802
		
c	8 10 5 3 4 0 1 11 12 14 13 6 7 9 2 15	2554.00722156681	0.744599277843319	8	10	5	3	4	0	1	11	12	14	13	6	7	9	2	15		
		54.892406	-2.923222
		55.862982	-4.263554
		53.409532	-3.000126
		53.803895	-1.549931
		53.478239	-2.258549
		52.486125	-1.890507
		51.460852	-2.588139
		51.488224	-3.186893
		51.624837	-3.94495
		50.152266	-5.065556
		50.726024	-3.543949
		53.751959	-0.335941
		54.980766	-1.615849
		55.958426	-3.186893
		51.512161	-0.116215
		51.289406	1.075802
		
c	10 8 5 3 4 0 1 11 12 14 13 2 15 6 7 9	2043.99191955467	0.795600808044532	10	8	5	3	4	0	1	11	12	14	13	2	15	6	7	9		
		55.862982	-4.263554
		54.892406	-2.923222
		53.409532	-3.000126
		53.803895	-1.549931
		53.478239	-2.258549
		52.486125	-1.890507
		51.460852	-2.588139
		51.488224	-3.186893
		51.624837	-3.94495
		50.152266	-5.065556
		50.726024	-3.543949
		51.512161	-0.116215
		51.289406	1.075802
		53.751959	-0.335941
		54.980766	-1.615849
		55.958426	-3.186893
		
c	0 1 11 12 14 4 8 7 3 15 6 9 10 5 13 2	3031.39326425006	0.696860673574994	0	1	11	12	14	4	8	7	3	15	6	9	10	5	13	2		
		52.486125	-1.890507
		51.460852	-2.588139
		51.488224	-3.186893
		51.624837	-3.94495
		50.152266	-5.065556
		53.478239	-2.258549
		54.892406	-2.923222
		54.980766	-1.615849
		53.803895	-1.549931
		51.289406	1.075802
		53.751959	-0.335941
		55.958426	-3.186893
		55.862982	-4.263554
		53.409532	-3.000126
		50.726024	-3.543949
		51.512161	-0.116215
		
c	12 14 13 1 10 8 3 7 9 6 4 5 0 11 2 15	2533.05881494291	0.746694118505709	12	14	13	1	10	8	3	7	9	6	4	5	0	11	2	15		
		51.624837	-3.94495
		50.152266	-5.065556
		50.726024	-3.543949
		51.460852	-2.588139
		55.862982	-4.263554
		54.892406	-2.923222
		53.803895	-1.549931
		54.980766	-1.615849
		55.958426	-3.186893
		53.751959	-0.335941
		53.478239	-2.258549
		53.409532	-3.000126
		52.486125	-1.890507
		51.488224	-3.186893
		51.512161	-0.116215
		51.289406	1.075802
		
c	10 8 7 5 6 3 4 0 1 11 14 2 15 9 12 13	2857.36936407862	0.714263063592138	10	8	7	5	6	3	4	0	1	11	14	2	15	9	12	13		
		55.862982	-4.263554
		54.892406	-2.923222
		54.980766	-1.615849
		53.409532	-3.000126
		53.751959	-0.335941
		53.803895	-1.549931
		53.478239	-2.258549
		52.486125	-1.890507
		51.460852	-2.588139
		51.488224	-3.186893
		50.152266	-5.065556
		51.512161	-0.116215
		51.289406	1.075802
		55.958426	-3.186893
		51.624837	-3.94495
		50.726024	-3.543949
		
c	4 0 1 11 12 14 13 3 7 9 10 8 5 6 2 15	2171.57362899457	0.782842637100543	4	0	1	11	12	14	13	3	7	9	10	8	5	6	2	15		
		53.478239	-2.258549
		52.486125	-1.890507
		51.460852	-2.588139
		51.488224	-3.186893
		51.624837	-3.94495
		50.152266	-5.065556
		50.726024	-3.543949
		53.803895	-1.549931
		54.980766	-1.615849
		55.958426	-3.186893
		55.862982	-4.263554
		54.892406	-2.923222
		53.409532	-3.000126
		53.751959	-0.335941
		51.512161	-0.116215
		51.289406	1.075802
		
c	9 6 7 10 8 3 4 5 0 1 11 12 14 13 2 15	2049.87045498717	0.795012954501283	9	6	7	10	8	3	4	5	0	1	11	12	14	13	2	15		
		55.958426	-3.186893
		53.751959	-0.335941
		54.980766	-1.615849
		55.862982	-4.263554
		54.892406	-2.923222
		53.803895	-1.549931
		53.478239	-2.258549
		53.409532	-3.000126
		52.486125	-1.890507
		51.460852	-2.588139
		51.488224	-3.186893
		51.624837	-3.94495
		50.152266	-5.065556
		50.726024	-3.543949
		51.512161	-0.116215
		51.289406	1.075802
		
c	11 12 14 13 6 7 9 10 8 3 5 2 15 4 0 1	2472.67932579192	0.752732067420808	11	12	14	13	6	7	9	10	8	3	5	2	15	4	0	1		
		51.488224	-3.186893
		51.624837	-3.94495
		50.152266	-5.065556
		50.726024	-3.543949
		53.751959	-0.335941
		54.980766	-1.615849
		55.958426	-3.186893
		55.862982	-4.263554
		54.892406	-2.923222
		53.803895	-1.549931
		53.409532	-3.000126
		51.512161	-0.116215
		51.289406	1.075802
		53.478239	-2.258549
		52.486125	-1.890507
		51.460852	-2.588139
		
c	14 9 10 8 7 5 6 3 4 0 1 11 12 13 2 15	2239.98611836402	0.776001388163598	14	9	10	8	7	5	6	3	4	0	1	11	12	13	2	15		
		50.152266	-5.065556
		55.958426	-3.186893
		55.862982	-4.263554
		54.892406	-2.923222
		54.980766	-1.615849
		53.409532	-3.000126
		53.751959	-0.335941
		53.803895	-1.549931
		53.478239	-2.258549
		52.486125	-1.890507
		51.460852	-2.588139
		51.488224	-3.186893
		51.624837	-3.94495
		50.726024	-3.543949
		51.512161	-0.116215
		51.289406	1.075802
		
c	9 10 5 8 3 4 0 11 12 1 13 14 6 7 2 15	2522.22594074957	0.747777405925043	9	10	5	8	3	4	0	11	12	1	13	14	6	7	2	15		
		55.958426	-3.186893
		55.862982	-4.263554
		53.409532	-3.000126
		54.892406	-2.923222
		53.803895	-1.549931
		53.478239	-2.258549
		52.486125	-1.890507
		51.488224	-3.186893
		51.624837	-3.94495
		51.460852	-2.588139
		50.726024	-3.543949
		50.152266	-5.065556
		53.751959	-0.335941
		54.980766	-1.615849
		51.512161	-0.116215
		51.289406	1.075802
		
c	15 6 0 7 9 10 8 3 5 4 11 12 1 14 13 2	2387.10184226635	0.761289815773365	15	6	0	7	9	10	8	3	5	4	11	12	1	14	13	2		
		51.289406	1.075802
		53.751959	-0.335941
		52.486125	-1.890507
		54.980766	-1.615849
		55.958426	-3.186893
		55.862982	-4.263554
		54.892406	-2.923222
		53.803895	-1.549931
		53.409532	-3.000126
		53.478239	-2.258549
		51.488224	-3.186893
		51.624837	-3.94495
		51.460852	-2.588139
		50.152266	-5.065556
		50.726024	-3.543949
		51.512161	-0.116215
		
c	13 11 12 1 2 15 6 5 7 9 10 8 3 4 0 14	2177.62231379273	0.782237768620727	13	11	12	1	2	15	6	5	7	9	10	8	3	4	0	14		
		50.726024	-3.543949
		51.488224	-3.186893
		51.624837	-3.94495
		51.460852	-2.588139
		51.512161	-0.116215
		51.289406	1.075802
		53.751959	-0.335941
		53.409532	-3.000126
		54.980766	-1.615849
		55.958426	-3.186893
		55.862982	-4.263554
		54.892406	-2.923222
		53.803895	-1.549931
		53.478239	-2.258549
		52.486125	-1.890507
		50.152266	-5.065556
		
c	9 3 10 8 4 5 0 14 2 15 6 7 1 11 12 13	2877.84928154826	0.712215071845174	9	3	10	8	4	5	0	14	2	15	6	7	1	11	12	13		
		55.958426	-3.186893
		53.803895	-1.549931
		55.862982	-4.263554
		54.892406	-2.923222
		53.478239	-2.258549
		53.409532	-3.000126
		52.486125	-1.890507
		50.152266	-5.065556
		51.512161	-0.116215
		51.289406	1.075802
		53.751959	-0.335941
		54.980766	-1.615849
		51.460852	-2.588139
		51.488224	-3.186893
		51.624837	-3.94495
		50.726024	-3.543949
		
c	1 14 2 15 6 7 9 10 8 3 4 5 0 11 12 13	2180.34958264855	0.781965041735145	1	14	2	15	6	7	9	10	8	3	4	5	0	11	12	13		
		51.460852	-2.588139
		50.152266	-5.065556
		51.512161	-0.116215
		51.289406	1.075802
		53.751959	-0.335941
		54.980766	-1.615849
		55.958426	-3.186893
		55.862982	-4.263554
		54.892406	-2.923222
		53.803895	-1.549931
		53.478239	-2.258549
		53.409532	-3.000126
		52.486125	-1.890507
		51.488224	-3.186893
		51.624837	-3.94495
		50.726024	-3.543949
		
c	1 11 12 10 9 8 7 5 6 3 4 0 14 13 2 15	2274.99229451089	0.772500770548911	1	11	12	10	9	8	7	5	6	3	4	0	14	13	2	15		
		51.460852	-2.588139
		51.488224	-3.186893
		51.624837	-3.94495
		55.862982	-4.263554
		55.958426	-3.186893
		54.892406	-2.923222
		54.980766	-1.615849
		53.409532	-3.000126
		53.751959	-0.335941
		53.803895	-1.549931
		53.478239	-2.258549
		52.486125	-1.890507
		50.152266	-5.065556
		50.726024	-3.543949
		51.512161	-0.116215
		51.289406	1.075802
		
c	3 15 6 4 8 5 0 1 11 13 12 14 2 7 9 10	2737.61617970817	0.726238382029183	3	15	6	4	8	5	0	1	11	13	12	14	2	7	9	10		
		53.803895	-1.549931
		51.289406	1.075802
		53.751959	-0.335941
		53.478239	-2.258549
		54.892406	-2.923222
		53.409532	-3.000126
		52.486125	-1.890507
		51.460852	-2.588139
		51.488224	-3.186893
		50.726024	-3.543949
		51.624837	-3.94495
		50.152266	-5.065556
		51.512161	-0.116215
		54.980766	-1.615849
		55.958426	-3.186893
		55.862982	-4.263554
		
c	12 14 13 2 15 6 7 3 5 4 0 1 11 9 10 8	2363.95035339812	0.763604964660188	12	14	13	2	15	6	7	3	5	4	0	1	11	9	10	8		
		51.624837	-3.94495
		50.152266	-5.065556
		50.726024	-3.543949
		51.512161	-0.116215
		51.289406	1.075802
		53.751959	-0.335941
		54.980766	-1.615849
		53.803895	-1.549931
		53.409532	-3.000126
		53.478239	-2.258549
		52.486125	-1.890507
		51.460852	-2.588139
		51.488224	-3.186893
		55.958426	-3.186893
		55.862982	-4.263554
		54.892406	-2.923222
		
c	3 4 5 0 11 12 1 13 14 10 9 8 7 6 2 15	2163.16242989086	0.783683757010914	3	4	5	0	11	12	1	13	14	10	9	8	7	6	2	15		
		53.803895	-1.549931
		53.478239	-2.258549
		53.409532	-3.000126
		52.486125	-1.890507
		51.488224	-3.186893
		51.624837	-3.94495
		51.460852	-2.588139
		50.726024	-3.543949
		50.152266	-5.065556
		55.862982	-4.263554
		55.958426	-3.186893
		54.892406	-2.923222
		54.980766	-1.615849
		53.751959	-0.335941
		51.512161	-0.116215
		51.289406	1.075802
		
c	14 6 7 9 10 8 2 5 3 4 0 1 11 12 13 15	2664.10945573737	0.733589054426263	14	6	7	9	10	8	2	5	3	4	0	1	11	12	13	15		
		50.152266	-5.065556
		53.751959	-0.335941
		54.980766	-1.615849
		55.958426	-3.186893
		55.862982	-4.263554
		54.892406	-2.923222
		51.512161	-0.116215
		53.409532	-3.000126
		53.803895	-1.549931
		53.478239	-2.258549
		52.486125	-1.890507
		51.460852	-2.588139
		51.488224	-3.186893
		51.624837	-3.94495
		50.726024	-3.543949
		51.289406	1.075802
		
c	9 8 7 5 6 3 4 0 1 11 12 13 14 2 15 10	2364.82413636584	0.763517586363416	9	8	7	5	6	3	4	0	1	11	12	13	14	2	15	10		
		55.958426	-3.186893
		54.892406	-2.923222
		54.980766	-1.615849
		53.409532	-3.000126
		53.751959	-0.335941
		53.803895	-1.549931
		53.478239	-2.258549
		52.486125	-1.890507
		51.460852	-2.588139
		51.488224	-3.186893
		51.624837	-3.94495
		50.726024	-3.543949
		50.152266	-5.065556
		51.512161	-0.116215
		51.289406	1.075802
		55.862982	-4.263554
		
c	2 15 6 7 9 10 8 3 4 5 0 1 11 13 12 14	1813.0267536019	0.81869732463981	2	15	6	7	9	10	8	3	4	5	0	1	11	13	12	14		
		51.512161	-0.116215
		51.289406	1.075802
		53.751959	-0.335941
		54.980766	-1.615849
		55.958426	-3.186893
		55.862982	-4.263554
		54.892406	-2.923222
		53.803895	-1.549931
		53.478239	-2.258549
		53.409532	-3.000126
		52.486125	-1.890507
		51.460852	-2.588139
		51.488224	-3.186893
		50.726024	-3.543949
		51.624837	-3.94495
		50.152266	-5.065556
		
c	12 14 13 1 4 0 11 6 7 9 10 8 3 5 2 15	2351.00699869721	0.764899300130279	12	14	13	1	4	0	11	6	7	9	10	8	3	5	2	15		
		51.624837	-3.94495
		50.152266	-5.065556
		50.726024	-3.543949
		51.460852	-2.588139
		53.478239	-2.258549
		52.486125	-1.890507
		51.488224	-3.186893
		53.751959	-0.335941
		54.980766	-1.615849
		55.958426	-3.186893
		55.862982	-4.263554
		54.892406	-2.923222
		53.803895	-1.549931
		53.409532	-3.000126
		51.512161	-0.116215
		51.289406	1.075802
		
c	3 4 5 0 1 11 12 14 13 2 15 6 7 9 10 8	1905.14998777035	0.809485001222965	3	4	5	0	1	11	12	14	13	2	15	6	7	9	10	8		
		53.803895	-1.549931
		53.478239	-2.258549
		53.409532	-3.000126
		52.486125	-1.890507
		51.460852	-2.588139
		51.488224	-3.186893
		51.624837	-3.94495
		50.152266	-5.065556
		50.726024	-3.543949
		51.512161	-0.116215
		51.289406	1.075802
		53.751959	-0.335941
		54.980766	-1.615849
		55.958426	-3.186893
		55.862982	-4.263554
		54.892406	-2.923222
		
c	2 10 9 8 7 5 6 3 4 0 1 11 12 14 13 15	2311.42936342117	0.768857063657883	2	10	9	8	7	5	6	3	4	0	1	11	12	14	13	15		
		51.512161	-0.116215
		55.862982	-4.263554
		55.958426	-3.186893
		54.892406	-2.923222
		54.980766	-1.615849
		53.409532	-3.000126
		53.751959	-0.335941
		53.803895	-1.549931
		53.478239	-2.258549
		52.486125	-1.890507
		51.460852	-2.588139
		51.488224	-3.186893
		51.624837	-3.94495
		50.152266	-5.065556
		50.726024	-3.543949
		51.289406	1.075802
		
c	13 14 3 4 5 0 1 11 12 2 15 6 7 9 10 8	2205.66769545474	0.779433230454526	13	14	3	4	5	0	1	11	12	2	15	6	7	9	10	8		
		50.726024	-3.543949
		50.152266	-5.065556
		53.803895	-1.549931
		53.478239	-2.258549
		53.409532	-3.000126
		52.486125	-1.890507
		51.460852	-2.588139
		51.488224	-3.186893
		51.624837	-3.94495
		51.512161	-0.116215
		51.289406	1.075802
		53.751959	-0.335941
		54.980766	-1.615849
		55.958426	-3.186893
		55.862982	-4.263554
		54.892406	-2.923222
		
c	14 13 7 9 10 8 5 3 4 11 12 0 1 2 15 6	2422.90235732678	0.757709764267322	14	13	7	9	10	8	5	3	4	11	12	0	1	2	15	6		
		50.152266	-5.065556
		50.726024	-3.543949
		54.980766	-1.615849
		55.958426	-3.186893
		55.862982	-4.263554
		54.892406	-2.923222
		53.409532	-3.000126
		53.803895	-1.549931
		53.478239	-2.258549
		51.488224	-3.186893
		51.624837	-3.94495
		52.486125	-1.890507
		51.460852	-2.588139
		51.512161	-0.116215
		51.289406	1.075802
		53.751959	-0.335941
		
c	9 6 7 10 8 3 4 5 0 11 12 14 13 1 2 15	2048.83935672454	0.795116064327546	9	6	7	10	8	3	4	5	0	11	12	14	13	1	2	15		
		55.958426	-3.186893
		53.751959	-0.335941
		54.980766	-1.615849
		55.862982	-4.263554
		54.892406	-2.923222
		53.803895	-1.549931
		53.478239	-2.258549
		53.409532	-3.000126
		52.486125	-1.890507
		51.488224	-3.186893
		51.624837	-3.94495
		50.152266	-5.065556
		50.726024	-3.543949
		51.460852	-2.588139
		51.512161	-0.116215
		51.289406	1.075802
		
c	6 7 10 9 8 3 4 5 0 11 12 14 13 1 2 15	1793.58125239295	0.820641874760705	6	7	10	9	8	3	4	5	0	11	12	14	13	1	2	15		
		53.751959	-0.335941
		54.980766	-1.615849
		55.862982	-4.263554
		55.958426	-3.186893
		54.892406	-2.923222
		53.803895	-1.549931
		53.478239	-2.258549
		53.409532	-3.000126
		52.486125	-1.890507
		51.488224	-3.186893
		51.624837	-3.94495
		50.152266	-5.065556
		50.726024	-3.543949
		51.460852	-2.588139
		51.512161	-0.116215
		51.289406	1.075802
		
c	4 5 0 15 6 7 9 10 8 3 11 12 1 13 14 2	2411.83627328133	0.758816372671867	4	5	0	15	6	7	9	10	8	3	11	12	1	13	14	2		
		53.478239	-2.258549
		53.409532	-3.000126
		52.486125	-1.890507
		51.289406	1.075802
		53.751959	-0.335941
		54.980766	-1.615849
		55.958426	-3.186893
		55.862982	-4.263554
		54.892406	-2.923222
		53.803895	-1.549931
		51.488224	-3.186893
		51.624837	-3.94495
		51.460852	-2.588139
		50.726024	-3.543949
		50.152266	-5.065556
		51.512161	-0.116215
		
c	2 6 7 8 10 9 3 4 5 11 12 0 1 13 14 15	2311.97474387809	0.768802525612191	2	6	7	8	10	9	3	4	5	11	12	0	1	13	14	15		
		51.512161	-0.116215
		53.751959	-0.335941
		54.980766	-1.615849
		54.892406	-2.923222
		55.862982	-4.263554
		55.958426	-3.186893
		53.803895	-1.549931
		53.478239	-2.258549
		53.409532	-3.000126
		51.488224	-3.186893
		51.624837	-3.94495
		52.486125	-1.890507
		51.460852	-2.588139
		50.726024	-3.543949
		50.152266	-5.065556
		51.289406	1.075802
		
c	8 3 4 6 7 9 10 5 0 11 12 14 13 1 2 15	1992.55744102354	0.800744255897646	8	3	4	6	7	9	10	5	0	11	12	14	13	1	2	15		
		54.892406	-2.923222
		53.803895	-1.549931
		53.478239	-2.258549
		53.751959	-0.335941
		54.980766	-1.615849
		55.958426	-3.186893
		55.862982	-4.263554
		53.409532	-3.000126
		52.486125	-1.890507
		51.488224	-3.186893
		51.624837	-3.94495
		50.152266	-5.065556
		50.726024	-3.543949
		51.460852	-2.588139
		51.512161	-0.116215
		51.289406	1.075802
		
c	5 6 3 4 0 1 11 12 13 7 9 10 8 14 2 15	2610.0474177007	0.73899525822993	5	6	3	4	0	1	11	12	13	7	9	10	8	14	2	15		
		53.409532	-3.000126
		53.751959	-0.335941
		53.803895	-1.549931
		53.478239	-2.258549
		52.486125	-1.890507
		51.460852	-2.588139
		51.488224	-3.186893
		51.624837	-3.94495
		50.726024	-3.543949
		54.980766	-1.615849
		55.958426	-3.186893
		55.862982	-4.263554
		54.892406	-2.923222
		50.152266	-5.065556
		51.512161	-0.116215
		51.289406	1.075802
		
c	7 3 4 5 11 12 0 1 14 13 6 9 10 8 2 15	2571.94911502767	0.742805088497233	7	3	4	5	11	12	0	1	14	13	6	9	10	8	2	15		
		54.980766	-1.615849
		53.803895	-1.549931
		53.478239	-2.258549
		53.409532	-3.000126
		51.488224	-3.186893
		51.624837	-3.94495
		52.486125	-1.890507
		51.460852	-2.588139
		50.152266	-5.065556
		50.726024	-3.543949
		53.751959	-0.335941
		55.958426	-3.186893
		55.862982	-4.263554
		54.892406	-2.923222
		51.512161	-0.116215
		51.289406	1.075802
		
c	5 3 4 0 6 7 9 10 8 1 11 12 14 13 2 15	2090.42743298387	0.790957256701613	5	3	4	0	6	7	9	10	8	1	11	12	14	13	2	15		
		53.409532	-3.000126
		53.803895	-1.549931
		53.478239	-2.258549
		52.486125	-1.890507
		53.751959	-0.335941
		54.980766	-1.615849
		55.958426	-3.186893
		55.862982	-4.263554
		54.892406	-2.923222
		51.460852	-2.588139
		51.488224	-3.186893
		51.624837	-3.94495
		50.152266	-5.065556
		50.726024	-3.543949
		51.512161	-0.116215
		51.289406	1.075802
		
c	7 8 10 14 1 2 15 6 9 3 4 5 0 11 12 13	2736.10632025901	0.726389367974098	7	8	10	14	1	2	15	6	9	3	4	5	0	11	12	13		
		54.980766	-1.615849
		54.892406	-2.923222
		55.862982	-4.263554
		50.152266	-5.065556
		51.460852	-2.588139
		51.512161	-0.116215
		51.289406	1.075802
		53.751959	-0.335941
		55.958426	-3.186893
		53.803895	-1.549931
		53.478239	-2.258549
		53.409532	-3.000126
		52.486125	-1.890507
		51.488224	-3.186893
		51.624837	-3.94495
		50.726024	-3.543949
		
c	15 6 7 9 10 8 3 4 5 0 1 11 13 12 14 2	2105.66469358839	0.789433530641161	15	6	7	9	10	8	3	4	5	0	1	11	13	12	14	2		
		51.289406	1.075802
		53.751959	-0.335941
		54.980766	-1.615849
		55.958426	-3.186893
		55.862982	-4.263554
		54.892406	-2.923222
		53.803895	-1.549931
		53.478239	-2.258549
		53.409532	-3.000126
		52.486125	-1.890507
		51.460852	-2.588139
		51.488224	-3.186893
		50.726024	-3.543949
		51.624837	-3.94495
		50.152266	-5.065556
		51.512161	-0.116215
		
c	13 14 2 15 6 1 7 9 10 8 3 5 4 0 11 12	2540.89232164426	0.745910767835574	13	14	2	15	6	1	7	9	10	8	3	5	4	0	11	12		
		50.726024	-3.543949
		50.152266	-5.065556
		51.512161	-0.116215
		51.289406	1.075802
		53.751959	-0.335941
		51.460852	-2.588139
		54.980766	-1.615849
		55.958426	-3.186893
		55.862982	-4.263554
		54.892406	-2.923222
		53.803895	-1.549931
		53.409532	-3.000126
		53.478239	-2.258549
		52.486125	-1.890507
		51.488224	-3.186893
		51.624837	-3.94495
		
c	3 6 7 9 10 8 5 4 0 14 15 1 11 12 13 2	2420.11989924557	0.757988010075443	3	6	7	9	10	8	5	4	0	14	15	1	11	12	13	2		
		53.803895	-1.549931
		53.751959	-0.335941
		54.980766	-1.615849
		55.958426	-3.186893
		55.862982	-4.263554
		54.892406	-2.923222
		53.409532	-3.000126
		53.478239	-2.258549
		52.486125	-1.890507
		50.152266	-5.065556
		51.289406	1.075802
		51.460852	-2.588139
		51.488224	-3.186893
		51.624837	-3.94495
		50.726024	-3.543949
		51.512161	-0.116215
		
c	15 6 7 9 3 4 5 11 12 0 1 13 14 2 10 8	2831.47326049061	0.716852673950939	15	6	7	9	3	4	5	11	12	0	1	13	14	2	10	8		
		51.289406	1.075802
		53.751959	-0.335941
		54.980766	-1.615849
		55.958426	-3.186893
		53.803895	-1.549931
		53.478239	-2.258549
		53.409532	-3.000126
		51.488224	-3.186893
		51.624837	-3.94495
		52.486125	-1.890507
		51.460852	-2.588139
		50.726024	-3.543949
		50.152266	-5.065556
		51.512161	-0.116215
		55.862982	-4.263554
		54.892406	-2.923222
		
c	1 8 3 4 5 0 11 12 13 14 2 15 6 7 9 10	2323.76062942647	0.767623937057353	1	8	3	4	5	0	11	12	13	14	2	15	6	7	9	10		
		51.460852	-2.588139
		54.892406	-2.923222
		53.803895	-1.549931
		53.478239	-2.258549
		53.409532	-3.000126
		52.486125	-1.890507
		51.488224	-3.186893
		51.624837	-3.94495
		50.726024	-3.543949
		50.152266	-5.065556
		51.512161	-0.116215
		51.289406	1.075802
		53.751959	-0.335941
		54.980766	-1.615849
		55.958426	-3.186893
		55.862982	-4.263554
		
c	1 10 0 11 12 14 2 15 9 7 6 8 5 3 4 13	3506.23691604963	0.649376308395037	1	10	0	11	12	14	2	15	9	7	6	8	5	3	4	13		
		51.460852	-2.588139
		55.862982	-4.263554
		52.486125	-1.890507
		51.488224	-3.186893
		51.624837	-3.94495
		50.152266	-5.065556
		51.512161	-0.116215
		51.289406	1.075802
		55.958426	-3.186893
		54.980766	-1.615849
		53.751959	-0.335941
		54.892406	-2.923222
		53.409532	-3.000126
		53.803895	-1.549931
		53.478239	-2.258549
		50.726024	-3.543949
		
c	2 15 6 7 9 10 0 1 11 12 14 13 3 4 8 5	2438.9516269048	0.75610483730952	2	15	6	7	9	10	0	1	11	12	14	13	3	4	8	5		
		51.512161	-0.116215
		51.289406	1.075802
		53.751959	-0.335941
		54.980766	-1.615849
		55.958426	-3.186893
		55.862982	-4.263554
		52.486125	-1.890507
		51.460852	-2.588139
		51.488224	-3.186893
		51.624837	-3.94495
		50.152266	-5.065556
		50.726024	-3.543949
		53.803895	-1.549931
		53.478239	-2.258549
		54.892406	-2.923222
		53.409532	-3.000126
		
c	9 10 8 7 4 0 1 11 12 14 13 2 15 6 5 3	2017.23826637754	0.798276173362246	9	10	8	7	4	0	1	11	12	14	13	2	15	6	5	3		
		55.958426	-3.186893
		55.862982	-4.263554
		54.892406	-2.923222
		54.980766	-1.615849
		53.478239	-2.258549
		52.486125	-1.890507
		51.460852	-2.588139
		51.488224	-3.186893
		51.624837	-3.94495
		50.152266	-5.065556
		50.726024	-3.543949
		51.512161	-0.116215
		51.289406	1.075802
		53.751959	-0.335941
		53.409532	-3.000126
		53.803895	-1.549931
		
c	14 13 2 6 7 9 1 15 0 10 8 3 5 4 11 12	3069.00496092342	0.693099503907658	14	13	2	6	7	9	1	15	0	10	8	3	5	4	11	12		
		50.152266	-5.065556
		50.726024	-3.543949
		51.512161	-0.116215
		53.751959	-0.335941
		54.980766	-1.615849
		55.958426	-3.186893
		51.460852	-2.588139
		51.289406	1.075802
		52.486125	-1.890507
		55.862982	-4.263554
		54.892406	-2.923222
		53.803895	-1.549931
		53.409532	-3.000126
		53.478239	-2.258549
		51.488224	-3.186893
		51.624837	-3.94495
		
c	15 6 7 9 10 5 8 3 4 0 11 12 1 13 14 2	2338.71867809817	0.766128132190183	15	6	7	9	10	5	8	3	4	0	11	12	1	13	14	2		
		51.289406	1.075802
		53.751959	-0.335941
		54.980766	-1.615849
		55.958426	-3.186893
		55.862982	-4.263554
		53.409532	-3.000126
		54.892406	-2.923222
		53.803895	-1.549931
		53.478239	-2.258549
		52.486125	-1.890507
		51.488224	-3.186893
		51.624837	-3.94495
		51.460852	-2.588139
		50.726024	-3.543949
		50.152266	-5.065556
		51.512161	-0.116215
		
c	8 3 5 4 11 12 10 0 1 14 13 2 6 7 9 15	3344.33472964077	0.665566527035923	8	3	5	4	11	12	10	0	1	14	13	2	6	7	9	15		
		54.892406	-2.923222
		53.803895	-1.549931
		53.409532	-3.000126
		53.478239	-2.258549
		51.488224	-3.186893
		51.624837	-3.94495
		55.862982	-4.263554
		52.486125	-1.890507
		51.460852	-2.588139
		50.152266	-5.065556
		50.726024	-3.543949
		51.512161	-0.116215
		53.751959	-0.335941
		54.980766	-1.615849
		55.958426	-3.186893
		51.289406	1.075802
		
c	0 1 11 12 14 13 9 10 8 7 5 6 3 4 2 15	2262.31427841181	0.773768572158819	0	1	11	12	14	13	9	10	8	7	5	6	3	4	2	15		
		52.486125	-1.890507
		51.460852	-2.588139
		51.488224	-3.186893
		51.624837	-3.94495
		50.152266	-5.065556
		50.726024	-3.543949
		55.958426	-3.186893
		55.862982	-4.263554
		54.892406	-2.923222
		54.980766	-1.615849
		53.409532	-3.000126
		53.751959	-0.335941
		53.803895	-1.549931
		53.478239	-2.258549
		51.512161	-0.116215
		51.289406	1.075802
		
c	6 7 9 8 10 5 3 4 0 1 11 12 14 13 2 15	1993.39337976677	0.800660662023323	6	7	9	8	10	5	3	4	0	1	11	12	14	13	2	15		
		53.751959	-0.335941
		54.980766	-1.615849
		55.958426	-3.186893
		54.892406	-2.923222
		55.862982	-4.263554
		53.409532	-3.000126
		53.803895	-1.549931
		53.478239	-2.258549
		52.486125	-1.890507
		51.460852	-2.588139
		51.488224	-3.186893
		51.624837	-3.94495
		50.152266	-5.065556
		50.726024	-3.543949
		51.512161	-0.116215
		51.289406	1.075802
		
c	7 9 10 8 5 6 4 0 1 11 12 13 2 14 3 15	2700.77970602281	0.729922029397719	7	9	10	8	5	6	4	0	1	11	12	13	2	14	3	15		
		54.980766	-1.615849
		55.958426	-3.186893
		55.862982	-4.263554
		54.892406	-2.923222
		53.409532	-3.000126
		53.751959	-0.335941
		53.478239	-2.258549
		52.486125	-1.890507
		51.460852	-2.588139
		51.488224	-3.186893
		51.624837	-3.94495
		50.726024	-3.543949
		51.512161	-0.116215
		50.152266	-5.065556
		53.803895	-1.549931
		51.289406	1.075802
		
c	7 9 10 8 5 3 4 0 15 6 1 11 12 14 13 2	2282.01850361121	0.771798149638879	7	9	10	8	5	3	4	0	15	6	1	11	12	14	13	2		
		54.980766	-1.615849
		55.958426	-3.186893
		55.862982	-4.263554
		54.892406	-2.923222
		53.409532	-3.000126
		53.803895	-1.549931
		53.478239	-2.258549
		52.486125	-1.890507
		51.289406	1.075802
		53.751959	-0.335941
		51.460852	-2.588139
		51.488224	-3.186893
		51.624837	-3.94495
		50.152266	-5.065556
		50.726024	-3.543949
		51.512161	-0.116215
		
c	12 14 13 1 6 7 10 9 8 3 4 5 2 0 11 15	2398.16072748581	0.760183927251419	12	14	13	1	6	7	10	9	8	3	4	5	2	0	11	15		
		51.624837	-3.94495
		50.152266	-5.065556
		50.726024	-3.543949
		51.460852	-2.588139
		53.751959	-0.335941
		54.980766	-1.615849
		55.862982	-4.263554
		55.958426	-3.186893
		54.892406	-2.923222
		53.803895	-1.549931
		53.478239	-2.258549
		53.409532	-3.000126
		51.512161	-0.116215
		52.486125	-1.890507
		51.488224	-3.186893
		51.289406	1.075802
		
c	0 1 11 12 14 2 15 6 7 9 8 10 5 3 4 13	2487.75605025532	0.751224394974468	0	1	11	12	14	2	15	6	7	9	8	10	5	3	4	13		
		52.486125	-1.890507
		51.460852	-2.588139
		51.488224	-3.186893
		51.624837	-3.94495
		50.152266	-5.065556
		51.512161	-0.116215
		51.289406	1.075802
		53.751959	-0.335941
		54.980766	-1.615849
		55.958426	-3.186893
		54.892406	-2.923222
		55.862982	-4.263554
		53.409532	-3.000126
		53.803895	-1.549931
		53.478239	-2.258549
		50.726024	-3.543949
		
c	9 10 8 5 4 0 1 11 12 14 13 2 6 7 3 15	2185.5134182454	0.78144865817546	9	10	8	5	4	0	1	11	12	14	13	2	6	7	3	15		
		55.958426	-3.186893
		55.862982	-4.263554
		54.892406	-2.923222
		53.409532	-3.000126
		53.478239	-2.258549
		52.486125	-1.890507
		51.460852	-2.588139
		51.488224	-3.186893
		51.624837	-3.94495
		50.152266	-5.065556
		50.726024	-3.543949
		51.512161	-0.116215
		53.751959	-0.335941
		54.980766	-1.615849
		53.803895	-1.549931
		51.289406	1.075802
		
c	12 14 13 2 6 7 10 9 8 3 4 5 0 11 1 15	2176.70701756566	0.782329298243434	12	14	13	2	6	7	10	9	8	3	4	5	0	11	1	15		
		51.624837	-3.94495
		50.152266	-5.065556
		50.726024	-3.543949
		51.512161	-0.116215
		53.751959	-0.335941
		54.980766	-1.615849
		55.862982	-4.263554
		55.958426	-3.186893
		54.892406	-2.923222
		53.803895	-1.549931
		53.478239	-2.258549
		53.409532	-3.000126
		52.486125	-1.890507
		51.488224	-3.186893
		51.460852	-2.588139
		51.289406	1.075802
		
c	4 3 6 7 9 10 8 5 0 1 11 12 14 13 2 15	1810.39557088752	0.818960442911248	4	3	6	7	9	10	8	5	0	1	11	12	14	13	2	15		
		53.478239	-2.258549
		53.803895	-1.549931
		53.751959	-0.335941
		54.980766	-1.615849
		55.958426	-3.186893
		55.862982	-4.263554
		54.892406	-2.923222
		53.409532	-3.000126
		52.486125	-1.890507
		51.460852	-2.588139
		51.488224	-3.186893
		51.624837	-3.94495
		50.152266	-5.065556
		50.726024	-3.543949
		51.512161	-0.116215
		51.289406	1.075802
		
c	2 6 0 8 10 9 3 4 5 7 1 11 12 14 13 15	2601.18378680228	0.739881621319772	2	6	0	8	10	9	3	4	5	7	1	11	12	14	13	15		
		51.512161	-0.116215
		53.751959	-0.335941
		52.486125	-1.890507
		54.892406	-2.923222
		55.862982	-4.263554
		55.958426	-3.186893
		53.803895	-1.549931
		53.478239	-2.258549
		53.409532	-3.000126
		54.980766	-1.615849
		51.460852	-2.588139
		51.488224	-3.186893
		51.624837	-3.94495
		50.152266	-5.065556
		50.726024	-3.543949
		51.289406	1.075802
		
c	5 0 1 11 12 6 7 9 10 8 3 4 14 13 2 15	2290.32987989558	0.770967012010442	5	0	1	11	12	6	7	9	10	8	3	4	14	13	2	15		
		53.409532	-3.000126
		52.486125	-1.890507
		51.460852	-2.588139
		51.488224	-3.186893
		51.624837	-3.94495
		53.751959	-0.335941
		54.980766	-1.615849
		55.958426	-3.186893
		55.862982	-4.263554
		54.892406	-2.923222
		53.803895	-1.549931
		53.478239	-2.258549
		50.152266	-5.065556
		50.726024	-3.543949
		51.512161	-0.116215
		51.289406	1.075802
		
c	8 7 3 4 5 0 1 11 12 14 2 15 6 9 10 13	2554.09226376621	0.744590773623379	8	7	3	4	5	0	1	11	12	14	2	15	6	9	10	13		
		54.892406	-2.923222
		54.980766	-1.615849
		53.803895	-1.549931
		53.478239	-2.258549
		53.409532	-3.000126
		52.486125	-1.890507
		51.460852	-2.588139
		51.488224	-3.186893
		51.624837	-3.94495
		50.152266	-5.065556
		51.512161	-0.116215
		51.289406	1.075802
		53.751959	-0.335941
		55.958426	-3.186893
		55.862982	-4.263554
		50.726024	-3.543949
		
c	1 5 2 15 6 7 9 10 8 3 4 0 11 12 14 13	2220.15330130092	0.777984669869908	1	5	2	15	6	7	9	10	8	3	4	0	11	12	14	13		
		51.460852	-2.588139
		53.409532	-3.000126
		51.512161	-0.116215
		51.289406	1.075802
		53.751959	-0.335941
		54.980766	-1.615849
		55.958426	-3.186893
		55.862982	-4.263554
		54.892406	-2.923222
		53.803895	-1.549931
		53.478239	-2.258549
		52.486125	-1.890507
		51.488224	-3.186893
		51.624837	-3.94495
		50.152266	-5.065556
		50.726024	-3.543949
		
c	1 0 14 2 15 6 7 9 10 8 3 4 5 11 12 13	2362.81959818987	0.763718040181013	1	0	14	2	15	6	7	9	10	8	3	4	5	11	12	13		
		51.460852	-2.588139
		52.486125	-1.890507
		50.152266	-5.065556
		51.512161	-0.116215
		51.289406	1.075802
		53.751959	-0.335941
		54.980766	-1.615849
		55.958426	-3.186893
		55.862982	-4.263554
		54.892406	-2.923222
		53.803895	-1.549931
		53.478239	-2.258549
		53.409532	-3.000126
		51.488224	-3.186893
		51.624837	-3.94495
		50.726024	-3.543949
		
c	0 6 7 8 10 1 13 14 9 3 5 4 11 12 2 15	2998.25151437825	0.700174848562175	0	6	7	8	10	1	13	14	9	3	5	4	11	12	2	15		
		52.486125	-1.890507
		53.751959	-0.335941
		54.980766	-1.615849
		54.892406	-2.923222
		55.862982	-4.263554
		51.460852	-2.588139
		50.726024	-3.543949
		50.152266	-5.065556
		55.958426	-3.186893
		53.803895	-1.549931
		53.409532	-3.000126
		53.478239	-2.258549
		51.488224	-3.186893
		51.624837	-3.94495
		51.512161	-0.116215
		51.289406	1.075802
		
c	9 10 6 7 8 5 3 4 11 12 0 1 13 14 2 15	2259.449723751	0.7740550276249	9	10	6	7	8	5	3	4	11	12	0	1	13	14	2	15		
		55.958426	-3.186893
		55.862982	-4.263554
		53.751959	-0.335941
		54.980766	-1.615849
		54.892406	-2.923222
		53.409532	-3.000126
		53.803895	-1.549931
		53.478239	-2.258549
		51.488224	-3.186893
		51.624837	-3.94495
		52.486125	-1.890507
		51.460852	-2.588139
		50.726024	-3.543949
		50.152266	-5.065556
		51.512161	-0.116215
		51.289406	1.075802
		
c	3 4 5 0 11 6 7 10 9 8 12 14 13 1 2 15	2275.21771574998	0.772478228425002	3	4	5	0	11	6	7	10	9	8	12	14	13	1	2	15		
		53.803895	-1.549931
		53.478239	-2.258549
		53.409532	-3.000126
		52.486125	-1.890507
		51.488224	-3.186893
		53.751959	-0.335941
		54.980766	-1.615849
		55.862982	-4.263554
		55.958426	-3.186893
		54.892406	-2.923222
		51.624837	-3.94495
		50.152266	-5.065556
		50.726024	-3.543949
		51.460852	-2.588139
		51.512161	-0.116215
		51.289406	1.075802
		
c	6 7 9 1 2 0 8 10 3 4 5 11 12 14 13 15	2856.54430744327	0.714345569255673	6	7	9	1	2	0	8	10	3	4	5	11	12	14	13	15		
		53.751959	-0.335941
		54.980766	-1.615849
		55.958426	-3.186893
		51.460852	-2.588139
		51.512161	-0.116215
		52.486125	-1.890507
		54.892406	-2.923222
		55.862982	-4.263554
		53.803895	-1.549931
		53.478239	-2.258549
		53.409532	-3.000126
		51.488224	-3.186893
		51.624837	-3.94495
		50.152266	-5.065556
		50.726024	-3.543949
		51.289406	1.075802
		
c	4 5 11 6 7 8 3 0 12 10 9 14 13 1 2 15	2978.54825409834	0.702145174590166	4	5	11	6	7	8	3	0	12	10	9	14	13	1	2	15		
		53.478239	-2.258549
		53.409532	-3.000126
		51.488224	-3.186893
		53.751959	-0.335941
		54.980766	-1.615849
		54.892406	-2.923222
		53.803895	-1.549931
		52.486125	-1.890507
		51.624837	-3.94495
		55.862982	-4.263554
		55.958426	-3.186893
		50.152266	-5.065556
		50.726024	-3.543949
		51.460852	-2.588139
		51.512161	-0.116215
		51.289406	1.075802
		
c	3 5 4 0 11 1 8 12 13 14 2 15 6 7 9 10	2562.58378616321	0.743741621383679	3	5	4	0	11	1	8	12	13	14	2	15	6	7	9	10		
		53.803895	-1.549931
		53.409532	-3.000126
		53.478239	-2.258549
		52.486125	-1.890507
		51.488224	-3.186893
		51.460852	-2.588139
		54.892406	-2.923222
		51.624837	-3.94495
		50.726024	-3.543949
		50.152266	-5.065556
		51.512161	-0.116215
		51.289406	1.075802
		53.751959	-0.335941
		54.980766	-1.615849
		55.958426	-3.186893
		55.862982	-4.263554
		
c	7 9 10 8 3 4 5 0 11 12 2 15 6 1 14 13	2224.57919440198	0.777542080559802	7	9	10	8	3	4	5	0	11	12	2	15	6	1	14	13		
		54.980766	-1.615849
		55.958426	-3.186893
		55.862982	-4.263554
		54.892406	-2.923222
		53.803895	-1.549931
		53.478239	-2.258549
		53.409532	-3.000126
		52.486125	-1.890507
		51.488224	-3.186893
		51.624837	-3.94495
		51.512161	-0.116215
		51.289406	1.075802
		53.751959	-0.335941
		51.460852	-2.588139
		50.152266	-5.065556
		50.726024	-3.543949
		
c	1 11 12 14 5 4 0 13 3 6 7 9 10 8 2 15	2522.21496564043	0.747778503435957	1	11	12	14	5	4	0	13	3	6	7	9	10	8	2	15		
		51.460852	-2.588139
		51.488224	-3.186893
		51.624837	-3.94495
		50.152266	-5.065556
		53.409532	-3.000126
		53.478239	-2.258549
		52.486125	-1.890507
		50.726024	-3.543949
		53.803895	-1.549931
		53.751959	-0.335941
		54.980766	-1.615849
		55.958426	-3.186893
		55.862982	-4.263554
		54.892406	-2.923222
		51.512161	-0.116215
		51.289406	1.075802
		
c	9 10 8 3 4 0 1 11 12 14 2 15 6 7 5 13	2341.19575108459	0.765880424891541	9	10	8	3	4	0	1	11	12	14	2	15	6	7	5	13		
		55.958426	-3.186893
		55.862982	-4.263554
		54.892406	-2.923222
		53.803895	-1.549931
		53.478239	-2.258549
		52.486125	-1.890507
		51.460852	-2.588139
		51.488224	-3.186893
		51.624837	-3.94495
		50.152266	-5.065556
		51.512161	-0.116215
		51.289406	1.075802
		53.751959	-0.335941
		54.980766	-1.615849
		53.409532	-3.000126
		50.726024	-3.543949
		
c	3 6 7 9 10 8 2 5 4 0 1 11 12 14 13 15	2317.70193937952	0.768229806062048	3	6	7	9	10	8	2	5	4	0	1	11	12	14	13	15		
		53.803895	-1.549931
		53.751959	-0.335941
		54.980766	-1.615849
		55.958426	-3.186893
		55.862982	-4.263554
		54.892406	-2.923222
		51.512161	-0.116215
		53.409532	-3.000126
		53.478239	-2.258549
		52.486125	-1.890507
		51.460852	-2.588139
		51.488224	-3.186893
		51.624837	-3.94495
		50.152266	-5.065556
		50.726024	-3.543949
		51.289406	1.075802
		
c	11 12 14 7 9 10 8 5 6 3 4 0 1 13 2 15	2340.65580439062	0.765934419560938	11	12	14	7	9	10	8	5	6	3	4	0	1	13	2	15		
		51.488224	-3.186893
		51.624837	-3.94495
		50.152266	-5.065556
		54.980766	-1.615849
		55.958426	-3.186893
		55.862982	-4.263554
		54.892406	-2.923222
		53.409532	-3.000126
		53.751959	-0.335941
		53.803895	-1.549931
		53.478239	-2.258549
		52.486125	-1.890507
		51.460852	-2.588139
		50.726024	-3.543949
		51.512161	-0.116215
		51.289406	1.075802
		
c	0 1 11 12 14 13 2 5 4 3 6 7 9 10 8 15	2250.86823378877	0.774913176621123	0	1	11	12	14	13	2	5	4	3	6	7	9	10	8	15		
		52.486125	-1.890507
		51.460852	-2.588139
		51.488224	-3.186893
		51.624837	-3.94495
		50.152266	-5.065556
		50.726024	-3.543949
		51.512161	-0.116215
		53.409532	-3.000126
		53.478239	-2.258549
		53.803895	-1.549931
		53.751959	-0.335941
		54.980766	-1.615849
		55.958426	-3.186893
		55.862982	-4.263554
		54.892406	-2.923222
		51.289406	1.075802
		
c	5 6 3 4 0 1 11 12 14 13 7 9 10 8 2 15	2307.30070678481	0.769269929321519	5	6	3	4	0	1	11	12	14	13	7	9	10	8	2	15		
		53.409532	-3.000126
		53.751959	-0.335941
		53.803895	-1.549931
		53.478239	-2.258549
		52.486125	-1.890507
		51.460852	-2.588139
		51.488224	-3.186893
		51.624837	-3.94495
		50.152266	-5.065556
		50.726024	-3.543949
		54.980766	-1.615849
		55.958426	-3.186893
		55.862982	-4.263554
		54.892406	-2.923222
		51.512161	-0.116215
		51.289406	1.075802
		
c	8 3 4 5 0 11 12 1 13 14 2 15 6 7 9 10	2038.84945700949	0.796115054299051	8	3	4	5	0	11	12	1	13	14	2	15	6	7	9	10		
		54.892406	-2.923222
		53.803895	-1.549931
		53.478239	-2.258549
		53.409532	-3.000126
		52.486125	-1.890507
		51.488224	-3.186893
		51.624837	-3.94495
		51.460852	-2.588139
		50.726024	-3.543949
		50.152266	-5.065556
		51.512161	-0.116215
		51.289406	1.075802
		53.751959	-0.335941
		54.980766	-1.615849
		55.958426	-3.186893
		55.862982	-4.263554
		
c	6 7 4 10 5 0 11 12 14 13 1 8 3 9 2 15	3061.4472138684	0.69385527861316	6	7	4	10	5	0	11	12	14	13	1	8	3	9	2	15		
		53.751959	-0.335941
		54.980766	-1.615849
		53.478239	-2.258549
		55.862982	-4.263554
		53.409532	-3.000126
		52.486125	-1.890507
		51.488224	-3.186893
		51.624837	-3.94495
		50.152266	-5.065556
		50.726024	-3.543949
		51.460852	-2.588139
		54.892406	-2.923222
		53.803895	-1.549931
		55.958426	-3.186893
		51.512161	-0.116215
		51.289406	1.075802
		
c	10 8 3 4 5 0 1 11 12 13 14 2 15 6 7 9	2033.87234508169	0.796612765491831	10	8	3	4	5	0	1	11	12	13	14	2	15	6	7	9		
		55.862982	-4.263554
		54.892406	-2.923222
		53.803895	-1.549931
		53.478239	-2.258549
		53.409532	-3.000126
		52.486125	-1.890507
		51.460852	-2.588139
		51.488224	-3.186893
		51.624837	-3.94495
		50.726024	-3.543949
		50.152266	-5.065556
		51.512161	-0.116215
		51.289406	1.075802
		53.751959	-0.335941
		54.980766	-1.615849
		55.958426	-3.186893
		
c	1 10 8 3 7 9 6 4 5 0 11 12 14 13 2 15	2524.24971518198	0.747575028481802	1	10	8	3	7	9	6	4	5	0	11	12	14	13	2	15		
		51.460852	-2.588139
		55.862982	-4.263554
		54.892406	-2.923222
		53.803895	-1.549931
		54.980766	-1.615849
		55.958426	-3.186893
		53.751959	-0.335941
		53.478239	-2.258549
		53.409532	-3.000126
		52.486125	-1.890507
		51.488224	-3.186893
		51.624837	-3.94495
		50.152266	-5.065556
		50.726024	-3.543949
		51.512161	-0.116215
		51.289406	1.075802
		
c	1 13 14 2 15 6 7 9 10 8 3 4 5 0 11 12	2080.4374149458	0.791956258505421	1	13	14	2	15	6	7	9	10	8	3	4	5	0	11	12		
		51.460852	-2.588139
		50.726024	-3.543949
		50.152266	-5.065556
		51.512161	-0.116215
		51.289406	1.075802
		53.751959	-0.335941
		54.980766	-1.615849
		55.958426	-3.186893
		55.862982	-4.263554
		54.892406	-2.923222
		53.803895	-1.549931
		53.478239	-2.258549
		53.409532	-3.000126
		52.486125	-1.890507
		51.488224	-3.186893
		51.624837	-3.94495
		
c	9 8 3 4 10 5 0 1 11 12 14 13 2 15 6 7	2352.70564677008	0.764729435322992	9	8	3	4	10	5	0	1	11	12	14	13	2	15	6	7		
		55.958426	-3.186893
		54.892406	-2.923222
		53.803895	-1.549931
		53.478239	-2.258549
		55.862982	-4.263554
		53.409532	-3.000126
		52.486125	-1.890507
		51.460852	-2.588139
		51.488224	-3.186893
		51.624837	-3.94495
		50.152266	-5.065556
		50.726024	-3.543949
		51.512161	-0.116215
		51.289406	1.075802
		53.751959	-0.335941
		54.980766	-1.615849
		
c	14 13 2 15 0 11 12 1 6 7 10 9 8 3 4 5	2098.55752621533	0.790144247378467	14	13	2	15	0	11	12	1	6	7	10	9	8	3	4	5		
		50.152266	-5.065556
		50.726024	-3.543949
		51.512161	-0.116215
		51.289406	1.075802
		52.486125	-1.890507
		51.488224	-3.186893
		51.624837	-3.94495
		51.460852	-2.588139
		53.751959	-0.335941
		54.980766	-1.615849
		55.862982	-4.263554
		55.958426	-3.186893
		54.892406	-2.923222
		53.803895	-1.549931
		53.478239	-2.258549
		53.409532	-3.000126
		
g103		1758.37881581719	0.824162118418281	0	6	3	7	9	10	8	5	4	0	1	11	12	14	13	2	15		
		53.751959	-0.335941
		53.803895	-1.549931
		54.980766	-1.615849
		55.958426	-3.186893
		55.862982	-4.263554
		54.892406	-2.923222
		53.409532	-3.000126
		53.478239	-2.258549
		52.486125	-1.890507
		51.460852	-2.588139
		51.488224	-3.186893
		51.624837	-3.94495
		50.152266	-5.065556
		50.726024	-3.543949
		51.512161	-0.116215
		51.289406	1.075802
		
g103		1764.36174716627	0.823563825283373	1	6	7	9	10	8	3	4	5	0	11	12	14	13	1	2	15		
		53.751959	-0.335941
		54.980766	-1.615849
		55.958426	-3.186893
		55.862982	-4.263554
		54.892406	-2.923222
		53.803895	-1.549931
		53.478239	-2.258549
		53.409532	-3.000126
		52.486125	-1.890507
		51.488224	-3.186893
		51.624837	-3.94495
		50.152266	-5.065556
		50.726024	-3.543949
		51.460852	-2.588139
		51.512161	-0.116215
		51.289406	1.075802
		
g103		1765.3928454289	0.82346071545711	2	6	7	9	10	8	3	4	5	0	1	11	12	14	13	2	15		
		53.751959	-0.335941
		54.980766	-1.615849
		55.958426	-3.186893
		55.862982	-4.263554
		54.892406	-2.923222
		53.803895	-1.549931
		53.478239	-2.258549
		53.409532	-3.000126
		52.486125	-1.890507
		51.460852	-2.588139
		51.488224	-3.186893
		51.624837	-3.94495
		50.152266	-5.065556
		50.726024	-3.543949
		51.512161	-0.116215
		51.289406	1.075802
		
g103		1767.93964020092	0.823206035979908	3	10	9	8	7	5	6	3	4	0	1	11	12	14	13	2	15		
		55.862982	-4.263554
		55.958426	-3.186893
		54.892406	-2.923222
		54.980766	-1.615849
		53.409532	-3.000126
		53.751959	-0.335941
		53.803895	-1.549931
		53.478239	-2.258549
		52.486125	-1.890507
		51.460852	-2.588139
		51.488224	-3.186893
		51.624837	-3.94495
		50.152266	-5.065556
		50.726024	-3.543949
		51.512161	-0.116215
		51.289406	1.075802
		
g103		1785.41447966156	0.821458552033844	4	9	10	8	7	5	6	3	4	0	1	11	12	14	13	2	15		
		55.958426	-3.186893
		55.862982	-4.263554
		54.892406	-2.923222
		54.980766	-1.615849
		53.409532	-3.000126
		53.751959	-0.335941
		53.803895	-1.549931
		53.478239	-2.258549
		52.486125	-1.890507
		51.460852	-2.588139
		51.488224	-3.186893
		51.624837	-3.94495
		50.152266	-5.065556
		50.726024	-3.543949
		51.512161	-0.116215
		51.289406	1.075802
		
g103		1787.2678443766	0.82127321556234	5	3	6	7	9	10	8	5	4	0	1	11	12	14	13	2	15		
		53.803895	-1.549931
		53.751959	-0.335941
		54.980766	-1.615849
		55.958426	-3.186893
		55.862982	-4.263554
		54.892406	-2.923222
		53.409532	-3.000126
		53.478239	-2.258549
		52.486125	-1.890507
		51.460852	-2.588139
		51.488224	-3.186893
		51.624837	-3.94495
		50.152266	-5.065556
		50.726024	-3.543949
		51.512161	-0.116215
		51.289406	1.075802
		
