c	11 4 5 0 12 14 13 1 6 7 9 10 8 3 2 15	2306.59328592708	0.769340671407292	11	4	5	0	12	14	13	1	6	7	9	10	8	3	2	15		
		51.488224	-3.186893
		53.478239	-2.258549
		53.409532	-3.000126
		52.486125	-1.890507
		51.624837	-3.94495
		50.152266	-5.065556
		50.726024	-3.543949
		51.460852	-2.588139
		53.751959	-0.335941
		54.980766	-1.615849
		55.958426	-3.186893
		55.862982	-4.263554
		54.892406	-2.923222
		53.803895	-1.549931
		51.512161	-0.116215
		51.289406	1.075802
		
c	3 4 0 6 7 9 10 8 14 5 1 11 12 13 2 15	2553.96059918693	0.744603940081307	3	4	0	6	7	9	10	8	14	5	1	11	12	13	2	15		
		53.803895	-1.549931
		53.478239	-2.258549
		52.486125	-1.890507
		53.751959	-0.335941
		54.980766	-1.615849
		55.958426	-3.186893
		55.862982	-4.263554
		54.892406	-2.923222
		50.152266	-5.065556
		53.409532	-3.000126
		51.460852	-2.588139
		51.488224	-3.186893
		51.624837	-3.94495
		50.726024	-3.543949
		51.512161	-0.116215
		51.289406	1.075802
		
c	8 3 6 4 5 12 1 11 10 9 7 0 14 13 2 15	2547.31330815027	0.745268669184973	8	3	6	4	5	12	1	11	10	9	7	0	14	13	2	15		
		54.892406	-2.923222
		53.803895	-1.549931
		53.751959	-0.335941
		53.478239	-2.258549
		53.409532	-3.000126
		51.624837	-3.94495
		51.460852	-2.588139
		51.488224	-3.186893
		55.862982	-4.263554
		55.958426	-3.186893
		54.980766	-1.615849
		52.486125	-1.890507
		50.152266	-5.065556
		50.726024	-3.543949
		51.512161	-0.116215
		51.289406	1.075802
		
c	4 0 1 11 12 14 13 2 15 6 7 9 10 8 3 5	2038.09044505114	0.796190955494886	4	0	1	11	12	14	13	2	15	6	7	9	10	8	3	5		
		53.478239	-2.258549
		52.486125	-1.890507
		51.460852	-2.588139
		51.488224	-3.186893
		51.624837	-3.94495
		50.152266	-5.065556
		50.726024	-3.543949
		51.512161	-0.116215
		51.289406	1.075802
		53.751959	-0.335941
		54.980766	-1.615849
		55.958426	-3.186893
		55.862982	-4.263554
		54.892406	-2.923222
		53.803895	-1.549931
		53.409532	-3.000126
		
c	12 14 13 2 15 6 7 1 11 10 9 8 5 3 4 0	2657.50927919112	0.734249072080888	12	14	13	2	15	6	7	1	11	10	9	8	5	3	4	0		
		51.624837	-3.94495
		50.152266	-5.065556
		50.726024	-3.543949
		51.512161	-0.116215
		51.289406	1.075802
		53.751959	-0.335941
		54.980766	-1.615849
		51.460852	-2.588139
		51.488224	-3.186893
		55.862982	-4.263554
		55.958426	-3.186893
		54.892406	-2.923222
		53.409532	-3.000126
		53.803895	-1.549931
		53.478239	-2.258549
		52.486125	-1.890507
		
c	4 0 1 11 12 14 6 7 9 10 8 3 5 13 2 15	2438.38426709502	0.756161573290498	4	0	1	11	12	14	6	7	9	10	8	3	5	13	2	15		
		53.478239	-2.258549
		52.486125	-1.890507
		51.460852	-2.588139
		51.488224	-3.186893
		51.624837	-3.94495
		50.152266	-5.065556
		53.751959	-0.335941
		54.980766	-1.615849
		55.958426	-3.186893
		55.862982	-4.263554
		54.892406	-2.923222
		53.803895	-1.549931
		53.409532	-3.000126
		50.726024	-3.543949
		51.512161	-0.116215
		51.289406	1.075802
		
c	13 2 14 15 6 7 9 10 5 8 3 4 0 11 12 1	2812.96321353542	0.718703678646458	13	2	14	15	6	7	9	10	5	8	3	4	0	11	12	1		
		50.726024	-3.543949
		51.512161	-0.116215
		50.152266	-5.065556
		51.289406	1.075802
		53.751959	-0.335941
		54.980766	-1.615849
		55.958426	-3.186893
		55.862982	-4.263554
		53.409532	-3.000126
		54.892406	-2.923222
		53.803895	-1.549931
		53.478239	-2.258549
		52.486125	-1.890507
		51.488224	-3.186893
		51.624837	-3.94495
		51.460852	-2.588139
		
c	6 4 9 10 7 8 5 3 11 12 0 1 13 14 2 15	2352.87860001022	0.764712139998978	6	4	9	10	7	8	5	3	11	12	0	1	13	14	2	15		
		53.751959	-0.335941
		53.478239	-2.258549
		55.958426	-3.186893
		55.862982	-4.263554
		54.980766	-1.615849
		54.892406	-2.923222
		53.409532	-3.000126
		53.803895	-1.549931
		51.488224	-3.186893
		51.624837	-3.94495
		52.486125	-1.890507
		51.460852	-2.588139
		50.726024	-3.543949
		50.152266	-5.065556
		51.512161	-0.116215
		51.289406	1.075802
		
c	11 12 1 5 3 4 0 6 7 9 10 8 14 13 2 15	2345.6334795706	0.76543665204294	11	12	1	5	3	4	0	6	7	9	10	8	14	13	2	15		
		51.488224	-3.186893
		51.624837	-3.94495
		51.460852	-2.588139
		53.409532	-3.000126
		53.803895	-1.549931
		53.478239	-2.258549
		52.486125	-1.890507
		53.751959	-0.335941
		54.980766	-1.615849
		55.958426	-3.186893
		55.862982	-4.263554
		54.892406	-2.923222
		50.152266	-5.065556
		50.726024	-3.543949
		51.512161	-0.116215
		51.289406	1.075802
		
c	3 5 4 0 11 1 8 12 13 14 2 15 6 7 9 10	2562.58378616321	0.743741621383679	3	5	4	0	11	1	8	12	13	14	2	15	6	7	9	10		
		53.803895	-1.549931
		53.409532	-3.000126
		53.478239	-2.258549
		52.486125	-1.890507
		51.488224	-3.186893
		51.460852	-2.588139
		54.892406	-2.923222
		51.624837	-3.94495
		50.726024	-3.543949
		50.152266	-5.065556
		51.512161	-0.116215
		51.289406	1.075802
		53.751959	-0.335941
		54.980766	-1.615849
		55.958426	-3.186893
		55.862982	-4.263554
		
c	14 13 2 15 6 7 9 8 5 3 4 10 0 1 11 12	2432.62839963644	0.756737160036356	14	13	2	15	6	7	9	8	5	3	4	10	0	1	11	12		
		50.152266	-5.065556
		50.726024	-3.543949
		51.512161	-0.116215
		51.289406	1.075802
		53.751959	-0.335941
		54.980766	-1.615849
		55.958426	-3.186893
		54.892406	-2.923222
		53.409532	-3.000126
		53.803895	-1.549931
		53.478239	-2.258549
		55.862982	-4.263554
		52.486125	-1.890507
		51.460852	-2.588139
		51.488224	-3.186893
		51.624837	-3.94495
		
c	4 5 0 11 12 14 13 2 7 10 9 8 3 6 1 15	2496.27820607361	0.750372179392639	4	5	0	11	12	14	13	2	7	10	9	8	3	6	1	15		
		53.478239	-2.258549
		53.409532	-3.000126
		52.486125	-1.890507
		51.488224	-3.186893
		51.624837	-3.94495
		50.152266	-5.065556
		50.726024	-3.543949
		51.512161	-0.116215
		54.980766	-1.615849
		55.862982	-4.263554
		55.958426	-3.186893
		54.892406	-2.923222
		53.803895	-1.549931
		53.751959	-0.335941
		51.460852	-2.588139
		51.289406	1.075802
		
c	3 4 10 0 1 11 12 14 13 2 15 6 7 9 8 5	2509.01134031959	0.749098865968041	3	4	10	0	1	11	12	14	13	2	15	6	7	9	8	5		
		53.803895	-1.549931
		53.478239	-2.258549
		55.862982	-4.263554
		52.486125	-1.890507
		51.460852	-2.588139
		51.488224	-3.186893
		51.624837	-3.94495
		50.152266	-5.065556
		50.726024	-3.543949
		51.512161	-0.116215
		51.289406	1.075802
		53.751959	-0.335941
		54.980766	-1.615849
		55.958426	-3.186893
		54.892406	-2.923222
		53.409532	-3.000126
		
c	6 4 5 0 11 12 14 9 7 10 8 3 13 1 2 15	2702.20035634177	0.729779964365823	6	4	5	0	11	12	14	9	7	10	8	3	13	1	2	15		
		53.751959	-0.335941
		53.478239	-2.258549
		53.409532	-3.000126
		52.486125	-1.890507
		51.488224	-3.186893
		51.624837	-3.94495
		50.152266	-5.065556
		55.958426	-3.186893
		54.980766	-1.615849
		55.862982	-4.263554
		54.892406	-2.923222
		53.803895	-1.549931
		50.726024	-3.543949
		51.460852	-2.588139
		51.512161	-0.116215
		51.289406	1.075802
		
c	11 12 14 13 1 2 4 0 15 6 7 9 10 8 3 5	2314.14577625042	0.768585422374958	11	12	14	13	1	2	4	0	15	6	7	9	10	8	3	5		
		51.488224	-3.186893
		51.624837	-3.94495
		50.152266	-5.065556
		50.726024	-3.543949
		51.460852	-2.588139
		51.512161	-0.116215
		53.478239	-2.258549
		52.486125	-1.890507
		51.289406	1.075802
		53.751959	-0.335941
		54.980766	-1.615849
		55.958426	-3.186893
		55.862982	-4.263554
		54.892406	-2.923222
		53.803895	-1.549931
		53.409532	-3.000126
		
c	4 0 3 6 7 1 11 12 14 13 2 9 10 8 5 15	2823.0238467376	0.71769761532624	4	0	3	6	7	1	11	12	14	13	2	9	10	8	5	15		
		53.478239	-2.258549
		52.486125	-1.890507
		53.803895	-1.549931
		53.751959	-0.335941
		54.980766	-1.615849
		51.460852	-2.588139
		51.488224	-3.186893
		51.624837	-3.94495
		50.152266	-5.065556
		50.726024	-3.543949
		51.512161	-0.116215
		55.958426	-3.186893
		55.862982	-4.263554
		54.892406	-2.923222
		53.409532	-3.000126
		51.289406	1.075802
		
c	6 7 9 5 10 8 3 4 0 11 12 14 13 1 2 15	2201.33101472585	0.779866898527415	6	7	9	5	10	8	3	4	0	11	12	14	13	1	2	15		
		53.751959	-0.335941
		54.980766	-1.615849
		55.958426	-3.186893
		53.409532	-3.000126
		55.862982	-4.263554
		54.892406	-2.923222
		53.803895	-1.549931
		53.478239	-2.258549
		52.486125	-1.890507
		51.488224	-3.186893
		51.624837	-3.94495
		50.152266	-5.065556
		50.726024	-3.543949
		51.460852	-2.588139
		51.512161	-0.116215
		51.289406	1.075802
		
c	6 7 9 10 8 13 1 11 12 14 5 4 0 3 2 15	2419.30520473219	0.758069479526781	6	7	9	10	8	13	1	11	12	14	5	4	0	3	2	15		
		53.751959	-0.335941
		54.980766	-1.615849
		55.958426	-3.186893
		55.862982	-4.263554
		54.892406	-2.923222
		50.726024	-3.543949
		51.460852	-2.588139
		51.488224	-3.186893
		51.624837	-3.94495
		50.152266	-5.065556
		53.409532	-3.000126
		53.478239	-2.258549
		52.486125	-1.890507
		53.803895	-1.549931
		51.512161	-0.116215
		51.289406	1.075802
		
c	7 9 10 8 5 3 4 0 15 6 1 11 12 14 13 2	2282.01850361121	0.771798149638879	7	9	10	8	5	3	4	0	15	6	1	11	12	14	13	2		
		54.980766	-1.615849
		55.958426	-3.186893
		55.862982	-4.263554
		54.892406	-2.923222
		53.409532	-3.000126
		53.803895	-1.549931
		53.478239	-2.258549
		52.486125	-1.890507
		51.289406	1.075802
		53.751959	-0.335941
		51.460852	-2.588139
		51.488224	-3.186893
		51.624837	-3.94495
		50.152266	-5.065556
		50.726024	-3.543949
		51.512161	-0.116215
		
c	7 9 10 8 3 4 5 0 1 11 12 6 14 13 2 15	2277.9638134897	0.77220361865103	7	9	10	8	3	4	5	0	1	11	12	6	14	13	2	15		
		54.980766	-1.615849
		55.958426	-3.186893
		55.862982	-4.263554
		54.892406	-2.923222
		53.803895	-1.549931
		53.478239	-2.258549
		53.409532	-3.000126
		52.486125	-1.890507
		51.460852	-2.588139
		51.488224	-3.186893
		51.624837	-3.94495
		53.751959	-0.335941
		50.152266	-5.065556
		50.726024	-3.543949
		51.512161	-0.116215
		51.289406	1.075802
		
c	8 2 15 6 7 9 10 0 1 11 12 14 13 3 4 5	2580.32127340258	0.741967872659742	8	2	15	6	7	9	10	0	1	11	12	14	13	3	4	5		
		54.892406	-2.923222
		51.512161	-0.116215
		51.289406	1.075802
		53.751959	-0.335941
		54.980766	-1.615849
		55.958426	-3.186893
		55.862982	-4.263554
		52.486125	-1.890507
		51.460852	-2.588139
		51.488224	-3.186893
		51.624837	-3.94495
		50.152266	-5.065556
		50.726024	-3.543949
		53.803895	-1.549931
		53.478239	-2.258549
		53.409532	-3.000126
		
c	3 7 9 10 8 5 4 0 1 11 12 6 14 13 2 15	2350.79511748945	0.764920488251055	3	7	9	10	8	5	4	0	1	11	12	6	14	13	2	15		
		53.803895	-1.549931
		54.980766	-1.615849
		55.958426	-3.186893
		55.862982	-4.263554
		54.892406	-2.923222
		53.409532	-3.000126
		53.478239	-2.258549
		52.486125	-1.890507
		51.460852	-2.588139
		51.488224	-3.186893
		51.624837	-3.94495
		53.751959	-0.335941
		50.152266	-5.065556
		50.726024	-3.543949
		51.512161	-0.116215
		51.289406	1.075802
		
c	4 5 0 11 12 14 13 1 6 7 9 10 8 3 2 15	2103.2248356135	0.78967751643865	4	5	0	11	12	14	13	1	6	7	9	10	8	3	2	15		
		53.478239	-2.258549
		53.409532	-3.000126
		52.486125	-1.890507
		51.488224	-3.186893
		51.624837	-3.94495
		50.152266	-5.065556
		50.726024	-3.543949
		51.460852	-2.588139
		53.751959	-0.335941
		54.980766	-1.615849
		55.958426	-3.186893
		55.862982	-4.263554
		54.892406	-2.923222
		53.803895	-1.549931
		51.512161	-0.116215
		51.289406	1.075802
		
c	2 15 7 9 10 8 5 3 4 0 6 1 11 12 14 13	2203.26207770933	0.779673792229067	2	15	7	9	10	8	5	3	4	0	6	1	11	12	14	13		
		51.512161	-0.116215
		51.289406	1.075802
		54.980766	-1.615849
		55.958426	-3.186893
		55.862982	-4.263554
		54.892406	-2.923222
		53.409532	-3.000126
		53.803895	-1.549931
		53.478239	-2.258549
		52.486125	-1.890507
		53.751959	-0.335941
		51.460852	-2.588139
		51.488224	-3.186893
		51.624837	-3.94495
		50.152266	-5.065556
		50.726024	-3.543949
		
c	13 2 4 5 0 1 11 12 14 15 6 7 9 10 8 3	2497.34729158844	0.750265270841156	13	2	4	5	0	1	11	12	14	15	6	7	9	10	8	3		
		50.726024	-3.543949
		51.512161	-0.116215
		53.478239	-2.258549
		53.409532	-3.000126
		52.486125	-1.890507
		51.460852	-2.588139
		51.488224	-3.186893
		51.624837	-3.94495
		50.152266	-5.065556
		51.289406	1.075802
		53.751959	-0.335941
		54.980766	-1.615849
		55.958426	-3.186893
		55.862982	-4.263554
		54.892406	-2.923222
		53.803895	-1.549931
		
c	15 6 3 4 0 1 11 12 13 14 2 7 9 10 8 5	2285.30456309978	0.771469543690022	15	6	3	4	0	1	11	12	13	14	2	7	9	10	8	5		
		51.289406	1.075802
		53.751959	-0.335941
		53.803895	-1.549931
		53.478239	-2.258549
		52.486125	-1.890507
		51.460852	-2.588139
		51.488224	-3.186893
		51.624837	-3.94495
		50.726024	-3.543949
		50.152266	-5.065556
		51.512161	-0.116215
		54.980766	-1.615849
		55.958426	-3.186893
		55.862982	-4.263554
		54.892406	-2.923222
		53.409532	-3.000126
		
c	12 6 7 9 8 10 5 3 4 0 1 11 14 13 2 15	2295.10046987006	0.770489953012994	12	6	7	9	8	10	5	3	4	0	1	11	14	13	2	15		
		51.624837	-3.94495
		53.751959	-0.335941
		54.980766	-1.615849
		55.958426	-3.186893
		54.892406	-2.923222
		55.862982	-4.263554
		53.409532	-3.000126
		53.803895	-1.549931
		53.478239	-2.258549
		52.486125	-1.890507
		51.460852	-2.588139
		51.488224	-3.186893
		50.152266	-5.065556
		50.726024	-3.543949
		51.512161	-0.116215
		51.289406	1.075802
		
c	3 6 4 5 0 11 12 14 13 1 7 9 10 8 2 15	2250.7668529106	0.77492331470894	3	6	4	5	0	11	12	14	13	1	7	9	10	8	2	15		
		53.803895	-1.549931
		53.751959	-0.335941
		53.478239	-2.258549
		53.409532	-3.000126
		52.486125	-1.890507
		51.488224	-3.186893
		51.624837	-3.94495
		50.152266	-5.065556
		50.726024	-3.543949
		51.460852	-2.588139
		54.980766	-1.615849
		55.958426	-3.186893
		55.862982	-4.263554
		54.892406	-2.923222
		51.512161	-0.116215
		51.289406	1.075802
		
c	9 8 7 5 6 2 10 3 4 0 11 12 14 13 1 15	2708.64595786681	0.729135404213319	9	8	7	5	6	2	10	3	4	0	11	12	14	13	1	15		
		55.958426	-3.186893
		54.892406	-2.923222
		54.980766	-1.615849
		53.409532	-3.000126
		53.751959	-0.335941
		51.512161	-0.116215
		55.862982	-4.263554
		53.803895	-1.549931
		53.478239	-2.258549
		52.486125	-1.890507
		51.488224	-3.186893
		51.624837	-3.94495
		50.152266	-5.065556
		50.726024	-3.543949
		51.460852	-2.588139
		51.289406	1.075802
		
c	5 0 9 10 6 7 8 3 4 11 12 1 13 14 2 15	2463.38184963721	0.753661815036279	5	0	9	10	6	7	8	3	4	11	12	1	13	14	2	15		
		53.409532	-3.000126
		52.486125	-1.890507
		55.958426	-3.186893
		55.862982	-4.263554
		53.751959	-0.335941
		54.980766	-1.615849
		54.892406	-2.923222
		53.803895	-1.549931
		53.478239	-2.258549
		51.488224	-3.186893
		51.624837	-3.94495
		51.460852	-2.588139
		50.726024	-3.543949
		50.152266	-5.065556
		51.512161	-0.116215
		51.289406	1.075802
		
c	0 11 4 3 6 7 9 10 8 5 1 12 14 13 2 15	2150.06106021481	0.784993893978518	0	11	4	3	6	7	9	10	8	5	1	12	14	13	2	15		
		52.486125	-1.890507
		51.488224	-3.186893
		53.478239	-2.258549
		53.803895	-1.549931
		53.751959	-0.335941
		54.980766	-1.615849
		55.958426	-3.186893
		55.862982	-4.263554
		54.892406	-2.923222
		53.409532	-3.000126
		51.460852	-2.588139
		51.624837	-3.94495
		50.152266	-5.065556
		50.726024	-3.543949
		51.512161	-0.116215
		51.289406	1.075802
		
c	14 11 12 10 9 8 7 5 0 4 1 13 3 6 2 15	2547.90138279639	0.745209861720361	14	11	12	10	9	8	7	5	0	4	1	13	3	6	2	15		
		50.152266	-5.065556
		51.488224	-3.186893
		51.624837	-3.94495
		55.862982	-4.263554
		55.958426	-3.186893
		54.892406	-2.923222
		54.980766	-1.615849
		53.409532	-3.000126
		52.486125	-1.890507
		53.478239	-2.258549
		51.460852	-2.588139
		50.726024	-3.543949
		53.803895	-1.549931
		53.751959	-0.335941
		51.512161	-0.116215
		51.289406	1.075802
		
c	11 12 14 5 4 0 3 1 13 2 15 6 7 9 10 8	2454.48841069092	0.754551158930908	11	12	14	5	4	0	3	1	13	2	15	6	7	9	10	8		
		51.488224	-3.186893
		51.624837	-3.94495
		50.152266	-5.065556
		53.409532	-3.000126
		53.478239	-2.258549
		52.486125	-1.890507
		53.803895	-1.549931
		51.460852	-2.588139
		50.726024	-3.543949
		51.512161	-0.116215
		51.289406	1.075802
		53.751959	-0.335941
		54.980766	-1.615849
		55.958426	-3.186893
		55.862982	-4.263554
		54.892406	-2.923222
		
c	5 0 1 11 12 14 6 3 7 9 10 8 4 13 2 15	2428.47332839735	0.757152667160265	5	0	1	11	12	14	6	3	7	9	10	8	4	13	2	15		
		53.409532	-3.000126
		52.486125	-1.890507
		51.460852	-2.588139
		51.488224	-3.186893
		51.624837	-3.94495
		50.152266	-5.065556
		53.751959	-0.335941
		53.803895	-1.549931
		54.980766	-1.615849
		55.958426	-3.186893
		55.862982	-4.263554
		54.892406	-2.923222
		53.478239	-2.258549
		50.726024	-3.543949
		51.512161	-0.116215
		51.289406	1.075802
		
c	13 15 6 7 9 10 8 3 4 5 0 1 11 12 14 2	2297.28748793837	0.770271251206163	13	15	6	7	9	10	8	3	4	5	0	1	11	12	14	2		
		50.726024	-3.543949
		51.289406	1.075802
		53.751959	-0.335941
		54.980766	-1.615849
		55.958426	-3.186893
		55.862982	-4.263554
		54.892406	-2.923222
		53.803895	-1.549931
		53.478239	-2.258549
		53.409532	-3.000126
		52.486125	-1.890507
		51.460852	-2.588139
		51.488224	-3.186893
		51.624837	-3.94495
		50.152266	-5.065556
		51.512161	-0.116215
		
c	15 6 4 9 10 8 7 5 3 0 1 11 12 14 13 2	2223.11599733502	0.777688400266498	15	6	4	9	10	8	7	5	3	0	1	11	12	14	13	2		
		51.289406	1.075802
		53.751959	-0.335941
		53.478239	-2.258549
		55.958426	-3.186893
		55.862982	-4.263554
		54.892406	-2.923222
		54.980766	-1.615849
		53.409532	-3.000126
		53.803895	-1.549931
		52.486125	-1.890507
		51.460852	-2.588139
		51.488224	-3.186893
		51.624837	-3.94495
		50.152266	-5.065556
		50.726024	-3.543949
		51.512161	-0.116215
		
c	6 9 10 8 7 5 3 4 0 1 11 12 14 13 2 15	1936.46099309592	0.806353900690408	6	9	10	8	7	5	3	4	0	1	11	12	14	13	2	15		
		53.751959	-0.335941
		55.958426	-3.186893
		55.862982	-4.263554
		54.892406	-2.923222
		54.980766	-1.615849
		53.409532	-3.000126
		53.803895	-1.549931
		53.478239	-2.258549
		52.486125	-1.890507
		51.460852	-2.588139
		51.488224	-3.186893
		51.624837	-3.94495
		50.152266	-5.065556
		50.726024	-3.543949
		51.512161	-0.116215
		51.289406	1.075802
		
c	13 3 7 8 4 6 9 10 5 0 11 12 14 1 2 15	2524.44056443025	0.747555943556975	13	3	7	8	4	6	9	10	5	0	11	12	14	1	2	15		
		50.726024	-3.543949
		53.803895	-1.549931
		54.980766	-1.615849
		54.892406	-2.923222
		53.478239	-2.258549
		53.751959	-0.335941
		55.958426	-3.186893
		55.862982	-4.263554
		53.409532	-3.000126
		52.486125	-1.890507
		51.488224	-3.186893
		51.624837	-3.94495
		50.152266	-5.065556
		51.460852	-2.588139
		51.512161	-0.116215
		51.289406	1.075802
		
c	10 5 6 3 4 0 1 11 12 14 13 7 9 8 2 15	2506.54920496989	0.749345079503011	10	5	6	3	4	0	1	11	12	14	13	7	9	8	2	15		
		55.862982	-4.263554
		53.409532	-3.000126
		53.751959	-0.335941
		53.803895	-1.549931
		53.478239	-2.258549
		52.486125	-1.890507
		51.460852	-2.588139
		51.488224	-3.186893
		51.624837	-3.94495
		50.152266	-5.065556
		50.726024	-3.543949
		54.980766	-1.615849
		55.958426	-3.186893
		54.892406	-2.923222
		51.512161	-0.116215
		51.289406	1.075802
		
c	2 15 7 5 6 3 4 0 1 11 12 14 13 9 10 8	2476.86965404537	0.752313034595463	2	15	7	5	6	3	4	0	1	11	12	14	13	9	10	8		
		51.512161	-0.116215
		51.289406	1.075802
		54.980766	-1.615849
		53.409532	-3.000126
		53.751959	-0.335941
		53.803895	-1.549931
		53.478239	-2.258549
		52.486125	-1.890507
		51.460852	-2.588139
		51.488224	-3.186893
		51.624837	-3.94495
		50.152266	-5.065556
		50.726024	-3.543949
		55.958426	-3.186893
		55.862982	-4.263554
		54.892406	-2.923222
		
c	10 8 3 4 6 7 9 5 0 11 12 14 13 1 2 15	2060.81635404161	0.793918364595839	10	8	3	4	6	7	9	5	0	11	12	14	13	1	2	15		
		55.862982	-4.263554
		54.892406	-2.923222
		53.803895	-1.549931
		53.478239	-2.258549
		53.751959	-0.335941
		54.980766	-1.615849
		55.958426	-3.186893
		53.409532	-3.000126
		52.486125	-1.890507
		51.488224	-3.186893
		51.624837	-3.94495
		50.152266	-5.065556
		50.726024	-3.543949
		51.460852	-2.588139
		51.512161	-0.116215
		51.289406	1.075802
		
c	14 13 3 4 5 0 11 12 1 2 15 6 7 9 10 8	2080.6964770192	0.79193035229808	14	13	3	4	5	0	11	12	1	2	15	6	7	9	10	8		
		50.152266	-5.065556
		50.726024	-3.543949
		53.803895	-1.549931
		53.478239	-2.258549
		53.409532	-3.000126
		52.486125	-1.890507
		51.488224	-3.186893
		51.624837	-3.94495
		51.460852	-2.588139
		51.512161	-0.116215
		51.289406	1.075802
		53.751959	-0.335941
		54.980766	-1.615849
		55.958426	-3.186893
		55.862982	-4.263554
		54.892406	-2.923222
		
c	10 12 6 7 9 8 5 3 4 0 1 11 14 13 2 15	2509.95884141533	0.749004115858467	10	12	6	7	9	8	5	3	4	0	1	11	14	13	2	15		
		55.862982	-4.263554
		51.624837	-3.94495
		53.751959	-0.335941
		54.980766	-1.615849
		55.958426	-3.186893
		54.892406	-2.923222
		53.409532	-3.000126
		53.803895	-1.549931
		53.478239	-2.258549
		52.486125	-1.890507
		51.460852	-2.588139
		51.488224	-3.186893
		50.152266	-5.065556
		50.726024	-3.543949
		51.512161	-0.116215
		51.289406	1.075802
		
c	10 8 5 3 9 7 4 0 1 11 12 14 13 2 15 6	2258.72073703485	0.774127926296515	10	8	5	3	9	7	4	0	1	11	12	14	13	2	15	6		
		55.862982	-4.263554
		54.892406	-2.923222
		53.409532	-3.000126
		53.803895	-1.549931
		55.958426	-3.186893
		54.980766	-1.615849
		53.478239	-2.258549
		52.486125	-1.890507
		51.460852	-2.588139
		51.488224	-3.186893
		51.624837	-3.94495
		50.152266	-5.065556
		50.726024	-3.543949
		51.512161	-0.116215
		51.289406	1.075802
		53.751959	-0.335941
		
c	4 5 0 12 14 13 2 15 6 7 3 1 11 9 10 8	2588.60448307934	0.741139551692066	4	5	0	12	14	13	2	15	6	7	3	1	11	9	10	8		
		53.478239	-2.258549
		53.409532	-3.000126
		52.486125	-1.890507
		51.624837	-3.94495
		50.152266	-5.065556
		50.726024	-3.543949
		51.512161	-0.116215
		51.289406	1.075802
		53.751959	-0.335941
		54.980766	-1.615849
		53.803895	-1.549931
		51.460852	-2.588139
		51.488224	-3.186893
		55.958426	-3.186893
		55.862982	-4.263554
		54.892406	-2.923222
		
c	1 11 12 14 13 2 6 7 9 10 8 3 4 5 0 15	2048.13377550362	0.795186622449638	1	11	12	14	13	2	6	7	9	10	8	3	4	5	0	15		
		51.460852	-2.588139
		51.488224	-3.186893
		51.624837	-3.94495
		50.152266	-5.065556
		50.726024	-3.543949
		51.512161	-0.116215
		53.751959	-0.335941
		54.980766	-1.615849
		55.958426	-3.186893
		55.862982	-4.263554
		54.892406	-2.923222
		53.803895	-1.549931
		53.478239	-2.258549
		53.409532	-3.000126
		52.486125	-1.890507
		51.289406	1.075802
		
c	1 13 14 11 12 10 9 8 7 5 6 3 4 0 2 15	2105.08372667512	0.789491627332488	1	13	14	11	12	10	9	8	7	5	6	3	4	0	2	15		
		51.460852	-2.588139
		50.726024	-3.543949
		50.152266	-5.065556
		51.488224	-3.186893
		51.624837	-3.94495
		55.862982	-4.263554
		55.958426	-3.186893
		54.892406	-2.923222
		54.980766	-1.615849
		53.409532	-3.000126
		53.751959	-0.335941
		53.803895	-1.549931
		53.478239	-2.258549
		52.486125	-1.890507
		51.512161	-0.116215
		51.289406	1.075802
		
c	7 5 6 3 4 0 1 14 13 2 15 11 12 10 9 8	2455.80049983543	0.754419950016457	7	5	6	3	4	0	1	14	13	2	15	11	12	10	9	8		
		54.980766	-1.615849
		53.409532	-3.000126
		53.751959	-0.335941
		53.803895	-1.549931
		53.478239	-2.258549
		52.486125	-1.890507
		51.460852	-2.588139
		50.152266	-5.065556
		50.726024	-3.543949
		51.512161	-0.116215
		51.289406	1.075802
		51.488224	-3.186893
		51.624837	-3.94495
		55.862982	-4.263554
		55.958426	-3.186893
		54.892406	-2.923222
		
c	0 4 1 11 12 14 13 10 9 8 7 5 6 3 2 15	2401.7052986629	0.75982947013371	0	4	1	11	12	14	13	10	9	8	7	5	6	3	2	15		
		52.486125	-1.890507
		53.478239	-2.258549
		51.460852	-2.588139
		51.488224	-3.186893
		51.624837	-3.94495
		50.152266	-5.065556
		50.726024	-3.543949
		55.862982	-4.263554
		55.958426	-3.186893
		54.892406	-2.923222
		54.980766	-1.615849
		53.409532	-3.000126
		53.751959	-0.335941
		53.803895	-1.549931
		51.512161	-0.116215
		51.289406	1.075802
		
c	4 9 10 8 7 5 6 3 0 1 11 12 14 13 2 15	2043.70256877491	0.795629743122509	4	9	10	8	7	5	6	3	0	1	11	12	14	13	2	15		
		53.478239	-2.258549
		55.958426	-3.186893
		55.862982	-4.263554
		54.892406	-2.923222
		54.980766	-1.615849
		53.409532	-3.000126
		53.751959	-0.335941
		53.803895	-1.549931
		52.486125	-1.890507
		51.460852	-2.588139
		51.488224	-3.186893
		51.624837	-3.94495
		50.152266	-5.065556
		50.726024	-3.543949
		51.512161	-0.116215
		51.289406	1.075802
		
c	5 8 1 11 14 12 10 9 7 6 3 4 0 13 2 15	2635.30539856586	0.736469460143414	5	8	1	11	14	12	10	9	7	6	3	4	0	13	2	15		
		53.409532	-3.000126
		54.892406	-2.923222
		51.460852	-2.588139
		51.488224	-3.186893
		50.152266	-5.065556
		51.624837	-3.94495
		55.862982	-4.263554
		55.958426	-3.186893
		54.980766	-1.615849
		53.751959	-0.335941
		53.803895	-1.549931
		53.478239	-2.258549
		52.486125	-1.890507
		50.726024	-3.543949
		51.512161	-0.116215
		51.289406	1.075802
		
c	9 8 1 13 14 11 12 10 7 5 6 3 4 0 2 15	2529.02025929616	0.747097974070384	9	8	1	13	14	11	12	10	7	5	6	3	4	0	2	15		
		55.958426	-3.186893
		54.892406	-2.923222
		51.460852	-2.588139
		50.726024	-3.543949
		50.152266	-5.065556
		51.488224	-3.186893
		51.624837	-3.94495
		55.862982	-4.263554
		54.980766	-1.615849
		53.409532	-3.000126
		53.751959	-0.335941
		53.803895	-1.549931
		53.478239	-2.258549
		52.486125	-1.890507
		51.512161	-0.116215
		51.289406	1.075802
		
c	5 6 14 13 2 15 7 9 10 8 3 4 0 11 12 1	2575.68756198353	0.742431243801647	5	6	14	13	2	15	7	9	10	8	3	4	0	11	12	1		
		53.409532	-3.000126
		53.751959	-0.335941
		50.152266	-5.065556
		50.726024	-3.543949
		51.512161	-0.116215
		51.289406	1.075802
		54.980766	-1.615849
		55.958426	-3.186893
		55.862982	-4.263554
		54.892406	-2.923222
		53.803895	-1.549931
		53.478239	-2.258549
		52.486125	-1.890507
		51.488224	-3.186893
		51.624837	-3.94495
		51.460852	-2.588139
		
c	14 11 7 10 9 8 3 4 5 0 1 12 13 2 15 6	2321.99506939127	0.767800493060874	14	11	7	10	9	8	3	4	5	0	1	12	13	2	15	6		
		50.152266	-5.065556
		51.488224	-3.186893
		54.980766	-1.615849
		55.862982	-4.263554
		55.958426	-3.186893
		54.892406	-2.923222
		53.803895	-1.549931
		53.478239	-2.258549
		53.409532	-3.000126
		52.486125	-1.890507
		51.460852	-2.588139
		51.624837	-3.94495
		50.726024	-3.543949
		51.512161	-0.116215
		51.289406	1.075802
		53.751959	-0.335941
		
c	9 10 8 5 4 0 1 11 12 14 13 2 15 6 7 3	1981.17144969443	0.801882855030557	9	10	8	5	4	0	1	11	12	14	13	2	15	6	7	3		
		55.958426	-3.186893
		55.862982	-4.263554
		54.892406	-2.923222
		53.409532	-3.000126
		53.478239	-2.258549
		52.486125	-1.890507
		51.460852	-2.588139
		51.488224	-3.186893
		51.624837	-3.94495
		50.152266	-5.065556
		50.726024	-3.543949
		51.512161	-0.116215
		51.289406	1.075802
		53.751959	-0.335941
		54.980766	-1.615849
		53.803895	-1.549931
		
c	4 3 6 7 9 10 8 5 0 1 11 12 14 13 2 15	1810.39557088752	0.818960442911248	4	3	6	7	9	10	8	5	0	1	11	12	14	13	2	15		
		53.478239	-2.258549
		53.803895	-1.549931
		53.751959	-0.335941
		54.980766	-1.615849
		55.958426	-3.186893
		55.862982	-4.263554
		54.892406	-2.923222
		53.409532	-3.000126
		52.486125	-1.890507
		51.460852	-2.588139
		51.488224	-3.186893
		51.624837	-3.94495
		50.152266	-5.065556
		50.726024	-3.543949
		51.512161	-0.116215
		51.289406	1.075802
		
c	5 0 11 12 14 13 1 6 7 9 10 8 3 4 2 15	2102.40402057363	0.789759597942637	5	0	11	12	14	13	1	6	7	9	10	8	3	4	2	15		
		53.409532	-3.000126
		52.486125	-1.890507
		51.488224	-3.186893
		51.624837	-3.94495
		50.152266	-5.065556
		50.726024	-3.543949
		51.460852	-2.588139
		53.751959	-0.335941
		54.980766	-1.615849
		55.958426	-3.186893
		55.862982	-4.263554
		54.892406	-2.923222
		53.803895	-1.549931
		53.478239	-2.258549
		51.512161	-0.116215
		51.289406	1.075802
		
c	1 5 2 15 6 7 9 10 8 3 4 0 11 12 14 13	2220.15330130092	0.777984669869908	1	5	2	15	6	7	9	10	8	3	4	0	11	12	14	13		
		51.460852	-2.588139
		53.409532	-3.000126
		51.512161	-0.116215
		51.289406	1.075802
		53.751959	-0.335941
		54.980766	-1.615849
		55.958426	-3.186893
		55.862982	-4.263554
		54.892406	-2.923222
		53.803895	-1.549931
		53.478239	-2.258549
		52.486125	-1.890507
		51.488224	-3.186893
		51.624837	-3.94495
		50.152266	-5.065556
		50.726024	-3.543949
		
c	0 11 12 1 14 13 2 6 7 9 10 8 3 4 5 15	2283.05319755178	0.771694680244822	0	11	12	1	14	13	2	6	7	9	10	8	3	4	5	15		
		52.486125	-1.890507
		51.488224	-3.186893
		51.624837	-3.94495
		51.460852	-2.588139
		50.152266	-5.065556
		50.726024	-3.543949
		51.512161	-0.116215
		53.751959	-0.335941
		54.980766	-1.615849
		55.958426	-3.186893
		55.862982	-4.263554
		54.892406	-2.923222
		53.803895	-1.549931
		53.478239	-2.258549
		53.409532	-3.000126
		51.289406	1.075802
		
c	9 8 10 5 3 4 0 1 11 13 12 14 6 7 2 15	2517.17249057766	0.748282750942234	9	8	10	5	3	4	0	1	11	13	12	14	6	7	2	15		
		55.958426	-3.186893
		54.892406	-2.923222
		55.862982	-4.263554
		53.409532	-3.000126
		53.803895	-1.549931
		53.478239	-2.258549
		52.486125	-1.890507
		51.460852	-2.588139
		51.488224	-3.186893
		50.726024	-3.543949
		51.624837	-3.94495
		50.152266	-5.065556
		53.751959	-0.335941
		54.980766	-1.615849
		51.512161	-0.116215
		51.289406	1.075802
		
c	14 13 2 6 3 4 5 0 11 12 1 15 7 9 10 8	2292.28501830274	0.770771498169726	14	13	2	6	3	4	5	0	11	12	1	15	7	9	10	8		
		50.152266	-5.065556
		50.726024	-3.543949
		51.512161	-0.116215
		53.751959	-0.335941
		53.803895	-1.549931
		53.478239	-2.258549
		53.409532	-3.000126
		52.486125	-1.890507
		51.488224	-3.186893
		51.624837	-3.94495
		51.460852	-2.588139
		51.289406	1.075802
		54.980766	-1.615849
		55.958426	-3.186893
		55.862982	-4.263554
		54.892406	-2.923222
		
c	12 14 5 4 0 3 6 7 9 8 10 1 11 13 2 15	2498.05427770513	0.750194572229487	12	14	5	4	0	3	6	7	9	8	10	1	11	13	2	15		
		51.624837	-3.94495
		50.152266	-5.065556
		53.409532	-3.000126
		53.478239	-2.258549
		52.486125	-1.890507
		53.803895	-1.549931
		53.751959	-0.335941
		54.980766	-1.615849
		55.958426	-3.186893
		54.892406	-2.923222
		55.862982	-4.263554
		51.460852	-2.588139
		51.488224	-3.186893
		50.726024	-3.543949
		51.512161	-0.116215
		51.289406	1.075802
		
c	1 5 3 4 0 6 7 9 10 8 11 12 14 13 2 15	2264.03294344722	0.773596705655278	1	5	3	4	0	6	7	9	10	8	11	12	14	13	2	15		
		51.460852	-2.588139
		53.409532	-3.000126
		53.803895	-1.549931
		53.478239	-2.258549
		52.486125	-1.890507
		53.751959	-0.335941
		54.980766	-1.615849
		55.958426	-3.186893
		55.862982	-4.263554
		54.892406	-2.923222
		51.488224	-3.186893
		51.624837	-3.94495
		50.152266	-5.065556
		50.726024	-3.543949
		51.512161	-0.116215
		51.289406	1.075802
		
c	7 10 9 8 3 6 4 5 0 11 12 14 1 13 2 15	1970.12726172382	0.802987273827618	7	10	9	8	3	6	4	5	0	11	12	14	1	13	2	15		
		54.980766	-1.615849
		55.862982	-4.263554
		55.958426	-3.186893
		54.892406	-2.923222
		53.803895	-1.549931
		53.751959	-0.335941
		53.478239	-2.258549
		53.409532	-3.000126
		52.486125	-1.890507
		51.488224	-3.186893
		51.624837	-3.94495
		50.152266	-5.065556
		51.460852	-2.588139
		50.726024	-3.543949
		51.512161	-0.116215
		51.289406	1.075802
		
c	12 14 13 2 9 8 7 5 6 3 4 0 1 11 15 10	3008.01553007114	0.699198446992886	12	14	13	2	9	8	7	5	6	3	4	0	1	11	15	10		
		51.624837	-3.94495
		50.152266	-5.065556
		50.726024	-3.543949
		51.512161	-0.116215
		55.958426	-3.186893
		54.892406	-2.923222
		54.980766	-1.615849
		53.409532	-3.000126
		53.751959	-0.335941
		53.803895	-1.549931
		53.478239	-2.258549
		52.486125	-1.890507
		51.460852	-2.588139
		51.488224	-3.186893
		51.289406	1.075802
		55.862982	-4.263554
		
c	1 11 12 14 13 2 5 4 3 6 15 7 9 10 8 0	2500.11467969662	0.749988532030338	1	11	12	14	13	2	5	4	3	6	15	7	9	10	8	0		
		51.460852	-2.588139
		51.488224	-3.186893
		51.624837	-3.94495
		50.152266	-5.065556
		50.726024	-3.543949
		51.512161	-0.116215
		53.409532	-3.000126
		53.478239	-2.258549
		53.803895	-1.549931
		53.751959	-0.335941
		51.289406	1.075802
		54.980766	-1.615849
		55.958426	-3.186893
		55.862982	-4.263554
		54.892406	-2.923222
		52.486125	-1.890507
		
c	6 7 9 10 8 15 3 4 5 0 11 12 1 14 13 2	2459.02963860486	0.754097036139514	6	7	9	10	8	15	3	4	5	0	11	12	1	14	13	2		
		53.751959	-0.335941
		54.980766	-1.615849
		55.958426	-3.186893
		55.862982	-4.263554
		54.892406	-2.923222
		51.289406	1.075802
		53.803895	-1.549931
		53.478239	-2.258549
		53.409532	-3.000126
		52.486125	-1.890507
		51.488224	-3.186893
		51.624837	-3.94495
		51.460852	-2.588139
		50.152266	-5.065556
		50.726024	-3.543949
		51.512161	-0.116215
		
c	6 7 9 10 8 3 4 5 0 11 1 12 14 13 2 15	1824.89691071766	0.817510308928234	6	7	9	10	8	3	4	5	0	11	1	12	14	13	2	15		
		53.751959	-0.335941
		54.980766	-1.615849
		55.958426	-3.186893
		55.862982	-4.263554
		54.892406	-2.923222
		53.803895	-1.549931
		53.478239	-2.258549
		53.409532	-3.000126
		52.486125	-1.890507
		51.488224	-3.186893
		51.460852	-2.588139
		51.624837	-3.94495
		50.152266	-5.065556
		50.726024	-3.543949
		51.512161	-0.116215
		51.289406	1.075802
		
c	6 7 9 10 8 15 3 4 5 0 1 11 13 12 14 2	2477.90530202726	0.752209469797274	6	7	9	10	8	15	3	4	5	0	1	11	13	12	14	2		
		53.751959	-0.335941
		54.980766	-1.615849
		55.958426	-3.186893
		55.862982	-4.263554
		54.892406	-2.923222
		51.289406	1.075802
		53.803895	-1.549931
		53.478239	-2.258549
		53.409532	-3.000126
		52.486125	-1.890507
		51.460852	-2.588139
		51.488224	-3.186893
		50.726024	-3.543949
		51.624837	-3.94495
		50.152266	-5.065556
		51.512161	-0.116215
		
c	14 13 2 15 6 7 9 10 5 8 3 4 0 11 12 1	2195.26078659694	0.780473921340306	14	13	2	15	6	7	9	10	5	8	3	4	0	11	12	1		
		50.152266	-5.065556
		50.726024	-3.543949
		51.512161	-0.116215
		51.289406	1.075802
		53.751959	-0.335941
		54.980766	-1.615849
		55.958426	-3.186893
		55.862982	-4.263554
		53.409532	-3.000126
		54.892406	-2.923222
		53.803895	-1.549931
		53.478239	-2.258549
		52.486125	-1.890507
		51.488224	-3.186893
		51.624837	-3.94495
		51.460852	-2.588139
		
c	14 13 7 9 10 8 5 3 4 11 12 0 1 2 15 6	2422.90235732678	0.757709764267322	14	13	7	9	10	8	5	3	4	11	12	0	1	2	15	6		
		50.152266	-5.065556
		50.726024	-3.543949
		54.980766	-1.615849
		55.958426	-3.186893
		55.862982	-4.263554
		54.892406	-2.923222
		53.409532	-3.000126
		53.803895	-1.549931
		53.478239	-2.258549
		51.488224	-3.186893
		51.624837	-3.94495
		52.486125	-1.890507
		51.460852	-2.588139
		51.512161	-0.116215
		51.289406	1.075802
		53.751959	-0.335941
		
c	7 4 0 1 14 13 9 10 8 5 3 11 12 2 15 6	2794.49327621029	0.720550672378971	7	4	0	1	14	13	9	10	8	5	3	11	12	2	15	6		
		54.980766	-1.615849
		53.478239	-2.258549
		52.486125	-1.890507
		51.460852	-2.588139
		50.152266	-5.065556
		50.726024	-3.543949
		55.958426	-3.186893
		55.862982	-4.263554
		54.892406	-2.923222
		53.409532	-3.000126
		53.803895	-1.549931
		51.488224	-3.186893
		51.624837	-3.94495
		51.512161	-0.116215
		51.289406	1.075802
		53.751959	-0.335941
		
c	2 7 10 9 8 3 6 4 5 0 11 12 14 13 1 15	2180.84603054753	0.781915396945247	2	7	10	9	8	3	6	4	5	0	11	12	14	13	1	15		
		51.512161	-0.116215
		54.980766	-1.615849
		55.862982	-4.263554
		55.958426	-3.186893
		54.892406	-2.923222
		53.803895	-1.549931
		53.751959	-0.335941
		53.478239	-2.258549
		53.409532	-3.000126
		52.486125	-1.890507
		51.488224	-3.186893
		51.624837	-3.94495
		50.152266	-5.065556
		50.726024	-3.543949
		51.460852	-2.588139
		51.289406	1.075802
		
c	4 5 0 11 12 14 13 1 2 9 10 8 7 6 3 15	2350.8168031608	0.76491831968392	4	5	0	11	12	14	13	1	2	9	10	8	7	6	3	15		
		53.478239	-2.258549
		53.409532	-3.000126
		52.486125	-1.890507
		51.488224	-3.186893
		51.624837	-3.94495
		50.152266	-5.065556
		50.726024	-3.543949
		51.460852	-2.588139
		51.512161	-0.116215
		55.958426	-3.186893
		55.862982	-4.263554
		54.892406	-2.923222
		54.980766	-1.615849
		53.751959	-0.335941
		53.803895	-1.549931
		51.289406	1.075802
		
c	1 13 14 6 8 5 3 4 11 12 0 2 15 7 9 10	2651.70992316927	0.734829007683073	1	13	14	6	8	5	3	4	11	12	0	2	15	7	9	10		
		51.460852	-2.588139
		50.726024	-3.543949
		50.152266	-5.065556
		53.751959	-0.335941
		54.892406	-2.923222
		53.409532	-3.000126
		53.803895	-1.549931
		53.478239	-2.258549
		51.488224	-3.186893
		51.624837	-3.94495
		52.486125	-1.890507
		51.512161	-0.116215
		51.289406	1.075802
		54.980766	-1.615849
		55.958426	-3.186893
		55.862982	-4.263554
		
c	3 4 0 1 11 12 14 13 2 6 7 9 10 8 5 15	2243.38940910345	0.775661059089655	3	4	0	1	11	12	14	13	2	6	7	9	10	8	5	15		
		53.803895	-1.549931
		53.478239	-2.258549
		52.486125	-1.890507
		51.460852	-2.588139
		51.488224	-3.186893
		51.624837	-3.94495
		50.152266	-5.065556
		50.726024	-3.543949
		51.512161	-0.116215
		53.751959	-0.335941
		54.980766	-1.615849
		55.958426	-3.186893
		55.862982	-4.263554
		54.892406	-2.923222
		53.409532	-3.000126
		51.289406	1.075802
		
c	13 14 2 15 10 5 8 3 4 0 11 12 1 6 7 9	2876.67071930671	0.712332928069329	13	14	2	15	10	5	8	3	4	0	11	12	1	6	7	9		
		50.726024	-3.543949
		50.152266	-5.065556
		51.512161	-0.116215
		51.289406	1.075802
		55.862982	-4.263554
		53.409532	-3.000126
		54.892406	-2.923222
		53.803895	-1.549931
		53.478239	-2.258549
		52.486125	-1.890507
		51.488224	-3.186893
		51.624837	-3.94495
		51.460852	-2.588139
		53.751959	-0.335941
		54.980766	-1.615849
		55.958426	-3.186893
		
c	5 0 1 11 12 14 13 10 8 3 4 6 7 9 2 15	2630.60983408283	0.736939016591717	5	0	1	11	12	14	13	10	8	3	4	6	7	9	2	15		
		53.409532	-3.000126
		52.486125	-1.890507
		51.460852	-2.588139
		51.488224	-3.186893
		51.624837	-3.94495
		50.152266	-5.065556
		50.726024	-3.543949
		55.862982	-4.263554
		54.892406	-2.923222
		53.803895	-1.549931
		53.478239	-2.258549
		53.751959	-0.335941
		54.980766	-1.615849
		55.958426	-3.186893
		51.512161	-0.116215
		51.289406	1.075802
		
c	13 2 10 9 8 7 5 4 0 1 11 12 14 15 6 3	2662.65098441217	0.733734901558783	13	2	10	9	8	7	5	4	0	1	11	12	14	15	6	3		
		50.726024	-3.543949
		51.512161	-0.116215
		55.862982	-4.263554
		55.958426	-3.186893
		54.892406	-2.923222
		54.980766	-1.615849
		53.409532	-3.000126
		53.478239	-2.258549
		52.486125	-1.890507
		51.460852	-2.588139
		51.488224	-3.186893
		51.624837	-3.94495
		50.152266	-5.065556
		51.289406	1.075802
		53.751959	-0.335941
		53.803895	-1.549931
		
c	5 0 1 11 12 14 2 4 13 3 6 7 9 10 8 15	2929.17234182359	0.707082765817641	5	0	1	11	12	14	2	4	13	3	6	7	9	10	8	15		
		53.409532	-3.000126
		52.486125	-1.890507
		51.460852	-2.588139
		51.488224	-3.186893
		51.624837	-3.94495
		50.152266	-5.065556
		51.512161	-0.116215
		53.478239	-2.258549
		50.726024	-3.543949
		53.803895	-1.549931
		53.751959	-0.335941
		54.980766	-1.615849
		55.958426	-3.186893
		55.862982	-4.263554
		54.892406	-2.923222
		51.289406	1.075802
		
c	9 8 7 5 6 3 4 0 1 11 12 14 2 10 13 15	3070.4212249307	0.69295787750693	9	8	7	5	6	3	4	0	1	11	12	14	2	10	13	15		
		55.958426	-3.186893
		54.892406	-2.923222
		54.980766	-1.615849
		53.409532	-3.000126
		53.751959	-0.335941
		53.803895	-1.549931
		53.478239	-2.258549
		52.486125	-1.890507
		51.460852	-2.588139
		51.488224	-3.186893
		51.624837	-3.94495
		50.152266	-5.065556
		51.512161	-0.116215
		55.862982	-4.263554
		50.726024	-3.543949
		51.289406	1.075802
		
c	4 11 3 6 7 9 10 8 5 0 1 12 14 13 2 15	2260.91798247178	0.773908201752822	4	11	3	6	7	9	10	8	5	0	1	12	14	13	2	15		
		53.478239	-2.258549
		51.488224	-3.186893
		53.803895	-1.549931
		53.751959	-0.335941
		54.980766	-1.615849
		55.958426	-3.186893
		55.862982	-4.263554
		54.892406	-2.923222
		53.409532	-3.000126
		52.486125	-1.890507
		51.460852	-2.588139
		51.624837	-3.94495
		50.152266	-5.065556
		50.726024	-3.543949
		51.512161	-0.116215
		51.289406	1.075802
		
c	7 14 13 2 15 6 9 10 5 8 3 4 0 11 12 1	2779.28480050865	0.722071519949135	7	14	13	2	15	6	9	10	5	8	3	4	0	11	12	1		
		54.980766	-1.615849
		50.152266	-5.065556
		50.726024	-3.543949
		51.512161	-0.116215
		51.289406	1.075802
		53.751959	-0.335941
		55.958426	-3.186893
		55.862982	-4.263554
		53.409532	-3.000126
		54.892406	-2.923222
		53.803895	-1.549931
		53.478239	-2.258549
		52.486125	-1.890507
		51.488224	-3.186893
		51.624837	-3.94495
		51.460852	-2.588139
		
c	12 14 13 2 15 6 7 3 1 11 9 10 8 5 4 0	2569.8400152548	0.74301599847452	12	14	13	2	15	6	7	3	1	11	9	10	8	5	4	0		
		51.624837	-3.94495
		50.152266	-5.065556
		50.726024	-3.543949
		51.512161	-0.116215
		51.289406	1.075802
		53.751959	-0.335941
		54.980766	-1.615849
		53.803895	-1.549931
		51.460852	-2.588139
		51.488224	-3.186893
		55.958426	-3.186893
		55.862982	-4.263554
		54.892406	-2.923222
		53.409532	-3.000126
		53.478239	-2.258549
		52.486125	-1.890507
		
c	8 3 6 7 9 10 5 4 0 1 11 12 14 13 2 15	1920.02118524393	0.807997881475607	8	3	6	7	9	10	5	4	0	1	11	12	14	13	2	15		
		54.892406	-2.923222
		53.803895	-1.549931
		53.751959	-0.335941
		54.980766	-1.615849
		55.958426	-3.186893
		55.862982	-4.263554
		53.409532	-3.000126
		53.478239	-2.258549
		52.486125	-1.890507
		51.460852	-2.588139
		51.488224	-3.186893
		51.624837	-3.94495
		50.152266	-5.065556
		50.726024	-3.543949
		51.512161	-0.116215
		51.289406	1.075802
		
c	4 5 0 11 12 1 13 14 2 10 9 8 7 6 3 15	2476.39671828594	0.752360328171406	4	5	0	11	12	1	13	14	2	10	9	8	7	6	3	15		
		53.478239	-2.258549
		53.409532	-3.000126
		52.486125	-1.890507
		51.488224	-3.186893
		51.624837	-3.94495
		51.460852	-2.588139
		50.726024	-3.543949
		50.152266	-5.065556
		51.512161	-0.116215
		55.862982	-4.263554
		55.958426	-3.186893
		54.892406	-2.923222
		54.980766	-1.615849
		53.751959	-0.335941
		53.803895	-1.549931
		51.289406	1.075802
		
c	12 5 6 3 1 11 7 14 13 2 9 10 8 4 0 15	3405.34461952816	0.659465538047184	12	5	6	3	1	11	7	14	13	2	9	10	8	4	0	15		
		51.624837	-3.94495
		53.409532	-3.000126
		53.751959	-0.335941
		53.803895	-1.549931
		51.460852	-2.588139
		51.488224	-3.186893
		54.980766	-1.615849
		50.152266	-5.065556
		50.726024	-3.543949
		51.512161	-0.116215
		55.958426	-3.186893
		55.862982	-4.263554
		54.892406	-2.923222
		53.478239	-2.258549
		52.486125	-1.890507
		51.289406	1.075802
		
c	15 6 7 9 10 8 3 4 5 0 1 11 13 12 14 2	2105.66469358839	0.789433530641161	15	6	7	9	10	8	3	4	5	0	1	11	13	12	14	2		
		51.289406	1.075802
		53.751959	-0.335941
		54.980766	-1.615849
		55.958426	-3.186893
		55.862982	-4.263554
		54.892406	-2.923222
		53.803895	-1.549931
		53.478239	-2.258549
		53.409532	-3.000126
		52.486125	-1.890507
		51.460852	-2.588139
		51.488224	-3.186893
		50.726024	-3.543949
		51.624837	-3.94495
		50.152266	-5.065556
		51.512161	-0.116215
		
c	3 4 0 1 11 12 13 14 2 15 6 7 9 10 8 5	2053.10602111016	0.794689397888984	3	4	0	1	11	12	13	14	2	15	6	7	9	10	8	5		
		53.803895	-1.549931
		53.478239	-2.258549
		52.486125	-1.890507
		51.460852	-2.588139
		51.488224	-3.186893
		51.624837	-3.94495
		50.726024	-3.543949
		50.152266	-5.065556
		51.512161	-0.116215
		51.289406	1.075802
		53.751959	-0.335941
		54.980766	-1.615849
		55.958426	-3.186893
		55.862982	-4.263554
		54.892406	-2.923222
		53.409532	-3.000126
		
c	14 13 1 2 15 6 7 9 10 8 3 4 5 0 11 12	1872.72446801611	0.812727553198389	14	13	1	2	15	6	7	9	10	8	3	4	5	0	11	12		
		50.152266	-5.065556
		50.726024	-3.543949
		51.460852	-2.588139
		51.512161	-0.116215
		51.289406	1.075802
		53.751959	-0.335941
		54.980766	-1.615849
		55.958426	-3.186893
		55.862982	-4.263554
		54.892406	-2.923222
		53.803895	-1.549931
		53.478239	-2.258549
		53.409532	-3.000126
		52.486125	-1.890507
		51.488224	-3.186893
		51.624837	-3.94495
		
c	12 1 13 14 9 5 6 7 10 8 3 4 0 11 2 15	2701.65465910216	0.729834534089784	12	1	13	14	9	5	6	7	10	8	3	4	0	11	2	15		
		51.624837	-3.94495
		51.460852	-2.588139
		50.726024	-3.543949
		50.152266	-5.065556
		55.958426	-3.186893
		53.409532	-3.000126
		53.751959	-0.335941
		54.980766	-1.615849
		55.862982	-4.263554
		54.892406	-2.923222
		53.803895	-1.549931
		53.478239	-2.258549
		52.486125	-1.890507
		51.488224	-3.186893
		51.512161	-0.116215
		51.289406	1.075802
		
c	11 12 3 4 5 0 1 13 14 2 15 6 7 9 10 8	2202.77904920198	0.779722095079802	11	12	3	4	5	0	1	13	14	2	15	6	7	9	10	8		
		51.488224	-3.186893
		51.624837	-3.94495
		53.803895	-1.549931
		53.478239	-2.258549
		53.409532	-3.000126
		52.486125	-1.890507
		51.460852	-2.588139
		50.726024	-3.543949
		50.152266	-5.065556
		51.512161	-0.116215
		51.289406	1.075802
		53.751959	-0.335941
		54.980766	-1.615849
		55.958426	-3.186893
		55.862982	-4.263554
		54.892406	-2.923222
		
c	10 8 7 5 6 3 4 0 1 9 11 12 14 13 2 15	2674.61582619822	0.732538417380178	10	8	7	5	6	3	4	0	1	9	11	12	14	13	2	15		
		55.862982	-4.263554
		54.892406	-2.923222
		54.980766	-1.615849
		53.409532	-3.000126
		53.751959	-0.335941
		53.803895	-1.549931
		53.478239	-2.258549
		52.486125	-1.890507
		51.460852	-2.588139
		55.958426	-3.186893
		51.488224	-3.186893
		51.624837	-3.94495
		50.152266	-5.065556
		50.726024	-3.543949
		51.512161	-0.116215
		51.289406	1.075802
		
c	4 9 10 6 7 8 5 3 11 12 0 1 13 14 2 15	2532.62030927379	0.746737969072621	4	9	10	6	7	8	5	3	11	12	0	1	13	14	2	15		
		53.478239	-2.258549
		55.958426	-3.186893
		55.862982	-4.263554
		53.751959	-0.335941
		54.980766	-1.615849
		54.892406	-2.923222
		53.409532	-3.000126
		53.803895	-1.549931
		51.488224	-3.186893
		51.624837	-3.94495
		52.486125	-1.890507
		51.460852	-2.588139
		50.726024	-3.543949
		50.152266	-5.065556
		51.512161	-0.116215
		51.289406	1.075802
		
g105		1656.09836620198	0.834390163379802	0	10	9	8	7	3	6	4	5	0	11	12	14	13	1	2	15		
		55.862982	-4.263554
		55.958426	-3.186893
		54.892406	-2.923222
		54.980766	-1.615849
		53.803895	-1.549931
		53.751959	-0.335941
		53.478239	-2.258549
		53.409532	-3.000126
		52.486125	-1.890507
		51.488224	-3.186893
		51.624837	-3.94495
		50.152266	-5.065556
		50.726024	-3.543949
		51.460852	-2.588139
		51.512161	-0.116215
		51.289406	1.075802
		
g105		1758.37881581719	0.824162118418281	1	6	3	7	9	10	8	5	4	0	1	11	12	14	13	2	15		
		53.751959	-0.335941
		53.803895	-1.549931
		54.980766	-1.615849
		55.958426	-3.186893
		55.862982	-4.263554
		54.892406	-2.923222
		53.409532	-3.000126
		53.478239	-2.258549
		52.486125	-1.890507
		51.460852	-2.588139
		51.488224	-3.186893
		51.624837	-3.94495
		50.152266	-5.065556
		50.726024	-3.543949
		51.512161	-0.116215
		51.289406	1.075802
		
g105		1764.36174716627	0.823563825283373	2	6	7	9	10	8	3	4	5	0	11	12	14	13	1	2	15		
		53.751959	-0.335941
		54.980766	-1.615849
		55.958426	-3.186893
		55.862982	-4.263554
		54.892406	-2.923222
		53.803895	-1.549931
		53.478239	-2.258549
		53.409532	-3.000126
		52.486125	-1.890507
		51.488224	-3.186893
		51.624837	-3.94495
		50.152266	-5.065556
		50.726024	-3.543949
		51.460852	-2.588139
		51.512161	-0.116215
		51.289406	1.075802
		
g105		1765.3928454289	0.82346071545711	3	6	7	9	10	8	3	4	5	0	1	11	12	14	13	2	15		
		53.751959	-0.335941
		54.980766	-1.615849
		55.958426	-3.186893
		55.862982	-4.263554
		54.892406	-2.923222
		53.803895	-1.549931
		53.478239	-2.258549
		53.409532	-3.000126
		52.486125	-1.890507
		51.460852	-2.588139
		51.488224	-3.186893
		51.624837	-3.94495
		50.152266	-5.065556
		50.726024	-3.543949
		51.512161	-0.116215
		51.289406	1.075802
		
g105		1767.93964020092	0.823206035979908	4	10	9	8	7	5	6	3	4	0	1	11	12	14	13	2	15		
		55.862982	-4.263554
		55.958426	-3.186893
		54.892406	-2.923222
		54.980766	-1.615849
		53.409532	-3.000126
		53.751959	-0.335941
		53.803895	-1.549931
		53.478239	-2.258549
		52.486125	-1.890507
		51.460852	-2.588139
		51.488224	-3.186893
		51.624837	-3.94495
		50.152266	-5.065556
		50.726024	-3.543949
		51.512161	-0.116215
		51.289406	1.075802
		
g105		1785.04683324998	0.821495316675002	5	7	10	9	8	3	6	4	5	0	11	12	14	13	1	2	15		
		54.980766	-1.615849
		55.862982	-4.263554
		55.958426	-3.186893
		54.892406	-2.923222
		53.803895	-1.549931
		53.751959	-0.335941
		53.478239	-2.258549
		53.409532	-3.000126
		52.486125	-1.890507
		51.488224	-3.186893
		51.624837	-3.94495
		50.152266	-5.065556
		50.726024	-3.543949
		51.460852	-2.588139
		51.512161	-0.116215
		51.289406	1.075802
		
