c	6 4 5 11 12 0 1 14 13 10 9 8 7 3 2 15	2429.1162732441	0.75708837267559	6	4	5	11	12	0	1	14	13	10	9	8	7	3	2	15		
		53.751959	-0.335941
		53.478239	-2.258549
		53.409532	-3.000126
		51.488224	-3.186893
		51.624837	-3.94495
		52.486125	-1.890507
		51.460852	-2.588139
		50.152266	-5.065556
		50.726024	-3.543949
		55.862982	-4.263554
		55.958426	-3.186893
		54.892406	-2.923222
		54.980766	-1.615849
		53.803895	-1.549931
		51.512161	-0.116215
		51.289406	1.075802
		
c	2 8 10 9 7 3 6 4 5 11 12 0 14 13 1 15	2427.77156607087	0.757222843392913	2	8	10	9	7	3	6	4	5	11	12	0	14	13	1	15		
		51.512161	-0.116215
		54.892406	-2.923222
		55.862982	-4.263554
		55.958426	-3.186893
		54.980766	-1.615849
		53.803895	-1.549931
		53.751959	-0.335941
		53.478239	-2.258549
		53.409532	-3.000126
		51.488224	-3.186893
		51.624837	-3.94495
		52.486125	-1.890507
		50.152266	-5.065556
		50.726024	-3.543949
		51.460852	-2.588139
		51.289406	1.075802
		
c	7 9 5 8 10 3 6 4 0 11 12 14 13 1 2 15	2210.27072238741	0.778972927761259	7	9	5	8	10	3	6	4	0	11	12	14	13	1	2	15		
		54.980766	-1.615849
		55.958426	-3.186893
		53.409532	-3.000126
		54.892406	-2.923222
		55.862982	-4.263554
		53.803895	-1.549931
		53.751959	-0.335941
		53.478239	-2.258549
		52.486125	-1.890507
		51.488224	-3.186893
		51.624837	-3.94495
		50.152266	-5.065556
		50.726024	-3.543949
		51.460852	-2.588139
		51.512161	-0.116215
		51.289406	1.075802
		
c	4 5 0 11 12 14 13 1 2 10 9 7 8 3 6 15	2331.31520069512	0.766868479930488	4	5	0	11	12	14	13	1	2	10	9	7	8	3	6	15		
		53.478239	-2.258549
		53.409532	-3.000126
		52.486125	-1.890507
		51.488224	-3.186893
		51.624837	-3.94495
		50.152266	-5.065556
		50.726024	-3.543949
		51.460852	-2.588139
		51.512161	-0.116215
		55.862982	-4.263554
		55.958426	-3.186893
		54.980766	-1.615849
		54.892406	-2.923222
		53.803895	-1.549931
		53.751959	-0.335941
		51.289406	1.075802
		
c	11 12 14 1 13 2 10 9 8 7 3 6 4 5 0 15	2411.2575032167	0.75887424967833	11	12	14	1	13	2	10	9	8	7	3	6	4	5	0	15		
		51.488224	-3.186893
		51.624837	-3.94495
		50.152266	-5.065556
		51.460852	-2.588139
		50.726024	-3.543949
		51.512161	-0.116215
		55.862982	-4.263554
		55.958426	-3.186893
		54.892406	-2.923222
		54.980766	-1.615849
		53.803895	-1.549931
		53.751959	-0.335941
		53.478239	-2.258549
		53.409532	-3.000126
		52.486125	-1.890507
		51.289406	1.075802
		
c	6 4 5 0 11 12 1 13 2 7 10 9 8 3 14 15	2811.5151055755	0.71884848944245	6	4	5	0	11	12	1	13	2	7	10	9	8	3	14	15		
		53.751959	-0.335941
		53.478239	-2.258549
		53.409532	-3.000126
		52.486125	-1.890507
		51.488224	-3.186893
		51.624837	-3.94495
		51.460852	-2.588139
		50.726024	-3.543949
		51.512161	-0.116215
		54.980766	-1.615849
		55.862982	-4.263554
		55.958426	-3.186893
		54.892406	-2.923222
		53.803895	-1.549931
		50.152266	-5.065556
		51.289406	1.075802
		
c	3 6 4 10 9 8 7 5 0 1 11 12 14 13 2 15	1967.86002325319	0.803213997674681	3	6	4	10	9	8	7	5	0	1	11	12	14	13	2	15		
		53.803895	-1.549931
		53.751959	-0.335941
		53.478239	-2.258549
		55.862982	-4.263554
		55.958426	-3.186893
		54.892406	-2.923222
		54.980766	-1.615849
		53.409532	-3.000126
		52.486125	-1.890507
		51.460852	-2.588139
		51.488224	-3.186893
		51.624837	-3.94495
		50.152266	-5.065556
		50.726024	-3.543949
		51.512161	-0.116215
		51.289406	1.075802
		
c	9 7 8 6 3 4 5 0 11 12 14 13 1 10 2 15	2509.38400932862	0.749061599067139	9	7	8	6	3	4	5	0	11	12	14	13	1	10	2	15		
		55.958426	-3.186893
		54.980766	-1.615849
		54.892406	-2.923222
		53.751959	-0.335941
		53.803895	-1.549931
		53.478239	-2.258549
		53.409532	-3.000126
		52.486125	-1.890507
		51.488224	-3.186893
		51.624837	-3.94495
		50.152266	-5.065556
		50.726024	-3.543949
		51.460852	-2.588139
		55.862982	-4.263554
		51.512161	-0.116215
		51.289406	1.075802
		
c	3 4 5 0 11 12 14 13 1 2 8 10 9 7 6 15	2237.51332233255	0.776248667766745	3	4	5	0	11	12	14	13	1	2	8	10	9	7	6	15		
		53.803895	-1.549931
		53.478239	-2.258549
		53.409532	-3.000126
		52.486125	-1.890507
		51.488224	-3.186893
		51.624837	-3.94495
		50.152266	-5.065556
		50.726024	-3.543949
		51.460852	-2.588139
		51.512161	-0.116215
		54.892406	-2.923222
		55.862982	-4.263554
		55.958426	-3.186893
		54.980766	-1.615849
		53.751959	-0.335941
		51.289406	1.075802
		
c	3 0 6 9 10 8 4 5 11 1 12 14 13 7 2 15	2679.90484457873	0.732009515542126	3	0	6	9	10	8	4	5	11	1	12	14	13	7	2	15		
		53.803895	-1.549931
		52.486125	-1.890507
		53.751959	-0.335941
		55.958426	-3.186893
		55.862982	-4.263554
		54.892406	-2.923222
		53.478239	-2.258549
		53.409532	-3.000126
		51.488224	-3.186893
		51.460852	-2.588139
		51.624837	-3.94495
		50.152266	-5.065556
		50.726024	-3.543949
		54.980766	-1.615849
		51.512161	-0.116215
		51.289406	1.075802
		
c	3 4 5 11 12 14 13 1 0 6 9 7 10 8 2 15	2377.91028643957	0.762208971356043	3	4	5	11	12	14	13	1	0	6	9	7	10	8	2	15		
		53.803895	-1.549931
		53.478239	-2.258549
		53.409532	-3.000126
		51.488224	-3.186893
		51.624837	-3.94495
		50.152266	-5.065556
		50.726024	-3.543949
		51.460852	-2.588139
		52.486125	-1.890507
		53.751959	-0.335941
		55.958426	-3.186893
		54.980766	-1.615849
		55.862982	-4.263554
		54.892406	-2.923222
		51.512161	-0.116215
		51.289406	1.075802
		
c	14 13 4 0 1 11 12 10 9 7 8 6 3 5 2 15	2316.52197649946	0.768347802350054	14	13	4	0	1	11	12	10	9	7	8	6	3	5	2	15		
		50.152266	-5.065556
		50.726024	-3.543949
		53.478239	-2.258549
		52.486125	-1.890507
		51.460852	-2.588139
		51.488224	-3.186893
		51.624837	-3.94495
		55.862982	-4.263554
		55.958426	-3.186893
		54.980766	-1.615849
		54.892406	-2.923222
		53.751959	-0.335941
		53.803895	-1.549931
		53.409532	-3.000126
		51.512161	-0.116215
		51.289406	1.075802
		
c	6 9 7 3 10 8 13 1 0 4 5 11 12 14 2 15	2780.75861753833	0.721924138246167	6	9	7	3	10	8	13	1	0	4	5	11	12	14	2	15		
		53.751959	-0.335941
		55.958426	-3.186893
		54.980766	-1.615849
		53.803895	-1.549931
		55.862982	-4.263554
		54.892406	-2.923222
		50.726024	-3.543949
		51.460852	-2.588139
		52.486125	-1.890507
		53.478239	-2.258549
		53.409532	-3.000126
		51.488224	-3.186893
		51.624837	-3.94495
		50.152266	-5.065556
		51.512161	-0.116215
		51.289406	1.075802
		
c	10 9 7 8 3 6 14 13 4 0 11 12 5 1 2 15	2481.90207925969	0.751809792074031	10	9	7	8	3	6	14	13	4	0	11	12	5	1	2	15		
		55.862982	-4.263554
		55.958426	-3.186893
		54.980766	-1.615849
		54.892406	-2.923222
		53.803895	-1.549931
		53.751959	-0.335941
		50.152266	-5.065556
		50.726024	-3.543949
		53.478239	-2.258549
		52.486125	-1.890507
		51.488224	-3.186893
		51.624837	-3.94495
		53.409532	-3.000126
		51.460852	-2.588139
		51.512161	-0.116215
		51.289406	1.075802
		
c	2 10 9 8 7 3 6 4 5 0 11 12 1 14 13 15	2318.34602266601	0.768165397733399	2	10	9	8	7	3	6	4	5	0	11	12	1	14	13	15		
		51.512161	-0.116215
		55.862982	-4.263554
		55.958426	-3.186893
		54.892406	-2.923222
		54.980766	-1.615849
		53.803895	-1.549931
		53.751959	-0.335941
		53.478239	-2.258549
		53.409532	-3.000126
		52.486125	-1.890507
		51.488224	-3.186893
		51.624837	-3.94495
		51.460852	-2.588139
		50.152266	-5.065556
		50.726024	-3.543949
		51.289406	1.075802
		
c	10 8 7 6 3 4 5 0 1 11 12 14 13 2 9 15	2601.9925357006	0.73980074642994	10	8	7	6	3	4	5	0	1	11	12	14	13	2	9	15		
		55.862982	-4.263554
		54.892406	-2.923222
		54.980766	-1.615849
		53.751959	-0.335941
		53.803895	-1.549931
		53.478239	-2.258549
		53.409532	-3.000126
		52.486125	-1.890507
		51.460852	-2.588139
		51.488224	-3.186893
		51.624837	-3.94495
		50.152266	-5.065556
		50.726024	-3.543949
		51.512161	-0.116215
		55.958426	-3.186893
		51.289406	1.075802
		
c	1 2 8 10 9 7 6 3 4 12 14 13 11 5 0 15	2456.67424770489	0.754332575229511	1	2	8	10	9	7	6	3	4	12	14	13	11	5	0	15		
		51.460852	-2.588139
		51.512161	-0.116215
		54.892406	-2.923222
		55.862982	-4.263554
		55.958426	-3.186893
		54.980766	-1.615849
		53.751959	-0.335941
		53.803895	-1.549931
		53.478239	-2.258549
		51.624837	-3.94495
		50.152266	-5.065556
		50.726024	-3.543949
		51.488224	-3.186893
		53.409532	-3.000126
		52.486125	-1.890507
		51.289406	1.075802
		
c	11 12 3 7 9 10 8 6 4 5 0 14 13 1 2 15	2174.75158194881	0.782524841805119	11	12	3	7	9	10	8	6	4	5	0	14	13	1	2	15		
		51.488224	-3.186893
		51.624837	-3.94495
		53.803895	-1.549931
		54.980766	-1.615849
		55.958426	-3.186893
		55.862982	-4.263554
		54.892406	-2.923222
		53.751959	-0.335941
		53.478239	-2.258549
		53.409532	-3.000126
		52.486125	-1.890507
		50.152266	-5.065556
		50.726024	-3.543949
		51.460852	-2.588139
		51.512161	-0.116215
		51.289406	1.075802
		
c	3 6 4 5 11 12 7 9 10 8 0 14 13 1 2 15	2389.67937923151	0.761032062076849	3	6	4	5	11	12	7	9	10	8	0	14	13	1	2	15		
		53.803895	-1.549931
		53.751959	-0.335941
		53.478239	-2.258549
		53.409532	-3.000126
		51.488224	-3.186893
		51.624837	-3.94495
		54.980766	-1.615849
		55.958426	-3.186893
		55.862982	-4.263554
		54.892406	-2.923222
		52.486125	-1.890507
		50.152266	-5.065556
		50.726024	-3.543949
		51.460852	-2.588139
		51.512161	-0.116215
		51.289406	1.075802
		
c	6 4 14 13 1 5 0 11 12 8 10 9 7 3 2 15	2531.68521372759	0.746831478627241	6	4	14	13	1	5	0	11	12	8	10	9	7	3	2	15		
		53.751959	-0.335941
		53.478239	-2.258549
		50.152266	-5.065556
		50.726024	-3.543949
		51.460852	-2.588139
		53.409532	-3.000126
		52.486125	-1.890507
		51.488224	-3.186893
		51.624837	-3.94495
		54.892406	-2.923222
		55.862982	-4.263554
		55.958426	-3.186893
		54.980766	-1.615849
		53.803895	-1.549931
		51.512161	-0.116215
		51.289406	1.075802
		
c	13 1 4 5 0 3 6 7 9 10 8 11 12 14 2 15	2328.03331434902	0.767196668565098	13	1	4	5	0	3	6	7	9	10	8	11	12	14	2	15		
		50.726024	-3.543949
		51.460852	-2.588139
		53.478239	-2.258549
		53.409532	-3.000126
		52.486125	-1.890507
		53.803895	-1.549931
		53.751959	-0.335941
		54.980766	-1.615849
		55.958426	-3.186893
		55.862982	-4.263554
		54.892406	-2.923222
		51.488224	-3.186893
		51.624837	-3.94495
		50.152266	-5.065556
		51.512161	-0.116215
		51.289406	1.075802
		
c	1 2 8 10 9 7 5 3 6 4 0 11 12 14 13 15	2401.01957007542	0.759898042992458	1	2	8	10	9	7	5	3	6	4	0	11	12	14	13	15		
		51.460852	-2.588139
		51.512161	-0.116215
		54.892406	-2.923222
		55.862982	-4.263554
		55.958426	-3.186893
		54.980766	-1.615849
		53.409532	-3.000126
		53.803895	-1.549931
		53.751959	-0.335941
		53.478239	-2.258549
		52.486125	-1.890507
		51.488224	-3.186893
		51.624837	-3.94495
		50.152266	-5.065556
		50.726024	-3.543949
		51.289406	1.075802
		
c	7 3 0 6 9 10 8 4 5 11 1 12 14 13 2 15	2176.70886142945	0.782329113857055	7	3	0	6	9	10	8	4	5	11	1	12	14	13	2	15		
		54.980766	-1.615849
		53.803895	-1.549931
		52.486125	-1.890507
		53.751959	-0.335941
		55.958426	-3.186893
		55.862982	-4.263554
		54.892406	-2.923222
		53.478239	-2.258549
		53.409532	-3.000126
		51.488224	-3.186893
		51.460852	-2.588139
		51.624837	-3.94495
		50.152266	-5.065556
		50.726024	-3.543949
		51.512161	-0.116215
		51.289406	1.075802
		
c	14 13 6 4 5 0 11 1 12 10 9 8 7 3 2 15	2345.67971175998	0.765432028824002	14	13	6	4	5	0	11	1	12	10	9	8	7	3	2	15		
		50.152266	-5.065556
		50.726024	-3.543949
		53.751959	-0.335941
		53.478239	-2.258549
		53.409532	-3.000126
		52.486125	-1.890507
		51.488224	-3.186893
		51.460852	-2.588139
		51.624837	-3.94495
		55.862982	-4.263554
		55.958426	-3.186893
		54.892406	-2.923222
		54.980766	-1.615849
		53.803895	-1.549931
		51.512161	-0.116215
		51.289406	1.075802
		
c	14 13 11 12 7 3 6 4 5 0 1 2 10 9 8 15	2708.9629195645	0.72910370804355	14	13	11	12	7	3	6	4	5	0	1	2	10	9	8	15		
		50.152266	-5.065556
		50.726024	-3.543949
		51.488224	-3.186893
		51.624837	-3.94495
		54.980766	-1.615849
		53.803895	-1.549931
		53.751959	-0.335941
		53.478239	-2.258549
		53.409532	-3.000126
		52.486125	-1.890507
		51.460852	-2.588139
		51.512161	-0.116215
		55.862982	-4.263554
		55.958426	-3.186893
		54.892406	-2.923222
		51.289406	1.075802
		
c	5 0 11 12 14 13 1 10 9 8 7 3 6 4 2 15	2199.2216241942	0.78007783758058	5	0	11	12	14	13	1	10	9	8	7	3	6	4	2	15		
		53.409532	-3.000126
		52.486125	-1.890507
		51.488224	-3.186893
		51.624837	-3.94495
		50.152266	-5.065556
		50.726024	-3.543949
		51.460852	-2.588139
		55.862982	-4.263554
		55.958426	-3.186893
		54.892406	-2.923222
		54.980766	-1.615849
		53.803895	-1.549931
		53.751959	-0.335941
		53.478239	-2.258549
		51.512161	-0.116215
		51.289406	1.075802
		
c	11 12 14 13 2 9 10 8 4 5 1 7 3 6 0 15	2812.04349908812	0.718795650091188	11	12	14	13	2	9	10	8	4	5	1	7	3	6	0	15		
		51.488224	-3.186893
		51.624837	-3.94495
		50.152266	-5.065556
		50.726024	-3.543949
		51.512161	-0.116215
		55.958426	-3.186893
		55.862982	-4.263554
		54.892406	-2.923222
		53.478239	-2.258549
		53.409532	-3.000126
		51.460852	-2.588139
		54.980766	-1.615849
		53.803895	-1.549931
		53.751959	-0.335941
		52.486125	-1.890507
		51.289406	1.075802
		
c	6 4 5 11 12 1 2 8 10 9 7 3 14 13 0 15	2685.24061376649	0.731475938623351	6	4	5	11	12	1	2	8	10	9	7	3	14	13	0	15		
		53.751959	-0.335941
		53.478239	-2.258549
		53.409532	-3.000126
		51.488224	-3.186893
		51.624837	-3.94495
		51.460852	-2.588139
		51.512161	-0.116215
		54.892406	-2.923222
		55.862982	-4.263554
		55.958426	-3.186893
		54.980766	-1.615849
		53.803895	-1.549931
		50.152266	-5.065556
		50.726024	-3.543949
		52.486125	-1.890507
		51.289406	1.075802
		
c	0 12 14 13 10 9 8 7 3 6 4 5 11 1 2 15	2225.95486194788	0.777404513805212	0	12	14	13	10	9	8	7	3	6	4	5	11	1	2	15		
		52.486125	-1.890507
		51.624837	-3.94495
		50.152266	-5.065556
		50.726024	-3.543949
		55.862982	-4.263554
		55.958426	-3.186893
		54.892406	-2.923222
		54.980766	-1.615849
		53.803895	-1.549931
		53.751959	-0.335941
		53.478239	-2.258549
		53.409532	-3.000126
		51.488224	-3.186893
		51.460852	-2.588139
		51.512161	-0.116215
		51.289406	1.075802
		
c	3 6 4 7 9 10 8 5 0 11 14 1 12 13 2 15	2134.50872045821	0.786549127954179	3	6	4	7	9	10	8	5	0	11	14	1	12	13	2	15		
		53.803895	-1.549931
		53.751959	-0.335941
		53.478239	-2.258549
		54.980766	-1.615849
		55.958426	-3.186893
		55.862982	-4.263554
		54.892406	-2.923222
		53.409532	-3.000126
		52.486125	-1.890507
		51.488224	-3.186893
		50.152266	-5.065556
		51.460852	-2.588139
		51.624837	-3.94495
		50.726024	-3.543949
		51.512161	-0.116215
		51.289406	1.075802
		
c	4 14 10 9 7 8 3 6 5 0 11 12 1 13 2 15	2629.05350026215	0.737094649973785	4	14	10	9	7	8	3	6	5	0	11	12	1	13	2	15		
		53.478239	-2.258549
		50.152266	-5.065556
		55.862982	-4.263554
		55.958426	-3.186893
		54.980766	-1.615849
		54.892406	-2.923222
		53.803895	-1.549931
		53.751959	-0.335941
		53.409532	-3.000126
		52.486125	-1.890507
		51.488224	-3.186893
		51.624837	-3.94495
		51.460852	-2.588139
		50.726024	-3.543949
		51.512161	-0.116215
		51.289406	1.075802
		
c	14 1 12 5 0 11 10 9 8 7 3 6 4 13 2 15	2563.78833784116	0.743621166215884	14	1	12	5	0	11	10	9	8	7	3	6	4	13	2	15		
		50.152266	-5.065556
		51.460852	-2.588139
		51.624837	-3.94495
		53.409532	-3.000126
		52.486125	-1.890507
		51.488224	-3.186893
		55.862982	-4.263554
		55.958426	-3.186893
		54.892406	-2.923222
		54.980766	-1.615849
		53.803895	-1.549931
		53.751959	-0.335941
		53.478239	-2.258549
		50.726024	-3.543949
		51.512161	-0.116215
		51.289406	1.075802
		
c	10 12 14 5 0 11 13 1 2 6 7 9 4 8 3 15	3159.31066962199	0.684068933037801	10	12	14	5	0	11	13	1	2	6	7	9	4	8	3	15		
		55.862982	-4.263554
		51.624837	-3.94495
		50.152266	-5.065556
		53.409532	-3.000126
		52.486125	-1.890507
		51.488224	-3.186893
		50.726024	-3.543949
		51.460852	-2.588139
		51.512161	-0.116215
		53.751959	-0.335941
		54.980766	-1.615849
		55.958426	-3.186893
		53.478239	-2.258549
		54.892406	-2.923222
		53.803895	-1.549931
		51.289406	1.075802
		
c	1 11 12 3 6 7 9 14 13 4 5 10 8 0 2 15	2871.92278738061	0.712807721261939	1	11	12	3	6	7	9	14	13	4	5	10	8	0	2	15		
		51.460852	-2.588139
		51.488224	-3.186893
		51.624837	-3.94495
		53.803895	-1.549931
		53.751959	-0.335941
		54.980766	-1.615849
		55.958426	-3.186893
		50.152266	-5.065556
		50.726024	-3.543949
		53.478239	-2.258549
		53.409532	-3.000126
		55.862982	-4.263554
		54.892406	-2.923222
		52.486125	-1.890507
		51.512161	-0.116215
		51.289406	1.075802
		
c	4 5 11 0 10 9 8 7 1 12 14 13 2 6 3 15	2797.94389588867	0.720205610411133	4	5	11	0	10	9	8	7	1	12	14	13	2	6	3	15		
		53.478239	-2.258549
		53.409532	-3.000126
		51.488224	-3.186893
		52.486125	-1.890507
		55.862982	-4.263554
		55.958426	-3.186893
		54.892406	-2.923222
		54.980766	-1.615849
		51.460852	-2.588139
		51.624837	-3.94495
		50.152266	-5.065556
		50.726024	-3.543949
		51.512161	-0.116215
		53.751959	-0.335941
		53.803895	-1.549931
		51.289406	1.075802
		
c	4 5 11 12 7 9 10 8 0 14 13 1 3 6 2 15	2607.2975241628	0.73927024758372	4	5	11	12	7	9	10	8	0	14	13	1	3	6	2	15		
		53.478239	-2.258549
		53.409532	-3.000126
		51.488224	-3.186893
		51.624837	-3.94495
		54.980766	-1.615849
		55.958426	-3.186893
		55.862982	-4.263554
		54.892406	-2.923222
		52.486125	-1.890507
		50.152266	-5.065556
		50.726024	-3.543949
		51.460852	-2.588139
		53.803895	-1.549931
		53.751959	-0.335941
		51.512161	-0.116215
		51.289406	1.075802
		
c	11 12 14 13 1 10 9 7 8 3 6 4 5 0 2 15	2053.87644566889	0.794612355433111	11	12	14	13	1	10	9	7	8	3	6	4	5	0	2	15		
		51.488224	-3.186893
		51.624837	-3.94495
		50.152266	-5.065556
		50.726024	-3.543949
		51.460852	-2.588139
		55.862982	-4.263554
		55.958426	-3.186893
		54.980766	-1.615849
		54.892406	-2.923222
		53.803895	-1.549931
		53.751959	-0.335941
		53.478239	-2.258549
		53.409532	-3.000126
		52.486125	-1.890507
		51.512161	-0.116215
		51.289406	1.075802
		
c	8 7 3 6 4 5 0 11 12 14 13 1 9 10 2 15	2422.12457178382	0.757787542821618	8	7	3	6	4	5	0	11	12	14	13	1	9	10	2	15		
		54.892406	-2.923222
		54.980766	-1.615849
		53.803895	-1.549931
		53.751959	-0.335941
		53.478239	-2.258549
		53.409532	-3.000126
		52.486125	-1.890507
		51.488224	-3.186893
		51.624837	-3.94495
		50.152266	-5.065556
		50.726024	-3.543949
		51.460852	-2.588139
		55.958426	-3.186893
		55.862982	-4.263554
		51.512161	-0.116215
		51.289406	1.075802
		
c	0 11 12 1 13 7 10 9 8 3 6 4 5 14 2 15	2534.19984357217	0.746580015642783	0	11	12	1	13	7	10	9	8	3	6	4	5	14	2	15		
		52.486125	-1.890507
		51.488224	-3.186893
		51.624837	-3.94495
		51.460852	-2.588139
		50.726024	-3.543949
		54.980766	-1.615849
		55.862982	-4.263554
		55.958426	-3.186893
		54.892406	-2.923222
		53.803895	-1.549931
		53.751959	-0.335941
		53.478239	-2.258549
		53.409532	-3.000126
		50.152266	-5.065556
		51.512161	-0.116215
		51.289406	1.075802
		
c	9 0 7 10 8 6 4 5 12 1 11 14 13 3 2 15	2791.04319596275	0.720895680403725	9	0	7	10	8	6	4	5	12	1	11	14	13	3	2	15		
		55.958426	-3.186893
		52.486125	-1.890507
		54.980766	-1.615849
		55.862982	-4.263554
		54.892406	-2.923222
		53.751959	-0.335941
		53.478239	-2.258549
		53.409532	-3.000126
		51.624837	-3.94495
		51.460852	-2.588139
		51.488224	-3.186893
		50.152266	-5.065556
		50.726024	-3.543949
		53.803895	-1.549931
		51.512161	-0.116215
		51.289406	1.075802
		
c	6 7 9 10 8 4 5 0 11 14 1 12 13 2 3 15	2476.93175045049	0.752306824954951	6	7	9	10	8	4	5	0	11	14	1	12	13	2	3	15		
		53.751959	-0.335941
		54.980766	-1.615849
		55.958426	-3.186893
		55.862982	-4.263554
		54.892406	-2.923222
		53.478239	-2.258549
		53.409532	-3.000126
		52.486125	-1.890507
		51.488224	-3.186893
		50.152266	-5.065556
		51.460852	-2.588139
		51.624837	-3.94495
		50.726024	-3.543949
		51.512161	-0.116215
		53.803895	-1.549931
		51.289406	1.075802
		
c	12 1 8 7 3 6 4 5 10 9 0 11 14 13 2 15	2507.71278558924	0.749228721441076	12	1	8	7	3	6	4	5	10	9	0	11	14	13	2	15		
		51.624837	-3.94495
		51.460852	-2.588139
		54.892406	-2.923222
		54.980766	-1.615849
		53.803895	-1.549931
		53.751959	-0.335941
		53.478239	-2.258549
		53.409532	-3.000126
		55.862982	-4.263554
		55.958426	-3.186893
		52.486125	-1.890507
		51.488224	-3.186893
		50.152266	-5.065556
		50.726024	-3.543949
		51.512161	-0.116215
		51.289406	1.075802
		
c	0 11 12 8 7 10 9 3 6 4 5 1 14 13 2 15	2345.15690925874	0.765484309074126	0	11	12	8	7	10	9	3	6	4	5	1	14	13	2	15		
		52.486125	-1.890507
		51.488224	-3.186893
		51.624837	-3.94495
		54.892406	-2.923222
		54.980766	-1.615849
		55.862982	-4.263554
		55.958426	-3.186893
		53.803895	-1.549931
		53.751959	-0.335941
		53.478239	-2.258549
		53.409532	-3.000126
		51.460852	-2.588139
		50.152266	-5.065556
		50.726024	-3.543949
		51.512161	-0.116215
		51.289406	1.075802
		
c	0 1 11 12 14 13 8 10 9 7 6 4 5 3 2 15	2147.96109361593	0.785203890638407	0	1	11	12	14	13	8	10	9	7	6	4	5	3	2	15		
		52.486125	-1.890507
		51.460852	-2.588139
		51.488224	-3.186893
		51.624837	-3.94495
		50.152266	-5.065556
		50.726024	-3.543949
		54.892406	-2.923222
		55.862982	-4.263554
		55.958426	-3.186893
		54.980766	-1.615849
		53.751959	-0.335941
		53.478239	-2.258549
		53.409532	-3.000126
		53.803895	-1.549931
		51.512161	-0.116215
		51.289406	1.075802
		
c	8 7 3 6 4 10 1 9 5 0 11 12 14 13 2 15	2978.59657333965	0.702140342666035	8	7	3	6	4	10	1	9	5	0	11	12	14	13	2	15		
		54.892406	-2.923222
		54.980766	-1.615849
		53.803895	-1.549931
		53.751959	-0.335941
		53.478239	-2.258549
		55.862982	-4.263554
		51.460852	-2.588139
		55.958426	-3.186893
		53.409532	-3.000126
		52.486125	-1.890507
		51.488224	-3.186893
		51.624837	-3.94495
		50.152266	-5.065556
		50.726024	-3.543949
		51.512161	-0.116215
		51.289406	1.075802
		
c	4 5 1 12 14 13 10 9 8 7 3 6 0 11 2 15	2342.25670070175	0.765774329929825	4	5	1	12	14	13	10	9	8	7	3	6	0	11	2	15		
		53.478239	-2.258549
		53.409532	-3.000126
		51.460852	-2.588139
		51.624837	-3.94495
		50.152266	-5.065556
		50.726024	-3.543949
		55.862982	-4.263554
		55.958426	-3.186893
		54.892406	-2.923222
		54.980766	-1.615849
		53.803895	-1.549931
		53.751959	-0.335941
		52.486125	-1.890507
		51.488224	-3.186893
		51.512161	-0.116215
		51.289406	1.075802
		
c	3 6 4 5 0 1 11 12 14 13 2 10 9 8 7 15	2443.1279449215	0.75568720550785	3	6	4	5	0	1	11	12	14	13	2	10	9	8	7	15		
		53.803895	-1.549931
		53.751959	-0.335941
		53.478239	-2.258549
		53.409532	-3.000126
		52.486125	-1.890507
		51.460852	-2.588139
		51.488224	-3.186893
		51.624837	-3.94495
		50.152266	-5.065556
		50.726024	-3.543949
		51.512161	-0.116215
		55.862982	-4.263554
		55.958426	-3.186893
		54.892406	-2.923222
		54.980766	-1.615849
		51.289406	1.075802
		
c	0 1 11 12 14 13 2 5 10 9 8 7 3 6 4 15	2298.77933527757	0.770122066472243	0	1	11	12	14	13	2	5	10	9	8	7	3	6	4	15		
		52.486125	-1.890507
		51.460852	-2.588139
		51.488224	-3.186893
		51.624837	-3.94495
		50.152266	-5.065556
		50.726024	-3.543949
		51.512161	-0.116215
		53.409532	-3.000126
		55.862982	-4.263554
		55.958426	-3.186893
		54.892406	-2.923222
		54.980766	-1.615849
		53.803895	-1.549931
		53.751959	-0.335941
		53.478239	-2.258549
		51.289406	1.075802
		
c	14 13 1 4 5 11 12 10 9 8 7 3 6 0 2 15	2152.69262295716	0.784730737704284	14	13	1	4	5	11	12	10	9	8	7	3	6	0	2	15		
		50.152266	-5.065556
		50.726024	-3.543949
		51.460852	-2.588139
		53.478239	-2.258549
		53.409532	-3.000126
		51.488224	-3.186893
		51.624837	-3.94495
		55.862982	-4.263554
		55.958426	-3.186893
		54.892406	-2.923222
		54.980766	-1.615849
		53.803895	-1.549931
		53.751959	-0.335941
		52.486125	-1.890507
		51.512161	-0.116215
		51.289406	1.075802
		
c	10 4 8 0 11 1 5 3 6 2 7 9 12 14 13 15	3236.70753639515	0.676329246360485	10	4	8	0	11	1	5	3	6	2	7	9	12	14	13	15		
		55.862982	-4.263554
		53.478239	-2.258549
		54.892406	-2.923222
		52.486125	-1.890507
		51.488224	-3.186893
		51.460852	-2.588139
		53.409532	-3.000126
		53.803895	-1.549931
		53.751959	-0.335941
		51.512161	-0.116215
		54.980766	-1.615849
		55.958426	-3.186893
		51.624837	-3.94495
		50.152266	-5.065556
		50.726024	-3.543949
		51.289406	1.075802
		
c	3 6 4 5 0 1 12 14 13 10 9 8 7 11 2 15	2458.85380007723	0.754114619992277	3	6	4	5	0	1	12	14	13	10	9	8	7	11	2	15		
		53.803895	-1.549931
		53.751959	-0.335941
		53.478239	-2.258549
		53.409532	-3.000126
		52.486125	-1.890507
		51.460852	-2.588139
		51.624837	-3.94495
		50.152266	-5.065556
		50.726024	-3.543949
		55.862982	-4.263554
		55.958426	-3.186893
		54.892406	-2.923222
		54.980766	-1.615849
		51.488224	-3.186893
		51.512161	-0.116215
		51.289406	1.075802
		
c	5 0 11 12 14 13 3 6 7 9 10 8 4 1 2 15	2236.43220812968	0.776356779187032	5	0	11	12	14	13	3	6	7	9	10	8	4	1	2	15		
		53.409532	-3.000126
		52.486125	-1.890507
		51.488224	-3.186893
		51.624837	-3.94495
		50.152266	-5.065556
		50.726024	-3.543949
		53.803895	-1.549931
		53.751959	-0.335941
		54.980766	-1.615849
		55.958426	-3.186893
		55.862982	-4.263554
		54.892406	-2.923222
		53.478239	-2.258549
		51.460852	-2.588139
		51.512161	-0.116215
		51.289406	1.075802
		
c	14 13 10 9 8 7 3 6 4 5 0 1 11 12 2 15	2058.90436655884	0.794109563344116	14	13	10	9	8	7	3	6	4	5	0	1	11	12	2	15		
		50.152266	-5.065556
		50.726024	-3.543949
		55.862982	-4.263554
		55.958426	-3.186893
		54.892406	-2.923222
		54.980766	-1.615849
		53.803895	-1.549931
		53.751959	-0.335941
		53.478239	-2.258549
		53.409532	-3.000126
		52.486125	-1.890507
		51.460852	-2.588139
		51.488224	-3.186893
		51.624837	-3.94495
		51.512161	-0.116215
		51.289406	1.075802
		
c	9 8 7 3 6 4 11 12 14 5 0 1 13 10 2 15	2971.06816957059	0.702893183042941	9	8	7	3	6	4	11	12	14	5	0	1	13	10	2	15		
		55.958426	-3.186893
		54.892406	-2.923222
		54.980766	-1.615849
		53.803895	-1.549931
		53.751959	-0.335941
		53.478239	-2.258549
		51.488224	-3.186893
		51.624837	-3.94495
		50.152266	-5.065556
		53.409532	-3.000126
		52.486125	-1.890507
		51.460852	-2.588139
		50.726024	-3.543949
		55.862982	-4.263554
		51.512161	-0.116215
		51.289406	1.075802
		
c	5 0 3 6 7 9 10 8 11 1 12 4 14 13 2 15	2501.89413867149	0.749810586132851	5	0	3	6	7	9	10	8	11	1	12	4	14	13	2	15		
		53.409532	-3.000126
		52.486125	-1.890507
		53.803895	-1.549931
		53.751959	-0.335941
		54.980766	-1.615849
		55.958426	-3.186893
		55.862982	-4.263554
		54.892406	-2.923222
		51.488224	-3.186893
		51.460852	-2.588139
		51.624837	-3.94495
		53.478239	-2.258549
		50.152266	-5.065556
		50.726024	-3.543949
		51.512161	-0.116215
		51.289406	1.075802
		
c	5 12 1 11 0 14 13 10 2 9 8 7 3 6 4 15	3493.36843827213	0.650663156172787	5	12	1	11	0	14	13	10	2	9	8	7	3	6	4	15		
		53.409532	-3.000126
		51.624837	-3.94495
		51.460852	-2.588139
		51.488224	-3.186893
		52.486125	-1.890507
		50.152266	-5.065556
		50.726024	-3.543949
		55.862982	-4.263554
		51.512161	-0.116215
		55.958426	-3.186893
		54.892406	-2.923222
		54.980766	-1.615849
		53.803895	-1.549931
		53.751959	-0.335941
		53.478239	-2.258549
		51.289406	1.075802
		
c	0 10 9 7 8 6 3 4 5 13 1 11 12 14 2 15	2253.35349715458	0.774664650284542	0	10	9	7	8	6	3	4	5	13	1	11	12	14	2	15		
		52.486125	-1.890507
		55.862982	-4.263554
		55.958426	-3.186893
		54.980766	-1.615849
		54.892406	-2.923222
		53.751959	-0.335941
		53.803895	-1.549931
		53.478239	-2.258549
		53.409532	-3.000126
		50.726024	-3.543949
		51.460852	-2.588139
		51.488224	-3.186893
		51.624837	-3.94495
		50.152266	-5.065556
		51.512161	-0.116215
		51.289406	1.075802
		
c	10 9 8 7 3 6 0 11 2 4 5 1 12 14 13 15	2274.24661824005	0.772575338175995	10	9	8	7	3	6	0	11	2	4	5	1	12	14	13	15		
		55.862982	-4.263554
		55.958426	-3.186893
		54.892406	-2.923222
		54.980766	-1.615849
		53.803895	-1.549931
		53.751959	-0.335941
		52.486125	-1.890507
		51.488224	-3.186893
		51.512161	-0.116215
		53.478239	-2.258549
		53.409532	-3.000126
		51.460852	-2.588139
		51.624837	-3.94495
		50.152266	-5.065556
		50.726024	-3.543949
		51.289406	1.075802
		
c	10 9 0 3 6 7 8 4 5 11 1 12 14 13 2 15	2147.10060211036	0.785289939788964	10	9	0	3	6	7	8	4	5	11	1	12	14	13	2	15		
		55.862982	-4.263554
		55.958426	-3.186893
		52.486125	-1.890507
		53.803895	-1.549931
		53.751959	-0.335941
		54.980766	-1.615849
		54.892406	-2.923222
		53.478239	-2.258549
		53.409532	-3.000126
		51.488224	-3.186893
		51.460852	-2.588139
		51.624837	-3.94495
		50.152266	-5.065556
		50.726024	-3.543949
		51.512161	-0.116215
		51.289406	1.075802
		
c	11 12 14 13 2 10 9 8 7 4 5 1 3 6 0 15	2651.32069859048	0.734867930140952	11	12	14	13	2	10	9	8	7	4	5	1	3	6	0	15		
		51.488224	-3.186893
		51.624837	-3.94495
		50.152266	-5.065556
		50.726024	-3.543949
		51.512161	-0.116215
		55.862982	-4.263554
		55.958426	-3.186893
		54.892406	-2.923222
		54.980766	-1.615849
		53.478239	-2.258549
		53.409532	-3.000126
		51.460852	-2.588139
		53.803895	-1.549931
		53.751959	-0.335941
		52.486125	-1.890507
		51.289406	1.075802
		
c	1 10 9 8 7 4 5 2 3 11 12 14 6 0 13 15	3317.20484420621	0.668279515579379	1	10	9	8	7	4	5	2	3	11	12	14	6	0	13	15		
		51.460852	-2.588139
		55.862982	-4.263554
		55.958426	-3.186893
		54.892406	-2.923222
		54.980766	-1.615849
		53.478239	-2.258549
		53.409532	-3.000126
		51.512161	-0.116215
		53.803895	-1.549931
		51.488224	-3.186893
		51.624837	-3.94495
		50.152266	-5.065556
		53.751959	-0.335941
		52.486125	-1.890507
		50.726024	-3.543949
		51.289406	1.075802
		
c	7 3 6 4 11 12 8 10 9 1 5 0 14 13 2 15	2854.34433219343	0.714565566780657	7	3	6	4	11	12	8	10	9	1	5	0	14	13	2	15		
		54.980766	-1.615849
		53.803895	-1.549931
		53.751959	-0.335941
		53.478239	-2.258549
		51.488224	-3.186893
		51.624837	-3.94495
		54.892406	-2.923222
		55.862982	-4.263554
		55.958426	-3.186893
		51.460852	-2.588139
		53.409532	-3.000126
		52.486125	-1.890507
		50.152266	-5.065556
		50.726024	-3.543949
		51.512161	-0.116215
		51.289406	1.075802
		
c	10 9 8 3 6 4 5 0 1 11 12 14 13 7 2 15	2226.4688481867	0.77735311518133	10	9	8	3	6	4	5	0	1	11	12	14	13	7	2	15		
		55.862982	-4.263554
		55.958426	-3.186893
		54.892406	-2.923222
		53.803895	-1.549931
		53.751959	-0.335941
		53.478239	-2.258549
		53.409532	-3.000126
		52.486125	-1.890507
		51.460852	-2.588139
		51.488224	-3.186893
		51.624837	-3.94495
		50.152266	-5.065556
		50.726024	-3.543949
		54.980766	-1.615849
		51.512161	-0.116215
		51.289406	1.075802
		
c	12 14 13 10 9 8 7 3 6 4 5 0 11 1 2 15	2110.80174936155	0.788919825063845	12	14	13	10	9	8	7	3	6	4	5	0	11	1	2	15		
		51.624837	-3.94495
		50.152266	-5.065556
		50.726024	-3.543949
		55.862982	-4.263554
		55.958426	-3.186893
		54.892406	-2.923222
		54.980766	-1.615849
		53.803895	-1.549931
		53.751959	-0.335941
		53.478239	-2.258549
		53.409532	-3.000126
		52.486125	-1.890507
		51.488224	-3.186893
		51.460852	-2.588139
		51.512161	-0.116215
		51.289406	1.075802
		
c	7 4 5 0 2 13 3 6 9 10 8 12 14 1 11 15	2841.29066912359	0.715870933087641	7	4	5	0	2	13	3	6	9	10	8	12	14	1	11	15		
		54.980766	-1.615849
		53.478239	-2.258549
		53.409532	-3.000126
		52.486125	-1.890507
		51.512161	-0.116215
		50.726024	-3.543949
		53.803895	-1.549931
		53.751959	-0.335941
		55.958426	-3.186893
		55.862982	-4.263554
		54.892406	-2.923222
		51.624837	-3.94495
		50.152266	-5.065556
		51.460852	-2.588139
		51.488224	-3.186893
		51.289406	1.075802
		
c	12 14 11 13 2 0 1 5 10 9 8 7 3 6 4 15	2458.13574911495	0.754186425088505	12	14	11	13	2	0	1	5	10	9	8	7	3	6	4	15		
		51.624837	-3.94495
		50.152266	-5.065556
		51.488224	-3.186893
		50.726024	-3.543949
		51.512161	-0.116215
		52.486125	-1.890507
		51.460852	-2.588139
		53.409532	-3.000126
		55.862982	-4.263554
		55.958426	-3.186893
		54.892406	-2.923222
		54.980766	-1.615849
		53.803895	-1.549931
		53.751959	-0.335941
		53.478239	-2.258549
		51.289406	1.075802
		
c	14 10 9 7 8 3 6 4 5 0 11 12 1 13 2 15	2212.17047706646	0.778782952293354	14	10	9	7	8	3	6	4	5	0	11	12	1	13	2	15		
		50.152266	-5.065556
		55.862982	-4.263554
		55.958426	-3.186893
		54.980766	-1.615849
		54.892406	-2.923222
		53.803895	-1.549931
		53.751959	-0.335941
		53.478239	-2.258549
		53.409532	-3.000126
		52.486125	-1.890507
		51.488224	-3.186893
		51.624837	-3.94495
		51.460852	-2.588139
		50.726024	-3.543949
		51.512161	-0.116215
		51.289406	1.075802
		
c	4 5 0 3 6 7 9 10 8 11 12 14 13 1 2 15	2020.11566873546	0.797988433126454	4	5	0	3	6	7	9	10	8	11	12	14	13	1	2	15		
		53.478239	-2.258549
		53.409532	-3.000126
		52.486125	-1.890507
		53.803895	-1.549931
		53.751959	-0.335941
		54.980766	-1.615849
		55.958426	-3.186893
		55.862982	-4.263554
		54.892406	-2.923222
		51.488224	-3.186893
		51.624837	-3.94495
		50.152266	-5.065556
		50.726024	-3.543949
		51.460852	-2.588139
		51.512161	-0.116215
		51.289406	1.075802
		
c	5 0 10 9 14 13 1 6 4 11 12 8 7 3 2 15	3144.22009868145	0.685577990131855	5	0	10	9	14	13	1	6	4	11	12	8	7	3	2	15		
		53.409532	-3.000126
		52.486125	-1.890507
		55.862982	-4.263554
		55.958426	-3.186893
		50.152266	-5.065556
		50.726024	-3.543949
		51.460852	-2.588139
		53.751959	-0.335941
		53.478239	-2.258549
		51.488224	-3.186893
		51.624837	-3.94495
		54.892406	-2.923222
		54.980766	-1.615849
		53.803895	-1.549931
		51.512161	-0.116215
		51.289406	1.075802
		
c	11 12 14 13 1 10 9 8 7 3 6 4 5 0 2 15	2007.23093499378	0.799276906500622	11	12	14	13	1	10	9	8	7	3	6	4	5	0	2	15		
		51.488224	-3.186893
		51.624837	-3.94495
		50.152266	-5.065556
		50.726024	-3.543949
		51.460852	-2.588139
		55.862982	-4.263554
		55.958426	-3.186893
		54.892406	-2.923222
		54.980766	-1.615849
		53.803895	-1.549931
		53.751959	-0.335941
		53.478239	-2.258549
		53.409532	-3.000126
		52.486125	-1.890507
		51.512161	-0.116215
		51.289406	1.075802
		
c	6 3 4 11 12 7 9 10 8 5 0 14 13 1 2 15	2300.34488629759	0.769965511370241	6	3	4	11	12	7	9	10	8	5	0	14	13	1	2	15		
		53.751959	-0.335941
		53.803895	-1.549931
		53.478239	-2.258549
		51.488224	-3.186893
		51.624837	-3.94495
		54.980766	-1.615849
		55.958426	-3.186893
		55.862982	-4.263554
		54.892406	-2.923222
		53.409532	-3.000126
		52.486125	-1.890507
		50.152266	-5.065556
		50.726024	-3.543949
		51.460852	-2.588139
		51.512161	-0.116215
		51.289406	1.075802
		
c	0 11 12 1 2 8 10 9 7 5 3 6 4 13 14 15	2641.41550236157	0.735858449763843	0	11	12	1	2	8	10	9	7	5	3	6	4	13	14	15		
		52.486125	-1.890507
		51.488224	-3.186893
		51.624837	-3.94495
		51.460852	-2.588139
		51.512161	-0.116215
		54.892406	-2.923222
		55.862982	-4.263554
		55.958426	-3.186893
		54.980766	-1.615849
		53.409532	-3.000126
		53.803895	-1.549931
		53.751959	-0.335941
		53.478239	-2.258549
		50.726024	-3.543949
		50.152266	-5.065556
		51.289406	1.075802
		
c	0 3 6 7 9 10 8 4 5 11 1 12 14 13 2 15	1952.05221583734	0.804794778416266	0	3	6	7	9	10	8	4	5	11	1	12	14	13	2	15		
		52.486125	-1.890507
		53.803895	-1.549931
		53.751959	-0.335941
		54.980766	-1.615849
		55.958426	-3.186893
		55.862982	-4.263554
		54.892406	-2.923222
		53.478239	-2.258549
		53.409532	-3.000126
		51.488224	-3.186893
		51.460852	-2.588139
		51.624837	-3.94495
		50.152266	-5.065556
		50.726024	-3.543949
		51.512161	-0.116215
		51.289406	1.075802
		
c	14 13 1 6 4 3 0 11 12 8 10 9 7 5 2 15	2354.01322995769	0.764598677004231	14	13	1	6	4	3	0	11	12	8	10	9	7	5	2	15		
		50.152266	-5.065556
		50.726024	-3.543949
		51.460852	-2.588139
		53.751959	-0.335941
		53.478239	-2.258549
		53.803895	-1.549931
		52.486125	-1.890507
		51.488224	-3.186893
		51.624837	-3.94495
		54.892406	-2.923222
		55.862982	-4.263554
		55.958426	-3.186893
		54.980766	-1.615849
		53.409532	-3.000126
		51.512161	-0.116215
		51.289406	1.075802
		
c	1 13 2 8 7 6 10 9 3 4 5 0 11 12 14 15	2761.41484302077	0.723858515697923	1	13	2	8	7	6	10	9	3	4	5	0	11	12	14	15		
		51.460852	-2.588139
		50.726024	-3.543949
		51.512161	-0.116215
		54.892406	-2.923222
		54.980766	-1.615849
		53.751959	-0.335941
		55.862982	-4.263554
		55.958426	-3.186893
		53.803895	-1.549931
		53.478239	-2.258549
		53.409532	-3.000126
		52.486125	-1.890507
		51.488224	-3.186893
		51.624837	-3.94495
		50.152266	-5.065556
		51.289406	1.075802
		
c	11 1 7 3 6 12 14 13 2 8 10 9 4 5 0 15	2876.55319313538	0.712344680686462	11	1	7	3	6	12	14	13	2	8	10	9	4	5	0	15		
		51.488224	-3.186893
		51.460852	-2.588139
		54.980766	-1.615849
		53.803895	-1.549931
		53.751959	-0.335941
		51.624837	-3.94495
		50.152266	-5.065556
		50.726024	-3.543949
		51.512161	-0.116215
		54.892406	-2.923222
		55.862982	-4.263554
		55.958426	-3.186893
		53.478239	-2.258549
		53.409532	-3.000126
		52.486125	-1.890507
		51.289406	1.075802
		
c	6 4 5 0 11 1 12 14 13 10 9 8 7 3 2 15	2227.71107370087	0.777228892629913	6	4	5	0	11	1	12	14	13	10	9	8	7	3	2	15		
		53.751959	-0.335941
		53.478239	-2.258549
		53.409532	-3.000126
		52.486125	-1.890507
		51.488224	-3.186893
		51.460852	-2.588139
		51.624837	-3.94495
		50.152266	-5.065556
		50.726024	-3.543949
		55.862982	-4.263554
		55.958426	-3.186893
		54.892406	-2.923222
		54.980766	-1.615849
		53.803895	-1.549931
		51.512161	-0.116215
		51.289406	1.075802
		
c	6 3 4 5 0 1 11 12 14 13 2 8 7 10 9 15	2452.45208066105	0.754754791933895	6	3	4	5	0	1	11	12	14	13	2	8	7	10	9	15		
		53.751959	-0.335941
		53.803895	-1.549931
		53.478239	-2.258549
		53.409532	-3.000126
		52.486125	-1.890507
		51.460852	-2.588139
		51.488224	-3.186893
		51.624837	-3.94495
		50.152266	-5.065556
		50.726024	-3.543949
		51.512161	-0.116215
		54.892406	-2.923222
		54.980766	-1.615849
		55.862982	-4.263554
		55.958426	-3.186893
		51.289406	1.075802
		
c	12 7 10 9 8 3 6 1 11 14 13 2 4 5 0 15	2614.32857262834	0.738567142737166	12	7	10	9	8	3	6	1	11	14	13	2	4	5	0	15		
		51.624837	-3.94495
		54.980766	-1.615849
		55.862982	-4.263554
		55.958426	-3.186893
		54.892406	-2.923222
		53.803895	-1.549931
		53.751959	-0.335941
		51.460852	-2.588139
		51.488224	-3.186893
		50.152266	-5.065556
		50.726024	-3.543949
		51.512161	-0.116215
		53.478239	-2.258549
		53.409532	-3.000126
		52.486125	-1.890507
		51.289406	1.075802
		
c	0 10 9 7 8 6 3 4 5 11 12 14 13 1 2 15	2042.60359497185	0.795739640502815	0	10	9	7	8	6	3	4	5	11	12	14	13	1	2	15		
		52.486125	-1.890507
		55.862982	-4.263554
		55.958426	-3.186893
		54.980766	-1.615849
		54.892406	-2.923222
		53.751959	-0.335941
		53.803895	-1.549931
		53.478239	-2.258549
		53.409532	-3.000126
		51.488224	-3.186893
		51.624837	-3.94495
		50.152266	-5.065556
		50.726024	-3.543949
		51.460852	-2.588139
		51.512161	-0.116215
		51.289406	1.075802
		
c	6 4 5 0 11 12 3 10 9 8 7 14 2 13 1 15	2933.0460245273	0.70669539754727	6	4	5	0	11	12	3	10	9	8	7	14	2	13	1	15		
		53.751959	-0.335941
		53.478239	-2.258549
		53.409532	-3.000126
		52.486125	-1.890507
		51.488224	-3.186893
		51.624837	-3.94495
		53.803895	-1.549931
		55.862982	-4.263554
		55.958426	-3.186893
		54.892406	-2.923222
		54.980766	-1.615849
		50.152266	-5.065556
		51.512161	-0.116215
		50.726024	-3.543949
		51.460852	-2.588139
		51.289406	1.075802
		
c	1 11 12 14 10 9 7 8 6 3 4 5 0 13 2 15	2307.51789590105	0.769248210409895	1	11	12	14	10	9	7	8	6	3	4	5	0	13	2	15		
		51.460852	-2.588139
		51.488224	-3.186893
		51.624837	-3.94495
		50.152266	-5.065556
		55.862982	-4.263554
		55.958426	-3.186893
		54.980766	-1.615849
		54.892406	-2.923222
		53.751959	-0.335941
		53.803895	-1.549931
		53.478239	-2.258549
		53.409532	-3.000126
		52.486125	-1.890507
		50.726024	-3.543949
		51.512161	-0.116215
		51.289406	1.075802
		
c	8 5 0 11 12 14 9 10 7 3 6 4 13 1 2 15	2612.09052476479	0.738790947523521	8	5	0	11	12	14	9	10	7	3	6	4	13	1	2	15		
		54.892406	-2.923222
		53.409532	-3.000126
		52.486125	-1.890507
		51.488224	-3.186893
		51.624837	-3.94495
		50.152266	-5.065556
		55.958426	-3.186893
		55.862982	-4.263554
		54.980766	-1.615849
		53.803895	-1.549931
		53.751959	-0.335941
		53.478239	-2.258549
		50.726024	-3.543949
		51.460852	-2.588139
		51.512161	-0.116215
		51.289406	1.075802
		
c	10 9 4 5 0 11 12 14 7 6 3 8 13 1 2 15	2708.26082409323	0.729173917590677	10	9	4	5	0	11	12	14	7	6	3	8	13	1	2	15		
		55.862982	-4.263554
		55.958426	-3.186893
		53.478239	-2.258549
		53.409532	-3.000126
		52.486125	-1.890507
		51.488224	-3.186893
		51.624837	-3.94495
		50.152266	-5.065556
		54.980766	-1.615849
		53.751959	-0.335941
		53.803895	-1.549931
		54.892406	-2.923222
		50.726024	-3.543949
		51.460852	-2.588139
		51.512161	-0.116215
		51.289406	1.075802
		
c	1 11 12 14 13 10 9 8 0 2 7 5 3 6 4 15	2845.42906676287	0.715457093323713	1	11	12	14	13	10	9	8	0	2	7	5	3	6	4	15		
		51.460852	-2.588139
		51.488224	-3.186893
		51.624837	-3.94495
		50.152266	-5.065556
		50.726024	-3.543949
		55.862982	-4.263554
		55.958426	-3.186893
		54.892406	-2.923222
		52.486125	-1.890507
		51.512161	-0.116215
		54.980766	-1.615849
		53.409532	-3.000126
		53.803895	-1.549931
		53.751959	-0.335941
		53.478239	-2.258549
		51.289406	1.075802
		
c	10 9 7 3 2 14 6 4 1 5 0 11 12 13 8 15	3460.20668394772	0.653979331605228	10	9	7	3	2	14	6	4	1	5	0	11	12	13	8	15		
		55.862982	-4.263554
		55.958426	-3.186893
		54.980766	-1.615849
		53.803895	-1.549931
		51.512161	-0.116215
		50.152266	-5.065556
		53.751959	-0.335941
		53.478239	-2.258549
		51.460852	-2.588139
		53.409532	-3.000126
		52.486125	-1.890507
		51.488224	-3.186893
		51.624837	-3.94495
		50.726024	-3.543949
		54.892406	-2.923222
		51.289406	1.075802
		
c	7 3 6 4 5 0 11 12 14 13 1 8 10 9 2 15	2334.39465872324	0.766560534127676	7	3	6	4	5	0	11	12	14	13	1	8	10	9	2	15		
		54.980766	-1.615849
		53.803895	-1.549931
		53.751959	-0.335941
		53.478239	-2.258549
		53.409532	-3.000126
		52.486125	-1.890507
		51.488224	-3.186893
		51.624837	-3.94495
		50.152266	-5.065556
		50.726024	-3.543949
		51.460852	-2.588139
		54.892406	-2.923222
		55.862982	-4.263554
		55.958426	-3.186893
		51.512161	-0.116215
		51.289406	1.075802
		
c	6 4 5 0 3 10 9 8 7 14 13 1 11 12 2 15	2277.54450846965	0.772245549153035	6	4	5	0	3	10	9	8	7	14	13	1	11	12	2	15		
		53.751959	-0.335941
		53.478239	-2.258549
		53.409532	-3.000126
		52.486125	-1.890507
		53.803895	-1.549931
		55.862982	-4.263554
		55.958426	-3.186893
		54.892406	-2.923222
		54.980766	-1.615849
		50.152266	-5.065556
		50.726024	-3.543949
		51.460852	-2.588139
		51.488224	-3.186893
		51.624837	-3.94495
		51.512161	-0.116215
		51.289406	1.075802
		
c	6 4 5 0 1 11 12 14 9 10 8 7 3 13 2 15	2495.17475800705	0.750482524199295	6	4	5	0	1	11	12	14	9	10	8	7	3	13	2	15		
		53.751959	-0.335941
		53.478239	-2.258549
		53.409532	-3.000126
		52.486125	-1.890507
		51.460852	-2.588139
		51.488224	-3.186893
		51.624837	-3.94495
		50.152266	-5.065556
		55.958426	-3.186893
		55.862982	-4.263554
		54.892406	-2.923222
		54.980766	-1.615849
		53.803895	-1.549931
		50.726024	-3.543949
		51.512161	-0.116215
		51.289406	1.075802
		
c	5 0 11 12 14 13 2 1 10 9 8 7 3 6 4 15	2503.27175081884	0.749672824918116	5	0	11	12	14	13	2	1	10	9	8	7	3	6	4	15		
		53.409532	-3.000126
		52.486125	-1.890507
		51.488224	-3.186893
		51.624837	-3.94495
		50.152266	-5.065556
		50.726024	-3.543949
		51.512161	-0.116215
		51.460852	-2.588139
		55.862982	-4.263554
		55.958426	-3.186893
		54.892406	-2.923222
		54.980766	-1.615849
		53.803895	-1.549931
		53.751959	-0.335941
		53.478239	-2.258549
		51.289406	1.075802
		
c	11 12 14 13 2 7 10 9 8 3 0 5 6 4 1 15	2611.89763028543	0.738810236971457	11	12	14	13	2	7	10	9	8	3	0	5	6	4	1	15		
		51.488224	-3.186893
		51.624837	-3.94495
		50.152266	-5.065556
		50.726024	-3.543949
		51.512161	-0.116215
		54.980766	-1.615849
		55.862982	-4.263554
		55.958426	-3.186893
		54.892406	-2.923222
		53.803895	-1.549931
		52.486125	-1.890507
		53.409532	-3.000126
		53.751959	-0.335941
		53.478239	-2.258549
		51.460852	-2.588139
		51.289406	1.075802
		
c	13 10 6 3 4 5 0 1 11 12 14 9 8 7 2 15	2980.31684969893	0.701968315030107	13	10	6	3	4	5	0	1	11	12	14	9	8	7	2	15		
		50.726024	-3.543949
		55.862982	-4.263554
		53.751959	-0.335941
		53.803895	-1.549931
		53.478239	-2.258549
		53.409532	-3.000126
		52.486125	-1.890507
		51.460852	-2.588139
		51.488224	-3.186893
		51.624837	-3.94495
		50.152266	-5.065556
		55.958426	-3.186893
		54.892406	-2.923222
		54.980766	-1.615849
		51.512161	-0.116215
		51.289406	1.075802
		
c	12 5 11 14 1 13 2 8 7 6 10 9 3 4 0 15	2960.64330864463	0.703935669135537	12	5	11	14	1	13	2	8	7	6	10	9	3	4	0	15		
		51.624837	-3.94495
		53.409532	-3.000126
		51.488224	-3.186893
		50.152266	-5.065556
		51.460852	-2.588139
		50.726024	-3.543949
		51.512161	-0.116215
		54.892406	-2.923222
		54.980766	-1.615849
		53.751959	-0.335941
		55.862982	-4.263554
		55.958426	-3.186893
		53.803895	-1.549931
		53.478239	-2.258549
		52.486125	-1.890507
		51.289406	1.075802
		
c	7 3 6 4 5 0 8 9 10 11 12 14 13 1 2 15	2197.55125027207	0.780244874972793	7	3	6	4	5	0	8	9	10	11	12	14	13	1	2	15		
		54.980766	-1.615849
		53.803895	-1.549931
		53.751959	-0.335941
		53.478239	-2.258549
		53.409532	-3.000126
		52.486125	-1.890507
		54.892406	-2.923222
		55.958426	-3.186893
		55.862982	-4.263554
		51.488224	-3.186893
		51.624837	-3.94495
		50.152266	-5.065556
		50.726024	-3.543949
		51.460852	-2.588139
		51.512161	-0.116215
		51.289406	1.075802
		
g136		1614.70757855554	0.838529242144446	0	10	9	8	7	6	3	4	5	0	1	11	12	14	13	2	15		
		55.862982	-4.263554
		55.958426	-3.186893
		54.892406	-2.923222
		54.980766	-1.615849
		53.751959	-0.335941
		53.803895	-1.549931
		53.478239	-2.258549
		53.409532	-3.000126
		52.486125	-1.890507
		51.460852	-2.588139
		51.488224	-3.186893
		51.624837	-3.94495
		50.152266	-5.065556
		50.726024	-3.543949
		51.512161	-0.116215
		51.289406	1.075802
		
g136		1632.18241801618	0.836781758198382	1	9	10	8	7	6	3	4	5	0	1	11	12	14	13	2	15		
		55.958426	-3.186893
		55.862982	-4.263554
		54.892406	-2.923222
		54.980766	-1.615849
		53.751959	-0.335941
		53.803895	-1.549931
		53.478239	-2.258549
		53.409532	-3.000126
		52.486125	-1.890507
		51.460852	-2.588139
		51.488224	-3.186893
		51.624837	-3.94495
		50.152266	-5.065556
		50.726024	-3.543949
		51.512161	-0.116215
		51.289406	1.075802
		
g136		1656.09836620198	0.834390163379802	2	10	9	8	7	3	6	4	5	0	11	12	14	13	1	2	15		
		55.862982	-4.263554
		55.958426	-3.186893
		54.892406	-2.923222
		54.980766	-1.615849
		53.803895	-1.549931
		53.751959	-0.335941
		53.478239	-2.258549
		53.409532	-3.000126
		52.486125	-1.890507
		51.488224	-3.186893
		51.624837	-3.94495
		50.152266	-5.065556
		50.726024	-3.543949
		51.460852	-2.588139
		51.512161	-0.116215
		51.289406	1.075802
		
g136		1657.12946446462	0.834287053553538	3	10	9	8	7	3	6	4	5	0	1	11	12	14	13	2	15		
		55.862982	-4.263554
		55.958426	-3.186893
		54.892406	-2.923222
		54.980766	-1.615849
		53.803895	-1.549931
		53.751959	-0.335941
		53.478239	-2.258549
		53.409532	-3.000126
		52.486125	-1.890507
		51.460852	-2.588139
		51.488224	-3.186893
		51.624837	-3.94495
		50.152266	-5.065556
		50.726024	-3.543949
		51.512161	-0.116215
		51.289406	1.075802
		
g136		1673.57320566262	0.832642679433738	4	9	10	8	7	3	6	4	5	0	11	12	14	13	1	2	15		
		55.958426	-3.186893
		55.862982	-4.263554
		54.892406	-2.923222
		54.980766	-1.615849
		53.803895	-1.549931
		53.751959	-0.335941
		53.478239	-2.258549
		53.409532	-3.000126
		52.486125	-1.890507
		51.488224	-3.186893
		51.624837	-3.94495
		50.152266	-5.065556
		50.726024	-3.543949
		51.460852	-2.588139
		51.512161	-0.116215
		51.289406	1.075802
		
g136		1691.49843627536	0.830850156372464	5	10	9	7	8	6	3	4	5	0	11	12	14	13	1	2	15		
		55.862982	-4.263554
		55.958426	-3.186893
		54.980766	-1.615849
		54.892406	-2.923222
		53.751959	-0.335941
		53.803895	-1.549931
		53.478239	-2.258549
		53.409532	-3.000126
		52.486125	-1.890507
		51.488224	-3.186893
		51.624837	-3.94495
		50.152266	-5.065556
		50.726024	-3.543949
		51.460852	-2.588139
		51.512161	-0.116215
		51.289406	1.075802
		
