c	11 12 14 7 10 8 6 4 5 0 1 13 3 9 2 15	3148.38947615215	0.685161052384785	11	12	14	7	10	8	6	4	5	0	1	13	3	9	2	15		
		51.488224	-3.186893
		51.624837	-3.94495
		50.152266	-5.065556
		54.980766	-1.615849
		55.862982	-4.263554
		54.892406	-2.923222
		53.751959	-0.335941
		53.478239	-2.258549
		53.409532	-3.000126
		52.486125	-1.890507
		51.460852	-2.588139
		50.726024	-3.543949
		53.803895	-1.549931
		55.958426	-3.186893
		51.512161	-0.116215
		51.289406	1.075802
		
c	2 6 8 10 9 7 3 0 11 12 14 13 4 5 1 15	2436.21080157006	0.756378919842994	2	6	8	10	9	7	3	0	11	12	14	13	4	5	1	15		
		51.512161	-0.116215
		53.751959	-0.335941
		54.892406	-2.923222
		55.862982	-4.263554
		55.958426	-3.186893
		54.980766	-1.615849
		53.803895	-1.549931
		52.486125	-1.890507
		51.488224	-3.186893
		51.624837	-3.94495
		50.152266	-5.065556
		50.726024	-3.543949
		53.478239	-2.258549
		53.409532	-3.000126
		51.460852	-2.588139
		51.289406	1.075802
		
c	4 0 1 11 5 2 6 8 10 9 7 3 12 14 13 15	2649.71926648675	0.735028073351325	4	0	1	11	5	2	6	8	10	9	7	3	12	14	13	15		
		53.478239	-2.258549
		52.486125	-1.890507
		51.460852	-2.588139
		51.488224	-3.186893
		53.409532	-3.000126
		51.512161	-0.116215
		53.751959	-0.335941
		54.892406	-2.923222
		55.862982	-4.263554
		55.958426	-3.186893
		54.980766	-1.615849
		53.803895	-1.549931
		51.624837	-3.94495
		50.152266	-5.065556
		50.726024	-3.543949
		51.289406	1.075802
		
c	13 3 7 9 10 8 6 4 5 0 1 11 12 14 2 15	2235.05226686236	0.776494773313764	13	3	7	9	10	8	6	4	5	0	1	11	12	14	2	15		
		50.726024	-3.543949
		53.803895	-1.549931
		54.980766	-1.615849
		55.958426	-3.186893
		55.862982	-4.263554
		54.892406	-2.923222
		53.751959	-0.335941
		53.478239	-2.258549
		53.409532	-3.000126
		52.486125	-1.890507
		51.460852	-2.588139
		51.488224	-3.186893
		51.624837	-3.94495
		50.152266	-5.065556
		51.512161	-0.116215
		51.289406	1.075802
		
c	7 3 9 1 11 12 14 13 2 4 6 10 8 5 0 15	2960.60016207236	0.703939983792764	7	3	9	1	11	12	14	13	2	4	6	10	8	5	0	15		
		54.980766	-1.615849
		53.803895	-1.549931
		55.958426	-3.186893
		51.460852	-2.588139
		51.488224	-3.186893
		51.624837	-3.94495
		50.152266	-5.065556
		50.726024	-3.543949
		51.512161	-0.116215
		53.478239	-2.258549
		53.751959	-0.335941
		55.862982	-4.263554
		54.892406	-2.923222
		53.409532	-3.000126
		52.486125	-1.890507
		51.289406	1.075802
		
c	3 4 5 0 1 11 12 14 6 13 2 7 9 10 8 15	3039.34130531388	0.696065869468612	3	4	5	0	1	11	12	14	6	13	2	7	9	10	8	15		
		53.803895	-1.549931
		53.478239	-2.258549
		53.409532	-3.000126
		52.486125	-1.890507
		51.460852	-2.588139
		51.488224	-3.186893
		51.624837	-3.94495
		50.152266	-5.065556
		53.751959	-0.335941
		50.726024	-3.543949
		51.512161	-0.116215
		54.980766	-1.615849
		55.958426	-3.186893
		55.862982	-4.263554
		54.892406	-2.923222
		51.289406	1.075802
		
c	10 9 7 3 6 8 5 4 0 1 11 12 14 13 2 15	1831.50423911053	0.816849576088947	10	9	7	3	6	8	5	4	0	1	11	12	14	13	2	15		
		55.862982	-4.263554
		55.958426	-3.186893
		54.980766	-1.615849
		53.803895	-1.549931
		53.751959	-0.335941
		54.892406	-2.923222
		53.409532	-3.000126
		53.478239	-2.258549
		52.486125	-1.890507
		51.460852	-2.588139
		51.488224	-3.186893
		51.624837	-3.94495
		50.152266	-5.065556
		50.726024	-3.543949
		51.512161	-0.116215
		51.289406	1.075802
		
c	7 3 6 4 5 0 2 9 10 8 11 12 14 13 1 15	2520.41610235622	0.747958389764378	7	3	6	4	5	0	2	9	10	8	11	12	14	13	1	15		
		54.980766	-1.615849
		53.803895	-1.549931
		53.751959	-0.335941
		53.478239	-2.258549
		53.409532	-3.000126
		52.486125	-1.890507
		51.512161	-0.116215
		55.958426	-3.186893
		55.862982	-4.263554
		54.892406	-2.923222
		51.488224	-3.186893
		51.624837	-3.94495
		50.152266	-5.065556
		50.726024	-3.543949
		51.460852	-2.588139
		51.289406	1.075802
		
c	4 5 14 13 1 8 10 9 7 3 2 6 0 11 12 15	2778.10063253379	0.722189936746621	4	5	14	13	1	8	10	9	7	3	2	6	0	11	12	15		
		53.478239	-2.258549
		53.409532	-3.000126
		50.152266	-5.065556
		50.726024	-3.543949
		51.460852	-2.588139
		54.892406	-2.923222
		55.862982	-4.263554
		55.958426	-3.186893
		54.980766	-1.615849
		53.803895	-1.549931
		51.512161	-0.116215
		53.751959	-0.335941
		52.486125	-1.890507
		51.488224	-3.186893
		51.624837	-3.94495
		51.289406	1.075802
		
c	8 11 0 12 1 14 13 10 9 7 3 6 4 5 2 15	2691.73677676527	0.730826322323473	8	11	0	12	1	14	13	10	9	7	3	6	4	5	2	15		
		54.892406	-2.923222
		51.488224	-3.186893
		52.486125	-1.890507
		51.624837	-3.94495
		51.460852	-2.588139
		50.152266	-5.065556
		50.726024	-3.543949
		55.862982	-4.263554
		55.958426	-3.186893
		54.980766	-1.615849
		53.803895	-1.549931
		53.751959	-0.335941
		53.478239	-2.258549
		53.409532	-3.000126
		51.512161	-0.116215
		51.289406	1.075802
		
c	5 2 6 8 10 9 7 3 0 11 4 14 13 1 12 15	2843.96054375329	0.715603945624671	5	2	6	8	10	9	7	3	0	11	4	14	13	1	12	15		
		53.409532	-3.000126
		51.512161	-0.116215
		53.751959	-0.335941
		54.892406	-2.923222
		55.862982	-4.263554
		55.958426	-3.186893
		54.980766	-1.615849
		53.803895	-1.549931
		52.486125	-1.890507
		51.488224	-3.186893
		53.478239	-2.258549
		50.152266	-5.065556
		50.726024	-3.543949
		51.460852	-2.588139
		51.624837	-3.94495
		51.289406	1.075802
		
c	6 3 4 5 0 10 9 8 7 1 11 12 14 13 2 15	2133.92833087125	0.786607166912875	6	3	4	5	0	10	9	8	7	1	11	12	14	13	2	15		
		53.751959	-0.335941
		53.803895	-1.549931
		53.478239	-2.258549
		53.409532	-3.000126
		52.486125	-1.890507
		55.862982	-4.263554
		55.958426	-3.186893
		54.892406	-2.923222
		54.980766	-1.615849
		51.460852	-2.588139
		51.488224	-3.186893
		51.624837	-3.94495
		50.152266	-5.065556
		50.726024	-3.543949
		51.512161	-0.116215
		51.289406	1.075802
		
c	3 6 14 13 1 10 9 8 7 4 5 0 12 11 2 15	2471.11179808883	0.752888820191117	3	6	14	13	1	10	9	8	7	4	5	0	12	11	2	15		
		53.803895	-1.549931
		53.751959	-0.335941
		50.152266	-5.065556
		50.726024	-3.543949
		51.460852	-2.588139
		55.862982	-4.263554
		55.958426	-3.186893
		54.892406	-2.923222
		54.980766	-1.615849
		53.478239	-2.258549
		53.409532	-3.000126
		52.486125	-1.890507
		51.624837	-3.94495
		51.488224	-3.186893
		51.512161	-0.116215
		51.289406	1.075802
		
c	3 6 4 5 0 10 9 8 7 1 11 12 14 13 2 15	2205.23924533973	0.779476075466027	3	6	4	5	0	10	9	8	7	1	11	12	14	13	2	15		
		53.803895	-1.549931
		53.751959	-0.335941
		53.478239	-2.258549
		53.409532	-3.000126
		52.486125	-1.890507
		55.862982	-4.263554
		55.958426	-3.186893
		54.892406	-2.923222
		54.980766	-1.615849
		51.460852	-2.588139
		51.488224	-3.186893
		51.624837	-3.94495
		50.152266	-5.065556
		50.726024	-3.543949
		51.512161	-0.116215
		51.289406	1.075802
		
c	4 5 11 12 14 13 1 10 9 8 7 3 6 0 2 15	2138.91254780309	0.786108745219691	4	5	11	12	14	13	1	10	9	8	7	3	6	0	2	15		
		53.478239	-2.258549
		53.409532	-3.000126
		51.488224	-3.186893
		51.624837	-3.94495
		50.152266	-5.065556
		50.726024	-3.543949
		51.460852	-2.588139
		55.862982	-4.263554
		55.958426	-3.186893
		54.892406	-2.923222
		54.980766	-1.615849
		53.803895	-1.549931
		53.751959	-0.335941
		52.486125	-1.890507
		51.512161	-0.116215
		51.289406	1.075802
		
c	6 3 4 5 0 11 1 12 14 13 2 8 7 9 10 15	2493.5246976384	0.75064753023616	6	3	4	5	0	11	1	12	14	13	2	8	7	9	10	15		
		53.751959	-0.335941
		53.803895	-1.549931
		53.478239	-2.258549
		53.409532	-3.000126
		52.486125	-1.890507
		51.488224	-3.186893
		51.460852	-2.588139
		51.624837	-3.94495
		50.152266	-5.065556
		50.726024	-3.543949
		51.512161	-0.116215
		54.892406	-2.923222
		54.980766	-1.615849
		55.958426	-3.186893
		55.862982	-4.263554
		51.289406	1.075802
		
c	13 1 2 6 5 4 8 10 9 7 3 0 11 12 14 15	2378.91539611619	0.762108460388381	13	1	2	6	5	4	8	10	9	7	3	0	11	12	14	15		
		50.726024	-3.543949
		51.460852	-2.588139
		51.512161	-0.116215
		53.751959	-0.335941
		53.409532	-3.000126
		53.478239	-2.258549
		54.892406	-2.923222
		55.862982	-4.263554
		55.958426	-3.186893
		54.980766	-1.615849
		53.803895	-1.549931
		52.486125	-1.890507
		51.488224	-3.186893
		51.624837	-3.94495
		50.152266	-5.065556
		51.289406	1.075802
		
c	11 12 14 13 2 8 10 9 7 6 3 4 5 0 1 15	2241.95010655076	0.775804989344924	11	12	14	13	2	8	10	9	7	6	3	4	5	0	1	15		
		51.488224	-3.186893
		51.624837	-3.94495
		50.152266	-5.065556
		50.726024	-3.543949
		51.512161	-0.116215
		54.892406	-2.923222
		55.862982	-4.263554
		55.958426	-3.186893
		54.980766	-1.615849
		53.751959	-0.335941
		53.803895	-1.549931
		53.478239	-2.258549
		53.409532	-3.000126
		52.486125	-1.890507
		51.460852	-2.588139
		51.289406	1.075802
		
c	7 3 0 11 4 5 12 14 13 1 2 6 9 10 8 15	2734.76066024	0.726523933976	7	3	0	11	4	5	12	14	13	1	2	6	9	10	8	15		
		54.980766	-1.615849
		53.803895	-1.549931
		52.486125	-1.890507
		51.488224	-3.186893
		53.478239	-2.258549
		53.409532	-3.000126
		51.624837	-3.94495
		50.152266	-5.065556
		50.726024	-3.543949
		51.460852	-2.588139
		51.512161	-0.116215
		53.751959	-0.335941
		55.958426	-3.186893
		55.862982	-4.263554
		54.892406	-2.923222
		51.289406	1.075802
		
c	14 13 2 6 7 9 10 12 8 3 4 5 0 11 1 15	2670.04009670966	0.732995990329034	14	13	2	6	7	9	10	12	8	3	4	5	0	11	1	15		
		50.152266	-5.065556
		50.726024	-3.543949
		51.512161	-0.116215
		53.751959	-0.335941
		54.980766	-1.615849
		55.958426	-3.186893
		55.862982	-4.263554
		51.624837	-3.94495
		54.892406	-2.923222
		53.803895	-1.549931
		53.478239	-2.258549
		53.409532	-3.000126
		52.486125	-1.890507
		51.488224	-3.186893
		51.460852	-2.588139
		51.289406	1.075802
		
c	1 11 12 14 13 2 4 3 6 7 9 10 8 5 0 15	2105.96625920726	0.789403374079274	1	11	12	14	13	2	4	3	6	7	9	10	8	5	0	15		
		51.460852	-2.588139
		51.488224	-3.186893
		51.624837	-3.94495
		50.152266	-5.065556
		50.726024	-3.543949
		51.512161	-0.116215
		53.478239	-2.258549
		53.803895	-1.549931
		53.751959	-0.335941
		54.980766	-1.615849
		55.958426	-3.186893
		55.862982	-4.263554
		54.892406	-2.923222
		53.409532	-3.000126
		52.486125	-1.890507
		51.289406	1.075802
		
c	3 6 4 5 0 11 14 1 12 13 2 7 9 10 8 15	2640.38372935754	0.735961627064246	3	6	4	5	0	11	14	1	12	13	2	7	9	10	8	15		
		53.803895	-1.549931
		53.751959	-0.335941
		53.478239	-2.258549
		53.409532	-3.000126
		52.486125	-1.890507
		51.488224	-3.186893
		50.152266	-5.065556
		51.460852	-2.588139
		51.624837	-3.94495
		50.726024	-3.543949
		51.512161	-0.116215
		54.980766	-1.615849
		55.958426	-3.186893
		55.862982	-4.263554
		54.892406	-2.923222
		51.289406	1.075802
		
c	12 14 13 2 4 3 1 11 6 7 9 10 8 5 0 15	2558.01565828781	0.744198434171219	12	14	13	2	4	3	1	11	6	7	9	10	8	5	0	15		
		51.624837	-3.94495
		50.152266	-5.065556
		50.726024	-3.543949
		51.512161	-0.116215
		53.478239	-2.258549
		53.803895	-1.549931
		51.460852	-2.588139
		51.488224	-3.186893
		53.751959	-0.335941
		54.980766	-1.615849
		55.958426	-3.186893
		55.862982	-4.263554
		54.892406	-2.923222
		53.409532	-3.000126
		52.486125	-1.890507
		51.289406	1.075802
		
c	14 13 1 2 6 7 9 10 8 3 4 5 0 11 12 15	2095.69838844095	0.790430161155905	14	13	1	2	6	7	9	10	8	3	4	5	0	11	12	15		
		50.152266	-5.065556
		50.726024	-3.543949
		51.460852	-2.588139
		51.512161	-0.116215
		53.751959	-0.335941
		54.980766	-1.615849
		55.958426	-3.186893
		55.862982	-4.263554
		54.892406	-2.923222
		53.803895	-1.549931
		53.478239	-2.258549
		53.409532	-3.000126
		52.486125	-1.890507
		51.488224	-3.186893
		51.624837	-3.94495
		51.289406	1.075802
		
c	7 6 3 4 5 0 1 11 12 14 13 2 8 10 9 15	2471.61949389147	0.752838050610853	7	6	3	4	5	0	1	11	12	14	13	2	8	10	9	15		
		54.980766	-1.615849
		53.751959	-0.335941
		53.803895	-1.549931
		53.478239	-2.258549
		53.409532	-3.000126
		52.486125	-1.890507
		51.460852	-2.588139
		51.488224	-3.186893
		51.624837	-3.94495
		50.152266	-5.065556
		50.726024	-3.543949
		51.512161	-0.116215
		54.892406	-2.923222
		55.862982	-4.263554
		55.958426	-3.186893
		51.289406	1.075802
		
c	13 1 7 8 10 11 12 14 2 4 3 6 9 5 0 15	3190.94017476268	0.680905982523732	13	1	7	8	10	11	12	14	2	4	3	6	9	5	0	15		
		50.726024	-3.543949
		51.460852	-2.588139
		54.980766	-1.615849
		54.892406	-2.923222
		55.862982	-4.263554
		51.488224	-3.186893
		51.624837	-3.94495
		50.152266	-5.065556
		51.512161	-0.116215
		53.478239	-2.258549
		53.803895	-1.549931
		53.751959	-0.335941
		55.958426	-3.186893
		53.409532	-3.000126
		52.486125	-1.890507
		51.289406	1.075802
		
c	14 13 1 2 0 11 12 10 9 8 7 3 6 4 5 15	2259.36236470725	0.774063763529275	14	13	1	2	0	11	12	10	9	8	7	3	6	4	5	15		
		50.152266	-5.065556
		50.726024	-3.543949
		51.460852	-2.588139
		51.512161	-0.116215
		52.486125	-1.890507
		51.488224	-3.186893
		51.624837	-3.94495
		55.862982	-4.263554
		55.958426	-3.186893
		54.892406	-2.923222
		54.980766	-1.615849
		53.803895	-1.549931
		53.751959	-0.335941
		53.478239	-2.258549
		53.409532	-3.000126
		51.289406	1.075802
		
c	11 12 14 13 2 1 7 8 10 9 5 3 6 4 0 15	2428.77592141345	0.757122407858655	11	12	14	13	2	1	7	8	10	9	5	3	6	4	0	15		
		51.488224	-3.186893
		51.624837	-3.94495
		50.152266	-5.065556
		50.726024	-3.543949
		51.512161	-0.116215
		51.460852	-2.588139
		54.980766	-1.615849
		54.892406	-2.923222
		55.862982	-4.263554
		55.958426	-3.186893
		53.409532	-3.000126
		53.803895	-1.549931
		53.751959	-0.335941
		53.478239	-2.258549
		52.486125	-1.890507
		51.289406	1.075802
		
c	14 13 1 7 8 10 9 5 3 6 4 0 11 12 2 15	2176.85617106538	0.782314382893462	14	13	1	7	8	10	9	5	3	6	4	0	11	12	2	15		
		50.152266	-5.065556
		50.726024	-3.543949
		51.460852	-2.588139
		54.980766	-1.615849
		54.892406	-2.923222
		55.862982	-4.263554
		55.958426	-3.186893
		53.409532	-3.000126
		53.803895	-1.549931
		53.751959	-0.335941
		53.478239	-2.258549
		52.486125	-1.890507
		51.488224	-3.186893
		51.624837	-3.94495
		51.512161	-0.116215
		51.289406	1.075802
		
c	12 14 13 2 11 1 10 9 8 7 3 6 4 5 0 15	2350.11271767311	0.764988728232689	12	14	13	2	11	1	10	9	8	7	3	6	4	5	0	15		
		51.624837	-3.94495
		50.152266	-5.065556
		50.726024	-3.543949
		51.512161	-0.116215
		51.488224	-3.186893
		51.460852	-2.588139
		55.862982	-4.263554
		55.958426	-3.186893
		54.892406	-2.923222
		54.980766	-1.615849
		53.803895	-1.549931
		53.751959	-0.335941
		53.478239	-2.258549
		53.409532	-3.000126
		52.486125	-1.890507
		51.289406	1.075802
		
c	7 2 0 3 10 9 8 6 4 5 1 11 12 14 13 15	2525.47266471634	0.747452733528366	7	2	0	3	10	9	8	6	4	5	1	11	12	14	13	15		
		54.980766	-1.615849
		51.512161	-0.116215
		52.486125	-1.890507
		53.803895	-1.549931
		55.862982	-4.263554
		55.958426	-3.186893
		54.892406	-2.923222
		53.751959	-0.335941
		53.478239	-2.258549
		53.409532	-3.000126
		51.460852	-2.588139
		51.488224	-3.186893
		51.624837	-3.94495
		50.152266	-5.065556
		50.726024	-3.543949
		51.289406	1.075802
		
c	5 4 11 12 14 13 10 9 8 2 0 3 6 7 1 15	3024.19922649246	0.697580077350754	5	4	11	12	14	13	10	9	8	2	0	3	6	7	1	15		
		53.409532	-3.000126
		53.478239	-2.258549
		51.488224	-3.186893
		51.624837	-3.94495
		50.152266	-5.065556
		50.726024	-3.543949
		55.862982	-4.263554
		55.958426	-3.186893
		54.892406	-2.923222
		51.512161	-0.116215
		52.486125	-1.890507
		53.803895	-1.549931
		53.751959	-0.335941
		54.980766	-1.615849
		51.460852	-2.588139
		51.289406	1.075802
		
c	9 8 7 6 4 2 0 3 10 5 11 12 14 13 1 15	2575.35027206313	0.742464972793687	9	8	7	6	4	2	0	3	10	5	11	12	14	13	1	15		
		55.958426	-3.186893
		54.892406	-2.923222
		54.980766	-1.615849
		53.751959	-0.335941
		53.478239	-2.258549
		51.512161	-0.116215
		52.486125	-1.890507
		53.803895	-1.549931
		55.862982	-4.263554
		53.409532	-3.000126
		51.488224	-3.186893
		51.624837	-3.94495
		50.152266	-5.065556
		50.726024	-3.543949
		51.460852	-2.588139
		51.289406	1.075802
		
c	3 6 4 5 0 11 12 10 9 8 7 1 14 13 2 15	2416.76698519959	0.758323301480041	3	6	4	5	0	11	12	10	9	8	7	1	14	13	2	15		
		53.803895	-1.549931
		53.751959	-0.335941
		53.478239	-2.258549
		53.409532	-3.000126
		52.486125	-1.890507
		51.488224	-3.186893
		51.624837	-3.94495
		55.862982	-4.263554
		55.958426	-3.186893
		54.892406	-2.923222
		54.980766	-1.615849
		51.460852	-2.588139
		50.152266	-5.065556
		50.726024	-3.543949
		51.512161	-0.116215
		51.289406	1.075802
		
c	12 14 8 10 9 3 7 6 4 5 0 1 11 13 2 15	2386.92820815106	0.761307179184894	12	14	8	10	9	3	7	6	4	5	0	1	11	13	2	15		
		51.624837	-3.94495
		50.152266	-5.065556
		54.892406	-2.923222
		55.862982	-4.263554
		55.958426	-3.186893
		53.803895	-1.549931
		54.980766	-1.615849
		53.751959	-0.335941
		53.478239	-2.258549
		53.409532	-3.000126
		52.486125	-1.890507
		51.460852	-2.588139
		51.488224	-3.186893
		50.726024	-3.543949
		51.512161	-0.116215
		51.289406	1.075802
		
c	11 12 2 14 13 8 5 4 6 10 9 7 3 0 1 15	2850.75119505271	0.714924880494729	11	12	2	14	13	8	5	4	6	10	9	7	3	0	1	15		
		51.488224	-3.186893
		51.624837	-3.94495
		51.512161	-0.116215
		50.152266	-5.065556
		50.726024	-3.543949
		54.892406	-2.923222
		53.409532	-3.000126
		53.478239	-2.258549
		53.751959	-0.335941
		55.862982	-4.263554
		55.958426	-3.186893
		54.980766	-1.615849
		53.803895	-1.549931
		52.486125	-1.890507
		51.460852	-2.588139
		51.289406	1.075802
		
c	10 6 3 4 5 0 1 11 12 14 13 2 7 9 8 15	2587.32835218556	0.741267164781444	10	6	3	4	5	0	1	11	12	14	13	2	7	9	8	15		
		55.862982	-4.263554
		53.751959	-0.335941
		53.803895	-1.549931
		53.478239	-2.258549
		53.409532	-3.000126
		52.486125	-1.890507
		51.460852	-2.588139
		51.488224	-3.186893
		51.624837	-3.94495
		50.152266	-5.065556
		50.726024	-3.543949
		51.512161	-0.116215
		54.980766	-1.615849
		55.958426	-3.186893
		54.892406	-2.923222
		51.289406	1.075802
		
c	10 9 7 3 0 11 4 5 1 12 2 14 13 8 6 15	2964.59607911283	0.703540392088717	10	9	7	3	0	11	4	5	1	12	2	14	13	8	6	15		
		55.862982	-4.263554
		55.958426	-3.186893
		54.980766	-1.615849
		53.803895	-1.549931
		52.486125	-1.890507
		51.488224	-3.186893
		53.478239	-2.258549
		53.409532	-3.000126
		51.460852	-2.588139
		51.624837	-3.94495
		51.512161	-0.116215
		50.152266	-5.065556
		50.726024	-3.543949
		54.892406	-2.923222
		53.751959	-0.335941
		51.289406	1.075802
		
c	0 3 6 7 9 10 8 4 5 11 1 12 14 13 2 15	1952.05221583734	0.804794778416266	0	3	6	7	9	10	8	4	5	11	1	12	14	13	2	15		
		52.486125	-1.890507
		53.803895	-1.549931
		53.751959	-0.335941
		54.980766	-1.615849
		55.958426	-3.186893
		55.862982	-4.263554
		54.892406	-2.923222
		53.478239	-2.258549
		53.409532	-3.000126
		51.488224	-3.186893
		51.460852	-2.588139
		51.624837	-3.94495
		50.152266	-5.065556
		50.726024	-3.543949
		51.512161	-0.116215
		51.289406	1.075802
		
c	3 6 7 4 5 0 9 10 8 11 1 12 14 13 2 15	2352.71843625089	0.764728156374911	3	6	7	4	5	0	9	10	8	11	1	12	14	13	2	15		
		53.803895	-1.549931
		53.751959	-0.335941
		54.980766	-1.615849
		53.478239	-2.258549
		53.409532	-3.000126
		52.486125	-1.890507
		55.958426	-3.186893
		55.862982	-4.263554
		54.892406	-2.923222
		51.488224	-3.186893
		51.460852	-2.588139
		51.624837	-3.94495
		50.152266	-5.065556
		50.726024	-3.543949
		51.512161	-0.116215
		51.289406	1.075802
		
c	4 5 0 11 14 13 9 10 8 7 6 3 1 12 2 15	2470.35680563555	0.752964319436445	4	5	0	11	14	13	9	10	8	7	6	3	1	12	2	15		
		53.478239	-2.258549
		53.409532	-3.000126
		52.486125	-1.890507
		51.488224	-3.186893
		50.152266	-5.065556
		50.726024	-3.543949
		55.958426	-3.186893
		55.862982	-4.263554
		54.892406	-2.923222
		54.980766	-1.615849
		53.751959	-0.335941
		53.803895	-1.549931
		51.460852	-2.588139
		51.624837	-3.94495
		51.512161	-0.116215
		51.289406	1.075802
		
c	4 5 11 0 1 12 14 13 2 3 6 7 10 9 8 15	2561.56988681863	0.743843011318137	4	5	11	0	1	12	14	13	2	3	6	7	10	9	8	15		
		53.478239	-2.258549
		53.409532	-3.000126
		51.488224	-3.186893
		52.486125	-1.890507
		51.460852	-2.588139
		51.624837	-3.94495
		50.152266	-5.065556
		50.726024	-3.543949
		51.512161	-0.116215
		53.803895	-1.549931
		53.751959	-0.335941
		54.980766	-1.615849
		55.862982	-4.263554
		55.958426	-3.186893
		54.892406	-2.923222
		51.289406	1.075802
		
c	5 0 1 11 12 14 10 9 8 7 3 6 4 13 2 15	2437.81600132253	0.756218399867747	5	0	1	11	12	14	10	9	8	7	3	6	4	13	2	15		
		53.409532	-3.000126
		52.486125	-1.890507
		51.460852	-2.588139
		51.488224	-3.186893
		51.624837	-3.94495
		50.152266	-5.065556
		55.862982	-4.263554
		55.958426	-3.186893
		54.892406	-2.923222
		54.980766	-1.615849
		53.803895	-1.549931
		53.751959	-0.335941
		53.478239	-2.258549
		50.726024	-3.543949
		51.512161	-0.116215
		51.289406	1.075802
		
c	3 6 4 5 0 11 1 12 14 13 10 9 8 7 2 15	2302.57360425515	0.769742639574485	3	6	4	5	0	11	1	12	14	13	10	9	8	7	2	15		
		53.803895	-1.549931
		53.751959	-0.335941
		53.478239	-2.258549
		53.409532	-3.000126
		52.486125	-1.890507
		51.488224	-3.186893
		51.460852	-2.588139
		51.624837	-3.94495
		50.152266	-5.065556
		50.726024	-3.543949
		55.862982	-4.263554
		55.958426	-3.186893
		54.892406	-2.923222
		54.980766	-1.615849
		51.512161	-0.116215
		51.289406	1.075802
		
c	3 6 7 9 10 8 4 5 11 12 14 13 2 0 1 15	2176.19509184307	0.782380490815693	3	6	7	9	10	8	4	5	11	12	14	13	2	0	1	15		
		53.803895	-1.549931
		53.751959	-0.335941
		54.980766	-1.615849
		55.958426	-3.186893
		55.862982	-4.263554
		54.892406	-2.923222
		53.478239	-2.258549
		53.409532	-3.000126
		51.488224	-3.186893
		51.624837	-3.94495
		50.152266	-5.065556
		50.726024	-3.543949
		51.512161	-0.116215
		52.486125	-1.890507
		51.460852	-2.588139
		51.289406	1.075802
		
c	14 13 4 5 10 9 8 7 3 6 0 11 12 1 2 15	1985.23753495285	0.801476246504715	14	13	4	5	10	9	8	7	3	6	0	11	12	1	2	15		
		50.152266	-5.065556
		50.726024	-3.543949
		53.478239	-2.258549
		53.409532	-3.000126
		55.862982	-4.263554
		55.958426	-3.186893
		54.892406	-2.923222
		54.980766	-1.615849
		53.803895	-1.549931
		53.751959	-0.335941
		52.486125	-1.890507
		51.488224	-3.186893
		51.624837	-3.94495
		51.460852	-2.588139
		51.512161	-0.116215
		51.289406	1.075802
		
c	12 14 8 6 3 4 7 9 10 5 0 1 11 13 2 15	2470.73727876288	0.752926272123712	12	14	8	6	3	4	7	9	10	5	0	1	11	13	2	15		
		51.624837	-3.94495
		50.152266	-5.065556
		54.892406	-2.923222
		53.751959	-0.335941
		53.803895	-1.549931
		53.478239	-2.258549
		54.980766	-1.615849
		55.958426	-3.186893
		55.862982	-4.263554
		53.409532	-3.000126
		52.486125	-1.890507
		51.460852	-2.588139
		51.488224	-3.186893
		50.726024	-3.543949
		51.512161	-0.116215
		51.289406	1.075802
		
c	8 6 3 4 5 0 11 12 14 1 13 2 7 9 10 15	2722.92827977663	0.727707172022337	8	6	3	4	5	0	11	12	14	1	13	2	7	9	10	15		
		54.892406	-2.923222
		53.751959	-0.335941
		53.803895	-1.549931
		53.478239	-2.258549
		53.409532	-3.000126
		52.486125	-1.890507
		51.488224	-3.186893
		51.624837	-3.94495
		50.152266	-5.065556
		51.460852	-2.588139
		50.726024	-3.543949
		51.512161	-0.116215
		54.980766	-1.615849
		55.958426	-3.186893
		55.862982	-4.263554
		51.289406	1.075802
		
c	12 10 9 8 7 0 6 4 5 3 11 14 13 1 2 15	2448.78058089729	0.755121941910271	12	10	9	8	7	0	6	4	5	3	11	14	13	1	2	15		
		51.624837	-3.94495
		55.862982	-4.263554
		55.958426	-3.186893
		54.892406	-2.923222
		54.980766	-1.615849
		52.486125	-1.890507
		53.751959	-0.335941
		53.478239	-2.258549
		53.409532	-3.000126
		53.803895	-1.549931
		51.488224	-3.186893
		50.152266	-5.065556
		50.726024	-3.543949
		51.460852	-2.588139
		51.512161	-0.116215
		51.289406	1.075802
		
c	1 11 12 14 13 2 8 7 6 10 9 3 4 5 0 15	2473.50682947287	0.752649317052713	1	11	12	14	13	2	8	7	6	10	9	3	4	5	0	15		
		51.460852	-2.588139
		51.488224	-3.186893
		51.624837	-3.94495
		50.152266	-5.065556
		50.726024	-3.543949
		51.512161	-0.116215
		54.892406	-2.923222
		54.980766	-1.615849
		53.751959	-0.335941
		55.862982	-4.263554
		55.958426	-3.186893
		53.803895	-1.549931
		53.478239	-2.258549
		53.409532	-3.000126
		52.486125	-1.890507
		51.289406	1.075802
		
c	8 7 9 10 3 6 4 5 0 11 12 14 13 1 2 15	1839.91139512237	0.816008860487763	8	7	9	10	3	6	4	5	0	11	12	14	13	1	2	15		
		54.892406	-2.923222
		54.980766	-1.615849
		55.958426	-3.186893
		55.862982	-4.263554
		53.803895	-1.549931
		53.751959	-0.335941
		53.478239	-2.258549
		53.409532	-3.000126
		52.486125	-1.890507
		51.488224	-3.186893
		51.624837	-3.94495
		50.152266	-5.065556
		50.726024	-3.543949
		51.460852	-2.588139
		51.512161	-0.116215
		51.289406	1.075802
		
c	9 7 3 11 8 10 5 6 4 1 0 12 14 13 2 15	2836.1543927458	0.71638456072542	9	7	3	11	8	10	5	6	4	1	0	12	14	13	2	15		
		55.958426	-3.186893
		54.980766	-1.615849
		53.803895	-1.549931
		51.488224	-3.186893
		54.892406	-2.923222
		55.862982	-4.263554
		53.409532	-3.000126
		53.751959	-0.335941
		53.478239	-2.258549
		51.460852	-2.588139
		52.486125	-1.890507
		51.624837	-3.94495
		50.152266	-5.065556
		50.726024	-3.543949
		51.512161	-0.116215
		51.289406	1.075802
		
c	3 6 4 9 10 8 7 5 0 1 11 12 14 13 2 15	1972.66254829539	0.802733745170461	3	6	4	9	10	8	7	5	0	1	11	12	14	13	2	15		
		53.803895	-1.549931
		53.751959	-0.335941
		53.478239	-2.258549
		55.958426	-3.186893
		55.862982	-4.263554
		54.892406	-2.923222
		54.980766	-1.615849
		53.409532	-3.000126
		52.486125	-1.890507
		51.460852	-2.588139
		51.488224	-3.186893
		51.624837	-3.94495
		50.152266	-5.065556
		50.726024	-3.543949
		51.512161	-0.116215
		51.289406	1.075802
		
c	10 9 7 4 3 12 14 8 6 5 1 0 11 13 2 15	2769.33130335863	0.723066869664137	10	9	7	4	3	12	14	8	6	5	1	0	11	13	2	15		
		55.862982	-4.263554
		55.958426	-3.186893
		54.980766	-1.615849
		53.478239	-2.258549
		53.803895	-1.549931
		51.624837	-3.94495
		50.152266	-5.065556
		54.892406	-2.923222
		53.751959	-0.335941
		53.409532	-3.000126
		51.460852	-2.588139
		52.486125	-1.890507
		51.488224	-3.186893
		50.726024	-3.543949
		51.512161	-0.116215
		51.289406	1.075802
		
c	6 4 5 0 1 11 12 14 13 8 10 9 7 3 2 15	2140.5915672787	0.78594084327213	6	4	5	0	1	11	12	14	13	8	10	9	7	3	2	15		
		53.751959	-0.335941
		53.478239	-2.258549
		53.409532	-3.000126
		52.486125	-1.890507
		51.460852	-2.588139
		51.488224	-3.186893
		51.624837	-3.94495
		50.152266	-5.065556
		50.726024	-3.543949
		54.892406	-2.923222
		55.862982	-4.263554
		55.958426	-3.186893
		54.980766	-1.615849
		53.803895	-1.549931
		51.512161	-0.116215
		51.289406	1.075802
		
c	7 12 10 9 8 3 6 4 5 0 11 14 13 1 2 15	2429.46228580162	0.757053771419838	7	12	10	9	8	3	6	4	5	0	11	14	13	1	2	15		
		54.980766	-1.615849
		51.624837	-3.94495
		55.862982	-4.263554
		55.958426	-3.186893
		54.892406	-2.923222
		53.803895	-1.549931
		53.751959	-0.335941
		53.478239	-2.258549
		53.409532	-3.000126
		52.486125	-1.890507
		51.488224	-3.186893
		50.152266	-5.065556
		50.726024	-3.543949
		51.460852	-2.588139
		51.512161	-0.116215
		51.289406	1.075802
		
c	4 5 0 11 12 14 13 2 3 6 7 9 10 8 1 15	2436.38400209149	0.756361599790851	4	5	0	11	12	14	13	2	3	6	7	9	10	8	1	15		
		53.478239	-2.258549
		53.409532	-3.000126
		52.486125	-1.890507
		51.488224	-3.186893
		51.624837	-3.94495
		50.152266	-5.065556
		50.726024	-3.543949
		51.512161	-0.116215
		53.803895	-1.549931
		53.751959	-0.335941
		54.980766	-1.615849
		55.958426	-3.186893
		55.862982	-4.263554
		54.892406	-2.923222
		51.460852	-2.588139
		51.289406	1.075802
		
c	0 1 11 12 14 13 8 10 9 7 4 3 6 5 2 15	2208.97621839368	0.779102378160633	0	1	11	12	14	13	8	10	9	7	4	3	6	5	2	15		
		52.486125	-1.890507
		51.460852	-2.588139
		51.488224	-3.186893
		51.624837	-3.94495
		50.152266	-5.065556
		50.726024	-3.543949
		54.892406	-2.923222
		55.862982	-4.263554
		55.958426	-3.186893
		54.980766	-1.615849
		53.478239	-2.258549
		53.803895	-1.549931
		53.751959	-0.335941
		53.409532	-3.000126
		51.512161	-0.116215
		51.289406	1.075802
		
c	7 8 6 3 4 5 14 13 1 10 9 0 12 11 2 15	2591.22130861708	0.740877869138292	7	8	6	3	4	5	14	13	1	10	9	0	12	11	2	15		
		54.980766	-1.615849
		54.892406	-2.923222
		53.751959	-0.335941
		53.803895	-1.549931
		53.478239	-2.258549
		53.409532	-3.000126
		50.152266	-5.065556
		50.726024	-3.543949
		51.460852	-2.588139
		55.862982	-4.263554
		55.958426	-3.186893
		52.486125	-1.890507
		51.624837	-3.94495
		51.488224	-3.186893
		51.512161	-0.116215
		51.289406	1.075802
		
c	4 5 2 6 8 10 9 7 3 0 11 12 14 13 1 15	2292.39012843486	0.770760987156514	4	5	2	6	8	10	9	7	3	0	11	12	14	13	1	15		
		53.478239	-2.258549
		53.409532	-3.000126
		51.512161	-0.116215
		53.751959	-0.335941
		54.892406	-2.923222
		55.862982	-4.263554
		55.958426	-3.186893
		54.980766	-1.615849
		53.803895	-1.549931
		52.486125	-1.890507
		51.488224	-3.186893
		51.624837	-3.94495
		50.152266	-5.065556
		50.726024	-3.543949
		51.460852	-2.588139
		51.289406	1.075802
		
c	1 10 9 8 7 3 6 4 5 0 11 12 14 13 2 15	2135.78118343767	0.786421881656233	1	10	9	8	7	3	6	4	5	0	11	12	14	13	2	15		
		51.460852	-2.588139
		55.862982	-4.263554
		55.958426	-3.186893
		54.892406	-2.923222
		54.980766	-1.615849
		53.803895	-1.549931
		53.751959	-0.335941
		53.478239	-2.258549
		53.409532	-3.000126
		52.486125	-1.890507
		51.488224	-3.186893
		51.624837	-3.94495
		50.152266	-5.065556
		50.726024	-3.543949
		51.512161	-0.116215
		51.289406	1.075802
		
c	1 11 12 14 10 9 7 8 6 3 4 5 0 13 2 15	2307.51789590105	0.769248210409895	1	11	12	14	10	9	7	8	6	3	4	5	0	13	2	15		
		51.460852	-2.588139
		51.488224	-3.186893
		51.624837	-3.94495
		50.152266	-5.065556
		55.862982	-4.263554
		55.958426	-3.186893
		54.980766	-1.615849
		54.892406	-2.923222
		53.751959	-0.335941
		53.803895	-1.549931
		53.478239	-2.258549
		53.409532	-3.000126
		52.486125	-1.890507
		50.726024	-3.543949
		51.512161	-0.116215
		51.289406	1.075802
		
c	0 4 3 7 9 10 8 6 5 11 12 14 13 1 2 15	1983.96164256203	0.801603835743797	0	4	3	7	9	10	8	6	5	11	12	14	13	1	2	15		
		52.486125	-1.890507
		53.478239	-2.258549
		53.803895	-1.549931
		54.980766	-1.615849
		55.958426	-3.186893
		55.862982	-4.263554
		54.892406	-2.923222
		53.751959	-0.335941
		53.409532	-3.000126
		51.488224	-3.186893
		51.624837	-3.94495
		50.152266	-5.065556
		50.726024	-3.543949
		51.460852	-2.588139
		51.512161	-0.116215
		51.289406	1.075802
		
c	11 14 13 1 12 10 9 8 7 3 6 4 5 0 2 15	2035.29335736975	0.796470664263025	11	14	13	1	12	10	9	8	7	3	6	4	5	0	2	15		
		51.488224	-3.186893
		50.152266	-5.065556
		50.726024	-3.543949
		51.460852	-2.588139
		51.624837	-3.94495
		55.862982	-4.263554
		55.958426	-3.186893
		54.892406	-2.923222
		54.980766	-1.615849
		53.803895	-1.549931
		53.751959	-0.335941
		53.478239	-2.258549
		53.409532	-3.000126
		52.486125	-1.890507
		51.512161	-0.116215
		51.289406	1.075802
		
c	5 8 7 9 10 3 6 4 0 11 12 14 13 1 2 15	1941.44345862453	0.805855654137547	5	8	7	9	10	3	6	4	0	11	12	14	13	1	2	15		
		53.409532	-3.000126
		54.892406	-2.923222
		54.980766	-1.615849
		55.958426	-3.186893
		55.862982	-4.263554
		53.803895	-1.549931
		53.751959	-0.335941
		53.478239	-2.258549
		52.486125	-1.890507
		51.488224	-3.186893
		51.624837	-3.94495
		50.152266	-5.065556
		50.726024	-3.543949
		51.460852	-2.588139
		51.512161	-0.116215
		51.289406	1.075802
		
c	5 0 1 11 12 10 9 8 7 3 6 4 14 13 2 15	2314.58529295958	0.768541470704042	5	0	1	11	12	10	9	8	7	3	6	4	14	13	2	15		
		53.409532	-3.000126
		52.486125	-1.890507
		51.460852	-2.588139
		51.488224	-3.186893
		51.624837	-3.94495
		55.862982	-4.263554
		55.958426	-3.186893
		54.892406	-2.923222
		54.980766	-1.615849
		53.803895	-1.549931
		53.751959	-0.335941
		53.478239	-2.258549
		50.152266	-5.065556
		50.726024	-3.543949
		51.512161	-0.116215
		51.289406	1.075802
		
c	0 1 11 12 5 10 9 8 7 3 6 4 14 13 2 15	2209.24269447551	0.779075730552449	0	1	11	12	5	10	9	8	7	3	6	4	14	13	2	15		
		52.486125	-1.890507
		51.460852	-2.588139
		51.488224	-3.186893
		51.624837	-3.94495
		53.409532	-3.000126
		55.862982	-4.263554
		55.958426	-3.186893
		54.892406	-2.923222
		54.980766	-1.615849
		53.803895	-1.549931
		53.751959	-0.335941
		53.478239	-2.258549
		50.152266	-5.065556
		50.726024	-3.543949
		51.512161	-0.116215
		51.289406	1.075802
		
c	4 7 2 0 3 6 9 10 8 5 11 12 14 13 1 15	2573.28802967837	0.742671197032163	4	7	2	0	3	6	9	10	8	5	11	12	14	13	1	15		
		53.478239	-2.258549
		54.980766	-1.615849
		51.512161	-0.116215
		52.486125	-1.890507
		53.803895	-1.549931
		53.751959	-0.335941
		55.958426	-3.186893
		55.862982	-4.263554
		54.892406	-2.923222
		53.409532	-3.000126
		51.488224	-3.186893
		51.624837	-3.94495
		50.152266	-5.065556
		50.726024	-3.543949
		51.460852	-2.588139
		51.289406	1.075802
		
c	4 5 0 14 13 9 10 8 7 3 6 1 11 12 2 15	2468.68986600945	0.753131013399055	4	5	0	14	13	9	10	8	7	3	6	1	11	12	2	15		
		53.478239	-2.258549
		53.409532	-3.000126
		52.486125	-1.890507
		50.152266	-5.065556
		50.726024	-3.543949
		55.958426	-3.186893
		55.862982	-4.263554
		54.892406	-2.923222
		54.980766	-1.615849
		53.803895	-1.549931
		53.751959	-0.335941
		51.460852	-2.588139
		51.488224	-3.186893
		51.624837	-3.94495
		51.512161	-0.116215
		51.289406	1.075802
		
c	5 11 12 14 10 9 8 7 6 3 4 0 1 13 2 15	2341.2432397912	0.76587567602088	5	11	12	14	10	9	8	7	6	3	4	0	1	13	2	15		
		53.409532	-3.000126
		51.488224	-3.186893
		51.624837	-3.94495
		50.152266	-5.065556
		55.862982	-4.263554
		55.958426	-3.186893
		54.892406	-2.923222
		54.980766	-1.615849
		53.751959	-0.335941
		53.803895	-1.549931
		53.478239	-2.258549
		52.486125	-1.890507
		51.460852	-2.588139
		50.726024	-3.543949
		51.512161	-0.116215
		51.289406	1.075802
		
c	14 13 9 10 8 7 3 6 4 5 0 1 11 12 2 15	2085.4824767265	0.79145175232735	14	13	9	10	8	7	3	6	4	5	0	1	11	12	2	15		
		50.152266	-5.065556
		50.726024	-3.543949
		55.958426	-3.186893
		55.862982	-4.263554
		54.892406	-2.923222
		54.980766	-1.615849
		53.803895	-1.549931
		53.751959	-0.335941
		53.478239	-2.258549
		53.409532	-3.000126
		52.486125	-1.890507
		51.460852	-2.588139
		51.488224	-3.186893
		51.624837	-3.94495
		51.512161	-0.116215
		51.289406	1.075802
		
c	0 11 12 1 14 13 10 9 8 7 3 6 4 5 2 15	2254.11096495082	0.774588903504918	0	11	12	1	14	13	10	9	8	7	3	6	4	5	2	15		
		52.486125	-1.890507
		51.488224	-3.186893
		51.624837	-3.94495
		51.460852	-2.588139
		50.152266	-5.065556
		50.726024	-3.543949
		55.862982	-4.263554
		55.958426	-3.186893
		54.892406	-2.923222
		54.980766	-1.615849
		53.803895	-1.549931
		53.751959	-0.335941
		53.478239	-2.258549
		53.409532	-3.000126
		51.512161	-0.116215
		51.289406	1.075802
		
c	9 7 4 8 2 10 11 12 13 0 3 6 5 1 14 15	3637.69318185323	0.636230681814677	9	7	4	8	2	10	11	12	13	0	3	6	5	1	14	15		
		55.958426	-3.186893
		54.980766	-1.615849
		53.478239	-2.258549
		54.892406	-2.923222
		51.512161	-0.116215
		55.862982	-4.263554
		51.488224	-3.186893
		51.624837	-3.94495
		50.726024	-3.543949
		52.486125	-1.890507
		53.803895	-1.549931
		53.751959	-0.335941
		53.409532	-3.000126
		51.460852	-2.588139
		50.152266	-5.065556
		51.289406	1.075802
		
c	0 3 6 7 9 10 8 4 5 11 12 14 13 1 2 15	1891.51705228595	0.810848294771405	0	3	6	7	9	10	8	4	5	11	12	14	13	1	2	15		
		52.486125	-1.890507
		53.803895	-1.549931
		53.751959	-0.335941
		54.980766	-1.615849
		55.958426	-3.186893
		55.862982	-4.263554
		54.892406	-2.923222
		53.478239	-2.258549
		53.409532	-3.000126
		51.488224	-3.186893
		51.624837	-3.94495
		50.152266	-5.065556
		50.726024	-3.543949
		51.460852	-2.588139
		51.512161	-0.116215
		51.289406	1.075802
		
c	6 4 14 13 9 10 8 7 3 5 0 1 11 12 2 15	2478.10957872636	0.752189042127364	6	4	14	13	9	10	8	7	3	5	0	1	11	12	2	15		
		53.751959	-0.335941
		53.478239	-2.258549
		50.152266	-5.065556
		50.726024	-3.543949
		55.958426	-3.186893
		55.862982	-4.263554
		54.892406	-2.923222
		54.980766	-1.615849
		53.803895	-1.549931
		53.409532	-3.000126
		52.486125	-1.890507
		51.460852	-2.588139
		51.488224	-3.186893
		51.624837	-3.94495
		51.512161	-0.116215
		51.289406	1.075802
		
c	10 8 7 3 6 4 5 0 1 11 12 9 14 13 2 15	2567.11978784273	0.743288021215727	10	8	7	3	6	4	5	0	1	11	12	9	14	13	2	15		
		55.862982	-4.263554
		54.892406	-2.923222
		54.980766	-1.615849
		53.803895	-1.549931
		53.751959	-0.335941
		53.478239	-2.258549
		53.409532	-3.000126
		52.486125	-1.890507
		51.460852	-2.588139
		51.488224	-3.186893
		51.624837	-3.94495
		55.958426	-3.186893
		50.152266	-5.065556
		50.726024	-3.543949
		51.512161	-0.116215
		51.289406	1.075802
		
c	11 14 13 6 4 5 0 2 3 7 9 10 8 12 1 15	2670.43402197298	0.732956597802702	11	14	13	6	4	5	0	2	3	7	9	10	8	12	1	15		
		51.488224	-3.186893
		50.152266	-5.065556
		50.726024	-3.543949
		53.751959	-0.335941
		53.478239	-2.258549
		53.409532	-3.000126
		52.486125	-1.890507
		51.512161	-0.116215
		53.803895	-1.549931
		54.980766	-1.615849
		55.958426	-3.186893
		55.862982	-4.263554
		54.892406	-2.923222
		51.624837	-3.94495
		51.460852	-2.588139
		51.289406	1.075802
		
c	5 0 10 9 8 7 1 11 12 14 13 3 6 4 2 15	2531.29960246224	0.746870039753776	5	0	10	9	8	7	1	11	12	14	13	3	6	4	2	15		
		53.409532	-3.000126
		52.486125	-1.890507
		55.862982	-4.263554
		55.958426	-3.186893
		54.892406	-2.923222
		54.980766	-1.615849
		51.460852	-2.588139
		51.488224	-3.186893
		51.624837	-3.94495
		50.152266	-5.065556
		50.726024	-3.543949
		53.803895	-1.549931
		53.751959	-0.335941
		53.478239	-2.258549
		51.512161	-0.116215
		51.289406	1.075802
		
c	8 11 12 7 10 6 4 5 0 1 14 13 3 9 2 15	3407.64106744214	0.659235893255786	8	11	12	7	10	6	4	5	0	1	14	13	3	9	2	15		
		54.892406	-2.923222
		51.488224	-3.186893
		51.624837	-3.94495
		54.980766	-1.615849
		55.862982	-4.263554
		53.751959	-0.335941
		53.478239	-2.258549
		53.409532	-3.000126
		52.486125	-1.890507
		51.460852	-2.588139
		50.152266	-5.065556
		50.726024	-3.543949
		53.803895	-1.549931
		55.958426	-3.186893
		51.512161	-0.116215
		51.289406	1.075802
		
c	14 13 3 7 9 10 8 6 4 5 0 1 11 12 2 15	2064.58744857669	0.793541255142331	14	13	3	7	9	10	8	6	4	5	0	1	11	12	2	15		
		50.152266	-5.065556
		50.726024	-3.543949
		53.803895	-1.549931
		54.980766	-1.615849
		55.958426	-3.186893
		55.862982	-4.263554
		54.892406	-2.923222
		53.751959	-0.335941
		53.478239	-2.258549
		53.409532	-3.000126
		52.486125	-1.890507
		51.460852	-2.588139
		51.488224	-3.186893
		51.624837	-3.94495
		51.512161	-0.116215
		51.289406	1.075802
		
c	5 0 1 8 6 4 11 12 14 13 2 9 10 3 7 15	3287.58033550486	0.671241966449514	5	0	1	8	6	4	11	12	14	13	2	9	10	3	7	15		
		53.409532	-3.000126
		52.486125	-1.890507
		51.460852	-2.588139
		54.892406	-2.923222
		53.751959	-0.335941
		53.478239	-2.258549
		51.488224	-3.186893
		51.624837	-3.94495
		50.152266	-5.065556
		50.726024	-3.543949
		51.512161	-0.116215
		55.958426	-3.186893
		55.862982	-4.263554
		53.803895	-1.549931
		54.980766	-1.615849
		51.289406	1.075802
		
c	10 6 4 5 0 12 14 13 2 7 9 8 3 1 11 15	2805.7638641896	0.71942361358104	10	6	4	5	0	12	14	13	2	7	9	8	3	1	11	15		
		55.862982	-4.263554
		53.751959	-0.335941
		53.478239	-2.258549
		53.409532	-3.000126
		52.486125	-1.890507
		51.624837	-3.94495
		50.152266	-5.065556
		50.726024	-3.543949
		51.512161	-0.116215
		54.980766	-1.615849
		55.958426	-3.186893
		54.892406	-2.923222
		53.803895	-1.549931
		51.460852	-2.588139
		51.488224	-3.186893
		51.289406	1.075802
		
c	4 5 0 2 3 6 7 9 10 8 11 1 12 14 13 15	2355.81802331744	0.764418197668256	4	5	0	2	3	6	7	9	10	8	11	1	12	14	13	15		
		53.478239	-2.258549
		53.409532	-3.000126
		52.486125	-1.890507
		51.512161	-0.116215
		53.803895	-1.549931
		53.751959	-0.335941
		54.980766	-1.615849
		55.958426	-3.186893
		55.862982	-4.263554
		54.892406	-2.923222
		51.488224	-3.186893
		51.460852	-2.588139
		51.624837	-3.94495
		50.152266	-5.065556
		50.726024	-3.543949
		51.289406	1.075802
		
c	3 6 11 12 14 13 1 10 9 8 7 4 5 0 2 15	2234.90506191233	0.776509493808767	3	6	11	12	14	13	1	10	9	8	7	4	5	0	2	15		
		53.803895	-1.549931
		53.751959	-0.335941
		51.488224	-3.186893
		51.624837	-3.94495
		50.152266	-5.065556
		50.726024	-3.543949
		51.460852	-2.588139
		55.862982	-4.263554
		55.958426	-3.186893
		54.892406	-2.923222
		54.980766	-1.615849
		53.478239	-2.258549
		53.409532	-3.000126
		52.486125	-1.890507
		51.512161	-0.116215
		51.289406	1.075802
		
c	7 3 6 4 5 10 9 8 0 11 12 14 13 1 2 15	2005.96684653791	0.799403315346209	7	3	6	4	5	10	9	8	0	11	12	14	13	1	2	15		
		54.980766	-1.615849
		53.803895	-1.549931
		53.751959	-0.335941
		53.478239	-2.258549
		53.409532	-3.000126
		55.862982	-4.263554
		55.958426	-3.186893
		54.892406	-2.923222
		52.486125	-1.890507
		51.488224	-3.186893
		51.624837	-3.94495
		50.152266	-5.065556
		50.726024	-3.543949
		51.460852	-2.588139
		51.512161	-0.116215
		51.289406	1.075802
		
c	8 10 9 7 6 4 5 0 1 12 11 14 13 3 2 15	2143.52681549627	0.785647318450373	8	10	9	7	6	4	5	0	1	12	11	14	13	3	2	15		
		54.892406	-2.923222
		55.862982	-4.263554
		55.958426	-3.186893
		54.980766	-1.615849
		53.751959	-0.335941
		53.478239	-2.258549
		53.409532	-3.000126
		52.486125	-1.890507
		51.460852	-2.588139
		51.624837	-3.94495
		51.488224	-3.186893
		50.152266	-5.065556
		50.726024	-3.543949
		53.803895	-1.549931
		51.512161	-0.116215
		51.289406	1.075802
		
c	6 4 5 0 2 3 7 9 10 8 11 12 14 13 1 15	2326.09568145783	0.767390431854217	6	4	5	0	2	3	7	9	10	8	11	12	14	13	1	15		
		53.751959	-0.335941
		53.478239	-2.258549
		53.409532	-3.000126
		52.486125	-1.890507
		51.512161	-0.116215
		53.803895	-1.549931
		54.980766	-1.615849
		55.958426	-3.186893
		55.862982	-4.263554
		54.892406	-2.923222
		51.488224	-3.186893
		51.624837	-3.94495
		50.152266	-5.065556
		50.726024	-3.543949
		51.460852	-2.588139
		51.289406	1.075802
		
c	2 0 3 6 7 9 10 8 4 5 11 12 14 13 1 15	2051.68005019777	0.794831994980223	2	0	3	6	7	9	10	8	4	5	11	12	14	13	1	15		
		51.512161	-0.116215
		52.486125	-1.890507
		53.803895	-1.549931
		53.751959	-0.335941
		54.980766	-1.615849
		55.958426	-3.186893
		55.862982	-4.263554
		54.892406	-2.923222
		53.478239	-2.258549
		53.409532	-3.000126
		51.488224	-3.186893
		51.624837	-3.94495
		50.152266	-5.065556
		50.726024	-3.543949
		51.460852	-2.588139
		51.289406	1.075802
		
c	13 0 4 3 6 5 11 10 9 7 8 1 12 14 2 15	2787.99832957291	0.721200167042709	13	0	4	3	6	5	11	10	9	7	8	1	12	14	2	15		
		50.726024	-3.543949
		52.486125	-1.890507
		53.478239	-2.258549
		53.803895	-1.549931
		53.751959	-0.335941
		53.409532	-3.000126
		51.488224	-3.186893
		55.862982	-4.263554
		55.958426	-3.186893
		54.980766	-1.615849
		54.892406	-2.923222
		51.460852	-2.588139
		51.624837	-3.94495
		50.152266	-5.065556
		51.512161	-0.116215
		51.289406	1.075802
		
c	4 5 0 14 13 1 7 8 10 9 3 6 11 12 2 15	2497.66713898678	0.750233286101322	4	5	0	14	13	1	7	8	10	9	3	6	11	12	2	15		
		53.478239	-2.258549
		53.409532	-3.000126
		52.486125	-1.890507
		50.152266	-5.065556
		50.726024	-3.543949
		51.460852	-2.588139
		54.980766	-1.615849
		54.892406	-2.923222
		55.862982	-4.263554
		55.958426	-3.186893
		53.803895	-1.549931
		53.751959	-0.335941
		51.488224	-3.186893
		51.624837	-3.94495
		51.512161	-0.116215
		51.289406	1.075802
		
c	11 12 14 13 1 10 9 8 7 3 6 4 5 0 2 15	2007.23093499378	0.799276906500622	11	12	14	13	1	10	9	8	7	3	6	4	5	0	2	15		
		51.488224	-3.186893
		51.624837	-3.94495
		50.152266	-5.065556
		50.726024	-3.543949
		51.460852	-2.588139
		55.862982	-4.263554
		55.958426	-3.186893
		54.892406	-2.923222
		54.980766	-1.615849
		53.803895	-1.549931
		53.751959	-0.335941
		53.478239	-2.258549
		53.409532	-3.000126
		52.486125	-1.890507
		51.512161	-0.116215
		51.289406	1.075802
		
c	5 4 12 14 13 9 10 8 7 3 6 0 11 1 2 15	2290.55917924629	0.770944082075371	5	4	12	14	13	9	10	8	7	3	6	0	11	1	2	15		
		53.409532	-3.000126
		53.478239	-2.258549
		51.624837	-3.94495
		50.152266	-5.065556
		50.726024	-3.543949
		55.958426	-3.186893
		55.862982	-4.263554
		54.892406	-2.923222
		54.980766	-1.615849
		53.803895	-1.549931
		53.751959	-0.335941
		52.486125	-1.890507
		51.488224	-3.186893
		51.460852	-2.588139
		51.512161	-0.116215
		51.289406	1.075802
		
c	11 12 3 7 9 10 8 6 4 5 0 14 13 1 2 15	2174.75158194881	0.782524841805119	11	12	3	7	9	10	8	6	4	5	0	14	13	1	2	15		
		51.488224	-3.186893
		51.624837	-3.94495
		53.803895	-1.549931
		54.980766	-1.615849
		55.958426	-3.186893
		55.862982	-4.263554
		54.892406	-2.923222
		53.751959	-0.335941
		53.478239	-2.258549
		53.409532	-3.000126
		52.486125	-1.890507
		50.152266	-5.065556
		50.726024	-3.543949
		51.460852	-2.588139
		51.512161	-0.116215
		51.289406	1.075802
		
c	3 4 5 0 11 12 14 13 1 2 6 7 9 10 8 15	2258.60956089348	0.774139043910652	3	4	5	0	11	12	14	13	1	2	6	7	9	10	8	15		
		53.803895	-1.549931
		53.478239	-2.258549
		53.409532	-3.000126
		52.486125	-1.890507
		51.488224	-3.186893
		51.624837	-3.94495
		50.152266	-5.065556
		50.726024	-3.543949
		51.460852	-2.588139
		51.512161	-0.116215
		53.751959	-0.335941
		54.980766	-1.615849
		55.958426	-3.186893
		55.862982	-4.263554
		54.892406	-2.923222
		51.289406	1.075802
		
g132		1614.70757855554	0.838529242144446	0	10	9	8	7	6	3	4	5	0	1	11	12	14	13	2	15		
		55.862982	-4.263554
		55.958426	-3.186893
		54.892406	-2.923222
		54.980766	-1.615849
		53.751959	-0.335941
		53.803895	-1.549931
		53.478239	-2.258549
		53.409532	-3.000126
		52.486125	-1.890507
		51.460852	-2.588139
		51.488224	-3.186893
		51.624837	-3.94495
		50.152266	-5.065556
		50.726024	-3.543949
		51.512161	-0.116215
		51.289406	1.075802
		
g132		1632.18241801618	0.836781758198382	1	9	10	8	7	6	3	4	5	0	1	11	12	14	13	2	15		
		55.958426	-3.186893
		55.862982	-4.263554
		54.892406	-2.923222
		54.980766	-1.615849
		53.751959	-0.335941
		53.803895	-1.549931
		53.478239	-2.258549
		53.409532	-3.000126
		52.486125	-1.890507
		51.460852	-2.588139
		51.488224	-3.186893
		51.624837	-3.94495
		50.152266	-5.065556
		50.726024	-3.543949
		51.512161	-0.116215
		51.289406	1.075802
		
g132		1656.09836620198	0.834390163379802	2	10	9	8	7	3	6	4	5	0	11	12	14	13	1	2	15		
		55.862982	-4.263554
		55.958426	-3.186893
		54.892406	-2.923222
		54.980766	-1.615849
		53.803895	-1.549931
		53.751959	-0.335941
		53.478239	-2.258549
		53.409532	-3.000126
		52.486125	-1.890507
		51.488224	-3.186893
		51.624837	-3.94495
		50.152266	-5.065556
		50.726024	-3.543949
		51.460852	-2.588139
		51.512161	-0.116215
		51.289406	1.075802
		
g132		1657.12946446462	0.834287053553538	3	10	9	8	7	3	6	4	5	0	1	11	12	14	13	2	15		
		55.862982	-4.263554
		55.958426	-3.186893
		54.892406	-2.923222
		54.980766	-1.615849
		53.803895	-1.549931
		53.751959	-0.335941
		53.478239	-2.258549
		53.409532	-3.000126
		52.486125	-1.890507
		51.460852	-2.588139
		51.488224	-3.186893
		51.624837	-3.94495
		50.152266	-5.065556
		50.726024	-3.543949
		51.512161	-0.116215
		51.289406	1.075802
		
g132		1673.57320566262	0.832642679433738	4	9	10	8	7	3	6	4	5	0	11	12	14	13	1	2	15		
		55.958426	-3.186893
		55.862982	-4.263554
		54.892406	-2.923222
		54.980766	-1.615849
		53.803895	-1.549931
		53.751959	-0.335941
		53.478239	-2.258549
		53.409532	-3.000126
		52.486125	-1.890507
		51.488224	-3.186893
		51.624837	-3.94495
		50.152266	-5.065556
		50.726024	-3.543949
		51.460852	-2.588139
		51.512161	-0.116215
		51.289406	1.075802
		
g132		1691.49843627536	0.830850156372464	5	10	9	7	8	6	3	4	5	0	11	12	14	13	1	2	15		
		55.862982	-4.263554
		55.958426	-3.186893
		54.980766	-1.615849
		54.892406	-2.923222
		53.751959	-0.335941
		53.803895	-1.549931
		53.478239	-2.258549
		53.409532	-3.000126
		52.486125	-1.890507
		51.488224	-3.186893
		51.624837	-3.94495
		50.152266	-5.065556
		50.726024	-3.543949
		51.460852	-2.588139
		51.512161	-0.116215
		51.289406	1.075802
		
