c	11 12 14 13 1 2 15 0 3 6 7 10 9 8 4 5	1949.90272602798	0.805009727397202	11	12	14	13	1	2	15	0	3	6	7	10	9	8	4	5		
		51.488224	-3.186893
		51.624837	-3.94495
		50.152266	-5.065556
		50.726024	-3.543949
		51.460852	-2.588139
		51.512161	-0.116215
		51.289406	1.075802
		52.486125	-1.890507
		53.803895	-1.549931
		53.751959	-0.335941
		54.980766	-1.615849
		55.862982	-4.263554
		55.958426	-3.186893
		54.892406	-2.923222
		53.478239	-2.258549
		53.409532	-3.000126
		
c	7 9 10 8 0 1 11 6 5 3 4 12 14 13 2 15	2337.87219993844	0.766212780006156	7	9	10	8	0	1	11	6	5	3	4	12	14	13	2	15		
		54.980766	-1.615849
		55.958426	-3.186893
		55.862982	-4.263554
		54.892406	-2.923222
		52.486125	-1.890507
		51.460852	-2.588139
		51.488224	-3.186893
		53.751959	-0.335941
		53.409532	-3.000126
		53.803895	-1.549931
		53.478239	-2.258549
		51.624837	-3.94495
		50.152266	-5.065556
		50.726024	-3.543949
		51.512161	-0.116215
		51.289406	1.075802
		
c	5 0 1 11 12 14 13 15 3 6 7 9 10 8 4 2	2331.06712066141	0.766893287933859	5	0	1	11	12	14	13	15	3	6	7	9	10	8	4	2		
		53.409532	-3.000126
		52.486125	-1.890507
		51.460852	-2.588139
		51.488224	-3.186893
		51.624837	-3.94495
		50.152266	-5.065556
		50.726024	-3.543949
		51.289406	1.075802
		53.803895	-1.549931
		53.751959	-0.335941
		54.980766	-1.615849
		55.958426	-3.186893
		55.862982	-4.263554
		54.892406	-2.923222
		53.478239	-2.258549
		51.512161	-0.116215
		
c	15 5 11 12 14 13 1 2 0 3 6 7 10 9 8 4	2310.96249847233	0.768903750152767	15	5	11	12	14	13	1	2	0	3	6	7	10	9	8	4		
		51.289406	1.075802
		53.409532	-3.000126
		51.488224	-3.186893
		51.624837	-3.94495
		50.152266	-5.065556
		50.726024	-3.543949
		51.460852	-2.588139
		51.512161	-0.116215
		52.486125	-1.890507
		53.803895	-1.549931
		53.751959	-0.335941
		54.980766	-1.615849
		55.862982	-4.263554
		55.958426	-3.186893
		54.892406	-2.923222
		53.478239	-2.258549
		
c	11 2 15 6 4 3 7 10 9 8 5 1 12 0 14 13	2405.50252383496	0.759449747616504	11	2	15	6	4	3	7	10	9	8	5	1	12	0	14	13		
		51.488224	-3.186893
		51.512161	-0.116215
		51.289406	1.075802
		53.751959	-0.335941
		53.478239	-2.258549
		53.803895	-1.549931
		54.980766	-1.615849
		55.862982	-4.263554
		55.958426	-3.186893
		54.892406	-2.923222
		53.409532	-3.000126
		51.460852	-2.588139
		51.624837	-3.94495
		52.486125	-1.890507
		50.152266	-5.065556
		50.726024	-3.543949
		
c	9 10 8 5 6 0 1 11 12 13 14 7 4 3 2 15	2348.97464586919	0.765102535413081	9	10	8	5	6	0	1	11	12	13	14	7	4	3	2	15		
		55.958426	-3.186893
		55.862982	-4.263554
		54.892406	-2.923222
		53.409532	-3.000126
		53.751959	-0.335941
		52.486125	-1.890507
		51.460852	-2.588139
		51.488224	-3.186893
		51.624837	-3.94495
		50.726024	-3.543949
		50.152266	-5.065556
		54.980766	-1.615849
		53.478239	-2.258549
		53.803895	-1.549931
		51.512161	-0.116215
		51.289406	1.075802
		
c	8 5 0 1 11 7 9 10 6 3 4 12 14 13 2 15	2440.57734934785	0.755942265065215	8	5	0	1	11	7	9	10	6	3	4	12	14	13	2	15		
		54.892406	-2.923222
		53.409532	-3.000126
		52.486125	-1.890507
		51.460852	-2.588139
		51.488224	-3.186893
		54.980766	-1.615849
		55.958426	-3.186893
		55.862982	-4.263554
		53.751959	-0.335941
		53.803895	-1.549931
		53.478239	-2.258549
		51.624837	-3.94495
		50.152266	-5.065556
		50.726024	-3.543949
		51.512161	-0.116215
		51.289406	1.075802
		
c	2 15 6 4 3 7 10 9 8 5 0 1 11 12 14 13	1896.46906377163	0.810353093622837	2	15	6	4	3	7	10	9	8	5	0	1	11	12	14	13		
		51.512161	-0.116215
		51.289406	1.075802
		53.751959	-0.335941
		53.478239	-2.258549
		53.803895	-1.549931
		54.980766	-1.615849
		55.862982	-4.263554
		55.958426	-3.186893
		54.892406	-2.923222
		53.409532	-3.000126
		52.486125	-1.890507
		51.460852	-2.588139
		51.488224	-3.186893
		51.624837	-3.94495
		50.152266	-5.065556
		50.726024	-3.543949
		
c	9 8 3 4 5 0 1 11 12 14 13 2 15 6 7 10	2016.66788047073	0.798333211952927	9	8	3	4	5	0	1	11	12	14	13	2	15	6	7	10		
		55.958426	-3.186893
		54.892406	-2.923222
		53.803895	-1.549931
		53.478239	-2.258549
		53.409532	-3.000126
		52.486125	-1.890507
		51.460852	-2.588139
		51.488224	-3.186893
		51.624837	-3.94495
		50.152266	-5.065556
		50.726024	-3.543949
		51.512161	-0.116215
		51.289406	1.075802
		53.751959	-0.335941
		54.980766	-1.615849
		55.862982	-4.263554
		
c	10 9 8 5 11 12 14 13 1 2 15 6 0 4 3 7	2059.00661276171	0.794099338723829	10	9	8	5	11	12	14	13	1	2	15	6	0	4	3	7		
		55.862982	-4.263554
		55.958426	-3.186893
		54.892406	-2.923222
		53.409532	-3.000126
		51.488224	-3.186893
		51.624837	-3.94495
		50.152266	-5.065556
		50.726024	-3.543949
		51.460852	-2.588139
		51.512161	-0.116215
		51.289406	1.075802
		53.751959	-0.335941
		52.486125	-1.890507
		53.478239	-2.258549
		53.803895	-1.549931
		54.980766	-1.615849
		
c	5 0 1 11 12 14 13 2 15 6 4 3 7 10 9 8	1986.1912586963	0.80138087413037	5	0	1	11	12	14	13	2	15	6	4	3	7	10	9	8		
		53.409532	-3.000126
		52.486125	-1.890507
		51.460852	-2.588139
		51.488224	-3.186893
		51.624837	-3.94495
		50.152266	-5.065556
		50.726024	-3.543949
		51.512161	-0.116215
		51.289406	1.075802
		53.751959	-0.335941
		53.478239	-2.258549
		53.803895	-1.549931
		54.980766	-1.615849
		55.862982	-4.263554
		55.958426	-3.186893
		54.892406	-2.923222
		
c	4 5 3 0 1 11 12 14 13 2 15 6 7 9 10 8	1972.8053739912	0.80271946260088	4	5	3	0	1	11	12	14	13	2	15	6	7	9	10	8		
		53.478239	-2.258549
		53.409532	-3.000126
		53.803895	-1.549931
		52.486125	-1.890507
		51.460852	-2.588139
		51.488224	-3.186893
		51.624837	-3.94495
		50.152266	-5.065556
		50.726024	-3.543949
		51.512161	-0.116215
		51.289406	1.075802
		53.751959	-0.335941
		54.980766	-1.615849
		55.958426	-3.186893
		55.862982	-4.263554
		54.892406	-2.923222
		
c	0 10 9 8 5 11 12 14 13 1 2 15 6 4 3 7	2307.49269109843	0.769250730890157	0	10	9	8	5	11	12	14	13	1	2	15	6	4	3	7		
		52.486125	-1.890507
		55.862982	-4.263554
		55.958426	-3.186893
		54.892406	-2.923222
		53.409532	-3.000126
		51.488224	-3.186893
		51.624837	-3.94495
		50.152266	-5.065556
		50.726024	-3.543949
		51.460852	-2.588139
		51.512161	-0.116215
		51.289406	1.075802
		53.751959	-0.335941
		53.478239	-2.258549
		53.803895	-1.549931
		54.980766	-1.615849
		
c	10 9 8 5 6 3 4 7 11 12 14 13 1 2 15 0	2213.65473902161	0.778634526097839	10	9	8	5	6	3	4	7	11	12	14	13	1	2	15	0		
		55.862982	-4.263554
		55.958426	-3.186893
		54.892406	-2.923222
		53.409532	-3.000126
		53.751959	-0.335941
		53.803895	-1.549931
		53.478239	-2.258549
		54.980766	-1.615849
		51.488224	-3.186893
		51.624837	-3.94495
		50.152266	-5.065556
		50.726024	-3.543949
		51.460852	-2.588139
		51.512161	-0.116215
		51.289406	1.075802
		52.486125	-1.890507
		
c	0 3 6 7 10 9 8 4 5 11 12 14 13 1 2 15	1920.73655751263	0.807926344248737	0	3	6	7	10	9	8	4	5	11	12	14	13	1	2	15		
		52.486125	-1.890507
		53.803895	-1.549931
		53.751959	-0.335941
		54.980766	-1.615849
		55.862982	-4.263554
		55.958426	-3.186893
		54.892406	-2.923222
		53.478239	-2.258549
		53.409532	-3.000126
		51.488224	-3.186893
		51.624837	-3.94495
		50.152266	-5.065556
		50.726024	-3.543949
		51.460852	-2.588139
		51.512161	-0.116215
		51.289406	1.075802
		
c	9 8 4 12 14 5 3 6 7 10 0 1 11 13 2 15	2628.21689266054	0.737178310733946	9	8	4	12	14	5	3	6	7	10	0	1	11	13	2	15		
		55.958426	-3.186893
		54.892406	-2.923222
		53.478239	-2.258549
		51.624837	-3.94495
		50.152266	-5.065556
		53.409532	-3.000126
		53.803895	-1.549931
		53.751959	-0.335941
		54.980766	-1.615849
		55.862982	-4.263554
		52.486125	-1.890507
		51.460852	-2.588139
		51.488224	-3.186893
		50.726024	-3.543949
		51.512161	-0.116215
		51.289406	1.075802
		
c	9 8 3 7 11 12 14 13 1 2 15 0 6 10 4 5	2634.13107561463	0.736586892438537	9	8	3	7	11	12	14	13	1	2	15	0	6	10	4	5		
		55.958426	-3.186893
		54.892406	-2.923222
		53.803895	-1.549931
		54.980766	-1.615849
		51.488224	-3.186893
		51.624837	-3.94495
		50.152266	-5.065556
		50.726024	-3.543949
		51.460852	-2.588139
		51.512161	-0.116215
		51.289406	1.075802
		52.486125	-1.890507
		53.751959	-0.335941
		55.862982	-4.263554
		53.478239	-2.258549
		53.409532	-3.000126
		
c	10 9 8 5 12 11 14 13 1 2 15 6 7 4 3 0	2132.04767114453	0.786795232885547	10	9	8	5	12	11	14	13	1	2	15	6	7	4	3	0		
		55.862982	-4.263554
		55.958426	-3.186893
		54.892406	-2.923222
		53.409532	-3.000126
		51.624837	-3.94495
		51.488224	-3.186893
		50.152266	-5.065556
		50.726024	-3.543949
		51.460852	-2.588139
		51.512161	-0.116215
		51.289406	1.075802
		53.751959	-0.335941
		54.980766	-1.615849
		53.478239	-2.258549
		53.803895	-1.549931
		52.486125	-1.890507
		
c	9 10 8 4 1 11 13 2 3 6 7 5 0 12 14 15	2615.80016688626	0.738419983311374	9	10	8	4	1	11	13	2	3	6	7	5	0	12	14	15		
		55.958426	-3.186893
		55.862982	-4.263554
		54.892406	-2.923222
		53.478239	-2.258549
		51.460852	-2.588139
		51.488224	-3.186893
		50.726024	-3.543949
		51.512161	-0.116215
		53.803895	-1.549931
		53.751959	-0.335941
		54.980766	-1.615849
		53.409532	-3.000126
		52.486125	-1.890507
		51.624837	-3.94495
		50.152266	-5.065556
		51.289406	1.075802
		
c	7 10 9 8 5 15 11 12 14 13 1 6 4 3 0 2	2470.5397571369	0.75294602428631	7	10	9	8	5	15	11	12	14	13	1	6	4	3	0	2		
		54.980766	-1.615849
		55.862982	-4.263554
		55.958426	-3.186893
		54.892406	-2.923222
		53.409532	-3.000126
		51.289406	1.075802
		51.488224	-3.186893
		51.624837	-3.94495
		50.152266	-5.065556
		50.726024	-3.543949
		51.460852	-2.588139
		53.751959	-0.335941
		53.478239	-2.258549
		53.803895	-1.549931
		52.486125	-1.890507
		51.512161	-0.116215
		
c	11 13 2 5 0 1 12 14 6 7 10 9 8 4 3 15	2767.47684845921	0.723252315154079	11	13	2	5	0	1	12	14	6	7	10	9	8	4	3	15		
		51.488224	-3.186893
		50.726024	-3.543949
		51.512161	-0.116215
		53.409532	-3.000126
		52.486125	-1.890507
		51.460852	-2.588139
		51.624837	-3.94495
		50.152266	-5.065556
		53.751959	-0.335941
		54.980766	-1.615849
		55.862982	-4.263554
		55.958426	-3.186893
		54.892406	-2.923222
		53.478239	-2.258549
		53.803895	-1.549931
		51.289406	1.075802
		
c	8 5 4 3 0 1 11 12 14 13 15 6 7 10 9 2	2523.25686103614	0.747674313896386	8	5	4	3	0	1	11	12	14	13	15	6	7	10	9	2		
		54.892406	-2.923222
		53.409532	-3.000126
		53.478239	-2.258549
		53.803895	-1.549931
		52.486125	-1.890507
		51.460852	-2.588139
		51.488224	-3.186893
		51.624837	-3.94495
		50.152266	-5.065556
		50.726024	-3.543949
		51.289406	1.075802
		53.751959	-0.335941
		54.980766	-1.615849
		55.862982	-4.263554
		55.958426	-3.186893
		51.512161	-0.116215
		
c	3 13 2 6 0 12 14 5 7 9 10 8 4 1 11 15	3063.16161373531	0.693683838626469	3	13	2	6	0	12	14	5	7	9	10	8	4	1	11	15		
		53.803895	-1.549931
		50.726024	-3.543949
		51.512161	-0.116215
		53.751959	-0.335941
		52.486125	-1.890507
		51.624837	-3.94495
		50.152266	-5.065556
		53.409532	-3.000126
		54.980766	-1.615849
		55.958426	-3.186893
		55.862982	-4.263554
		54.892406	-2.923222
		53.478239	-2.258549
		51.460852	-2.588139
		51.488224	-3.186893
		51.289406	1.075802
		
c	5 6 3 4 7 10 9 8 0 1 11 12 14 13 2 15	2016.28471094891	0.798371528905109	5	6	3	4	7	10	9	8	0	1	11	12	14	13	2	15		
		53.409532	-3.000126
		53.751959	-0.335941
		53.803895	-1.549931
		53.478239	-2.258549
		54.980766	-1.615849
		55.862982	-4.263554
		55.958426	-3.186893
		54.892406	-2.923222
		52.486125	-1.890507
		51.460852	-2.588139
		51.488224	-3.186893
		51.624837	-3.94495
		50.152266	-5.065556
		50.726024	-3.543949
		51.512161	-0.116215
		51.289406	1.075802
		
c	10 9 8 4 5 0 1 11 12 14 13 2 15 3 6 7	1965.7566434922	0.80342433565078	10	9	8	4	5	0	1	11	12	14	13	2	15	3	6	7		
		55.862982	-4.263554
		55.958426	-3.186893
		54.892406	-2.923222
		53.478239	-2.258549
		53.409532	-3.000126
		52.486125	-1.890507
		51.460852	-2.588139
		51.488224	-3.186893
		51.624837	-3.94495
		50.152266	-5.065556
		50.726024	-3.543949
		51.512161	-0.116215
		51.289406	1.075802
		53.803895	-1.549931
		53.751959	-0.335941
		54.980766	-1.615849
		
c	4 3 6 7 10 9 8 5 1 11 12 2 0 15 14 13	2406.17203593889	0.759382796406111	4	3	6	7	10	9	8	5	1	11	12	2	0	15	14	13		
		53.478239	-2.258549
		53.803895	-1.549931
		53.751959	-0.335941
		54.980766	-1.615849
		55.862982	-4.263554
		55.958426	-3.186893
		54.892406	-2.923222
		53.409532	-3.000126
		51.460852	-2.588139
		51.488224	-3.186893
		51.624837	-3.94495
		51.512161	-0.116215
		52.486125	-1.890507
		51.289406	1.075802
		50.152266	-5.065556
		50.726024	-3.543949
		
c	11 0 4 3 6 7 10 9 8 5 15 12 14 13 1 2	2397.28244143853	0.760271755856147	11	0	4	3	6	7	10	9	8	5	15	12	14	13	1	2		
		51.488224	-3.186893
		52.486125	-1.890507
		53.478239	-2.258549
		53.803895	-1.549931
		53.751959	-0.335941
		54.980766	-1.615849
		55.862982	-4.263554
		55.958426	-3.186893
		54.892406	-2.923222
		53.409532	-3.000126
		51.289406	1.075802
		51.624837	-3.94495
		50.152266	-5.065556
		50.726024	-3.543949
		51.460852	-2.588139
		51.512161	-0.116215
		
c	7 9 10 8 0 1 11 12 14 3 6 4 5 13 2 15	2403.33308724302	0.759666691275698	7	9	10	8	0	1	11	12	14	3	6	4	5	13	2	15		
		54.980766	-1.615849
		55.958426	-3.186893
		55.862982	-4.263554
		54.892406	-2.923222
		52.486125	-1.890507
		51.460852	-2.588139
		51.488224	-3.186893
		51.624837	-3.94495
		50.152266	-5.065556
		53.803895	-1.549931
		53.751959	-0.335941
		53.478239	-2.258549
		53.409532	-3.000126
		50.726024	-3.543949
		51.512161	-0.116215
		51.289406	1.075802
		
c	9 8 4 5 0 1 11 12 14 6 3 7 10 13 2 15	2694.29392552897	0.730570607447103	9	8	4	5	0	1	11	12	14	6	3	7	10	13	2	15		
		55.958426	-3.186893
		54.892406	-2.923222
		53.478239	-2.258549
		53.409532	-3.000126
		52.486125	-1.890507
		51.460852	-2.588139
		51.488224	-3.186893
		51.624837	-3.94495
		50.152266	-5.065556
		53.751959	-0.335941
		53.803895	-1.549931
		54.980766	-1.615849
		55.862982	-4.263554
		50.726024	-3.543949
		51.512161	-0.116215
		51.289406	1.075802
		
c	7 10 9 8 4 5 0 14 13 6 3 1 11 12 2 15	2384.90056159838	0.761509943840162	7	10	9	8	4	5	0	14	13	6	3	1	11	12	2	15		
		54.980766	-1.615849
		55.862982	-4.263554
		55.958426	-3.186893
		54.892406	-2.923222
		53.478239	-2.258549
		53.409532	-3.000126
		52.486125	-1.890507
		50.152266	-5.065556
		50.726024	-3.543949
		53.751959	-0.335941
		53.803895	-1.549931
		51.460852	-2.588139
		51.488224	-3.186893
		51.624837	-3.94495
		51.512161	-0.116215
		51.289406	1.075802
		
c	8 5 3 4 0 1 11 6 7 9 10 12 14 13 2 15	2418.72937320633	0.758127062679367	8	5	3	4	0	1	11	6	7	9	10	12	14	13	2	15		
		54.892406	-2.923222
		53.409532	-3.000126
		53.803895	-1.549931
		53.478239	-2.258549
		52.486125	-1.890507
		51.460852	-2.588139
		51.488224	-3.186893
		53.751959	-0.335941
		54.980766	-1.615849
		55.958426	-3.186893
		55.862982	-4.263554
		51.624837	-3.94495
		50.152266	-5.065556
		50.726024	-3.543949
		51.512161	-0.116215
		51.289406	1.075802
		
c	7 6 10 9 8 3 4 5 0 1 11 12 14 13 2 15	1944.94835383902	0.805505164616098	7	6	10	9	8	3	4	5	0	1	11	12	14	13	2	15		
		54.980766	-1.615849
		53.751959	-0.335941
		55.862982	-4.263554
		55.958426	-3.186893
		54.892406	-2.923222
		53.803895	-1.549931
		53.478239	-2.258549
		53.409532	-3.000126
		52.486125	-1.890507
		51.460852	-2.588139
		51.488224	-3.186893
		51.624837	-3.94495
		50.152266	-5.065556
		50.726024	-3.543949
		51.512161	-0.116215
		51.289406	1.075802
		
c	7 10 9 8 4 3 5 6 0 12 14 13 11 1 2 15	1927.92965115802	0.807207034884198	7	10	9	8	4	3	5	6	0	12	14	13	11	1	2	15		
		54.980766	-1.615849
		55.862982	-4.263554
		55.958426	-3.186893
		54.892406	-2.923222
		53.478239	-2.258549
		53.803895	-1.549931
		53.409532	-3.000126
		53.751959	-0.335941
		52.486125	-1.890507
		51.624837	-3.94495
		50.152266	-5.065556
		50.726024	-3.543949
		51.488224	-3.186893
		51.460852	-2.588139
		51.512161	-0.116215
		51.289406	1.075802
		
c	14 7 10 9 8 5 6 3 4 0 1 11 12 13 2 15	2228.10168964572	0.777189831035428	14	7	10	9	8	5	6	3	4	0	1	11	12	13	2	15		
		50.152266	-5.065556
		54.980766	-1.615849
		55.862982	-4.263554
		55.958426	-3.186893
		54.892406	-2.923222
		53.409532	-3.000126
		53.751959	-0.335941
		53.803895	-1.549931
		53.478239	-2.258549
		52.486125	-1.890507
		51.460852	-2.588139
		51.488224	-3.186893
		51.624837	-3.94495
		50.726024	-3.543949
		51.512161	-0.116215
		51.289406	1.075802
		
c	4 3 6 7 10 9 8 5 1 0 11 12 14 13 2 15	2031.84394346806	0.796815605653194	4	3	6	7	10	9	8	5	1	0	11	12	14	13	2	15		
		53.478239	-2.258549
		53.803895	-1.549931
		53.751959	-0.335941
		54.980766	-1.615849
		55.862982	-4.263554
		55.958426	-3.186893
		54.892406	-2.923222
		53.409532	-3.000126
		51.460852	-2.588139
		52.486125	-1.890507
		51.488224	-3.186893
		51.624837	-3.94495
		50.152266	-5.065556
		50.726024	-3.543949
		51.512161	-0.116215
		51.289406	1.075802
		
c	1 9 8 3 6 7 10 5 11 12 14 13 2 15 0 4	2762.42709893606	0.723757290106394	1	9	8	3	6	7	10	5	11	12	14	13	2	15	0	4		
		51.460852	-2.588139
		55.958426	-3.186893
		54.892406	-2.923222
		53.803895	-1.549931
		53.751959	-0.335941
		54.980766	-1.615849
		55.862982	-4.263554
		53.409532	-3.000126
		51.488224	-3.186893
		51.624837	-3.94495
		50.152266	-5.065556
		50.726024	-3.543949
		51.512161	-0.116215
		51.289406	1.075802
		52.486125	-1.890507
		53.478239	-2.258549
		
c	6 3 4 7 9 10 8 0 1 5 11 12 2 15 14 13	2476.90558993538	0.752309441006462	6	3	4	7	9	10	8	0	1	5	11	12	2	15	14	13		
		53.751959	-0.335941
		53.803895	-1.549931
		53.478239	-2.258549
		54.980766	-1.615849
		55.958426	-3.186893
		55.862982	-4.263554
		54.892406	-2.923222
		52.486125	-1.890507
		51.460852	-2.588139
		53.409532	-3.000126
		51.488224	-3.186893
		51.624837	-3.94495
		51.512161	-0.116215
		51.289406	1.075802
		50.152266	-5.065556
		50.726024	-3.543949
		
c	3 4 5 1 11 12 6 7 9 10 8 0 14 13 2 15	2357.46911120424	0.764253088879576	3	4	5	1	11	12	6	7	9	10	8	0	14	13	2	15		
		53.803895	-1.549931
		53.478239	-2.258549
		53.409532	-3.000126
		51.460852	-2.588139
		51.488224	-3.186893
		51.624837	-3.94495
		53.751959	-0.335941
		54.980766	-1.615849
		55.958426	-3.186893
		55.862982	-4.263554
		54.892406	-2.923222
		52.486125	-1.890507
		50.152266	-5.065556
		50.726024	-3.543949
		51.512161	-0.116215
		51.289406	1.075802
		
c	14 2 15 0 3 6 1 13 11 12 4 7 10 9 8 5	2435.85278197597	0.756414721802403	14	2	15	0	3	6	1	13	11	12	4	7	10	9	8	5		
		50.152266	-5.065556
		51.512161	-0.116215
		51.289406	1.075802
		52.486125	-1.890507
		53.803895	-1.549931
		53.751959	-0.335941
		51.460852	-2.588139
		50.726024	-3.543949
		51.488224	-3.186893
		51.624837	-3.94495
		53.478239	-2.258549
		54.980766	-1.615849
		55.862982	-4.263554
		55.958426	-3.186893
		54.892406	-2.923222
		53.409532	-3.000126
		
c	1 11 12 14 13 2 15 6 0 7 10 9 8 3 4 5	2127.22838600118	0.787277161399882	1	11	12	14	13	2	15	6	0	7	10	9	8	3	4	5		
		51.460852	-2.588139
		51.488224	-3.186893
		51.624837	-3.94495
		50.152266	-5.065556
		50.726024	-3.543949
		51.512161	-0.116215
		51.289406	1.075802
		53.751959	-0.335941
		52.486125	-1.890507
		54.980766	-1.615849
		55.862982	-4.263554
		55.958426	-3.186893
		54.892406	-2.923222
		53.803895	-1.549931
		53.478239	-2.258549
		53.409532	-3.000126
		
c	7 11 12 4 14 13 1 2 15 0 3 6 10 9 8 5	2765.69555948204	0.723430444051796	7	11	12	4	14	13	1	2	15	0	3	6	10	9	8	5		
		54.980766	-1.615849
		51.488224	-3.186893
		51.624837	-3.94495
		53.478239	-2.258549
		50.152266	-5.065556
		50.726024	-3.543949
		51.460852	-2.588139
		51.512161	-0.116215
		51.289406	1.075802
		52.486125	-1.890507
		53.803895	-1.549931
		53.751959	-0.335941
		55.862982	-4.263554
		55.958426	-3.186893
		54.892406	-2.923222
		53.409532	-3.000126
		
c	14 7 10 9 8 3 4 5 12 13 11 1 2 15 0 6	2343.36052135204	0.765663947864797	14	7	10	9	8	3	4	5	12	13	11	1	2	15	0	6		
		50.152266	-5.065556
		54.980766	-1.615849
		55.862982	-4.263554
		55.958426	-3.186893
		54.892406	-2.923222
		53.803895	-1.549931
		53.478239	-2.258549
		53.409532	-3.000126
		51.624837	-3.94495
		50.726024	-3.543949
		51.488224	-3.186893
		51.460852	-2.588139
		51.512161	-0.116215
		51.289406	1.075802
		52.486125	-1.890507
		53.751959	-0.335941
		
c	14 13 2 15 3 0 6 4 7 10 9 8 5 1 11 12	2284.09706604486	0.771590293395514	14	13	2	15	3	0	6	4	7	10	9	8	5	1	11	12		
		50.152266	-5.065556
		50.726024	-3.543949
		51.512161	-0.116215
		51.289406	1.075802
		53.803895	-1.549931
		52.486125	-1.890507
		53.751959	-0.335941
		53.478239	-2.258549
		54.980766	-1.615849
		55.862982	-4.263554
		55.958426	-3.186893
		54.892406	-2.923222
		53.409532	-3.000126
		51.460852	-2.588139
		51.488224	-3.186893
		51.624837	-3.94495
		
c	0 4 3 6 11 1 2 15 7 9 10 8 5 12 14 13	2348.45464232016	0.765154535767984	0	4	3	6	11	1	2	15	7	9	10	8	5	12	14	13		
		52.486125	-1.890507
		53.478239	-2.258549
		53.803895	-1.549931
		53.751959	-0.335941
		51.488224	-3.186893
		51.460852	-2.588139
		51.512161	-0.116215
		51.289406	1.075802
		54.980766	-1.615849
		55.958426	-3.186893
		55.862982	-4.263554
		54.892406	-2.923222
		53.409532	-3.000126
		51.624837	-3.94495
		50.152266	-5.065556
		50.726024	-3.543949
		
c	9 10 8 4 5 3 0 1 11 12 14 13 2 15 6 7	1988.84820060521	0.801115179939478	9	10	8	4	5	3	0	1	11	12	14	13	2	15	6	7		
		55.958426	-3.186893
		55.862982	-4.263554
		54.892406	-2.923222
		53.478239	-2.258549
		53.409532	-3.000126
		53.803895	-1.549931
		52.486125	-1.890507
		51.460852	-2.588139
		51.488224	-3.186893
		51.624837	-3.94495
		50.152266	-5.065556
		50.726024	-3.543949
		51.512161	-0.116215
		51.289406	1.075802
		53.751959	-0.335941
		54.980766	-1.615849
		
c	15 6 0 14 13 7 10 9 8 3 4 5 1 11 12 2	2641.00437148576	0.735899562851424	15	6	0	14	13	7	10	9	8	3	4	5	1	11	12	2		
		51.289406	1.075802
		53.751959	-0.335941
		52.486125	-1.890507
		50.152266	-5.065556
		50.726024	-3.543949
		54.980766	-1.615849
		55.862982	-4.263554
		55.958426	-3.186893
		54.892406	-2.923222
		53.803895	-1.549931
		53.478239	-2.258549
		53.409532	-3.000126
		51.460852	-2.588139
		51.488224	-3.186893
		51.624837	-3.94495
		51.512161	-0.116215
		
c	0 4 3 6 7 10 9 8 5 15 11 12 14 13 1 2	2256.52774505468	0.774347225494532	0	4	3	6	7	10	9	8	5	15	11	12	14	13	1	2		
		52.486125	-1.890507
		53.478239	-2.258549
		53.803895	-1.549931
		53.751959	-0.335941
		54.980766	-1.615849
		55.862982	-4.263554
		55.958426	-3.186893
		54.892406	-2.923222
		53.409532	-3.000126
		51.289406	1.075802
		51.488224	-3.186893
		51.624837	-3.94495
		50.152266	-5.065556
		50.726024	-3.543949
		51.460852	-2.588139
		51.512161	-0.116215
		
c	9 8 1 11 12 14 13 2 15 3 0 6 7 10 5 4	2588.12671966205	0.741187328033795	9	8	1	11	12	14	13	2	15	3	0	6	7	10	5	4		
		55.958426	-3.186893
		54.892406	-2.923222
		51.460852	-2.588139
		51.488224	-3.186893
		51.624837	-3.94495
		50.152266	-5.065556
		50.726024	-3.543949
		51.512161	-0.116215
		51.289406	1.075802
		53.803895	-1.549931
		52.486125	-1.890507
		53.751959	-0.335941
		54.980766	-1.615849
		55.862982	-4.263554
		53.409532	-3.000126
		53.478239	-2.258549
		
c	5 0 1 11 12 14 6 7 10 9 8 4 3 13 2 15	2515.47397244687	0.748452602755313	5	0	1	11	12	14	6	7	10	9	8	4	3	13	2	15		
		53.409532	-3.000126
		52.486125	-1.890507
		51.460852	-2.588139
		51.488224	-3.186893
		51.624837	-3.94495
		50.152266	-5.065556
		53.751959	-0.335941
		54.980766	-1.615849
		55.862982	-4.263554
		55.958426	-3.186893
		54.892406	-2.923222
		53.478239	-2.258549
		53.803895	-1.549931
		50.726024	-3.543949
		51.512161	-0.116215
		51.289406	1.075802
		
c	12 14 10 9 8 5 13 1 2 4 3 7 6 0 11 15	2974.61773349243	0.702538226650757	12	14	10	9	8	5	13	1	2	4	3	7	6	0	11	15		
		51.624837	-3.94495
		50.152266	-5.065556
		55.862982	-4.263554
		55.958426	-3.186893
		54.892406	-2.923222
		53.409532	-3.000126
		50.726024	-3.543949
		51.460852	-2.588139
		51.512161	-0.116215
		53.478239	-2.258549
		53.803895	-1.549931
		54.980766	-1.615849
		53.751959	-0.335941
		52.486125	-1.890507
		51.488224	-3.186893
		51.289406	1.075802
		
c	7 10 9 8 5 6 3 4 0 1 11 12 14 13 2 15	1846.00611008192	0.815399388991808	7	10	9	8	5	6	3	4	0	1	11	12	14	13	2	15		
		54.980766	-1.615849
		55.862982	-4.263554
		55.958426	-3.186893
		54.892406	-2.923222
		53.409532	-3.000126
		53.751959	-0.335941
		53.803895	-1.549931
		53.478239	-2.258549
		52.486125	-1.890507
		51.460852	-2.588139
		51.488224	-3.186893
		51.624837	-3.94495
		50.152266	-5.065556
		50.726024	-3.543949
		51.512161	-0.116215
		51.289406	1.075802
		
c	3 7 10 9 8 5 6 0 12 11 14 13 1 2 15 4	2275.87619701517	0.772412380298483	3	7	10	9	8	5	6	0	12	11	14	13	1	2	15	4		
		53.803895	-1.549931
		54.980766	-1.615849
		55.862982	-4.263554
		55.958426	-3.186893
		54.892406	-2.923222
		53.409532	-3.000126
		53.751959	-0.335941
		52.486125	-1.890507
		51.624837	-3.94495
		51.488224	-3.186893
		50.152266	-5.065556
		50.726024	-3.543949
		51.460852	-2.588139
		51.512161	-0.116215
		51.289406	1.075802
		53.478239	-2.258549
		
c	8 5 1 11 12 0 2 14 13 15 4 3 6 7 10 9	2538.51723691185	0.746148276308815	8	5	1	11	12	0	2	14	13	15	4	3	6	7	10	9		
		54.892406	-2.923222
		53.409532	-3.000126
		51.460852	-2.588139
		51.488224	-3.186893
		51.624837	-3.94495
		52.486125	-1.890507
		51.512161	-0.116215
		50.152266	-5.065556
		50.726024	-3.543949
		51.289406	1.075802
		53.478239	-2.258549
		53.803895	-1.549931
		53.751959	-0.335941
		54.980766	-1.615849
		55.862982	-4.263554
		55.958426	-3.186893
		
c	11 12 10 9 8 4 5 0 1 14 13 2 15 3 6 7	2441.13894053785	0.755886105946215	11	12	10	9	8	4	5	0	1	14	13	2	15	3	6	7		
		51.488224	-3.186893
		51.624837	-3.94495
		55.862982	-4.263554
		55.958426	-3.186893
		54.892406	-2.923222
		53.478239	-2.258549
		53.409532	-3.000126
		52.486125	-1.890507
		51.460852	-2.588139
		50.152266	-5.065556
		50.726024	-3.543949
		51.512161	-0.116215
		51.289406	1.075802
		53.803895	-1.549931
		53.751959	-0.335941
		54.980766	-1.615849
		
c	1 11 12 14 13 2 15 0 4 3 6 7 9 10 8 5	1916.23406732186	0.808376593267814	1	11	12	14	13	2	15	0	4	3	6	7	9	10	8	5		
		51.460852	-2.588139
		51.488224	-3.186893
		51.624837	-3.94495
		50.152266	-5.065556
		50.726024	-3.543949
		51.512161	-0.116215
		51.289406	1.075802
		52.486125	-1.890507
		53.478239	-2.258549
		53.803895	-1.549931
		53.751959	-0.335941
		54.980766	-1.615849
		55.958426	-3.186893
		55.862982	-4.263554
		54.892406	-2.923222
		53.409532	-3.000126
		
c	11 12 6 4 3 7 10 9 8 5 0 1 14 13 2 15	2204.02917810348	0.779597082189652	11	12	6	4	3	7	10	9	8	5	0	1	14	13	2	15		
		51.488224	-3.186893
		51.624837	-3.94495
		53.751959	-0.335941
		53.478239	-2.258549
		53.803895	-1.549931
		54.980766	-1.615849
		55.862982	-4.263554
		55.958426	-3.186893
		54.892406	-2.923222
		53.409532	-3.000126
		52.486125	-1.890507
		51.460852	-2.588139
		50.152266	-5.065556
		50.726024	-3.543949
		51.512161	-0.116215
		51.289406	1.075802
		
c	9 10 8 5 12 14 6 7 3 4 0 1 11 13 2 15	2332.43406101992	0.766756593898009	9	10	8	5	12	14	6	7	3	4	0	1	11	13	2	15		
		55.958426	-3.186893
		55.862982	-4.263554
		54.892406	-2.923222
		53.409532	-3.000126
		51.624837	-3.94495
		50.152266	-5.065556
		53.751959	-0.335941
		54.980766	-1.615849
		53.803895	-1.549931
		53.478239	-2.258549
		52.486125	-1.890507
		51.460852	-2.588139
		51.488224	-3.186893
		50.726024	-3.543949
		51.512161	-0.116215
		51.289406	1.075802
		
c	1 11 12 14 13 2 15 3 0 6 7 10 9 8 5 4	2154.14438293602	0.784585561706398	1	11	12	14	13	2	15	3	0	6	7	10	9	8	5	4		
		51.460852	-2.588139
		51.488224	-3.186893
		51.624837	-3.94495
		50.152266	-5.065556
		50.726024	-3.543949
		51.512161	-0.116215
		51.289406	1.075802
		53.803895	-1.549931
		52.486125	-1.890507
		53.751959	-0.335941
		54.980766	-1.615849
		55.862982	-4.263554
		55.958426	-3.186893
		54.892406	-2.923222
		53.409532	-3.000126
		53.478239	-2.258549
		
c	3 7 5 0 10 9 1 11 12 14 13 6 8 4 2 15	2955.87107805178	0.704412892194822	3	7	5	0	10	9	1	11	12	14	13	6	8	4	2	15		
		53.803895	-1.549931
		54.980766	-1.615849
		53.409532	-3.000126
		52.486125	-1.890507
		55.862982	-4.263554
		55.958426	-3.186893
		51.460852	-2.588139
		51.488224	-3.186893
		51.624837	-3.94495
		50.152266	-5.065556
		50.726024	-3.543949
		53.751959	-0.335941
		54.892406	-2.923222
		53.478239	-2.258549
		51.512161	-0.116215
		51.289406	1.075802
		
c	12 14 13 11 1 2 15 0 3 6 7 10 9 8 5 4	1921.63365104579	0.807836634895421	12	14	13	11	1	2	15	0	3	6	7	10	9	8	5	4		
		51.624837	-3.94495
		50.152266	-5.065556
		50.726024	-3.543949
		51.488224	-3.186893
		51.460852	-2.588139
		51.512161	-0.116215
		51.289406	1.075802
		52.486125	-1.890507
		53.803895	-1.549931
		53.751959	-0.335941
		54.980766	-1.615849
		55.862982	-4.263554
		55.958426	-3.186893
		54.892406	-2.923222
		53.409532	-3.000126
		53.478239	-2.258549
		
c	10 9 8 4 0 1 11 12 14 13 2 6 3 7 5 15	2265.52077208935	0.773447922791065	10	9	8	4	0	1	11	12	14	13	2	6	3	7	5	15		
		55.862982	-4.263554
		55.958426	-3.186893
		54.892406	-2.923222
		53.478239	-2.258549
		52.486125	-1.890507
		51.460852	-2.588139
		51.488224	-3.186893
		51.624837	-3.94495
		50.152266	-5.065556
		50.726024	-3.543949
		51.512161	-0.116215
		53.751959	-0.335941
		53.803895	-1.549931
		54.980766	-1.615849
		53.409532	-3.000126
		51.289406	1.075802
		
c	8 4 3 6 7 10 5 9 0 1 11 12 14 13 2 15	2486.85043421276	0.751314956578724	8	4	3	6	7	10	5	9	0	1	11	12	14	13	2	15		
		54.892406	-2.923222
		53.478239	-2.258549
		53.803895	-1.549931
		53.751959	-0.335941
		54.980766	-1.615849
		55.862982	-4.263554
		53.409532	-3.000126
		55.958426	-3.186893
		52.486125	-1.890507
		51.460852	-2.588139
		51.488224	-3.186893
		51.624837	-3.94495
		50.152266	-5.065556
		50.726024	-3.543949
		51.512161	-0.116215
		51.289406	1.075802
		
c	1 6 7 9 10 8 5 3 4 0 11 12 14 13 2 15	2095.50712412773	0.790449287587227	1	6	7	9	10	8	5	3	4	0	11	12	14	13	2	15		
		51.460852	-2.588139
		53.751959	-0.335941
		54.980766	-1.615849
		55.958426	-3.186893
		55.862982	-4.263554
		54.892406	-2.923222
		53.409532	-3.000126
		53.803895	-1.549931
		53.478239	-2.258549
		52.486125	-1.890507
		51.488224	-3.186893
		51.624837	-3.94495
		50.152266	-5.065556
		50.726024	-3.543949
		51.512161	-0.116215
		51.289406	1.075802
		
c	0 1 12 2 7 10 9 8 5 6 3 4 11 14 13 15	2630.93803970841	0.736906196029159	0	1	12	2	7	10	9	8	5	6	3	4	11	14	13	15		
		52.486125	-1.890507
		51.460852	-2.588139
		51.624837	-3.94495
		51.512161	-0.116215
		54.980766	-1.615849
		55.862982	-4.263554
		55.958426	-3.186893
		54.892406	-2.923222
		53.409532	-3.000126
		53.751959	-0.335941
		53.803895	-1.549931
		53.478239	-2.258549
		51.488224	-3.186893
		50.152266	-5.065556
		50.726024	-3.543949
		51.289406	1.075802
		
c	1 6 7 10 9 8 5 4 3 0 11 12 14 13 15 2	2178.92317646261	0.782107682353739	1	6	7	10	9	8	5	4	3	0	11	12	14	13	15	2		
		51.460852	-2.588139
		53.751959	-0.335941
		54.980766	-1.615849
		55.862982	-4.263554
		55.958426	-3.186893
		54.892406	-2.923222
		53.409532	-3.000126
		53.478239	-2.258549
		53.803895	-1.549931
		52.486125	-1.890507
		51.488224	-3.186893
		51.624837	-3.94495
		50.152266	-5.065556
		50.726024	-3.543949
		51.289406	1.075802
		51.512161	-0.116215
		
c	9 8 4 3 6 7 10 5 11 12 14 13 1 2 15 0	2241.76111126363	0.775823888873637	9	8	4	3	6	7	10	5	11	12	14	13	1	2	15	0		
		55.958426	-3.186893
		54.892406	-2.923222
		53.478239	-2.258549
		53.803895	-1.549931
		53.751959	-0.335941
		54.980766	-1.615849
		55.862982	-4.263554
		53.409532	-3.000126
		51.488224	-3.186893
		51.624837	-3.94495
		50.152266	-5.065556
		50.726024	-3.543949
		51.460852	-2.588139
		51.512161	-0.116215
		51.289406	1.075802
		52.486125	-1.890507
		
c	2 15 0 4 3 6 7 9 10 8 5 1 11 12 14 13	1880.02258956848	0.811997741043152	2	15	0	4	3	6	7	9	10	8	5	1	11	12	14	13		
		51.512161	-0.116215
		51.289406	1.075802
		52.486125	-1.890507
		53.478239	-2.258549
		53.803895	-1.549931
		53.751959	-0.335941
		54.980766	-1.615849
		55.958426	-3.186893
		55.862982	-4.263554
		54.892406	-2.923222
		53.409532	-3.000126
		51.460852	-2.588139
		51.488224	-3.186893
		51.624837	-3.94495
		50.152266	-5.065556
		50.726024	-3.543949
		
c	11 12 5 6 3 7 0 4 9 10 8 1 14 13 2 15	2607.48999306587	0.739251000693413	11	12	5	6	3	7	0	4	9	10	8	1	14	13	2	15		
		51.488224	-3.186893
		51.624837	-3.94495
		53.409532	-3.000126
		53.751959	-0.335941
		53.803895	-1.549931
		54.980766	-1.615849
		52.486125	-1.890507
		53.478239	-2.258549
		55.958426	-3.186893
		55.862982	-4.263554
		54.892406	-2.923222
		51.460852	-2.588139
		50.152266	-5.065556
		50.726024	-3.543949
		51.512161	-0.116215
		51.289406	1.075802
		
c	14 13 11 1 12 2 15 3 0 6 4 7 10 9 8 5	2205.19257197574	0.779480742802426	14	13	11	1	12	2	15	3	0	6	4	7	10	9	8	5		
		50.152266	-5.065556
		50.726024	-3.543949
		51.488224	-3.186893
		51.460852	-2.588139
		51.624837	-3.94495
		51.512161	-0.116215
		51.289406	1.075802
		53.803895	-1.549931
		52.486125	-1.890507
		53.751959	-0.335941
		53.478239	-2.258549
		54.980766	-1.615849
		55.862982	-4.263554
		55.958426	-3.186893
		54.892406	-2.923222
		53.409532	-3.000126
		
c	8 4 9 5 12 11 14 13 1 2 15 6 0 3 7 10	2616.73862027132	0.738326137972869	8	4	9	5	12	11	14	13	1	2	15	6	0	3	7	10		
		54.892406	-2.923222
		53.478239	-2.258549
		55.958426	-3.186893
		53.409532	-3.000126
		51.624837	-3.94495
		51.488224	-3.186893
		50.152266	-5.065556
		50.726024	-3.543949
		51.460852	-2.588139
		51.512161	-0.116215
		51.289406	1.075802
		53.751959	-0.335941
		52.486125	-1.890507
		53.803895	-1.549931
		54.980766	-1.615849
		55.862982	-4.263554
		
c	5 6 3 4 0 1 11 12 14 7 9 10 8 13 2 15	2576.91639178261	0.742308360821738	5	6	3	4	0	1	11	12	14	7	9	10	8	13	2	15		
		53.409532	-3.000126
		53.751959	-0.335941
		53.803895	-1.549931
		53.478239	-2.258549
		52.486125	-1.890507
		51.460852	-2.588139
		51.488224	-3.186893
		51.624837	-3.94495
		50.152266	-5.065556
		54.980766	-1.615849
		55.958426	-3.186893
		55.862982	-4.263554
		54.892406	-2.923222
		50.726024	-3.543949
		51.512161	-0.116215
		51.289406	1.075802
		
c	13 11 1 2 15 0 4 3 7 10 9 8 5 6 12 14	2180.84491688086	0.781915508311914	13	11	1	2	15	0	4	3	7	10	9	8	5	6	12	14		
		50.726024	-3.543949
		51.488224	-3.186893
		51.460852	-2.588139
		51.512161	-0.116215
		51.289406	1.075802
		52.486125	-1.890507
		53.478239	-2.258549
		53.803895	-1.549931
		54.980766	-1.615849
		55.862982	-4.263554
		55.958426	-3.186893
		54.892406	-2.923222
		53.409532	-3.000126
		53.751959	-0.335941
		51.624837	-3.94495
		50.152266	-5.065556
		
c	14 5 7 9 10 8 4 1 11 6 3 0 12 13 2 15	2527.65951878316	0.747234048121684	14	5	7	9	10	8	4	1	11	6	3	0	12	13	2	15		
		50.152266	-5.065556
		53.409532	-3.000126
		54.980766	-1.615849
		55.958426	-3.186893
		55.862982	-4.263554
		54.892406	-2.923222
		53.478239	-2.258549
		51.460852	-2.588139
		51.488224	-3.186893
		53.751959	-0.335941
		53.803895	-1.549931
		52.486125	-1.890507
		51.624837	-3.94495
		50.726024	-3.543949
		51.512161	-0.116215
		51.289406	1.075802
		
c	7 10 9 8 5 6 12 14 13 11 1 2 15 0 4 3	2175.13933538817	0.782486066461183	7	10	9	8	5	6	12	14	13	11	1	2	15	0	4	3		
		54.980766	-1.615849
		55.862982	-4.263554
		55.958426	-3.186893
		54.892406	-2.923222
		53.409532	-3.000126
		53.751959	-0.335941
		51.624837	-3.94495
		50.152266	-5.065556
		50.726024	-3.543949
		51.488224	-3.186893
		51.460852	-2.588139
		51.512161	-0.116215
		51.289406	1.075802
		52.486125	-1.890507
		53.478239	-2.258549
		53.803895	-1.549931
		
c	4 3 6 11 1 2 15 7 9 10 8 5 0 12 14 13	2323.69542094197	0.767630457905803	4	3	6	11	1	2	15	7	9	10	8	5	0	12	14	13		
		53.478239	-2.258549
		53.803895	-1.549931
		53.751959	-0.335941
		51.488224	-3.186893
		51.460852	-2.588139
		51.512161	-0.116215
		51.289406	1.075802
		54.980766	-1.615849
		55.958426	-3.186893
		55.862982	-4.263554
		54.892406	-2.923222
		53.409532	-3.000126
		52.486125	-1.890507
		51.624837	-3.94495
		50.152266	-5.065556
		50.726024	-3.543949
		
c	15 6 4 3 8 5 0 1 11 12 14 13 7 9 10 2	2708.82420083381	0.729117579916619	15	6	4	3	8	5	0	1	11	12	14	13	7	9	10	2		
		51.289406	1.075802
		53.751959	-0.335941
		53.478239	-2.258549
		53.803895	-1.549931
		54.892406	-2.923222
		53.409532	-3.000126
		52.486125	-1.890507
		51.460852	-2.588139
		51.488224	-3.186893
		51.624837	-3.94495
		50.152266	-5.065556
		50.726024	-3.543949
		54.980766	-1.615849
		55.958426	-3.186893
		55.862982	-4.263554
		51.512161	-0.116215
		
c	4 11 12 14 13 1 3 7 10 9 6 8 5 0 2 15	2416.1319795878	0.75838680204122	4	11	12	14	13	1	3	7	10	9	6	8	5	0	2	15		
		53.478239	-2.258549
		51.488224	-3.186893
		51.624837	-3.94495
		50.152266	-5.065556
		50.726024	-3.543949
		51.460852	-2.588139
		53.803895	-1.549931
		54.980766	-1.615849
		55.862982	-4.263554
		55.958426	-3.186893
		53.751959	-0.335941
		54.892406	-2.923222
		53.409532	-3.000126
		52.486125	-1.890507
		51.512161	-0.116215
		51.289406	1.075802
		
c	3 4 5 0 2 15 6 7 10 9 8 1 11 12 14 13	2101.02035605189	0.789897964394811	3	4	5	0	2	15	6	7	10	9	8	1	11	12	14	13		
		53.803895	-1.549931
		53.478239	-2.258549
		53.409532	-3.000126
		52.486125	-1.890507
		51.512161	-0.116215
		51.289406	1.075802
		53.751959	-0.335941
		54.980766	-1.615849
		55.862982	-4.263554
		55.958426	-3.186893
		54.892406	-2.923222
		51.460852	-2.588139
		51.488224	-3.186893
		51.624837	-3.94495
		50.152266	-5.065556
		50.726024	-3.543949
		
c	4 3 7 10 5 6 9 8 0 1 11 12 14 13 2 15	2417.4670477575	0.75825329522425	4	3	7	10	5	6	9	8	0	1	11	12	14	13	2	15		
		53.478239	-2.258549
		53.803895	-1.549931
		54.980766	-1.615849
		55.862982	-4.263554
		53.409532	-3.000126
		53.751959	-0.335941
		55.958426	-3.186893
		54.892406	-2.923222
		52.486125	-1.890507
		51.460852	-2.588139
		51.488224	-3.186893
		51.624837	-3.94495
		50.152266	-5.065556
		50.726024	-3.543949
		51.512161	-0.116215
		51.289406	1.075802
		
c	3 6 7 10 5 4 9 8 0 1 11 12 14 13 2 15	2313.42344180982	0.768657655819018	3	6	7	10	5	4	9	8	0	1	11	12	14	13	2	15		
		53.803895	-1.549931
		53.751959	-0.335941
		54.980766	-1.615849
		55.862982	-4.263554
		53.409532	-3.000126
		53.478239	-2.258549
		55.958426	-3.186893
		54.892406	-2.923222
		52.486125	-1.890507
		51.460852	-2.588139
		51.488224	-3.186893
		51.624837	-3.94495
		50.152266	-5.065556
		50.726024	-3.543949
		51.512161	-0.116215
		51.289406	1.075802
		
c	12 14 13 11 1 2 15 0 4 3 6 7 9 10 8 5	1866.57074517762	0.813342925482238	12	14	13	11	1	2	15	0	4	3	6	7	9	10	8	5		
		51.624837	-3.94495
		50.152266	-5.065556
		50.726024	-3.543949
		51.488224	-3.186893
		51.460852	-2.588139
		51.512161	-0.116215
		51.289406	1.075802
		52.486125	-1.890507
		53.478239	-2.258549
		53.803895	-1.549931
		53.751959	-0.335941
		54.980766	-1.615849
		55.958426	-3.186893
		55.862982	-4.263554
		54.892406	-2.923222
		53.409532	-3.000126
		
c	4 3 6 7 10 9 8 5 1 11 12 0 2 15 14 13	2154.41845831993	0.784558154168007	4	3	6	7	10	9	8	5	1	11	12	0	2	15	14	13		
		53.478239	-2.258549
		53.803895	-1.549931
		53.751959	-0.335941
		54.980766	-1.615849
		55.862982	-4.263554
		55.958426	-3.186893
		54.892406	-2.923222
		53.409532	-3.000126
		51.460852	-2.588139
		51.488224	-3.186893
		51.624837	-3.94495
		52.486125	-1.890507
		51.512161	-0.116215
		51.289406	1.075802
		50.152266	-5.065556
		50.726024	-3.543949
		
c	12 14 5 4 3 6 7 9 10 8 0 1 11 13 2 15	2142.00962249636	0.785799037750364	12	14	5	4	3	6	7	9	10	8	0	1	11	13	2	15		
		51.624837	-3.94495
		50.152266	-5.065556
		53.409532	-3.000126
		53.478239	-2.258549
		53.803895	-1.549931
		53.751959	-0.335941
		54.980766	-1.615849
		55.958426	-3.186893
		55.862982	-4.263554
		54.892406	-2.923222
		52.486125	-1.890507
		51.460852	-2.588139
		51.488224	-3.186893
		50.726024	-3.543949
		51.512161	-0.116215
		51.289406	1.075802
		
c	15 6 0 4 3 7 5 12 11 14 13 1 2 10 9 8	2571.1243746311	0.74288756253689	15	6	0	4	3	7	5	12	11	14	13	1	2	10	9	8		
		51.289406	1.075802
		53.751959	-0.335941
		52.486125	-1.890507
		53.478239	-2.258549
		53.803895	-1.549931
		54.980766	-1.615849
		53.409532	-3.000126
		51.624837	-3.94495
		51.488224	-3.186893
		50.152266	-5.065556
		50.726024	-3.543949
		51.460852	-2.588139
		51.512161	-0.116215
		55.862982	-4.263554
		55.958426	-3.186893
		54.892406	-2.923222
		
c	7 4 3 10 9 8 6 5 0 1 11 12 14 13 15 2	2165.46367044773	0.783453632955227	7	4	3	10	9	8	6	5	0	1	11	12	14	13	15	2		
		54.980766	-1.615849
		53.478239	-2.258549
		53.803895	-1.549931
		55.862982	-4.263554
		55.958426	-3.186893
		54.892406	-2.923222
		53.751959	-0.335941
		53.409532	-3.000126
		52.486125	-1.890507
		51.460852	-2.588139
		51.488224	-3.186893
		51.624837	-3.94495
		50.152266	-5.065556
		50.726024	-3.543949
		51.289406	1.075802
		51.512161	-0.116215
		
c	13 1 2 15 0 6 10 9 11 14 4 3 7 5 12 8	3270.62097426958	0.672937902573042	13	1	2	15	0	6	10	9	11	14	4	3	7	5	12	8		
		50.726024	-3.543949
		51.460852	-2.588139
		51.512161	-0.116215
		51.289406	1.075802
		52.486125	-1.890507
		53.751959	-0.335941
		55.862982	-4.263554
		55.958426	-3.186893
		51.488224	-3.186893
		50.152266	-5.065556
		53.478239	-2.258549
		53.803895	-1.549931
		54.980766	-1.615849
		53.409532	-3.000126
		51.624837	-3.94495
		54.892406	-2.923222
		
c	4 3 11 12 14 13 1 2 15 6 7 10 9 8 5 0	2186.65663848308	0.781334336151692	4	3	11	12	14	13	1	2	15	6	7	10	9	8	5	0		
		53.478239	-2.258549
		53.803895	-1.549931
		51.488224	-3.186893
		51.624837	-3.94495
		50.152266	-5.065556
		50.726024	-3.543949
		51.460852	-2.588139
		51.512161	-0.116215
		51.289406	1.075802
		53.751959	-0.335941
		54.980766	-1.615849
		55.862982	-4.263554
		55.958426	-3.186893
		54.892406	-2.923222
		53.409532	-3.000126
		52.486125	-1.890507
		
c	7 10 9 8 5 15 6 3 4 0 1 11 12 14 13 2	2233.25834355496	0.776674165644504	7	10	9	8	5	15	6	3	4	0	1	11	12	14	13	2		
		54.980766	-1.615849
		55.862982	-4.263554
		55.958426	-3.186893
		54.892406	-2.923222
		53.409532	-3.000126
		51.289406	1.075802
		53.751959	-0.335941
		53.803895	-1.549931
		53.478239	-2.258549
		52.486125	-1.890507
		51.460852	-2.588139
		51.488224	-3.186893
		51.624837	-3.94495
		50.152266	-5.065556
		50.726024	-3.543949
		51.512161	-0.116215
		
c	10 9 6 7 8 3 4 5 0 1 11 12 14 13 2 15	1870.98442960428	0.812901557039572	10	9	6	7	8	3	4	5	0	1	11	12	14	13	2	15		
		55.862982	-4.263554
		55.958426	-3.186893
		53.751959	-0.335941
		54.980766	-1.615849
		54.892406	-2.923222
		53.803895	-1.549931
		53.478239	-2.258549
		53.409532	-3.000126
		52.486125	-1.890507
		51.460852	-2.588139
		51.488224	-3.186893
		51.624837	-3.94495
		50.152266	-5.065556
		50.726024	-3.543949
		51.512161	-0.116215
		51.289406	1.075802
		
c	7 9 10 8 0 1 6 4 3 5 15 12 11 14 13 2	2689.73853006252	0.731026146993748	7	9	10	8	0	1	6	4	3	5	15	12	11	14	13	2		
		54.980766	-1.615849
		55.958426	-3.186893
		55.862982	-4.263554
		54.892406	-2.923222
		52.486125	-1.890507
		51.460852	-2.588139
		53.751959	-0.335941
		53.478239	-2.258549
		53.803895	-1.549931
		53.409532	-3.000126
		51.289406	1.075802
		51.624837	-3.94495
		51.488224	-3.186893
		50.152266	-5.065556
		50.726024	-3.543949
		51.512161	-0.116215
		
c	3 4 0 1 12 2 7 10 9 8 5 6 11 14 13 15	2750.77364202543	0.724922635797457	3	4	0	1	12	2	7	10	9	8	5	6	11	14	13	15		
		53.803895	-1.549931
		53.478239	-2.258549
		52.486125	-1.890507
		51.460852	-2.588139
		51.624837	-3.94495
		51.512161	-0.116215
		54.980766	-1.615849
		55.862982	-4.263554
		55.958426	-3.186893
		54.892406	-2.923222
		53.409532	-3.000126
		53.751959	-0.335941
		51.488224	-3.186893
		50.152266	-5.065556
		50.726024	-3.543949
		51.289406	1.075802
		
c	5 12 6 7 9 10 8 3 4 0 1 11 14 13 2 15	2212.1556882371	0.77878443117629	5	12	6	7	9	10	8	3	4	0	1	11	14	13	2	15		
		53.409532	-3.000126
		51.624837	-3.94495
		53.751959	-0.335941
		54.980766	-1.615849
		55.958426	-3.186893
		55.862982	-4.263554
		54.892406	-2.923222
		53.803895	-1.549931
		53.478239	-2.258549
		52.486125	-1.890507
		51.460852	-2.588139
		51.488224	-3.186893
		50.152266	-5.065556
		50.726024	-3.543949
		51.512161	-0.116215
		51.289406	1.075802
		
c	10 8 4 9 5 12 11 14 13 1 2 15 6 0 3 7	2560.17448408176	0.743982551591824	10	8	4	9	5	12	11	14	13	1	2	15	6	0	3	7		
		55.862982	-4.263554
		54.892406	-2.923222
		53.478239	-2.258549
		55.958426	-3.186893
		53.409532	-3.000126
		51.624837	-3.94495
		51.488224	-3.186893
		50.152266	-5.065556
		50.726024	-3.543949
		51.460852	-2.588139
		51.512161	-0.116215
		51.289406	1.075802
		53.751959	-0.335941
		52.486125	-1.890507
		53.803895	-1.549931
		54.980766	-1.615849
		
c	14 5 6 10 9 8 0 1 11 12 13 2 15 3 4 7	2603.75060016218	0.739624939983782	14	5	6	10	9	8	0	1	11	12	13	2	15	3	4	7		
		50.152266	-5.065556
		53.409532	-3.000126
		53.751959	-0.335941
		55.862982	-4.263554
		55.958426	-3.186893
		54.892406	-2.923222
		52.486125	-1.890507
		51.460852	-2.588139
		51.488224	-3.186893
		51.624837	-3.94495
		50.726024	-3.543949
		51.512161	-0.116215
		51.289406	1.075802
		53.803895	-1.549931
		53.478239	-2.258549
		54.980766	-1.615849
		
g58		1794.61235065558	0.820538764934442	0	6	7	10	9	8	3	4	5	0	1	11	12	14	13	2	15		
		53.751959	-0.335941
		54.980766	-1.615849
		55.862982	-4.263554
		55.958426	-3.186893
		54.892406	-2.923222
		53.803895	-1.549931
		53.478239	-2.258549
		53.409532	-3.000126
		52.486125	-1.890507
		51.460852	-2.588139
		51.488224	-3.186893
		51.624837	-3.94495
		50.152266	-5.065556
		50.726024	-3.543949
		51.512161	-0.116215
		51.289406	1.075802
		
g58		1816.78660485524	0.818321339514476	1	7	9	10	8	5	6	3	4	0	1	11	12	14	13	2	15		
		54.980766	-1.615849
		55.958426	-3.186893
		55.862982	-4.263554
		54.892406	-2.923222
		53.409532	-3.000126
		53.751959	-0.335941
		53.803895	-1.549931
		53.478239	-2.258549
		52.486125	-1.890507
		51.460852	-2.588139
		51.488224	-3.186893
		51.624837	-3.94495
		50.152266	-5.065556
		50.726024	-3.543949
		51.512161	-0.116215
		51.289406	1.075802
		
g58		1821.93638973953	0.817806361026047	2	6	7	9	10	8	5	3	4	0	1	11	12	14	13	2	15		
		53.751959	-0.335941
		54.980766	-1.615849
		55.958426	-3.186893
		55.862982	-4.263554
		54.892406	-2.923222
		53.409532	-3.000126
		53.803895	-1.549931
		53.478239	-2.258549
		52.486125	-1.890507
		51.460852	-2.588139
		51.488224	-3.186893
		51.624837	-3.94495
		50.152266	-5.065556
		50.726024	-3.543949
		51.512161	-0.116215
		51.289406	1.075802
		
g58		1828.33630628242	0.817166369371758	3	3	6	7	10	9	8	4	5	0	1	11	12	14	13	2	15		
		53.803895	-1.549931
		53.751959	-0.335941
		54.980766	-1.615849
		55.862982	-4.263554
		55.958426	-3.186893
		54.892406	-2.923222
		53.478239	-2.258549
		53.409532	-3.000126
		52.486125	-1.890507
		51.460852	-2.588139
		51.488224	-3.186893
		51.624837	-3.94495
		50.152266	-5.065556
		50.726024	-3.543949
		51.512161	-0.116215
		51.289406	1.075802
		
g58		1844.43579025575	0.815556420974425	4	5	4	3	6	7	9	10	8	0	1	11	12	14	13	2	15		
		53.409532	-3.000126
		53.478239	-2.258549
		53.803895	-1.549931
		53.751959	-0.335941
		54.980766	-1.615849
		55.958426	-3.186893
		55.862982	-4.263554
		54.892406	-2.923222
		52.486125	-1.890507
		51.460852	-2.588139
		51.488224	-3.186893
		51.624837	-3.94495
		50.152266	-5.065556
		50.726024	-3.543949
		51.512161	-0.116215
		51.289406	1.075802
		
g58		1845.90090033943	0.815409909966057	5	6	7	9	10	8	4	5	3	0	1	11	12	14	13	2	15		
		53.751959	-0.335941
		54.980766	-1.615849
		55.958426	-3.186893
		55.862982	-4.263554
		54.892406	-2.923222
		53.478239	-2.258549
		53.409532	-3.000126
		53.803895	-1.549931
		52.486125	-1.890507
		51.460852	-2.588139
		51.488224	-3.186893
		51.624837	-3.94495
		50.152266	-5.065556
		50.726024	-3.543949
		51.512161	-0.116215
		51.289406	1.075802
		
