c	6 9 10 8 5 7 4 1 11 12 14 13 3 0 2 15	2438.43057126991	0.756156942873009	6	9	10	8	5	7	4	1	11	12	14	13	3	0	2	15		
		53.751959	-0.335941
		55.958426	-3.186893
		55.862982	-4.263554
		54.892406	-2.923222
		53.409532	-3.000126
		54.980766	-1.615849
		53.478239	-2.258549
		51.460852	-2.588139
		51.488224	-3.186893
		51.624837	-3.94495
		50.152266	-5.065556
		50.726024	-3.543949
		53.803895	-1.549931
		52.486125	-1.890507
		51.512161	-0.116215
		51.289406	1.075802
		
c	11 10 8 4 5 0 12 14 13 1 3 6 7 9 2 15	2827.53684328301	0.717246315671699	11	10	8	4	5	0	12	14	13	1	3	6	7	9	2	15		
		51.488224	-3.186893
		55.862982	-4.263554
		54.892406	-2.923222
		53.478239	-2.258549
		53.409532	-3.000126
		52.486125	-1.890507
		51.624837	-3.94495
		50.152266	-5.065556
		50.726024	-3.543949
		51.460852	-2.588139
		53.803895	-1.549931
		53.751959	-0.335941
		54.980766	-1.615849
		55.958426	-3.186893
		51.512161	-0.116215
		51.289406	1.075802
		
c	7 9 10 8 4 5 0 11 15 6 3 1 12 14 13 2	2427.24012882733	0.757275987117267	7	9	10	8	4	5	0	11	15	6	3	1	12	14	13	2		
		54.980766	-1.615849
		55.958426	-3.186893
		55.862982	-4.263554
		54.892406	-2.923222
		53.478239	-2.258549
		53.409532	-3.000126
		52.486125	-1.890507
		51.488224	-3.186893
		51.289406	1.075802
		53.751959	-0.335941
		53.803895	-1.549931
		51.460852	-2.588139
		51.624837	-3.94495
		50.152266	-5.065556
		50.726024	-3.543949
		51.512161	-0.116215
		
c	9 7 10 8 3 2 4 0 1 11 12 14 13 6 5 15	2747.22914041826	0.725277085958174	9	7	10	8	3	2	4	0	1	11	12	14	13	6	5	15		
		55.958426	-3.186893
		54.980766	-1.615849
		55.862982	-4.263554
		54.892406	-2.923222
		53.803895	-1.549931
		51.512161	-0.116215
		53.478239	-2.258549
		52.486125	-1.890507
		51.460852	-2.588139
		51.488224	-3.186893
		51.624837	-3.94495
		50.152266	-5.065556
		50.726024	-3.543949
		53.751959	-0.335941
		53.409532	-3.000126
		51.289406	1.075802
		
c	14 13 2 15 6 7 10 9 8 3 0 1 12 11 4 5	2149.42120072156	0.785057879927844	14	13	2	15	6	7	10	9	8	3	0	1	12	11	4	5		
		50.152266	-5.065556
		50.726024	-3.543949
		51.512161	-0.116215
		51.289406	1.075802
		53.751959	-0.335941
		54.980766	-1.615849
		55.862982	-4.263554
		55.958426	-3.186893
		54.892406	-2.923222
		53.803895	-1.549931
		52.486125	-1.890507
		51.460852	-2.588139
		51.624837	-3.94495
		51.488224	-3.186893
		53.478239	-2.258549
		53.409532	-3.000126
		
c	7 9 5 6 10 8 3 4 0 1 12 14 13 11 2 15	2327.54555847679	0.767245444152321	7	9	5	6	10	8	3	4	0	1	12	14	13	11	2	15		
		54.980766	-1.615849
		55.958426	-3.186893
		53.409532	-3.000126
		53.751959	-0.335941
		55.862982	-4.263554
		54.892406	-2.923222
		53.803895	-1.549931
		53.478239	-2.258549
		52.486125	-1.890507
		51.460852	-2.588139
		51.624837	-3.94495
		50.152266	-5.065556
		50.726024	-3.543949
		51.488224	-3.186893
		51.512161	-0.116215
		51.289406	1.075802
		
c	8 4 0 1 11 7 10 3 5 12 14 6 9 13 2 15	3563.800175241	0.643619982475901	8	4	0	1	11	7	10	3	5	12	14	6	9	13	2	15		
		54.892406	-2.923222
		53.478239	-2.258549
		52.486125	-1.890507
		51.460852	-2.588139
		51.488224	-3.186893
		54.980766	-1.615849
		55.862982	-4.263554
		53.803895	-1.549931
		53.409532	-3.000126
		51.624837	-3.94495
		50.152266	-5.065556
		53.751959	-0.335941
		55.958426	-3.186893
		50.726024	-3.543949
		51.512161	-0.116215
		51.289406	1.075802
		
c	10 8 4 6 7 9 5 3 0 1 11 12 14 13 2 15	2142.35550721478	0.785764449278522	10	8	4	6	7	9	5	3	0	1	11	12	14	13	2	15		
		55.862982	-4.263554
		54.892406	-2.923222
		53.478239	-2.258549
		53.751959	-0.335941
		54.980766	-1.615849
		55.958426	-3.186893
		53.409532	-3.000126
		53.803895	-1.549931
		52.486125	-1.890507
		51.460852	-2.588139
		51.488224	-3.186893
		51.624837	-3.94495
		50.152266	-5.065556
		50.726024	-3.543949
		51.512161	-0.116215
		51.289406	1.075802
		
c	5 6 7 9 10 8 4 0 1 11 12 14 13 3 2 15	2221.63422058749	0.777836577941251	5	6	7	9	10	8	4	0	1	11	12	14	13	3	2	15		
		53.409532	-3.000126
		53.751959	-0.335941
		54.980766	-1.615849
		55.958426	-3.186893
		55.862982	-4.263554
		54.892406	-2.923222
		53.478239	-2.258549
		52.486125	-1.890507
		51.460852	-2.588139
		51.488224	-3.186893
		51.624837	-3.94495
		50.152266	-5.065556
		50.726024	-3.543949
		53.803895	-1.549931
		51.512161	-0.116215
		51.289406	1.075802
		
c	12 14 13 2 9 10 8 3 4 5 6 7 0 1 11 15	2639.12039411913	0.736087960588087	12	14	13	2	9	10	8	3	4	5	6	7	0	1	11	15		
		51.624837	-3.94495
		50.152266	-5.065556
		50.726024	-3.543949
		51.512161	-0.116215
		55.958426	-3.186893
		55.862982	-4.263554
		54.892406	-2.923222
		53.803895	-1.549931
		53.478239	-2.258549
		53.409532	-3.000126
		53.751959	-0.335941
		54.980766	-1.615849
		52.486125	-1.890507
		51.460852	-2.588139
		51.488224	-3.186893
		51.289406	1.075802
		
c	4 5 6 7 0 1 11 12 14 13 2 9 10 8 3 15	2669.17051398343	0.733082948601657	4	5	6	7	0	1	11	12	14	13	2	9	10	8	3	15		
		53.478239	-2.258549
		53.409532	-3.000126
		53.751959	-0.335941
		54.980766	-1.615849
		52.486125	-1.890507
		51.460852	-2.588139
		51.488224	-3.186893
		51.624837	-3.94495
		50.152266	-5.065556
		50.726024	-3.543949
		51.512161	-0.116215
		55.958426	-3.186893
		55.862982	-4.263554
		54.892406	-2.923222
		53.803895	-1.549931
		51.289406	1.075802
		
c	1 12 14 13 2 15 6 7 10 9 8 3 5 4 0 11	2134.93756979746	0.786506243020254	1	12	14	13	2	15	6	7	10	9	8	3	5	4	0	11		
		51.460852	-2.588139
		51.624837	-3.94495
		50.152266	-5.065556
		50.726024	-3.543949
		51.512161	-0.116215
		51.289406	1.075802
		53.751959	-0.335941
		54.980766	-1.615849
		55.862982	-4.263554
		55.958426	-3.186893
		54.892406	-2.923222
		53.803895	-1.549931
		53.409532	-3.000126
		53.478239	-2.258549
		52.486125	-1.890507
		51.488224	-3.186893
		
c	13 2 15 6 7 10 9 5 8 3 4 0 1 12 14 11	2423.02072215764	0.757697927784236	13	2	15	6	7	10	9	5	8	3	4	0	1	12	14	11		
		50.726024	-3.543949
		51.512161	-0.116215
		51.289406	1.075802
		53.751959	-0.335941
		54.980766	-1.615849
		55.862982	-4.263554
		55.958426	-3.186893
		53.409532	-3.000126
		54.892406	-2.923222
		53.803895	-1.549931
		53.478239	-2.258549
		52.486125	-1.890507
		51.460852	-2.588139
		51.624837	-3.94495
		50.152266	-5.065556
		51.488224	-3.186893
		
c	6 10 8 3 4 0 1 12 14 13 2 15 7 9 5 11	2763.3434771115	0.72366565228885	6	10	8	3	4	0	1	12	14	13	2	15	7	9	5	11		
		53.751959	-0.335941
		55.862982	-4.263554
		54.892406	-2.923222
		53.803895	-1.549931
		53.478239	-2.258549
		52.486125	-1.890507
		51.460852	-2.588139
		51.624837	-3.94495
		50.152266	-5.065556
		50.726024	-3.543949
		51.512161	-0.116215
		51.289406	1.075802
		54.980766	-1.615849
		55.958426	-3.186893
		53.409532	-3.000126
		51.488224	-3.186893
		
c	1 14 13 11 2 15 0 3 4 5 12 6 7 9 10 8	2299.23869991213	0.770076130008787	1	14	13	11	2	15	0	3	4	5	12	6	7	9	10	8		
		51.460852	-2.588139
		50.152266	-5.065556
		50.726024	-3.543949
		51.488224	-3.186893
		51.512161	-0.116215
		51.289406	1.075802
		52.486125	-1.890507
		53.803895	-1.549931
		53.478239	-2.258549
		53.409532	-3.000126
		51.624837	-3.94495
		53.751959	-0.335941
		54.980766	-1.615849
		55.958426	-3.186893
		55.862982	-4.263554
		54.892406	-2.923222
		
c	0 1 3 4 12 14 13 11 5 6 9 10 8 7 2 15	2556.76006527562	0.744323993472438	0	1	3	4	12	14	13	11	5	6	9	10	8	7	2	15		
		52.486125	-1.890507
		51.460852	-2.588139
		53.803895	-1.549931
		53.478239	-2.258549
		51.624837	-3.94495
		50.152266	-5.065556
		50.726024	-3.543949
		51.488224	-3.186893
		53.409532	-3.000126
		53.751959	-0.335941
		55.958426	-3.186893
		55.862982	-4.263554
		54.892406	-2.923222
		54.980766	-1.615849
		51.512161	-0.116215
		51.289406	1.075802
		
c	8 0 1 11 7 10 9 5 6 3 4 12 14 13 2 15	2591.15252962719	0.740884747037281	8	0	1	11	7	10	9	5	6	3	4	12	14	13	2	15		
		54.892406	-2.923222
		52.486125	-1.890507
		51.460852	-2.588139
		51.488224	-3.186893
		54.980766	-1.615849
		55.862982	-4.263554
		55.958426	-3.186893
		53.409532	-3.000126
		53.751959	-0.335941
		53.803895	-1.549931
		53.478239	-2.258549
		51.624837	-3.94495
		50.152266	-5.065556
		50.726024	-3.543949
		51.512161	-0.116215
		51.289406	1.075802
		
c	8 4 5 0 1 11 12 9 10 7 14 13 6 3 2 15	2855.71558880206	0.714428441119794	8	4	5	0	1	11	12	9	10	7	14	13	6	3	2	15		
		54.892406	-2.923222
		53.478239	-2.258549
		53.409532	-3.000126
		52.486125	-1.890507
		51.460852	-2.588139
		51.488224	-3.186893
		51.624837	-3.94495
		55.958426	-3.186893
		55.862982	-4.263554
		54.980766	-1.615849
		50.152266	-5.065556
		50.726024	-3.543949
		53.751959	-0.335941
		53.803895	-1.549931
		51.512161	-0.116215
		51.289406	1.075802
		
c	7 9 4 11 0 1 12 14 13 2 15 6 10 8 3 5	2695.08968065142	0.730491031934858	7	9	4	11	0	1	12	14	13	2	15	6	10	8	3	5		
		54.980766	-1.615849
		55.958426	-3.186893
		53.478239	-2.258549
		51.488224	-3.186893
		52.486125	-1.890507
		51.460852	-2.588139
		51.624837	-3.94495
		50.152266	-5.065556
		50.726024	-3.543949
		51.512161	-0.116215
		51.289406	1.075802
		53.751959	-0.335941
		55.862982	-4.263554
		54.892406	-2.923222
		53.803895	-1.549931
		53.409532	-3.000126
		
c	0 1 3 4 5 11 12 14 13 6 7 9 10 8 2 15	2496.70734450222	0.750329265549779	0	1	3	4	5	11	12	14	13	6	7	9	10	8	2	15		
		52.486125	-1.890507
		51.460852	-2.588139
		53.803895	-1.549931
		53.478239	-2.258549
		53.409532	-3.000126
		51.488224	-3.186893
		51.624837	-3.94495
		50.152266	-5.065556
		50.726024	-3.543949
		53.751959	-0.335941
		54.980766	-1.615849
		55.958426	-3.186893
		55.862982	-4.263554
		54.892406	-2.923222
		51.512161	-0.116215
		51.289406	1.075802
		
c	9 10 8 3 4 5 0 11 12 2 15 1 14 13 6 7	2306.76642261317	0.769323357738683	9	10	8	3	4	5	0	11	12	2	15	1	14	13	6	7		
		55.958426	-3.186893
		55.862982	-4.263554
		54.892406	-2.923222
		53.803895	-1.549931
		53.478239	-2.258549
		53.409532	-3.000126
		52.486125	-1.890507
		51.488224	-3.186893
		51.624837	-3.94495
		51.512161	-0.116215
		51.289406	1.075802
		51.460852	-2.588139
		50.152266	-5.065556
		50.726024	-3.543949
		53.751959	-0.335941
		54.980766	-1.615849
		
c	12 4 0 1 11 14 13 2 6 7 9 10 8 3 5 15	2472.81116490333	0.752718883509667	12	4	0	1	11	14	13	2	6	7	9	10	8	3	5	15		
		51.624837	-3.94495
		53.478239	-2.258549
		52.486125	-1.890507
		51.460852	-2.588139
		51.488224	-3.186893
		50.152266	-5.065556
		50.726024	-3.543949
		51.512161	-0.116215
		53.751959	-0.335941
		54.980766	-1.615849
		55.958426	-3.186893
		55.862982	-4.263554
		54.892406	-2.923222
		53.803895	-1.549931
		53.409532	-3.000126
		51.289406	1.075802
		
c	9 10 8 3 4 5 6 7 0 1 11 12 14 13 2 15	1949.50503057618	0.805049496942382	9	10	8	3	4	5	6	7	0	1	11	12	14	13	2	15		
		55.958426	-3.186893
		55.862982	-4.263554
		54.892406	-2.923222
		53.803895	-1.549931
		53.478239	-2.258549
		53.409532	-3.000126
		53.751959	-0.335941
		54.980766	-1.615849
		52.486125	-1.890507
		51.460852	-2.588139
		51.488224	-3.186893
		51.624837	-3.94495
		50.152266	-5.065556
		50.726024	-3.543949
		51.512161	-0.116215
		51.289406	1.075802
		
c	12 14 13 11 3 6 7 9 10 8 1 2 15 5 4 0	2433.34793267153	0.756665206732847	12	14	13	11	3	6	7	9	10	8	1	2	15	5	4	0		
		51.624837	-3.94495
		50.152266	-5.065556
		50.726024	-3.543949
		51.488224	-3.186893
		53.803895	-1.549931
		53.751959	-0.335941
		54.980766	-1.615849
		55.958426	-3.186893
		55.862982	-4.263554
		54.892406	-2.923222
		51.460852	-2.588139
		51.512161	-0.116215
		51.289406	1.075802
		53.409532	-3.000126
		53.478239	-2.258549
		52.486125	-1.890507
		
c	3 0 11 12 14 13 2 15 1 6 7 9 10 8 4 5	2269.22826125795	0.773077173874205	3	0	11	12	14	13	2	15	1	6	7	9	10	8	4	5		
		53.803895	-1.549931
		52.486125	-1.890507
		51.488224	-3.186893
		51.624837	-3.94495
		50.152266	-5.065556
		50.726024	-3.543949
		51.512161	-0.116215
		51.289406	1.075802
		51.460852	-2.588139
		53.751959	-0.335941
		54.980766	-1.615849
		55.958426	-3.186893
		55.862982	-4.263554
		54.892406	-2.923222
		53.478239	-2.258549
		53.409532	-3.000126
		
c	10 8 4 0 1 11 12 3 6 7 9 5 14 13 2 15	2449.88231523203	0.755011768476797	10	8	4	0	1	11	12	3	6	7	9	5	14	13	2	15		
		55.862982	-4.263554
		54.892406	-2.923222
		53.478239	-2.258549
		52.486125	-1.890507
		51.460852	-2.588139
		51.488224	-3.186893
		51.624837	-3.94495
		53.803895	-1.549931
		53.751959	-0.335941
		54.980766	-1.615849
		55.958426	-3.186893
		53.409532	-3.000126
		50.152266	-5.065556
		50.726024	-3.543949
		51.512161	-0.116215
		51.289406	1.075802
		
c	0 11 12 14 13 6 3 1 2 15 7 9 10 8 5 4	2526.65625237292	0.747334374762708	0	11	12	14	13	6	3	1	2	15	7	9	10	8	5	4		
		52.486125	-1.890507
		51.488224	-3.186893
		51.624837	-3.94495
		50.152266	-5.065556
		50.726024	-3.543949
		53.751959	-0.335941
		53.803895	-1.549931
		51.460852	-2.588139
		51.512161	-0.116215
		51.289406	1.075802
		54.980766	-1.615849
		55.958426	-3.186893
		55.862982	-4.263554
		54.892406	-2.923222
		53.409532	-3.000126
		53.478239	-2.258549
		
c	3 6 7 9 10 8 4 5 1 14 13 11 12 0 2 15	1937.25699456778	0.806274300543222	3	6	7	9	10	8	4	5	1	14	13	11	12	0	2	15		
		53.803895	-1.549931
		53.751959	-0.335941
		54.980766	-1.615849
		55.958426	-3.186893
		55.862982	-4.263554
		54.892406	-2.923222
		53.478239	-2.258549
		53.409532	-3.000126
		51.460852	-2.588139
		50.152266	-5.065556
		50.726024	-3.543949
		51.488224	-3.186893
		51.624837	-3.94495
		52.486125	-1.890507
		51.512161	-0.116215
		51.289406	1.075802
		
c	13 6 7 9 10 8 5 3 4 0 1 11 12 14 2 15	2222.04735611071	0.777795264388929	13	6	7	9	10	8	5	3	4	0	1	11	12	14	2	15		
		50.726024	-3.543949
		53.751959	-0.335941
		54.980766	-1.615849
		55.958426	-3.186893
		55.862982	-4.263554
		54.892406	-2.923222
		53.409532	-3.000126
		53.803895	-1.549931
		53.478239	-2.258549
		52.486125	-1.890507
		51.460852	-2.588139
		51.488224	-3.186893
		51.624837	-3.94495
		50.152266	-5.065556
		51.512161	-0.116215
		51.289406	1.075802
		
c	0 1 11 12 14 3 5 6 7 9 10 8 4 13 2 15	2492.93063601511	0.750706936398489	0	1	11	12	14	3	5	6	7	9	10	8	4	13	2	15		
		52.486125	-1.890507
		51.460852	-2.588139
		51.488224	-3.186893
		51.624837	-3.94495
		50.152266	-5.065556
		53.803895	-1.549931
		53.409532	-3.000126
		53.751959	-0.335941
		54.980766	-1.615849
		55.958426	-3.186893
		55.862982	-4.263554
		54.892406	-2.923222
		53.478239	-2.258549
		50.726024	-3.543949
		51.512161	-0.116215
		51.289406	1.075802
		
c	5 6 9 10 8 7 3 4 0 1 11 12 14 13 2 15	1945.54298592482	0.805445701407518	5	6	9	10	8	7	3	4	0	1	11	12	14	13	2	15		
		53.409532	-3.000126
		53.751959	-0.335941
		55.958426	-3.186893
		55.862982	-4.263554
		54.892406	-2.923222
		54.980766	-1.615849
		53.803895	-1.549931
		53.478239	-2.258549
		52.486125	-1.890507
		51.460852	-2.588139
		51.488224	-3.186893
		51.624837	-3.94495
		50.152266	-5.065556
		50.726024	-3.543949
		51.512161	-0.116215
		51.289406	1.075802
		
c	1 3 8 4 5 6 7 9 10 0 11 12 14 13 2 15	2438.01736611266	0.756198263388734	1	3	8	4	5	6	7	9	10	0	11	12	14	13	2	15		
		51.460852	-2.588139
		53.803895	-1.549931
		54.892406	-2.923222
		53.478239	-2.258549
		53.409532	-3.000126
		53.751959	-0.335941
		54.980766	-1.615849
		55.958426	-3.186893
		55.862982	-4.263554
		52.486125	-1.890507
		51.488224	-3.186893
		51.624837	-3.94495
		50.152266	-5.065556
		50.726024	-3.543949
		51.512161	-0.116215
		51.289406	1.075802
		
c	6 7 0 1 11 12 14 9 10 8 5 3 4 13 2 15	2690.61926418884	0.730938073581116	6	7	0	1	11	12	14	9	10	8	5	3	4	13	2	15		
		53.751959	-0.335941
		54.980766	-1.615849
		52.486125	-1.890507
		51.460852	-2.588139
		51.488224	-3.186893
		51.624837	-3.94495
		50.152266	-5.065556
		55.958426	-3.186893
		55.862982	-4.263554
		54.892406	-2.923222
		53.409532	-3.000126
		53.803895	-1.549931
		53.478239	-2.258549
		50.726024	-3.543949
		51.512161	-0.116215
		51.289406	1.075802
		
c	6 3 4 12 14 13 11 2 7 10 9 8 0 5 1 15	2638.37585393575	0.736162414606425	6	3	4	12	14	13	11	2	7	10	9	8	0	5	1	15		
		53.751959	-0.335941
		53.803895	-1.549931
		53.478239	-2.258549
		51.624837	-3.94495
		50.152266	-5.065556
		50.726024	-3.543949
		51.488224	-3.186893
		51.512161	-0.116215
		54.980766	-1.615849
		55.862982	-4.263554
		55.958426	-3.186893
		54.892406	-2.923222
		52.486125	-1.890507
		53.409532	-3.000126
		51.460852	-2.588139
		51.289406	1.075802
		
c	3 4 0 1 12 11 14 9 10 8 5 6 7 13 2 15	2843.52928821627	0.715647071178373	3	4	0	1	12	11	14	9	10	8	5	6	7	13	2	15		
		53.803895	-1.549931
		53.478239	-2.258549
		52.486125	-1.890507
		51.460852	-2.588139
		51.624837	-3.94495
		51.488224	-3.186893
		50.152266	-5.065556
		55.958426	-3.186893
		55.862982	-4.263554
		54.892406	-2.923222
		53.409532	-3.000126
		53.751959	-0.335941
		54.980766	-1.615849
		50.726024	-3.543949
		51.512161	-0.116215
		51.289406	1.075802
		
c	4 1 11 12 14 13 6 3 7 9 10 8 5 0 2 15	2133.32608300197	0.786667391699803	4	1	11	12	14	13	6	3	7	9	10	8	5	0	2	15		
		53.478239	-2.258549
		51.460852	-2.588139
		51.488224	-3.186893
		51.624837	-3.94495
		50.152266	-5.065556
		50.726024	-3.543949
		53.751959	-0.335941
		53.803895	-1.549931
		54.980766	-1.615849
		55.958426	-3.186893
		55.862982	-4.263554
		54.892406	-2.923222
		53.409532	-3.000126
		52.486125	-1.890507
		51.512161	-0.116215
		51.289406	1.075802
		
c	6 7 9 10 8 4 5 12 1 14 13 11 2 3 0 15	2345.82395340394	0.765417604659606	6	7	9	10	8	4	5	12	1	14	13	11	2	3	0	15		
		53.751959	-0.335941
		54.980766	-1.615849
		55.958426	-3.186893
		55.862982	-4.263554
		54.892406	-2.923222
		53.478239	-2.258549
		53.409532	-3.000126
		51.624837	-3.94495
		51.460852	-2.588139
		50.152266	-5.065556
		50.726024	-3.543949
		51.488224	-3.186893
		51.512161	-0.116215
		53.803895	-1.549931
		52.486125	-1.890507
		51.289406	1.075802
		
c	7 9 10 8 3 5 4 0 1 11 2 14 13 12 6 15	2385.27228974184	0.761472771025816	7	9	10	8	3	5	4	0	1	11	2	14	13	12	6	15		
		54.980766	-1.615849
		55.958426	-3.186893
		55.862982	-4.263554
		54.892406	-2.923222
		53.803895	-1.549931
		53.409532	-3.000126
		53.478239	-2.258549
		52.486125	-1.890507
		51.460852	-2.588139
		51.488224	-3.186893
		51.512161	-0.116215
		50.152266	-5.065556
		50.726024	-3.543949
		51.624837	-3.94495
		53.751959	-0.335941
		51.289406	1.075802
		
c	3 1 2 15 7 6 9 10 8 4 5 0 12 14 13 11	2550.67634498985	0.744932365501015	3	1	2	15	7	6	9	10	8	4	5	0	12	14	13	11		
		53.803895	-1.549931
		51.460852	-2.588139
		51.512161	-0.116215
		51.289406	1.075802
		54.980766	-1.615849
		53.751959	-0.335941
		55.958426	-3.186893
		55.862982	-4.263554
		54.892406	-2.923222
		53.478239	-2.258549
		53.409532	-3.000126
		52.486125	-1.890507
		51.624837	-3.94495
		50.152266	-5.065556
		50.726024	-3.543949
		51.488224	-3.186893
		
c	6 7 9 10 8 4 5 0 11 12 14 13 1 2 3 15	2235.49245152488	0.776450754847512	6	7	9	10	8	4	5	0	11	12	14	13	1	2	3	15		
		53.751959	-0.335941
		54.980766	-1.615849
		55.958426	-3.186893
		55.862982	-4.263554
		54.892406	-2.923222
		53.478239	-2.258549
		53.409532	-3.000126
		52.486125	-1.890507
		51.488224	-3.186893
		51.624837	-3.94495
		50.152266	-5.065556
		50.726024	-3.543949
		51.460852	-2.588139
		51.512161	-0.116215
		53.803895	-1.549931
		51.289406	1.075802
		
c	8 3 4 5 0 1 11 12 14 13 9 10 7 6 2 15	2252.02031635795	0.774797968364205	8	3	4	5	0	1	11	12	14	13	9	10	7	6	2	15		
		54.892406	-2.923222
		53.803895	-1.549931
		53.478239	-2.258549
		53.409532	-3.000126
		52.486125	-1.890507
		51.460852	-2.588139
		51.488224	-3.186893
		51.624837	-3.94495
		50.152266	-5.065556
		50.726024	-3.543949
		55.958426	-3.186893
		55.862982	-4.263554
		54.980766	-1.615849
		53.751959	-0.335941
		51.512161	-0.116215
		51.289406	1.075802
		
c	3 1 8 4 5 6 7 9 10 0 11 12 14 13 2 15	2670.00792392423	0.732999207607577	3	1	8	4	5	6	7	9	10	0	11	12	14	13	2	15		
		53.803895	-1.549931
		51.460852	-2.588139
		54.892406	-2.923222
		53.478239	-2.258549
		53.409532	-3.000126
		53.751959	-0.335941
		54.980766	-1.615849
		55.958426	-3.186893
		55.862982	-4.263554
		52.486125	-1.890507
		51.488224	-3.186893
		51.624837	-3.94495
		50.152266	-5.065556
		50.726024	-3.543949
		51.512161	-0.116215
		51.289406	1.075802
		
c	7 9 10 8 6 4 5 3 0 1 11 12 13 14 2 15	1910.13196927403	0.808986803072598	7	9	10	8	6	4	5	3	0	1	11	12	13	14	2	15		
		54.980766	-1.615849
		55.958426	-3.186893
		55.862982	-4.263554
		54.892406	-2.923222
		53.751959	-0.335941
		53.478239	-2.258549
		53.409532	-3.000126
		53.803895	-1.549931
		52.486125	-1.890507
		51.460852	-2.588139
		51.488224	-3.186893
		51.624837	-3.94495
		50.726024	-3.543949
		50.152266	-5.065556
		51.512161	-0.116215
		51.289406	1.075802
		
c	12 14 8 4 3 6 7 9 10 5 0 1 11 13 2 15	2411.13043914657	0.758886956085343	12	14	8	4	3	6	7	9	10	5	0	1	11	13	2	15		
		51.624837	-3.94495
		50.152266	-5.065556
		54.892406	-2.923222
		53.478239	-2.258549
		53.803895	-1.549931
		53.751959	-0.335941
		54.980766	-1.615849
		55.958426	-3.186893
		55.862982	-4.263554
		53.409532	-3.000126
		52.486125	-1.890507
		51.460852	-2.588139
		51.488224	-3.186893
		50.726024	-3.543949
		51.512161	-0.116215
		51.289406	1.075802
		
c	4 9 5 3 6 7 10 8 0 1 11 12 14 13 2 15	2385.45858854149	0.761454141145851	4	9	5	3	6	7	10	8	0	1	11	12	14	13	2	15		
		53.478239	-2.258549
		55.958426	-3.186893
		53.409532	-3.000126
		53.803895	-1.549931
		53.751959	-0.335941
		54.980766	-1.615849
		55.862982	-4.263554
		54.892406	-2.923222
		52.486125	-1.890507
		51.460852	-2.588139
		51.488224	-3.186893
		51.624837	-3.94495
		50.152266	-5.065556
		50.726024	-3.543949
		51.512161	-0.116215
		51.289406	1.075802
		
c	3 5 4 0 1 6 7 10 9 8 11 12 14 13 2 15	2310.812818625	0.7689187181375	3	5	4	0	1	6	7	10	9	8	11	12	14	13	2	15		
		53.803895	-1.549931
		53.409532	-3.000126
		53.478239	-2.258549
		52.486125	-1.890507
		51.460852	-2.588139
		53.751959	-0.335941
		54.980766	-1.615849
		55.862982	-4.263554
		55.958426	-3.186893
		54.892406	-2.923222
		51.488224	-3.186893
		51.624837	-3.94495
		50.152266	-5.065556
		50.726024	-3.543949
		51.512161	-0.116215
		51.289406	1.075802
		
c	3 4 5 0 1 6 7 9 10 8 11 12 14 13 2 15	2249.18120760915	0.775081879239085	3	4	5	0	1	6	7	9	10	8	11	12	14	13	2	15		
		53.803895	-1.549931
		53.478239	-2.258549
		53.409532	-3.000126
		52.486125	-1.890507
		51.460852	-2.588139
		53.751959	-0.335941
		54.980766	-1.615849
		55.958426	-3.186893
		55.862982	-4.263554
		54.892406	-2.923222
		51.488224	-3.186893
		51.624837	-3.94495
		50.152266	-5.065556
		50.726024	-3.543949
		51.512161	-0.116215
		51.289406	1.075802
		
c	1 11 12 14 13 2 6 7 9 10 8 4 5 0 3 15	2238.1381035524	0.77618618964476	1	11	12	14	13	2	6	7	9	10	8	4	5	0	3	15		
		51.460852	-2.588139
		51.488224	-3.186893
		51.624837	-3.94495
		50.152266	-5.065556
		50.726024	-3.543949
		51.512161	-0.116215
		53.751959	-0.335941
		54.980766	-1.615849
		55.958426	-3.186893
		55.862982	-4.263554
		54.892406	-2.923222
		53.478239	-2.258549
		53.409532	-3.000126
		52.486125	-1.890507
		53.803895	-1.549931
		51.289406	1.075802
		
c	6 7 9 10 8 4 5 3 0 1 11 12 14 13 2 15	1845.90090033943	0.815409909966057	6	7	9	10	8	4	5	3	0	1	11	12	14	13	2	15		
		53.751959	-0.335941
		54.980766	-1.615849
		55.958426	-3.186893
		55.862982	-4.263554
		54.892406	-2.923222
		53.478239	-2.258549
		53.409532	-3.000126
		53.803895	-1.549931
		52.486125	-1.890507
		51.460852	-2.588139
		51.488224	-3.186893
		51.624837	-3.94495
		50.152266	-5.065556
		50.726024	-3.543949
		51.512161	-0.116215
		51.289406	1.075802
		
c	7 9 10 8 4 5 0 11 12 14 13 1 3 6 2 15	1986.29814164427	0.801370185835573	7	9	10	8	4	5	0	11	12	14	13	1	3	6	2	15		
		54.980766	-1.615849
		55.958426	-3.186893
		55.862982	-4.263554
		54.892406	-2.923222
		53.478239	-2.258549
		53.409532	-3.000126
		52.486125	-1.890507
		51.488224	-3.186893
		51.624837	-3.94495
		50.152266	-5.065556
		50.726024	-3.543949
		51.460852	-2.588139
		53.803895	-1.549931
		53.751959	-0.335941
		51.512161	-0.116215
		51.289406	1.075802
		
c	0 11 12 14 13 1 3 6 7 9 2 5 4 15 10 8	3224.62861809177	0.677537138190823	0	11	12	14	13	1	3	6	7	9	2	5	4	15	10	8		
		52.486125	-1.890507
		51.488224	-3.186893
		51.624837	-3.94495
		50.152266	-5.065556
		50.726024	-3.543949
		51.460852	-2.588139
		53.803895	-1.549931
		53.751959	-0.335941
		54.980766	-1.615849
		55.958426	-3.186893
		51.512161	-0.116215
		53.409532	-3.000126
		53.478239	-2.258549
		51.289406	1.075802
		55.862982	-4.263554
		54.892406	-2.923222
		
c	5 6 9 10 8 7 0 1 12 14 13 11 3 4 2 15	2355.13074065358	0.764486925934642	5	6	9	10	8	7	0	1	12	14	13	11	3	4	2	15		
		53.409532	-3.000126
		53.751959	-0.335941
		55.958426	-3.186893
		55.862982	-4.263554
		54.892406	-2.923222
		54.980766	-1.615849
		52.486125	-1.890507
		51.460852	-2.588139
		51.624837	-3.94495
		50.152266	-5.065556
		50.726024	-3.543949
		51.488224	-3.186893
		53.803895	-1.549931
		53.478239	-2.258549
		51.512161	-0.116215
		51.289406	1.075802
		
c	15 6 7 9 10 8 3 0 1 11 12 4 5 14 13 2	2374.38069572106	0.762561930427894	15	6	7	9	10	8	3	0	1	11	12	4	5	14	13	2		
		51.289406	1.075802
		53.751959	-0.335941
		54.980766	-1.615849
		55.958426	-3.186893
		55.862982	-4.263554
		54.892406	-2.923222
		53.803895	-1.549931
		52.486125	-1.890507
		51.460852	-2.588139
		51.488224	-3.186893
		51.624837	-3.94495
		53.478239	-2.258549
		53.409532	-3.000126
		50.152266	-5.065556
		50.726024	-3.543949
		51.512161	-0.116215
		
c	10 8 4 5 0 11 12 14 13 1 3 6 7 9 2 15	2362.62257877857	0.763737742122143	10	8	4	5	0	11	12	14	13	1	3	6	7	9	2	15		
		55.862982	-4.263554
		54.892406	-2.923222
		53.478239	-2.258549
		53.409532	-3.000126
		52.486125	-1.890507
		51.488224	-3.186893
		51.624837	-3.94495
		50.152266	-5.065556
		50.726024	-3.543949
		51.460852	-2.588139
		53.803895	-1.549931
		53.751959	-0.335941
		54.980766	-1.615849
		55.958426	-3.186893
		51.512161	-0.116215
		51.289406	1.075802
		
c	0 11 12 14 13 6 7 9 10 8 5 3 4 1 2 15	2228.85921372547	0.777114078627453	0	11	12	14	13	6	7	9	10	8	5	3	4	1	2	15		
		52.486125	-1.890507
		51.488224	-3.186893
		51.624837	-3.94495
		50.152266	-5.065556
		50.726024	-3.543949
		53.751959	-0.335941
		54.980766	-1.615849
		55.958426	-3.186893
		55.862982	-4.263554
		54.892406	-2.923222
		53.409532	-3.000126
		53.803895	-1.549931
		53.478239	-2.258549
		51.460852	-2.588139
		51.512161	-0.116215
		51.289406	1.075802
		
c	8 5 6 9 10 7 3 4 0 1 12 14 13 11 2 15	2128.63140644388	0.787136859355612	8	5	6	9	10	7	3	4	0	1	12	14	13	11	2	15		
		54.892406	-2.923222
		53.409532	-3.000126
		53.751959	-0.335941
		55.958426	-3.186893
		55.862982	-4.263554
		54.980766	-1.615849
		53.803895	-1.549931
		53.478239	-2.258549
		52.486125	-1.890507
		51.460852	-2.588139
		51.624837	-3.94495
		50.152266	-5.065556
		50.726024	-3.543949
		51.488224	-3.186893
		51.512161	-0.116215
		51.289406	1.075802
		
c	6 7 0 11 12 3 9 10 8 4 5 1 14 13 2 15	2516.42836413177	0.748357163586823	6	7	0	11	12	3	9	10	8	4	5	1	14	13	2	15		
		53.751959	-0.335941
		54.980766	-1.615849
		52.486125	-1.890507
		51.488224	-3.186893
		51.624837	-3.94495
		53.803895	-1.549931
		55.958426	-3.186893
		55.862982	-4.263554
		54.892406	-2.923222
		53.478239	-2.258549
		53.409532	-3.000126
		51.460852	-2.588139
		50.152266	-5.065556
		50.726024	-3.543949
		51.512161	-0.116215
		51.289406	1.075802
		
c	6 7 10 9 8 3 4 5 0 1 12 14 13 11 2 15	1840.26167568104	0.815973832431896	6	7	10	9	8	3	4	5	0	1	12	14	13	11	2	15		
		53.751959	-0.335941
		54.980766	-1.615849
		55.862982	-4.263554
		55.958426	-3.186893
		54.892406	-2.923222
		53.803895	-1.549931
		53.478239	-2.258549
		53.409532	-3.000126
		52.486125	-1.890507
		51.460852	-2.588139
		51.624837	-3.94495
		50.152266	-5.065556
		50.726024	-3.543949
		51.488224	-3.186893
		51.512161	-0.116215
		51.289406	1.075802
		
c	12 14 13 11 2 6 7 10 9 8 0 3 4 5 1 15	2405.059689636	0.7594940310364	12	14	13	11	2	6	7	10	9	8	0	3	4	5	1	15		
		51.624837	-3.94495
		50.152266	-5.065556
		50.726024	-3.543949
		51.488224	-3.186893
		51.512161	-0.116215
		53.751959	-0.335941
		54.980766	-1.615849
		55.862982	-4.263554
		55.958426	-3.186893
		54.892406	-2.923222
		52.486125	-1.890507
		53.803895	-1.549931
		53.478239	-2.258549
		53.409532	-3.000126
		51.460852	-2.588139
		51.289406	1.075802
		
c	12 14 13 1 2 3 6 7 9 10 8 5 4 0 11 15	2214.46466191859	0.778553533808141	12	14	13	1	2	3	6	7	9	10	8	5	4	0	11	15		
		51.624837	-3.94495
		50.152266	-5.065556
		50.726024	-3.543949
		51.460852	-2.588139
		51.512161	-0.116215
		53.803895	-1.549931
		53.751959	-0.335941
		54.980766	-1.615849
		55.958426	-3.186893
		55.862982	-4.263554
		54.892406	-2.923222
		53.409532	-3.000126
		53.478239	-2.258549
		52.486125	-1.890507
		51.488224	-3.186893
		51.289406	1.075802
		
c	7 10 3 0 11 12 14 13 2 15 1 6 9 8 4 5	2663.81040075367	0.733618959924633	7	10	3	0	11	12	14	13	2	15	1	6	9	8	4	5		
		54.980766	-1.615849
		55.862982	-4.263554
		53.803895	-1.549931
		52.486125	-1.890507
		51.488224	-3.186893
		51.624837	-3.94495
		50.152266	-5.065556
		50.726024	-3.543949
		51.512161	-0.116215
		51.289406	1.075802
		51.460852	-2.588139
		53.751959	-0.335941
		55.958426	-3.186893
		54.892406	-2.923222
		53.478239	-2.258549
		53.409532	-3.000126
		
c	6 9 7 10 8 3 5 4 0 1 11 12 14 13 2 15	2069.50425400481	0.793049574599519	6	9	7	10	8	3	5	4	0	1	11	12	14	13	2	15		
		53.751959	-0.335941
		55.958426	-3.186893
		54.980766	-1.615849
		55.862982	-4.263554
		54.892406	-2.923222
		53.803895	-1.549931
		53.409532	-3.000126
		53.478239	-2.258549
		52.486125	-1.890507
		51.460852	-2.588139
		51.488224	-3.186893
		51.624837	-3.94495
		50.152266	-5.065556
		50.726024	-3.543949
		51.512161	-0.116215
		51.289406	1.075802
		
c	5 1 12 14 13 2 15 6 7 10 9 8 3 4 0 11	2257.56824468174	0.774243175531826	5	1	12	14	13	2	15	6	7	10	9	8	3	4	0	11		
		53.409532	-3.000126
		51.460852	-2.588139
		51.624837	-3.94495
		50.152266	-5.065556
		50.726024	-3.543949
		51.512161	-0.116215
		51.289406	1.075802
		53.751959	-0.335941
		54.980766	-1.615849
		55.862982	-4.263554
		55.958426	-3.186893
		54.892406	-2.923222
		53.803895	-1.549931
		53.478239	-2.258549
		52.486125	-1.890507
		51.488224	-3.186893
		
c	4 1 11 3 6 7 9 10 8 5 0 12 14 13 2 15	2248.70076608044	0.775129923391956	4	1	11	3	6	7	9	10	8	5	0	12	14	13	2	15		
		53.478239	-2.258549
		51.460852	-2.588139
		51.488224	-3.186893
		53.803895	-1.549931
		53.751959	-0.335941
		54.980766	-1.615849
		55.958426	-3.186893
		55.862982	-4.263554
		54.892406	-2.923222
		53.409532	-3.000126
		52.486125	-1.890507
		51.624837	-3.94495
		50.152266	-5.065556
		50.726024	-3.543949
		51.512161	-0.116215
		51.289406	1.075802
		
c	3 0 1 12 14 13 5 4 11 2 6 7 10 9 8 15	2739.30567250119	0.726069432749881	3	0	1	12	14	13	5	4	11	2	6	7	10	9	8	15		
		53.803895	-1.549931
		52.486125	-1.890507
		51.460852	-2.588139
		51.624837	-3.94495
		50.152266	-5.065556
		50.726024	-3.543949
		53.409532	-3.000126
		53.478239	-2.258549
		51.488224	-3.186893
		51.512161	-0.116215
		53.751959	-0.335941
		54.980766	-1.615849
		55.862982	-4.263554
		55.958426	-3.186893
		54.892406	-2.923222
		51.289406	1.075802
		
c	0 1 11 12 14 13 2 15 3 6 7 9 10 8 4 5	2003.51034199785	0.799648965800215	0	1	11	12	14	13	2	15	3	6	7	9	10	8	4	5		
		52.486125	-1.890507
		51.460852	-2.588139
		51.488224	-3.186893
		51.624837	-3.94495
		50.152266	-5.065556
		50.726024	-3.543949
		51.512161	-0.116215
		51.289406	1.075802
		53.803895	-1.549931
		53.751959	-0.335941
		54.980766	-1.615849
		55.958426	-3.186893
		55.862982	-4.263554
		54.892406	-2.923222
		53.478239	-2.258549
		53.409532	-3.000126
		
c	4 0 1 6 7 9 10 8 11 12 14 13 3 5 2 15	2632.83965470338	0.736716034529662	4	0	1	6	7	9	10	8	11	12	14	13	3	5	2	15		
		53.478239	-2.258549
		52.486125	-1.890507
		51.460852	-2.588139
		53.751959	-0.335941
		54.980766	-1.615849
		55.958426	-3.186893
		55.862982	-4.263554
		54.892406	-2.923222
		51.488224	-3.186893
		51.624837	-3.94495
		50.152266	-5.065556
		50.726024	-3.543949
		53.803895	-1.549931
		53.409532	-3.000126
		51.512161	-0.116215
		51.289406	1.075802
		
c	13 2 15 1 6 7 9 10 8 4 5 3 0 11 12 14	2249.24620327133	0.775075379672867	13	2	15	1	6	7	9	10	8	4	5	3	0	11	12	14		
		50.726024	-3.543949
		51.512161	-0.116215
		51.289406	1.075802
		51.460852	-2.588139
		53.751959	-0.335941
		54.980766	-1.615849
		55.958426	-3.186893
		55.862982	-4.263554
		54.892406	-2.923222
		53.478239	-2.258549
		53.409532	-3.000126
		53.803895	-1.549931
		52.486125	-1.890507
		51.488224	-3.186893
		51.624837	-3.94495
		50.152266	-5.065556
		
c	5 4 0 1 11 12 14 13 6 9 10 8 7 3 2 15	2175.1276817735	0.78248723182265	5	4	0	1	11	12	14	13	6	9	10	8	7	3	2	15		
		53.409532	-3.000126
		53.478239	-2.258549
		52.486125	-1.890507
		51.460852	-2.588139
		51.488224	-3.186893
		51.624837	-3.94495
		50.152266	-5.065556
		50.726024	-3.543949
		53.751959	-0.335941
		55.958426	-3.186893
		55.862982	-4.263554
		54.892406	-2.923222
		54.980766	-1.615849
		53.803895	-1.549931
		51.512161	-0.116215
		51.289406	1.075802
		
c	0 8 4 5 1 11 12 14 13 9 10 7 6 3 2 15	2552.95572065191	0.744704427934809	0	8	4	5	1	11	12	14	13	9	10	7	6	3	2	15		
		52.486125	-1.890507
		54.892406	-2.923222
		53.478239	-2.258549
		53.409532	-3.000126
		51.460852	-2.588139
		51.488224	-3.186893
		51.624837	-3.94495
		50.152266	-5.065556
		50.726024	-3.543949
		55.958426	-3.186893
		55.862982	-4.263554
		54.980766	-1.615849
		53.751959	-0.335941
		53.803895	-1.549931
		51.512161	-0.116215
		51.289406	1.075802
		
c	2 11 15 8 3 4 5 0 1 12 14 13 9 10 7 6	2906.07167969675	0.709392832030325	2	11	15	8	3	4	5	0	1	12	14	13	9	10	7	6		
		51.512161	-0.116215
		51.488224	-3.186893
		51.289406	1.075802
		54.892406	-2.923222
		53.803895	-1.549931
		53.478239	-2.258549
		53.409532	-3.000126
		52.486125	-1.890507
		51.460852	-2.588139
		51.624837	-3.94495
		50.152266	-5.065556
		50.726024	-3.543949
		55.958426	-3.186893
		55.862982	-4.263554
		54.980766	-1.615849
		53.751959	-0.335941
		
c	2 15 11 12 14 13 9 6 7 5 8 10 3 4 0 1	2873.97639120625	0.712602360879375	2	15	11	12	14	13	9	6	7	5	8	10	3	4	0	1		
		51.512161	-0.116215
		51.289406	1.075802
		51.488224	-3.186893
		51.624837	-3.94495
		50.152266	-5.065556
		50.726024	-3.543949
		55.958426	-3.186893
		53.751959	-0.335941
		54.980766	-1.615849
		53.409532	-3.000126
		54.892406	-2.923222
		55.862982	-4.263554
		53.803895	-1.549931
		53.478239	-2.258549
		52.486125	-1.890507
		51.460852	-2.588139
		
c	4 0 1 11 2 13 15 6 7 9 10 8 12 14 3 5	3005.04444327464	0.699495555672536	4	0	1	11	2	13	15	6	7	9	10	8	12	14	3	5		
		53.478239	-2.258549
		52.486125	-1.890507
		51.460852	-2.588139
		51.488224	-3.186893
		51.512161	-0.116215
		50.726024	-3.543949
		51.289406	1.075802
		53.751959	-0.335941
		54.980766	-1.615849
		55.958426	-3.186893
		55.862982	-4.263554
		54.892406	-2.923222
		51.624837	-3.94495
		50.152266	-5.065556
		53.803895	-1.549931
		53.409532	-3.000126
		
c	10 8 4 0 1 2 13 15 6 7 9 11 12 14 3 5	3199.30706751304	0.680069293248696	10	8	4	0	1	2	13	15	6	7	9	11	12	14	3	5		
		55.862982	-4.263554
		54.892406	-2.923222
		53.478239	-2.258549
		52.486125	-1.890507
		51.460852	-2.588139
		51.512161	-0.116215
		50.726024	-3.543949
		51.289406	1.075802
		53.751959	-0.335941
		54.980766	-1.615849
		55.958426	-3.186893
		51.488224	-3.186893
		51.624837	-3.94495
		50.152266	-5.065556
		53.803895	-1.549931
		53.409532	-3.000126
		
c	13 6 3 7 9 10 8 5 4 0 1 11 12 14 2 15	2158.48978218837	0.784151021781163	13	6	3	7	9	10	8	5	4	0	1	11	12	14	2	15		
		50.726024	-3.543949
		53.751959	-0.335941
		53.803895	-1.549931
		54.980766	-1.615849
		55.958426	-3.186893
		55.862982	-4.263554
		54.892406	-2.923222
		53.409532	-3.000126
		53.478239	-2.258549
		52.486125	-1.890507
		51.460852	-2.588139
		51.488224	-3.186893
		51.624837	-3.94495
		50.152266	-5.065556
		51.512161	-0.116215
		51.289406	1.075802
		
c	8 5 4 0 3 1 11 12 14 13 6 7 10 9 2 15	2591.57437684308	0.740842562315692	8	5	4	0	3	1	11	12	14	13	6	7	10	9	2	15		
		54.892406	-2.923222
		53.409532	-3.000126
		53.478239	-2.258549
		52.486125	-1.890507
		53.803895	-1.549931
		51.460852	-2.588139
		51.488224	-3.186893
		51.624837	-3.94495
		50.152266	-5.065556
		50.726024	-3.543949
		53.751959	-0.335941
		54.980766	-1.615849
		55.862982	-4.263554
		55.958426	-3.186893
		51.512161	-0.116215
		51.289406	1.075802
		
c	6 7 9 10 8 4 5 1 14 13 2 3 0 11 12 15	2517.28795361892	0.748271204638108	6	7	9	10	8	4	5	1	14	13	2	3	0	11	12	15		
		53.751959	-0.335941
		54.980766	-1.615849
		55.958426	-3.186893
		55.862982	-4.263554
		54.892406	-2.923222
		53.478239	-2.258549
		53.409532	-3.000126
		51.460852	-2.588139
		50.152266	-5.065556
		50.726024	-3.543949
		51.512161	-0.116215
		53.803895	-1.549931
		52.486125	-1.890507
		51.488224	-3.186893
		51.624837	-3.94495
		51.289406	1.075802
		
c	12 2 13 15 6 7 9 10 4 8 3 0 1 11 5 14	3038.19543443398	0.696180456556602	12	2	13	15	6	7	9	10	4	8	3	0	1	11	5	14		
		51.624837	-3.94495
		51.512161	-0.116215
		50.726024	-3.543949
		51.289406	1.075802
		53.751959	-0.335941
		54.980766	-1.615849
		55.958426	-3.186893
		55.862982	-4.263554
		53.478239	-2.258549
		54.892406	-2.923222
		53.803895	-1.549931
		52.486125	-1.890507
		51.460852	-2.588139
		51.488224	-3.186893
		53.409532	-3.000126
		50.152266	-5.065556
		
c	12 14 13 0 1 11 5 6 9 10 8 7 3 4 2 15	2226.16934227875	0.777383065772125	12	14	13	0	1	11	5	6	9	10	8	7	3	4	2	15		
		51.624837	-3.94495
		50.152266	-5.065556
		50.726024	-3.543949
		52.486125	-1.890507
		51.460852	-2.588139
		51.488224	-3.186893
		53.409532	-3.000126
		53.751959	-0.335941
		55.958426	-3.186893
		55.862982	-4.263554
		54.892406	-2.923222
		54.980766	-1.615849
		53.803895	-1.549931
		53.478239	-2.258549
		51.512161	-0.116215
		51.289406	1.075802
		
c	13 15 6 7 9 10 8 4 0 1 11 12 14 3 5 2	2673.33708911865	0.732666291088135	13	15	6	7	9	10	8	4	0	1	11	12	14	3	5	2		
		50.726024	-3.543949
		51.289406	1.075802
		53.751959	-0.335941
		54.980766	-1.615849
		55.958426	-3.186893
		55.862982	-4.263554
		54.892406	-2.923222
		53.478239	-2.258549
		52.486125	-1.890507
		51.460852	-2.588139
		51.488224	-3.186893
		51.624837	-3.94495
		50.152266	-5.065556
		53.803895	-1.549931
		53.409532	-3.000126
		51.512161	-0.116215
		
c	8 5 3 4 0 1 11 12 14 13 2 6 7 9 10 15	2466.33306493933	0.753366693506067	8	5	3	4	0	1	11	12	14	13	2	6	7	9	10	15		
		54.892406	-2.923222
		53.409532	-3.000126
		53.803895	-1.549931
		53.478239	-2.258549
		52.486125	-1.890507
		51.460852	-2.588139
		51.488224	-3.186893
		51.624837	-3.94495
		50.152266	-5.065556
		50.726024	-3.543949
		51.512161	-0.116215
		53.751959	-0.335941
		54.980766	-1.615849
		55.958426	-3.186893
		55.862982	-4.263554
		51.289406	1.075802
		
c	11 5 6 4 0 1 12 14 13 2 15 7 9 10 8 3	2454.77741855252	0.754522258144748	11	5	6	4	0	1	12	14	13	2	15	7	9	10	8	3		
		51.488224	-3.186893
		53.409532	-3.000126
		53.751959	-0.335941
		53.478239	-2.258549
		52.486125	-1.890507
		51.460852	-2.588139
		51.624837	-3.94495
		50.152266	-5.065556
		50.726024	-3.543949
		51.512161	-0.116215
		51.289406	1.075802
		54.980766	-1.615849
		55.958426	-3.186893
		55.862982	-4.263554
		54.892406	-2.923222
		53.803895	-1.549931
		
c	4 5 0 1 11 12 14 13 9 10 6 7 8 3 2 15	2450.39184374512	0.754960815625488	4	5	0	1	11	12	14	13	9	10	6	7	8	3	2	15		
		53.478239	-2.258549
		53.409532	-3.000126
		52.486125	-1.890507
		51.460852	-2.588139
		51.488224	-3.186893
		51.624837	-3.94495
		50.152266	-5.065556
		50.726024	-3.543949
		55.958426	-3.186893
		55.862982	-4.263554
		53.751959	-0.335941
		54.980766	-1.615849
		54.892406	-2.923222
		53.803895	-1.549931
		51.512161	-0.116215
		51.289406	1.075802
		
c	13 6 7 9 10 8 3 0 1 12 2 15 5 4 11 14	2623.90998925193	0.737609001074807	13	6	7	9	10	8	3	0	1	12	2	15	5	4	11	14		
		50.726024	-3.543949
		53.751959	-0.335941
		54.980766	-1.615849
		55.958426	-3.186893
		55.862982	-4.263554
		54.892406	-2.923222
		53.803895	-1.549931
		52.486125	-1.890507
		51.460852	-2.588139
		51.624837	-3.94495
		51.512161	-0.116215
		51.289406	1.075802
		53.409532	-3.000126
		53.478239	-2.258549
		51.488224	-3.186893
		50.152266	-5.065556
		
c	3 5 6 7 9 10 8 4 0 1 11 12 14 13 2 15	1940.893000935	0.8059106999065	3	5	6	7	9	10	8	4	0	1	11	12	14	13	2	15		
		53.803895	-1.549931
		53.409532	-3.000126
		53.751959	-0.335941
		54.980766	-1.615849
		55.958426	-3.186893
		55.862982	-4.263554
		54.892406	-2.923222
		53.478239	-2.258549
		52.486125	-1.890507
		51.460852	-2.588139
		51.488224	-3.186893
		51.624837	-3.94495
		50.152266	-5.065556
		50.726024	-3.543949
		51.512161	-0.116215
		51.289406	1.075802
		
c	1 12 14 13 11 2 5 4 0 15 6 7 9 10 8 3	2348.9566102788	0.76510433897212	1	12	14	13	11	2	5	4	0	15	6	7	9	10	8	3		
		51.460852	-2.588139
		51.624837	-3.94495
		50.152266	-5.065556
		50.726024	-3.543949
		51.488224	-3.186893
		51.512161	-0.116215
		53.409532	-3.000126
		53.478239	-2.258549
		52.486125	-1.890507
		51.289406	1.075802
		53.751959	-0.335941
		54.980766	-1.615849
		55.958426	-3.186893
		55.862982	-4.263554
		54.892406	-2.923222
		53.803895	-1.549931
		
c	8 4 0 1 11 12 14 2 6 7 3 9 10 5 13 15	2840.61884372629	0.715938115627371	8	4	0	1	11	12	14	2	6	7	3	9	10	5	13	15		
		54.892406	-2.923222
		53.478239	-2.258549
		52.486125	-1.890507
		51.460852	-2.588139
		51.488224	-3.186893
		51.624837	-3.94495
		50.152266	-5.065556
		51.512161	-0.116215
		53.751959	-0.335941
		54.980766	-1.615849
		53.803895	-1.549931
		55.958426	-3.186893
		55.862982	-4.263554
		53.409532	-3.000126
		50.726024	-3.543949
		51.289406	1.075802
		
c	6 7 3 0 9 10 8 4 1 11 12 14 13 5 2 15	2505.35390889571	0.749464609110429	6	7	3	0	9	10	8	4	1	11	12	14	13	5	2	15		
		53.751959	-0.335941
		54.980766	-1.615849
		53.803895	-1.549931
		52.486125	-1.890507
		55.958426	-3.186893
		55.862982	-4.263554
		54.892406	-2.923222
		53.478239	-2.258549
		51.460852	-2.588139
		51.488224	-3.186893
		51.624837	-3.94495
		50.152266	-5.065556
		50.726024	-3.543949
		53.409532	-3.000126
		51.512161	-0.116215
		51.289406	1.075802
		
c	1 11 12 14 3 6 7 9 10 8 5 4 0 13 2 15	2236.93879176341	0.776306120823659	1	11	12	14	3	6	7	9	10	8	5	4	0	13	2	15		
		51.460852	-2.588139
		51.488224	-3.186893
		51.624837	-3.94495
		50.152266	-5.065556
		53.803895	-1.549931
		53.751959	-0.335941
		54.980766	-1.615849
		55.958426	-3.186893
		55.862982	-4.263554
		54.892406	-2.923222
		53.409532	-3.000126
		53.478239	-2.258549
		52.486125	-1.890507
		50.726024	-3.543949
		51.512161	-0.116215
		51.289406	1.075802
		
c	0 1 4 11 3 6 7 9 10 8 5 12 14 13 2 15	2472.48839221698	0.752751160778302	0	1	4	11	3	6	7	9	10	8	5	12	14	13	2	15		
		52.486125	-1.890507
		51.460852	-2.588139
		53.478239	-2.258549
		51.488224	-3.186893
		53.803895	-1.549931
		53.751959	-0.335941
		54.980766	-1.615849
		55.958426	-3.186893
		55.862982	-4.263554
		54.892406	-2.923222
		53.409532	-3.000126
		51.624837	-3.94495
		50.152266	-5.065556
		50.726024	-3.543949
		51.512161	-0.116215
		51.289406	1.075802
		
c	3 4 5 6 9 10 8 7 0 1 12 14 13 11 2 15	2074.90768357891	0.792509231642109	3	4	5	6	9	10	8	7	0	1	12	14	13	11	2	15		
		53.803895	-1.549931
		53.478239	-2.258549
		53.409532	-3.000126
		53.751959	-0.335941
		55.958426	-3.186893
		55.862982	-4.263554
		54.892406	-2.923222
		54.980766	-1.615849
		52.486125	-1.890507
		51.460852	-2.588139
		51.624837	-3.94495
		50.152266	-5.065556
		50.726024	-3.543949
		51.488224	-3.186893
		51.512161	-0.116215
		51.289406	1.075802
		
c	9 5 3 0 1 11 12 13 14 2 15 6 7 10 8 4	2395.04852131413	0.760495147868587	9	5	3	0	1	11	12	13	14	2	15	6	7	10	8	4		
		55.958426	-3.186893
		53.409532	-3.000126
		53.803895	-1.549931
		52.486125	-1.890507
		51.460852	-2.588139
		51.488224	-3.186893
		51.624837	-3.94495
		50.726024	-3.543949
		50.152266	-5.065556
		51.512161	-0.116215
		51.289406	1.075802
		53.751959	-0.335941
		54.980766	-1.615849
		55.862982	-4.263554
		54.892406	-2.923222
		53.478239	-2.258549
		
c	4 0 1 11 12 14 13 2 6 7 9 10 8 3 5 15	2274.79780288208	0.772520219711792	4	0	1	11	12	14	13	2	6	7	9	10	8	3	5	15		
		53.478239	-2.258549
		52.486125	-1.890507
		51.460852	-2.588139
		51.488224	-3.186893
		51.624837	-3.94495
		50.152266	-5.065556
		50.726024	-3.543949
		51.512161	-0.116215
		53.751959	-0.335941
		54.980766	-1.615849
		55.958426	-3.186893
		55.862982	-4.263554
		54.892406	-2.923222
		53.803895	-1.549931
		53.409532	-3.000126
		51.289406	1.075802
		
c	1 11 12 14 13 2 3 0 15 6 7 9 10 8 4 5	2336.43794502222	0.766356205497778	1	11	12	14	13	2	3	0	15	6	7	9	10	8	4	5		
		51.460852	-2.588139
		51.488224	-3.186893
		51.624837	-3.94495
		50.152266	-5.065556
		50.726024	-3.543949
		51.512161	-0.116215
		53.803895	-1.549931
		52.486125	-1.890507
		51.289406	1.075802
		53.751959	-0.335941
		54.980766	-1.615849
		55.958426	-3.186893
		55.862982	-4.263554
		54.892406	-2.923222
		53.478239	-2.258549
		53.409532	-3.000126
		
g81		1758.37881581719	0.824162118418281	0	6	3	7	9	10	8	5	4	0	1	11	12	14	13	2	15		
		53.751959	-0.335941
		53.803895	-1.549931
		54.980766	-1.615849
		55.958426	-3.186893
		55.862982	-4.263554
		54.892406	-2.923222
		53.409532	-3.000126
		53.478239	-2.258549
		52.486125	-1.890507
		51.460852	-2.588139
		51.488224	-3.186893
		51.624837	-3.94495
		50.152266	-5.065556
		50.726024	-3.543949
		51.512161	-0.116215
		51.289406	1.075802
		
g81		1764.36174716627	0.823563825283373	1	6	7	9	10	8	3	4	5	0	11	12	14	13	1	2	15		
		53.751959	-0.335941
		54.980766	-1.615849
		55.958426	-3.186893
		55.862982	-4.263554
		54.892406	-2.923222
		53.803895	-1.549931
		53.478239	-2.258549
		53.409532	-3.000126
		52.486125	-1.890507
		51.488224	-3.186893
		51.624837	-3.94495
		50.152266	-5.065556
		50.726024	-3.543949
		51.460852	-2.588139
		51.512161	-0.116215
		51.289406	1.075802
		
g81		1785.41447966156	0.821458552033844	2	9	10	8	7	5	6	3	4	0	1	11	12	14	13	2	15		
		55.958426	-3.186893
		55.862982	-4.263554
		54.892406	-2.923222
		54.980766	-1.615849
		53.409532	-3.000126
		53.751959	-0.335941
		53.803895	-1.549931
		53.478239	-2.258549
		52.486125	-1.890507
		51.460852	-2.588139
		51.488224	-3.186893
		51.624837	-3.94495
		50.152266	-5.065556
		50.726024	-3.543949
		51.512161	-0.116215
		51.289406	1.075802
		
g81		1787.2678443766	0.82127321556234	3	3	6	7	9	10	8	5	4	0	1	11	12	14	13	2	15		
		53.803895	-1.549931
		53.751959	-0.335941
		54.980766	-1.615849
		55.958426	-3.186893
		55.862982	-4.263554
		54.892406	-2.923222
		53.409532	-3.000126
		53.478239	-2.258549
		52.486125	-1.890507
		51.460852	-2.588139
		51.488224	-3.186893
		51.624837	-3.94495
		50.152266	-5.065556
		50.726024	-3.543949
		51.512161	-0.116215
		51.289406	1.075802
		
g81		1794.61235065558	0.820538764934442	4	6	7	10	9	8	3	4	5	0	1	11	12	14	13	2	15		
		53.751959	-0.335941
		54.980766	-1.615849
		55.862982	-4.263554
		55.958426	-3.186893
		54.892406	-2.923222
		53.803895	-1.549931
		53.478239	-2.258549
		53.409532	-3.000126
		52.486125	-1.890507
		51.460852	-2.588139
		51.488224	-3.186893
		51.624837	-3.94495
		50.152266	-5.065556
		50.726024	-3.543949
		51.512161	-0.116215
		51.289406	1.075802
		
g81		1797.80495121807	0.820219504878193	5	6	7	9	10	8	3	5	4	0	1	11	12	14	13	2	15		
		53.751959	-0.335941
		54.980766	-1.615849
		55.958426	-3.186893
		55.862982	-4.263554
		54.892406	-2.923222
		53.803895	-1.549931
		53.409532	-3.000126
		53.478239	-2.258549
		52.486125	-1.890507
		51.460852	-2.588139
		51.488224	-3.186893
		51.624837	-3.94495
		50.152266	-5.065556
		50.726024	-3.543949
		51.512161	-0.116215
		51.289406	1.075802
		
