c	9 8 3 4 5 0 12 6 7 10 11 14 13 1 2 15	2546.833281	0.745316672	9	8	3	4	5	0	12	6	7	10	11	14	13	1	2	15	
		55.958426	-3.186893																	
		54.892406	-2.923222																	
		53.803895	-1.549931																	
		53.478239	-2.258549																	
		53.409532	-3.000126																	
		52.486125	-1.890507																	
		51.624837	-3.94495																	
		53.751959	-0.335941																	
		54.980766	-1.615849																	
		55.862982	-4.263554																	
		51.488224	-3.186893																	
		50.152266	-5.065556																	
		50.726024	-3.543949																	
		51.460852	-2.588139																	
		51.512161	-0.116215																	
		51.289406	1.075802																	
																				
c	10 8 5 4 0 6 1 2 15 7 9 13 11 12 14 3	3167.698826	0.683230117	10	8	5	4	0	6	1	2	15	7	9	13	11	12	14	3	
		55.862982	-4.263554																	
		54.892406	-2.923222																	
		53.409532	-3.000126																	
		53.478239	-2.258549																	
		52.486125	-1.890507																	
		53.751959	-0.335941																	
		51.460852	-2.588139																	
		51.512161	-0.116215																	
		51.289406	1.075802																	
		54.980766	-1.615849																	
		55.958426	-3.186893																	
		50.726024	-3.543949																	
		51.488224	-3.186893																	
		51.624837	-3.94495																	
		50.152266	-5.065556																	
		53.803895	-1.549931																	
																				
c	8 3 4 5 0 11 12 6 7 10 9 14 13 1 2 15	2489.107826	0.751089217	8	3	4	5	0	11	12	6	7	10	9	14	13	1	2	15	
		54.892406	-2.923222																	
		53.803895	-1.549931																	
		53.478239	-2.258549																	
		53.409532	-3.000126																	
		52.486125	-1.890507																	
		51.488224	-3.186893																	
		51.624837	-3.94495																	
		53.751959	-0.335941																	
		54.980766	-1.615849																	
		55.862982	-4.263554																	
		55.958426	-3.186893																	
		50.152266	-5.065556																	
		50.726024	-3.543949																	
		51.460852	-2.588139																	
		51.512161	-0.116215																	
		51.289406	1.075802																	
																				
c	12 14 1 2 15 9 7 6 10 8 3 4 5 11 0 13	2886.025448	0.711397455	12	14	1	2	15	9	7	6	10	8	3	4	5	11	0	13	
		51.624837	-3.94495																	
		50.152266	-5.065556																	
		51.460852	-2.588139																	
		51.512161	-0.116215																	
		51.289406	1.075802																	
		55.958426	-3.186893																	
		54.980766	-1.615849																	
		53.751959	-0.335941																	
		55.862982	-4.263554																	
		54.892406	-2.923222																	
		53.803895	-1.549931																	
		53.478239	-2.258549																	
		53.409532	-3.000126																	
		51.488224	-3.186893																	
		52.486125	-1.890507																	
		50.726024	-3.543949																	
																				
c	13 11 12 1 2 15 6 5 7 9 10 8 3 4 0 14	2177.622314	0.782237769	13	11	12	1	2	15	6	5	7	9	10	8	3	4	0	14	
		50.726024	-3.543949																	
		51.488224	-3.186893																	
		51.624837	-3.94495																	
		51.460852	-2.588139																	
		51.512161	-0.116215																	
		51.289406	1.075802																	
		53.751959	-0.335941																	
		53.409532	-3.000126																	
		54.980766	-1.615849																	
		55.958426	-3.186893																	
		55.862982	-4.263554																	
		54.892406	-2.923222																	
		53.803895	-1.549931																	
		53.478239	-2.258549																	
		52.486125	-1.890507																	
		50.152266	-5.065556																	
																				
c	0 1 6 7 8 10 9 3 4 5 11 12 14 13 2 15	2155.982991	0.784401701	0	1	6	7	8	10	9	3	4	5	11	12	14	13	2	15	
		52.486125	-1.890507																	
		51.460852	-2.588139																	
		53.751959	-0.335941																	
		54.980766	-1.615849																	
		54.892406	-2.923222																	
		55.862982	-4.263554																	
		55.958426	-3.186893																	
		53.803895	-1.549931																	
		53.478239	-2.258549																	
		53.409532	-3.000126																	
		51.488224	-3.186893																	
		51.624837	-3.94495																	
		50.152266	-5.065556																	
		50.726024	-3.543949																	
		51.512161	-0.116215																	
		51.289406	1.075802																	
																				
c	6 7 9 3 10 8 5 4 0 11 12 14 13 1 2 15	2187.166148	0.781283385	6	7	9	3	10	8	5	4	0	11	12	14	13	1	2	15	
		53.751959	-0.335941																	
		54.980766	-1.615849																	
		55.958426	-3.186893																	
		53.803895	-1.549931																	
		55.862982	-4.263554																	
		54.892406	-2.923222																	
		53.409532	-3.000126																	
		53.478239	-2.258549																	
		52.486125	-1.890507																	
		51.488224	-3.186893																	
		51.624837	-3.94495																	
		50.152266	-5.065556																	
		50.726024	-3.543949																	
		51.460852	-2.588139																	
		51.512161	-0.116215																	
		51.289406	1.075802																	
																				
c	8 5 3 6 4 0 1 11 9 10 7 12 14 13 2 15	2569.349002	0.7430651	8	5	3	6	4	0	1	11	9	10	7	12	14	13	2	15	
		54.892406	-2.923222																	
		53.409532	-3.000126																	
		53.803895	-1.549931																	
		53.751959	-0.335941																	
		53.478239	-2.258549																	
		52.486125	-1.890507																	
		51.460852	-2.588139																	
		51.488224	-3.186893																	
		55.958426	-3.186893																	
		55.862982	-4.263554																	
		54.980766	-1.615849																	
		51.624837	-3.94495																	
		50.152266	-5.065556																	
		50.726024	-3.543949																	
		51.512161	-0.116215																	
		51.289406	1.075802																	
																				
c	13 2 15 6 7 5 4 0 1 11 12 14 9 10 8 3	2564.473095	0.743552691	13	2	15	6	7	5	4	0	1	11	12	14	9	10	8	3	
		50.726024	-3.543949																	
		51.512161	-0.116215																	
		51.289406	1.075802																	
		53.751959	-0.335941																	
		54.980766	-1.615849																	
		53.409532	-3.000126																	
		53.478239	-2.258549																	
		52.486125	-1.890507																	
		51.460852	-2.588139																	
		51.488224	-3.186893																	
		51.624837	-3.94495																	
		50.152266	-5.065556																	
		55.958426	-3.186893																	
		55.862982	-4.263554																	
		54.892406	-2.923222																	
		53.803895	-1.549931																	
																				
c	12 13 14 2 15 6 7 9 3 10 8 5 4 0 11 1	2488.530331	0.751146967	12	13	14	2	15	6	7	9	3	10	8	5	4	0	11	1	
		51.624837	-3.94495																	
		50.726024	-3.543949																	
		50.152266	-5.065556																	
		51.512161	-0.116215																	
		51.289406	1.075802																	
		53.751959	-0.335941																	
		54.980766	-1.615849																	
		55.958426	-3.186893																	
		53.803895	-1.549931																	
		55.862982	-4.263554																	
		54.892406	-2.923222																	
		53.409532	-3.000126																	
		53.478239	-2.258549																	
		52.486125	-1.890507																	
		51.488224	-3.186893																	
		51.460852	-2.588139																	
																				
c	7 9 10 5 0 13 11 3 8 4 6 1 12 14 2 15	2704.360588	0.729563941	7	9	10	5	0	13	11	3	8	4	6	1	12	14	2	15	
		54.980766	-1.615849																	
		55.958426	-3.186893																	
		55.862982	-4.263554																	
		53.409532	-3.000126																	
		52.486125	-1.890507																	
		50.726024	-3.543949																	
		51.488224	-3.186893																	
		53.803895	-1.549931																	
		54.892406	-2.923222																	
		53.478239	-2.258549																	
		53.751959	-0.335941																	
		51.460852	-2.588139																	
		51.624837	-3.94495																	
		50.152266	-5.065556																	
		51.512161	-0.116215																	
		51.289406	1.075802																	
																				
c	6 7 9 10 14 11 12 13 1 0 8 3 5 4 2 15	2528.097602	0.74719024	6	7	9	10	14	11	12	13	1	0	8	3	5	4	2	15	
		53.751959	-0.335941																	
		54.980766	-1.615849																	
		55.958426	-3.186893																	
		55.862982	-4.263554																	
		50.152266	-5.065556																	
		51.488224	-3.186893																	
		51.624837	-3.94495																	
		50.726024	-3.543949																	
		51.460852	-2.588139																	
		52.486125	-1.890507																	
		54.892406	-2.923222																	
		53.803895	-1.549931																	
		53.409532	-3.000126																	
		53.478239	-2.258549																	
		51.512161	-0.116215																	
		51.289406	1.075802																	
																				
c	7 9 10 8 4 5 0 1 11 13 12 14 2 15 6 3	2065.888293	0.793411171	7	9	10	8	4	5	0	1	11	13	12	14	2	15	6	3	
		54.980766	-1.615849																	
		55.958426	-3.186893																	
		55.862982	-4.263554																	
		54.892406	-2.923222																	
		53.478239	-2.258549																	
		53.409532	-3.000126																	
		52.486125	-1.890507																	
		51.460852	-2.588139																	
		51.488224	-3.186893																	
		50.726024	-3.543949																	
		51.624837	-3.94495																	
		50.152266	-5.065556																	
		51.512161	-0.116215																	
		51.289406	1.075802																	
		53.751959	-0.335941																	
		53.803895	-1.549931																	
																				
c	13 2 11 12 1 3 5 4 0 14 6 7 9 10 8 15	3003.814633	0.699618537	13	2	11	12	1	3	5	4	0	14	6	7	9	10	8	15	
		50.726024	-3.543949																	
		51.512161	-0.116215																	
		51.488224	-3.186893																	
		51.624837	-3.94495																	
		51.460852	-2.588139																	
		53.803895	-1.549931																	
		53.409532	-3.000126																	
		53.478239	-2.258549																	
		52.486125	-1.890507																	
		50.152266	-5.065556																	
		53.751959	-0.335941																	
		54.980766	-1.615849																	
		55.958426	-3.186893																	
		55.862982	-4.263554																	
		54.892406	-2.923222																	
		51.289406	1.075802																	
																				
c	0 11 12 14 13 1 10 8 3 4 6 7 9 5 2 15	2552.066262	0.744793374	0	11	12	14	13	1	10	8	3	4	6	7	9	5	2	15	
		52.486125	-1.890507																	
		51.488224	-3.186893																	
		51.624837	-3.94495																	
		50.152266	-5.065556																	
		50.726024	-3.543949																	
		51.460852	-2.588139																	
		55.862982	-4.263554																	
		54.892406	-2.923222																	
		53.803895	-1.549931																	
		53.478239	-2.258549																	
		53.751959	-0.335941																	
		54.980766	-1.615849																	
		55.958426	-3.186893																	
		53.409532	-3.000126																	
		51.512161	-0.116215																	
		51.289406	1.075802																	
																				
c	15 6 7 9 10 8 3 4 5 0 11 12 1 13 14 2	2089.701715	0.791029829	15	6	7	9	10	8	3	4	5	0	11	12	1	13	14	2	
		51.289406	1.075802																	
		53.751959	-0.335941																	
		54.980766	-1.615849																	
		55.958426	-3.186893																	
		55.862982	-4.263554																	
		54.892406	-2.923222																	
		53.803895	-1.549931																	
		53.478239	-2.258549																	
		53.409532	-3.000126																	
		52.486125	-1.890507																	
		51.488224	-3.186893																	
		51.624837	-3.94495																	
		51.460852	-2.588139																	
		50.726024	-3.543949																	
		50.152266	-5.065556																	
		51.512161	-0.116215																	
																				
c	11 6 7 10 9 8 3 4 5 0 12 14 13 1 2 15	2083.724984	0.791627502	11	6	7	10	9	8	3	4	5	0	12	14	13	1	2	15	
		51.488224	-3.186893																	
		53.751959	-0.335941																	
		54.980766	-1.615849																	
		55.862982	-4.263554																	
		55.958426	-3.186893																	
		54.892406	-2.923222																	
		53.803895	-1.549931																	
		53.478239	-2.258549																	
		53.409532	-3.000126																	
		52.486125	-1.890507																	
		51.624837	-3.94495																	
		50.152266	-5.065556																	
		50.726024	-3.543949																	
		51.460852	-2.588139																	
		51.512161	-0.116215																	
		51.289406	1.075802																	
																				
c	9 5 14 13 11 12 1 2 15 6 7 10 8 3 4 0	2397.075506	0.760292449	9	5	14	13	11	12	1	2	15	6	7	10	8	3	4	0	
		55.958426	-3.186893																	
		53.409532	-3.000126																	
		50.152266	-5.065556																	
		50.726024	-3.543949																	
		51.488224	-3.186893																	
		51.624837	-3.94495																	
		51.460852	-2.588139																	
		51.512161	-0.116215																	
		51.289406	1.075802																	
		53.751959	-0.335941																	
		54.980766	-1.615849																	
		55.862982	-4.263554																	
		54.892406	-2.923222																	
		53.803895	-1.549931																	
		53.478239	-2.258549																	
		52.486125	-1.890507																	
																				
c	14 13 11 12 1 2 15 6 5 7 9 10 8 3 4 0	1962.27918	0.803772082	14	13	11	12	1	2	15	6	5	7	9	10	8	3	4	0	
		50.152266	-5.065556																	
		50.726024	-3.543949																	
		51.488224	-3.186893																	
		51.624837	-3.94495																	
		51.460852	-2.588139																	
		51.512161	-0.116215																	
		51.289406	1.075802																	
		53.751959	-0.335941																	
		53.409532	-3.000126																	
		54.980766	-1.615849																	
		55.958426	-3.186893																	
		55.862982	-4.263554																	
		54.892406	-2.923222																	
		53.803895	-1.549931																	
		53.478239	-2.258549																	
		52.486125	-1.890507																	
																				
c	9 10 8 5 6 3 4 0 11 12 1 13 14 2 15 7	2238.317259	0.776168274	9	10	8	5	6	3	4	0	11	12	1	13	14	2	15	7	
		55.958426	-3.186893																	
		55.862982	-4.263554																	
		54.892406	-2.923222																	
		53.409532	-3.000126																	
		53.751959	-0.335941																	
		53.803895	-1.549931																	
		53.478239	-2.258549																	
		52.486125	-1.890507																	
		51.488224	-3.186893																	
		51.624837	-3.94495																	
		51.460852	-2.588139																	
		50.726024	-3.543949																	
		50.152266	-5.065556																	
		51.512161	-0.116215																	
		51.289406	1.075802																	
		54.980766	-1.615849																	
																				
c	8 3 4 5 0 1 10 9 7 6 11 12 14 13 2 15	2405.193762	0.759480624	8	3	4	5	0	1	10	9	7	6	11	12	14	13	2	15	
		54.892406	-2.923222																	
		53.803895	-1.549931																	
		53.478239	-2.258549																	
		53.409532	-3.000126																	
		52.486125	-1.890507																	
		51.460852	-2.588139																	
		55.862982	-4.263554																	
		55.958426	-3.186893																	
		54.980766	-1.615849																	
		53.751959	-0.335941																	
		51.488224	-3.186893																	
		51.624837	-3.94495																	
		50.152266	-5.065556																	
		50.726024	-3.543949																	
		51.512161	-0.116215																	
		51.289406	1.075802																	
																				
c	3 4 5 0 11 12 1 7 9 10 8 6 14 13 2 15	2468.01461	0.753198539	3	4	5	0	11	12	1	7	9	10	8	6	14	13	2	15	
		53.803895	-1.549931																	
		53.478239	-2.258549																	
		53.409532	-3.000126																	
		52.486125	-1.890507																	
		51.488224	-3.186893																	
		51.624837	-3.94495																	
		51.460852	-2.588139																	
		54.980766	-1.615849																	
		55.958426	-3.186893																	
		55.862982	-4.263554																	
		54.892406	-2.923222																	
		53.751959	-0.335941																	
		50.152266	-5.065556																	
		50.726024	-3.543949																	
		51.512161	-0.116215																	
		51.289406	1.075802																	
																				
c	14 6 7 9 10 8 3 4 5 0 1 15 11 12 13 2	2500.799199	0.74992008	14	6	7	9	10	8	3	4	5	0	1	15	11	12	13	2	
		50.152266	-5.065556																	
		53.751959	-0.335941																	
		54.980766	-1.615849																	
		55.958426	-3.186893																	
		55.862982	-4.263554																	
		54.892406	-2.923222																	
		53.803895	-1.549931																	
		53.478239	-2.258549																	
		53.409532	-3.000126																	
		52.486125	-1.890507																	
		51.460852	-2.588139																	
		51.289406	1.075802																	
		51.488224	-3.186893																	
		51.624837	-3.94495																	
		50.726024	-3.543949																	
		51.512161	-0.116215																	
																				
c	10 9 8 7 3 4 5 11 12 0 1 13 14 2 15 6	2059.654827	0.794034517	10	9	8	7	3	4	5	11	12	0	1	13	14	2	15	6	
		55.862982	-4.263554																	
		55.958426	-3.186893																	
		54.892406	-2.923222																	
		54.980766	-1.615849																	
		53.803895	-1.549931																	
		53.478239	-2.258549																	
		53.409532	-3.000126																	
		51.488224	-3.186893																	
		51.624837	-3.94495																	
		52.486125	-1.890507																	
		51.460852	-2.588139																	
		50.726024	-3.543949																	
		50.152266	-5.065556																	
		51.512161	-0.116215																	
		51.289406	1.075802																	
		53.751959	-0.335941																	
																				
c	6 10 8 3 4 7 9 5 0 1 11 12 14 13 2 15	2287.899234	0.771210077	6	10	8	3	4	7	9	5	0	1	11	12	14	13	2	15	
		53.751959	-0.335941																	
		55.862982	-4.263554																	
		54.892406	-2.923222																	
		53.803895	-1.549931																	
		53.478239	-2.258549																	
		54.980766	-1.615849																	
		55.958426	-3.186893																	
		53.409532	-3.000126																	
		52.486125	-1.890507																	
		51.460852	-2.588139																	
		51.488224	-3.186893																	
		51.624837	-3.94495																	
		50.152266	-5.065556																	
		50.726024	-3.543949																	
		51.512161	-0.116215																	
		51.289406	1.075802																	
																				
c	11 12 14 13 1 2 9 10 8 7 5 6 3 4 0 15	2333.077953	0.766692205	11	12	14	13	1	2	9	10	8	7	5	6	3	4	0	15	
		51.488224	-3.186893																	
		51.624837	-3.94495																	
		50.152266	-5.065556																	
		50.726024	-3.543949																	
		51.460852	-2.588139																	
		51.512161	-0.116215																	
		55.958426	-3.186893																	
		55.862982	-4.263554																	
		54.892406	-2.923222																	
		54.980766	-1.615849																	
		53.409532	-3.000126																	
		53.751959	-0.335941																	
		53.803895	-1.549931																	
		53.478239	-2.258549																	
		52.486125	-1.890507																	
		51.289406	1.075802																	
																				
c	15 5 6 3 4 1 11 12 14 13 2 7 8 10 9 0	2648.390963	0.735160904	15	5	6	3	4	1	11	12	14	13	2	7	8	10	9	0	
		51.289406	1.075802																	
		53.409532	-3.000126																	
		53.751959	-0.335941																	
		53.803895	-1.549931																	
		53.478239	-2.258549																	
		51.460852	-2.588139																	
		51.488224	-3.186893																	
		51.624837	-3.94495																	
		50.152266	-5.065556																	
		50.726024	-3.543949																	
		51.512161	-0.116215																	
		54.980766	-1.615849																	
		54.892406	-2.923222																	
		55.862982	-4.263554																	
		55.958426	-3.186893																	
		52.486125	-1.890507																	
																				
c	7 9 10 12 6 8 3 4 5 0 1 11 2 14 13 15	2833.120719	0.716687928	7	9	10	12	6	8	3	4	5	0	1	11	2	14	13	15	
		54.980766	-1.615849																	
		55.958426	-3.186893																	
		55.862982	-4.263554																	
		51.624837	-3.94495																	
		53.751959	-0.335941																	
		54.892406	-2.923222																	
		53.803895	-1.549931																	
		53.478239	-2.258549																	
		53.409532	-3.000126																	
		52.486125	-1.890507																	
		51.460852	-2.588139																	
		51.488224	-3.186893																	
		51.512161	-0.116215																	
		50.152266	-5.065556																	
		50.726024	-3.543949																	
		51.289406	1.075802																	
																				
c	13 11 12 14 1 2 15 6 0 7 9 10 8 3 5 4	2209.109164	0.779089084	13	11	12	14	1	2	15	6	0	7	9	10	8	3	5	4	
		50.726024	-3.543949																	
		51.488224	-3.186893																	
		51.624837	-3.94495																	
		50.152266	-5.065556																	
		51.460852	-2.588139																	
		51.512161	-0.116215																	
		51.289406	1.075802																	
		53.751959	-0.335941																	
		52.486125	-1.890507																	
		54.980766	-1.615849																	
		55.958426	-3.186893																	
		55.862982	-4.263554																	
		54.892406	-2.923222																	
		53.803895	-1.549931																	
		53.409532	-3.000126																	
		53.478239	-2.258549																	
																				
c	14 3 7 9 10 8 5 6 4 0 1 11 12 13 2 15	2207.916362	0.779208364	14	3	7	9	10	8	5	6	4	0	1	11	12	13	2	15	
		50.152266	-5.065556																	
		53.803895	-1.549931																	
		54.980766	-1.615849																	
		55.958426	-3.186893																	
		55.862982	-4.263554																	
		54.892406	-2.923222																	
		53.409532	-3.000126																	
		53.751959	-0.335941																	
		53.478239	-2.258549																	
		52.486125	-1.890507																	
		51.460852	-2.588139																	
		51.488224	-3.186893																	
		51.624837	-3.94495																	
		50.726024	-3.543949																	
		51.512161	-0.116215																	
		51.289406	1.075802																	
																				
c	11 1 6 7 9 10 8 3 0 5 4 12 14 13 2 15	2208.567899	0.77914321	11	1	6	7	9	10	8	3	0	5	4	12	14	13	2	15	
		51.488224	-3.186893																	
		51.460852	-2.588139																	
		53.751959	-0.335941																	
		54.980766	-1.615849																	
		55.958426	-3.186893																	
		55.862982	-4.263554																	
		54.892406	-2.923222																	
		53.803895	-1.549931																	
		52.486125	-1.890507																	
		53.409532	-3.000126																	
		53.478239	-2.258549																	
		51.624837	-3.94495																	
		50.152266	-5.065556																	
		50.726024	-3.543949																	
		51.512161	-0.116215																	
		51.289406	1.075802																	
																				
c	14 9 10 8 7 5 6 3 4 0 1 11 12 13 2 15	2239.986118	0.776001388	14	9	10	8	7	5	6	3	4	0	1	11	12	13	2	15	
		50.152266	-5.065556																	
		55.958426	-3.186893																	
		55.862982	-4.263554																	
		54.892406	-2.923222																	
		54.980766	-1.615849																	
		53.409532	-3.000126																	
		53.751959	-0.335941																	
		53.803895	-1.549931																	
		53.478239	-2.258549																	
		52.486125	-1.890507																	
		51.460852	-2.588139																	
		51.488224	-3.186893																	
		51.624837	-3.94495																	
		50.726024	-3.543949																	
		51.512161	-0.116215																	
		51.289406	1.075802																	
																				
c	11 12 14 1 2 15 6 7 9 3 10 8 4 5 0 13	2569.614144	0.743038586	11	12	14	1	2	15	6	7	9	3	10	8	4	5	0	13	
		51.488224	-3.186893																	
		51.624837	-3.94495																	
		50.152266	-5.065556																	
		51.460852	-2.588139																	
		51.512161	-0.116215																	
		51.289406	1.075802																	
		53.751959	-0.335941																	
		54.980766	-1.615849																	
		55.958426	-3.186893																	
		53.803895	-1.549931																	
		55.862982	-4.263554																	
		54.892406	-2.923222																	
		53.478239	-2.258549																	
		53.409532	-3.000126																	
		52.486125	-1.890507																	
		50.726024	-3.543949																	
																				
c	15 6 7 9 8 10 5 3 4 0 1 11 12 14 13 2	2197.06273	0.780293727	15	6	7	9	8	10	5	3	4	0	1	11	12	14	13	2	
		51.289406	1.075802																	
		53.751959	-0.335941																	
		54.980766	-1.615849																	
		55.958426	-3.186893																	
		54.892406	-2.923222																	
		55.862982	-4.263554																	
		53.409532	-3.000126																	
		53.803895	-1.549931																	
		53.478239	-2.258549																	
		52.486125	-1.890507																	
		51.460852	-2.588139																	
		51.488224	-3.186893																	
		51.624837	-3.94495																	
		50.152266	-5.065556																	
		50.726024	-3.543949																	
		51.512161	-0.116215																	
																				
c	14 2 15 6 7 9 8 10 5 3 4 0 1 11 12 13	2204.580953	0.779541905	14	2	15	6	7	9	8	10	5	3	4	0	1	11	12	13	
		50.152266	-5.065556																	
		51.512161	-0.116215																	
		51.289406	1.075802																	
		53.751959	-0.335941																	
		54.980766	-1.615849																	
		55.958426	-3.186893																	
		54.892406	-2.923222																	
		55.862982	-4.263554																	
		53.409532	-3.000126																	
		53.803895	-1.549931																	
		53.478239	-2.258549																	
		52.486125	-1.890507																	
		51.460852	-2.588139																	
		51.488224	-3.186893																	
		51.624837	-3.94495																	
		50.726024	-3.543949																	
																				
c	1 11 6 7 9 3 10 8 5 4 0 12 14 13 2 15	2496.825237	0.750317476	1	11	6	7	9	3	10	8	5	4	0	12	14	13	2	15	
		51.460852	-2.588139																	
		51.488224	-3.186893																	
		53.751959	-0.335941																	
		54.980766	-1.615849																	
		55.958426	-3.186893																	
		53.803895	-1.549931																	
		55.862982	-4.263554																	
		54.892406	-2.923222																	
		53.409532	-3.000126																	
		53.478239	-2.258549																	
		52.486125	-1.890507																	
		51.624837	-3.94495																	
		50.152266	-5.065556																	
		50.726024	-3.543949																	
		51.512161	-0.116215																	
		51.289406	1.075802																	
																				
c	1 11 12 7 10 4 3 5 0 13 14 2 15 6 9 8	2812.224806	0.718777519	1	11	12	7	10	4	3	5	0	13	14	2	15	6	9	8	
		51.460852	-2.588139																	
		51.488224	-3.186893																	
		51.624837	-3.94495																	
		54.980766	-1.615849																	
		55.862982	-4.263554																	
		53.478239	-2.258549																	
		53.803895	-1.549931																	
		53.409532	-3.000126																	
		52.486125	-1.890507																	
		50.726024	-3.543949																	
		50.152266	-5.065556																	
		51.512161	-0.116215																	
		51.289406	1.075802																	
		53.751959	-0.335941																	
		55.958426	-3.186893																	
		54.892406	-2.923222																	
																				
c	14 1 2 15 6 7 9 10 8 3 4 5 0 11 12 13	1972.636636	0.802736336	14	1	2	15	6	7	9	10	8	3	4	5	0	11	12	13	
		50.152266	-5.065556																	
		51.460852	-2.588139																	
		51.512161	-0.116215																	
		51.289406	1.075802																	
		53.751959	-0.335941																	
		54.980766	-1.615849																	
		55.958426	-3.186893																	
		55.862982	-4.263554																	
		54.892406	-2.923222																	
		53.803895	-1.549931																	
		53.478239	-2.258549																	
		53.409532	-3.000126																	
		52.486125	-1.890507																	
		51.488224	-3.186893																	
		51.624837	-3.94495																	
		50.726024	-3.543949																	
																				
c	5 7 11 12 10 8 3 4 6 9 0 14 13 1 2 15	3131.672366	0.686832763	5	7	11	12	10	8	3	4	6	9	0	14	13	1	2	15	
		53.409532	-3.000126																	
		54.980766	-1.615849																	
		51.488224	-3.186893																	
		51.624837	-3.94495																	
		55.862982	-4.263554																	
		54.892406	-2.923222																	
		53.803895	-1.549931																	
		53.478239	-2.258549																	
		53.751959	-0.335941																	
		55.958426	-3.186893																	
		52.486125	-1.890507																	
		50.152266	-5.065556																	
		50.726024	-3.543949																	
		51.460852	-2.588139																	
		51.512161	-0.116215																	
		51.289406	1.075802																	
																				
c	3 4 5 0 11 12 1 13 14 6 7 9 10 8 2 15	2291.369377	0.770863062	3	4	5	0	11	12	1	13	14	6	7	9	10	8	2	15	
		53.803895	-1.549931																	
		53.478239	-2.258549																	
		53.409532	-3.000126																	
		52.486125	-1.890507																	
		51.488224	-3.186893																	
		51.624837	-3.94495																	
		51.460852	-2.588139																	
		50.726024	-3.543949																	
		50.152266	-5.065556																	
		53.751959	-0.335941																	
		54.980766	-1.615849																	
		55.958426	-3.186893																	
		55.862982	-4.263554																	
		54.892406	-2.923222																	
		51.512161	-0.116215																	
		51.289406	1.075802																	
																				
c	14 15 0 1 6 7 9 10 8 3 4 5 11 12 13 2	2511.806361	0.748819364	14	15	0	1	6	7	9	10	8	3	4	5	11	12	13	2	
		50.152266	-5.065556																	
		51.289406	1.075802																	
		52.486125	-1.890507																	
		51.460852	-2.588139																	
		53.751959	-0.335941																	
		54.980766	-1.615849																	
		55.958426	-3.186893																	
		55.862982	-4.263554																	
		54.892406	-2.923222																	
		53.803895	-1.549931																	
		53.478239	-2.258549																	
		53.409532	-3.000126																	
		51.488224	-3.186893																	
		51.624837	-3.94495																	
		50.726024	-3.543949																	
		51.512161	-0.116215																	
																				
c	8 3 4 5 0 1 11 13 2 15 6 7 9 10 12 14	2298.485858	0.770151414	8	3	4	5	0	1	11	13	2	15	6	7	9	10	12	14	
		54.892406	-2.923222																	
		53.803895	-1.549931																	
		53.478239	-2.258549																	
		53.409532	-3.000126																	
		52.486125	-1.890507																	
		51.460852	-2.588139																	
		51.488224	-3.186893																	
		50.726024	-3.543949																	
		51.512161	-0.116215																	
		51.289406	1.075802																	
		53.751959	-0.335941																	
		54.980766	-1.615849																	
		55.958426	-3.186893																	
		55.862982	-4.263554																	
		51.624837	-3.94495																	
		50.152266	-5.065556																	
																				
c	8 3 4 5 0 11 12 1 13 14 2 15 6 7 9 10	2038.849457	0.796115054	8	3	4	5	0	11	12	1	13	14	2	15	6	7	9	10	
		54.892406	-2.923222																	
		53.803895	-1.549931																	
		53.478239	-2.258549																	
		53.409532	-3.000126																	
		52.486125	-1.890507																	
		51.488224	-3.186893																	
		51.624837	-3.94495																	
		51.460852	-2.588139																	
		50.726024	-3.543949																	
		50.152266	-5.065556																	
		51.512161	-0.116215																	
		51.289406	1.075802																	
		53.751959	-0.335941																	
		54.980766	-1.615849																	
		55.958426	-3.186893																	
		55.862982	-4.263554																	
																				
c	14 2 15 6 7 9 10 8 3 4 5 0 1 11 12 13	1976.580419	0.802341958	14	2	15	6	7	9	10	8	3	4	5	0	1	11	12	13	
		50.152266	-5.065556																	
		51.512161	-0.116215																	
		51.289406	1.075802																	
		53.751959	-0.335941																	
		54.980766	-1.615849																	
		55.958426	-3.186893																	
		55.862982	-4.263554																	
		54.892406	-2.923222																	
		53.803895	-1.549931																	
		53.478239	-2.258549																	
		53.409532	-3.000126																	
		52.486125	-1.890507																	
		51.460852	-2.588139																	
		51.488224	-3.186893																	
		51.624837	-3.94495																	
		50.726024	-3.543949																	
																				
c	9 10 8 3 4 5 11 12 0 1 13 14 2 15 6 7	2172.162095	0.78278379	9	10	8	3	4	5	11	12	0	1	13	14	2	15	6	7	
		55.958426	-3.186893																	
		55.862982	-4.263554																	
		54.892406	-2.923222																	
		53.803895	-1.549931																	
		53.478239	-2.258549																	
		53.409532	-3.000126																	
		51.488224	-3.186893																	
		51.624837	-3.94495																	
		52.486125	-1.890507																	
		51.460852	-2.588139																	
		50.726024	-3.543949																	
		50.152266	-5.065556																	
		51.512161	-0.116215																	
		51.289406	1.075802																	
		53.751959	-0.335941																	
		54.980766	-1.615849																	
																				
c	9 10 8 5 4 0 1 11 12 14 13 2 15 6 7 3	1981.17145	0.801882855	9	10	8	5	4	0	1	11	12	14	13	2	15	6	7	3	
		55.958426	-3.186893																	
		55.862982	-4.263554																	
		54.892406	-2.923222																	
		53.409532	-3.000126																	
		53.478239	-2.258549																	
		52.486125	-1.890507																	
		51.460852	-2.588139																	
		51.488224	-3.186893																	
		51.624837	-3.94495																	
		50.152266	-5.065556																	
		50.726024	-3.543949																	
		51.512161	-0.116215																	
		51.289406	1.075802																	
		53.751959	-0.335941																	
		54.980766	-1.615849																	
		53.803895	-1.549931																	
																				
c	12 14 6 7 9 10 8 3 4 5 0 1 11 13 2 15	2188.757471	0.781124253	12	14	6	7	9	10	8	3	4	5	0	1	11	13	2	15	
		51.624837	-3.94495																	
		50.152266	-5.065556																	
		53.751959	-0.335941																	
		54.980766	-1.615849																	
		55.958426	-3.186893																	
		55.862982	-4.263554																	
		54.892406	-2.923222																	
		53.803895	-1.549931																	
		53.478239	-2.258549																	
		53.409532	-3.000126																	
		52.486125	-1.890507																	
		51.460852	-2.588139																	
		51.488224	-3.186893																	
		50.726024	-3.543949																	
		51.512161	-0.116215																	
		51.289406	1.075802																	
																				
c	8 3 4 5 0 11 12 1 14 13 7 9 10 6 2 15	2415.457486	0.758454251	8	3	4	5	0	11	12	1	14	13	7	9	10	6	2	15	
		54.892406	-2.923222																	
		53.803895	-1.549931																	
		53.478239	-2.258549																	
		53.409532	-3.000126																	
		52.486125	-1.890507																	
		51.488224	-3.186893																	
		51.624837	-3.94495																	
		51.460852	-2.588139																	
		50.152266	-5.065556																	
		50.726024	-3.543949																	
		54.980766	-1.615849																	
		55.958426	-3.186893																	
		55.862982	-4.263554																	
		53.751959	-0.335941																	
		51.512161	-0.116215																	
		51.289406	1.075802																	
																				
c	12 9 10 8 7 5 6 3 4 0 1 11 14 13 2 15	2232.346882	0.776765312	12	9	10	8	7	5	6	3	4	0	1	11	14	13	2	15	
		51.624837	-3.94495																	
		55.958426	-3.186893																	
		55.862982	-4.263554																	
		54.892406	-2.923222																	
		54.980766	-1.615849																	
		53.409532	-3.000126																	
		53.751959	-0.335941																	
		53.803895	-1.549931																	
		53.478239	-2.258549																	
		52.486125	-1.890507																	
		51.460852	-2.588139																	
		51.488224	-3.186893																	
		50.152266	-5.065556																	
		50.726024	-3.543949																	
		51.512161	-0.116215																	
		51.289406	1.075802																	
																				
c	14 13 3 7 9 10 8 6 4 5 0 11 12 1 2 15	2043.426694	0.795657331	14	13	3	7	9	10	8	6	4	5	0	11	12	1	2	15	
		50.152266	-5.065556																	
		50.726024	-3.543949																	
		53.803895	-1.549931																	
		54.980766	-1.615849																	
		55.958426	-3.186893																	
		55.862982	-4.263554																	
		54.892406	-2.923222																	
		53.751959	-0.335941																	
		53.478239	-2.258549																	
		53.409532	-3.000126																	
		52.486125	-1.890507																	
		51.488224	-3.186893																	
		51.624837	-3.94495																	
		51.460852	-2.588139																	
		51.512161	-0.116215																	
		51.289406	1.075802																	
																				
c	15 6 7 9 10 5 11 12 14 13 2 3 4 0 1 8	2730.08448	0.726991552	15	6	7	9	10	5	11	12	14	13	2	3	4	0	1	8	
		51.289406	1.075802																	
		53.751959	-0.335941																	
		54.980766	-1.615849																	
		55.958426	-3.186893																	
		55.862982	-4.263554																	
		53.409532	-3.000126																	
		51.488224	-3.186893																	
		51.624837	-3.94495																	
		50.152266	-5.065556																	
		50.726024	-3.543949																	
		51.512161	-0.116215																	
		53.803895	-1.549931																	
		53.478239	-2.258549																	
		52.486125	-1.890507																	
		51.460852	-2.588139																	
		54.892406	-2.923222																	
																				
c	4 0 11 12 14 13 7 10 3 5 1 2 15 6 9 8	2884.827246	0.711517275	4	0	11	12	14	13	7	10	3	5	1	2	15	6	9	8	
		53.478239	-2.258549																	
		52.486125	-1.890507																	
		51.488224	-3.186893																	
		51.624837	-3.94495																	
		50.152266	-5.065556																	
		50.726024	-3.543949																	
		54.980766	-1.615849																	
		55.862982	-4.263554																	
		53.803895	-1.549931																	
		53.409532	-3.000126																	
		51.460852	-2.588139																	
		51.512161	-0.116215																	
		51.289406	1.075802																	
		53.751959	-0.335941																	
		55.958426	-3.186893																	
		54.892406	-2.923222																	
																				
c	6 4 8 5 0 1 11 13 12 14 2 15 7 9 10 3	2539.759133	0.746024087	6	4	8	5	0	1	11	13	12	14	2	15	7	9	10	3	
		53.751959	-0.335941																	
		53.478239	-2.258549																	
		54.892406	-2.923222																	
		53.409532	-3.000126																	
		52.486125	-1.890507																	
		51.460852	-2.588139																	
		51.488224	-3.186893																	
		50.726024	-3.543949																	
		51.624837	-3.94495																	
		50.152266	-5.065556																	
		51.512161	-0.116215																	
		51.289406	1.075802																	
		54.980766	-1.615849																	
		55.958426	-3.186893																	
		55.862982	-4.263554																	
		53.803895	-1.549931																	
																				
c	3 4 5 0 11 12 1 13 14 2 15 6 7 9 10 8	2025.789508	0.797421049	3	4	5	0	11	12	1	13	14	2	15	6	7	9	10	8	
		53.803895	-1.549931																	
		53.478239	-2.258549																	
		53.409532	-3.000126																	
		52.486125	-1.890507																	
		51.488224	-3.186893																	
		51.624837	-3.94495																	
		51.460852	-2.588139																	
		50.726024	-3.543949																	
		50.152266	-5.065556																	
		51.512161	-0.116215																	
		51.289406	1.075802																	
		53.751959	-0.335941																	
		54.980766	-1.615849																	
		55.958426	-3.186893																	
		55.862982	-4.263554																	
		54.892406	-2.923222																	
																				
c	13 12 3 7 9 10 8 5 6 4 0 1 11 14 2 15	2295.438641	0.770456136	13	12	3	7	9	10	8	5	6	4	0	1	11	14	2	15	
		50.726024	-3.543949																	
		51.624837	-3.94495																	
		53.803895	-1.549931																	
		54.980766	-1.615849																	
		55.958426	-3.186893																	
		55.862982	-4.263554																	
		54.892406	-2.923222																	
		53.409532	-3.000126																	
		53.751959	-0.335941																	
		53.478239	-2.258549																	
		52.486125	-1.890507																	
		51.460852	-2.588139																	
		51.488224	-3.186893																	
		50.152266	-5.065556																	
		51.512161	-0.116215																	
		51.289406	1.075802																	
																				
c	15 6 7 9 10 5 8 3 4 0 11 12 1 13 14 2	2338.718678	0.766128132	15	6	7	9	10	5	8	3	4	0	11	12	1	13	14	2	
		51.289406	1.075802																	
		53.751959	-0.335941																	
		54.980766	-1.615849																	
		55.958426	-3.186893																	
		55.862982	-4.263554																	
		53.409532	-3.000126																	
		54.892406	-2.923222																	
		53.803895	-1.549931																	
		53.478239	-2.258549																	
		52.486125	-1.890507																	
		51.488224	-3.186893																	
		51.624837	-3.94495																	
		51.460852	-2.588139																	
		50.726024	-3.543949																	
		50.152266	-5.065556																	
		51.512161	-0.116215																	
																				
c	4 0 1 11 12 14 13 6 7 9 10 8 3 5 2 15	2181.990197	0.78180098	4	0	1	11	12	14	13	6	7	9	10	8	3	5	2	15	
		53.478239	-2.258549																	
		52.486125	-1.890507																	
		51.460852	-2.588139																	
		51.488224	-3.186893																	
		51.624837	-3.94495																	
		50.152266	-5.065556																	
		50.726024	-3.543949																	
		53.751959	-0.335941																	
		54.980766	-1.615849																	
		55.958426	-3.186893																	
		55.862982	-4.263554																	
		54.892406	-2.923222																	
		53.803895	-1.549931																	
		53.409532	-3.000126																	
		51.512161	-0.116215																	
		51.289406	1.075802																	
																				
c	5 3 6 4 0 1 11 12 14 13 2 15 7 9 10 8	2096.371388	0.790362861	5	3	6	4	0	1	11	12	14	13	2	15	7	9	10	8	
		53.409532	-3.000126																	
		53.803895	-1.549931																	
		53.751959	-0.335941																	
		53.478239	-2.258549																	
		52.486125	-1.890507																	
		51.460852	-2.588139																	
		51.488224	-3.186893																	
		51.624837	-3.94495																	
		50.152266	-5.065556																	
		50.726024	-3.543949																	
		51.512161	-0.116215																	
		51.289406	1.075802																	
		54.980766	-1.615849																	
		55.958426	-3.186893																	
		55.862982	-4.263554																	
		54.892406	-2.923222																	
																				
c	3 0 5 4 12 14 13 6 7 9 10 8 1 11 2 15	2502.824094	0.749717591	3	0	5	4	12	14	13	6	7	9	10	8	1	11	2	15	
		53.803895	-1.549931																	
		52.486125	-1.890507																	
		53.409532	-3.000126																	
		53.478239	-2.258549																	
		51.624837	-3.94495																	
		50.152266	-5.065556																	
		50.726024	-3.543949																	
		53.751959	-0.335941																	
		54.980766	-1.615849																	
		55.958426	-3.186893																	
		55.862982	-4.263554																	
		54.892406	-2.923222																	
		51.460852	-2.588139																	
		51.488224	-3.186893																	
		51.512161	-0.116215																	
		51.289406	1.075802																	
																				
c	2 15 6 7 11 14 13 0 12 1 9 10 8 3 4 5	2720.164626	0.727983537	2	15	6	7	11	14	13	0	12	1	9	10	8	3	4	5	
		51.512161	-0.116215																	
		51.289406	1.075802																	
		53.751959	-0.335941																	
		54.980766	-1.615849																	
		51.488224	-3.186893																	
		50.152266	-5.065556																	
		50.726024	-3.543949																	
		52.486125	-1.890507																	
		51.624837	-3.94495																	
		51.460852	-2.588139																	
		55.958426	-3.186893																	
		55.862982	-4.263554																	
		54.892406	-2.923222																	
		53.803895	-1.549931																	
		53.478239	-2.258549																	
		53.409532	-3.000126																	
																				
c	2 6 0 8 10 9 3 4 5 7 1 11 12 14 13 15	2601.183787	0.739881621	2	6	0	8	10	9	3	4	5	7	1	11	12	14	13	15	
		51.512161	-0.116215																	
		53.751959	-0.335941																	
		52.486125	-1.890507																	
		54.892406	-2.923222																	
		55.862982	-4.263554																	
		55.958426	-3.186893																	
		53.803895	-1.549931																	
		53.478239	-2.258549																	
		53.409532	-3.000126																	
		54.980766	-1.615849																	
		51.460852	-2.588139																	
		51.488224	-3.186893																	
		51.624837	-3.94495																	
		50.152266	-5.065556																	
		50.726024	-3.543949																	
		51.289406	1.075802																	
																				
c	14 10 8 3 4 6 7 9 5 0 11 12 13 1 2 15	2494.996306	0.750500369	14	10	8	3	4	6	7	9	5	0	11	12	13	1	2	15	
		50.152266	-5.065556																	
		55.862982	-4.263554																	
		54.892406	-2.923222																	
		53.803895	-1.549931																	
		53.478239	-2.258549																	
		53.751959	-0.335941																	
		54.980766	-1.615849																	
		55.958426	-3.186893																	
		53.409532	-3.000126																	
		52.486125	-1.890507																	
		51.488224	-3.186893																	
		51.624837	-3.94495																	
		50.726024	-3.543949																	
		51.460852	-2.588139																	
		51.512161	-0.116215																	
		51.289406	1.075802																	
																				
c	7 9 10 8 5 6 3 4 0 1 11 12 14 13 2 15	1816.786605	0.81832134	7	9	10	8	5	6	3	4	0	1	11	12	14	13	2	15	
		54.980766	-1.615849																	
		55.958426	-3.186893																	
		55.862982	-4.263554																	
		54.892406	-2.923222																	
		53.409532	-3.000126																	
		53.751959	-0.335941																	
		53.803895	-1.549931																	
		53.478239	-2.258549																	
		52.486125	-1.890507																	
		51.460852	-2.588139																	
		51.488224	-3.186893																	
		51.624837	-3.94495																	
		50.152266	-5.065556																	
		50.726024	-3.543949																	
		51.512161	-0.116215																	
		51.289406	1.075802																	
																				
c	9 3 4 0 1 11 6 7 10 8 5 12 14 13 2 15	2427.620421	0.757237958	9	3	4	0	1	11	6	7	10	8	5	12	14	13	2	15	
		55.958426	-3.186893																	
		53.803895	-1.549931																	
		53.478239	-2.258549																	
		52.486125	-1.890507																	
		51.460852	-2.588139																	
		51.488224	-3.186893																	
		53.751959	-0.335941																	
		54.980766	-1.615849																	
		55.862982	-4.263554																	
		54.892406	-2.923222																	
		53.409532	-3.000126																	
		51.624837	-3.94495																	
		50.152266	-5.065556																	
		50.726024	-3.543949																	
		51.512161	-0.116215																	
		51.289406	1.075802																	
																				
c	13 11 12 1 2 15 6 5 9 14 7 10 8 3 4 0	3145.761437	0.685423856	13	11	12	1	2	15	6	5	9	14	7	10	8	3	4	0	
		50.726024	-3.543949																	
		51.488224	-3.186893																	
		51.624837	-3.94495																	
		51.460852	-2.588139																	
		51.512161	-0.116215																	
		51.289406	1.075802																	
		53.751959	-0.335941																	
		53.409532	-3.000126																	
		55.958426	-3.186893																	
		50.152266	-5.065556																	
		54.980766	-1.615849																	
		55.862982	-4.263554																	
		54.892406	-2.923222																	
		53.803895	-1.549931																	
		53.478239	-2.258549																	
		52.486125	-1.890507																	
																				
c	2 15 6 0 11 12 14 13 7 9 10 8 5 3 4 1	2452.013538	0.754798646	2	15	6	0	11	12	14	13	7	9	10	8	5	3	4	1	
		51.512161	-0.116215																	
		51.289406	1.075802																	
		53.751959	-0.335941																	
		52.486125	-1.890507																	
		51.488224	-3.186893																	
		51.624837	-3.94495																	
		50.152266	-5.065556																	
		50.726024	-3.543949																	
		54.980766	-1.615849																	
		55.958426	-3.186893																	
		55.862982	-4.263554																	
		54.892406	-2.923222																	
		53.409532	-3.000126																	
		53.803895	-1.549931																	
		53.478239	-2.258549																	
		51.460852	-2.588139																	
																				
c	3 5 4 0 1 11 12 13 14 6 7 9 10 8 2 15	2249.565933	0.775043407	3	5	4	0	1	11	12	13	14	6	7	9	10	8	2	15	
		53.803895	-1.549931																	
		53.409532	-3.000126																	
		53.478239	-2.258549																	
		52.486125	-1.890507																	
		51.460852	-2.588139																	
		51.488224	-3.186893																	
		51.624837	-3.94495																	
		50.726024	-3.543949																	
		50.152266	-5.065556																	
		53.751959	-0.335941																	
		54.980766	-1.615849																	
		55.958426	-3.186893																	
		55.862982	-4.263554																	
		54.892406	-2.923222																	
		51.512161	-0.116215																	
		51.289406	1.075802																	
																				
c	15 6 7 13 11 12 14 1 2 9 10 8 3 4 5 0	2787.748743	0.721225126	15	6	7	13	11	12	14	1	2	9	10	8	3	4	5	0	
		51.289406	1.075802																	
		53.751959	-0.335941																	
		54.980766	-1.615849																	
		50.726024	-3.543949																	
		51.488224	-3.186893																	
		51.624837	-3.94495																	
		50.152266	-5.065556																	
		51.460852	-2.588139																	
		51.512161	-0.116215																	
		55.958426	-3.186893																	
		55.862982	-4.263554																	
		54.892406	-2.923222																	
		53.803895	-1.549931																	
		53.478239	-2.258549																	
		53.409532	-3.000126																	
		52.486125	-1.890507																	
																				
c	11 12 13 1 3 6 7 9 10 8 5 4 0 14 2 15	2259.130142	0.774086986	11	12	13	1	3	6	7	9	10	8	5	4	0	14	2	15	
		51.488224	-3.186893																	
		51.624837	-3.94495																	
		50.726024	-3.543949																	
		51.460852	-2.588139																	
		53.803895	-1.549931																	
		53.751959	-0.335941																	
		54.980766	-1.615849																	
		55.958426	-3.186893																	
		55.862982	-4.263554																	
		54.892406	-2.923222																	
		53.409532	-3.000126																	
		53.478239	-2.258549																	
		52.486125	-1.890507																	
		50.152266	-5.065556																	
		51.512161	-0.116215																	
		51.289406	1.075802																	
																				
c	2 15 6 7 9 10 8 3 4 5 0 1 11 12 14 13	1800.696234	0.819930377	2	15	6	7	9	10	8	3	4	5	0	1	11	12	14	13	
		51.512161	-0.116215																	
		51.289406	1.075802																	
		53.751959	-0.335941																	
		54.980766	-1.615849																	
		55.958426	-3.186893																	
		55.862982	-4.263554																	
		54.892406	-2.923222																	
		53.803895	-1.549931																	
		53.478239	-2.258549																	
		53.409532	-3.000126																	
		52.486125	-1.890507																	
		51.460852	-2.588139																	
		51.488224	-3.186893																	
		51.624837	-3.94495																	
		50.152266	-5.065556																	
		50.726024	-3.543949																	
																				
c	12 14 13 2 6 7 10 9 8 3 4 5 0 11 1 15	2176.707018	0.782329298	12	14	13	2	6	7	10	9	8	3	4	5	0	11	1	15	
		51.624837	-3.94495																	
		50.152266	-5.065556																	
		50.726024	-3.543949																	
		51.512161	-0.116215																	
		53.751959	-0.335941																	
		54.980766	-1.615849																	
		55.862982	-4.263554																	
		55.958426	-3.186893																	
		54.892406	-2.923222																	
		53.803895	-1.549931																	
		53.478239	-2.258549																	
		53.409532	-3.000126																	
		52.486125	-1.890507																	
		51.488224	-3.186893																	
		51.460852	-2.588139																	
		51.289406	1.075802																	
																				
c	7 9 10 11 12 13 14 2 15 6 8 3 4 5 0 1	2465.107177	0.753489282	7	9	10	11	12	13	14	2	15	6	8	3	4	5	0	1	
		54.980766	-1.615849																	
		55.958426	-3.186893																	
		55.862982	-4.263554																	
		51.488224	-3.186893																	
		51.624837	-3.94495																	
		50.726024	-3.543949																	
		50.152266	-5.065556																	
		51.512161	-0.116215																	
		51.289406	1.075802																	
		53.751959	-0.335941																	
		54.892406	-2.923222																	
		53.803895	-1.549931																	
		53.478239	-2.258549																	
		53.409532	-3.000126																	
		52.486125	-1.890507																	
		51.460852	-2.588139																	
																				
c	12 13 14 3 7 9 10 8 5 6 4 0 1 11 2 15	2236.445296	0.77635547	12	13	14	3	7	9	10	8	5	6	4	0	1	11	2	15	
		51.624837	-3.94495																	
		50.726024	-3.543949																	
		50.152266	-5.065556																	
		53.803895	-1.549931																	
		54.980766	-1.615849																	
		55.958426	-3.186893																	
		55.862982	-4.263554																	
		54.892406	-2.923222																	
		53.409532	-3.000126																	
		53.751959	-0.335941																	
		53.478239	-2.258549																	
		52.486125	-1.890507																	
		51.460852	-2.588139																	
		51.488224	-3.186893																	
		51.512161	-0.116215																	
		51.289406	1.075802																	
																				
c	3 4 5 11 12 9 10 8 7 13 14 1 2 15 6 0	2715.956278	0.728404372	3	4	5	11	12	9	10	8	7	13	14	1	2	15	6	0	
		53.803895	-1.549931																	
		53.478239	-2.258549																	
		53.409532	-3.000126																	
		51.488224	-3.186893																	
		51.624837	-3.94495																	
		55.958426	-3.186893																	
		55.862982	-4.263554																	
		54.892406	-2.923222																	
		54.980766	-1.615849																	
		50.726024	-3.543949																	
		50.152266	-5.065556																	
		51.460852	-2.588139																	
		51.512161	-0.116215																	
		51.289406	1.075802																	
		53.751959	-0.335941																	
		52.486125	-1.890507																	
																				
c	14 1 2 15 6 0 7 8 10 9 3 4 5 11 12 13	2259.045923	0.774095408	14	1	2	15	6	0	7	8	10	9	3	4	5	11	12	13	
		50.152266	-5.065556																	
		51.460852	-2.588139																	
		51.512161	-0.116215																	
		51.289406	1.075802																	
		53.751959	-0.335941																	
		52.486125	-1.890507																	
		54.980766	-1.615849																	
		54.892406	-2.923222																	
		55.862982	-4.263554																	
		55.958426	-3.186893																	
		53.803895	-1.549931																	
		53.478239	-2.258549																	
		53.409532	-3.000126																	
		51.488224	-3.186893																	
		51.624837	-3.94495																	
		50.726024	-3.543949																	
																				
c	5 0 1 11 12 14 13 6 7 9 10 4 3 8 2 15	2439.430796	0.75605692	5	0	1	11	12	14	13	6	7	9	10	4	3	8	2	15	
		53.409532	-3.000126																	
		52.486125	-1.890507																	
		51.460852	-2.588139																	
		51.488224	-3.186893																	
		51.624837	-3.94495																	
		50.152266	-5.065556																	
		50.726024	-3.543949																	
		53.751959	-0.335941																	
		54.980766	-1.615849																	
		55.958426	-3.186893																	
		55.862982	-4.263554																	
		53.478239	-2.258549																	
		53.803895	-1.549931																	
		54.892406	-2.923222																	
		51.512161	-0.116215																	
		51.289406	1.075802																	
																				
c	12 14 13 1 0 6 7 9 3 5 4 11 2 15 8 10	2581.452426	0.741854757	12	14	13	1	0	6	7	9	3	5	4	11	2	15	8	10	
		51.624837	-3.94495																	
		50.152266	-5.065556																	
		50.726024	-3.543949																	
		51.460852	-2.588139																	
		52.486125	-1.890507																	
		53.751959	-0.335941																	
		54.980766	-1.615849																	
		55.958426	-3.186893																	
		53.803895	-1.549931																	
		53.409532	-3.000126																	
		53.478239	-2.258549																	
		51.488224	-3.186893																	
		51.512161	-0.116215																	
		51.289406	1.075802																	
		54.892406	-2.923222																	
		55.862982	-4.263554																	
																				
c	11 14 12 13 10 8 5 4 0 1 2 15 6 7 9 3	2761.640454	0.723835955	11	14	12	13	10	8	5	4	0	1	2	15	6	7	9	3	
		51.488224	-3.186893																	
		50.152266	-5.065556																	
		51.624837	-3.94495																	
		50.726024	-3.543949																	
		55.862982	-4.263554																	
		54.892406	-2.923222																	
		53.409532	-3.000126																	
		53.478239	-2.258549																	
		52.486125	-1.890507																	
		51.460852	-2.588139																	
		51.512161	-0.116215																	
		51.289406	1.075802																	
		53.751959	-0.335941																	
		54.980766	-1.615849																	
		55.958426	-3.186893																	
		53.803895	-1.549931																	
																				
c	1 6 7 9 10 8 3 0 5 4 11 12 14 13 2 15	2216.071025	0.778392898	1	6	7	9	10	8	3	0	5	4	11	12	14	13	2	15	
		51.460852	-2.588139																	
		53.751959	-0.335941																	
		54.980766	-1.615849																	
		55.958426	-3.186893																	
		55.862982	-4.263554																	
		54.892406	-2.923222																	
		53.803895	-1.549931																	
		52.486125	-1.890507																	
		53.409532	-3.000126																	
		53.478239	-2.258549																	
		51.488224	-3.186893																	
		51.624837	-3.94495																	
		50.152266	-5.065556																	
		50.726024	-3.543949																	
		51.512161	-0.116215																	
		51.289406	1.075802																	
																				
c	15 6 12 8 7 10 9 3 4 5 0 1 11 14 13 2	2585.393584	0.741460642	15	6	12	8	7	10	9	3	4	5	0	1	11	14	13	2	
		51.289406	1.075802																	
		53.751959	-0.335941																	
		51.624837	-3.94495																	
		54.892406	-2.923222																	
		54.980766	-1.615849																	
		55.862982	-4.263554																	
		55.958426	-3.186893																	
		53.803895	-1.549931																	
		53.478239	-2.258549																	
		53.409532	-3.000126																	
		52.486125	-1.890507																	
		51.460852	-2.588139																	
		51.488224	-3.186893																	
		50.152266	-5.065556																	
		50.726024	-3.543949																	
		51.512161	-0.116215																	
																				
c	12 14 13 2 3 5 15 6 7 9 10 4 8 0 11 1	2885.286617	0.711471338	12	14	13	2	3	5	15	6	7	9	10	4	8	0	11	1	
		51.624837	-3.94495																	
		50.152266	-5.065556																	
		50.726024	-3.543949																	
		51.512161	-0.116215																	
		53.803895	-1.549931																	
		53.409532	-3.000126																	
		51.289406	1.075802																	
		53.751959	-0.335941																	
		54.980766	-1.615849																	
		55.958426	-3.186893																	
		55.862982	-4.263554																	
		53.478239	-2.258549																	
		54.892406	-2.923222																	
		52.486125	-1.890507																	
		51.488224	-3.186893																	
		51.460852	-2.588139																	
																				
c	0 11 12 14 13 1 6 7 10 9 8 3 4 5 2 15	2079.750175	0.792024982	0	11	12	14	13	1	6	7	10	9	8	3	4	5	2	15	
		52.486125	-1.890507																	
		51.488224	-3.186893																	
		51.624837	-3.94495																	
		50.152266	-5.065556																	
		50.726024	-3.543949																	
		51.460852	-2.588139																	
		53.751959	-0.335941																	
		54.980766	-1.615849																	
		55.862982	-4.263554																	
		55.958426	-3.186893																	
		54.892406	-2.923222																	
		53.803895	-1.549931																	
		53.478239	-2.258549																	
		53.409532	-3.000126																	
		51.512161	-0.116215																	
		51.289406	1.075802																	
																				
c	11 12 10 8 3 4 6 7 9 5 0 14 13 1 2 15	2549.384749	0.745061525	11	12	10	8	3	4	6	7	9	5	0	14	13	1	2	15	
		51.488224	-3.186893																	
		51.624837	-3.94495																	
		55.862982	-4.263554																	
		54.892406	-2.923222																	
		53.803895	-1.549931																	
		53.478239	-2.258549																	
		53.751959	-0.335941																	
		54.980766	-1.615849																	
		55.958426	-3.186893																	
		53.409532	-3.000126																	
		52.486125	-1.890507																	
		50.152266	-5.065556																	
		50.726024	-3.543949																	
		51.460852	-2.588139																	
		51.512161	-0.116215																	
		51.289406	1.075802																	
																				
c	3 10 9 8 7 5 6 4 0 1 11 12 14 13 2 15	2046.675258	0.795332474	3	10	9	8	7	5	6	4	0	1	11	12	14	13	2	15	
		53.803895	-1.549931																	
		55.862982	-4.263554																	
		55.958426	-3.186893																	
		54.892406	-2.923222																	
		54.980766	-1.615849																	
		53.409532	-3.000126																	
		53.751959	-0.335941																	
		53.478239	-2.258549																	
		52.486125	-1.890507																	
		51.460852	-2.588139																	
		51.488224	-3.186893																	
		51.624837	-3.94495																	
		50.152266	-5.065556																	
		50.726024	-3.543949																	
		51.512161	-0.116215																	
		51.289406	1.075802																	
																				
c	10 8 5 4 0 1 9 7 6 3 11 12 14 13 2 15	2459.561925	0.754043807	10	8	5	4	0	1	9	7	6	3	11	12	14	13	2	15	
		55.862982	-4.263554																	
		54.892406	-2.923222																	
		53.409532	-3.000126																	
		53.478239	-2.258549																	
		52.486125	-1.890507																	
		51.460852	-2.588139																	
		55.958426	-3.186893																	
		54.980766	-1.615849																	
		53.751959	-0.335941																	
		53.803895	-1.549931																	
		51.488224	-3.186893																	
		51.624837	-3.94495																	
		50.152266	-5.065556																	
		50.726024	-3.543949																	
		51.512161	-0.116215																	
		51.289406	1.075802																	
																				
c	11 12 14 1 2 15 6 7 13 9 10 8 3 4 5 0	2834.090874	0.716590913	11	12	14	1	2	15	6	7	13	9	10	8	3	4	5	0	
		51.488224	-3.186893																	
		51.624837	-3.94495																	
		50.152266	-5.065556																	
		51.460852	-2.588139																	
		51.512161	-0.116215																	
		51.289406	1.075802																	
		53.751959	-0.335941																	
		54.980766	-1.615849																	
		50.726024	-3.543949																	
		55.958426	-3.186893																	
		55.862982	-4.263554																	
		54.892406	-2.923222																	
		53.803895	-1.549931																	
		53.478239	-2.258549																	
		53.409532	-3.000126																	
		52.486125	-1.890507																	
																				
c	8 6 7 9 10 5 4 0 3 1 11 12 14 13 2 15	2194.559845	0.780544016	8	6	7	9	10	5	4	0	3	1	11	12	14	13	2	15	
		54.892406	-2.923222																	
		53.751959	-0.335941																	
		54.980766	-1.615849																	
		55.958426	-3.186893																	
		55.862982	-4.263554																	
		53.409532	-3.000126																	
		53.478239	-2.258549																	
		52.486125	-1.890507																	
		53.803895	-1.549931																	
		51.460852	-2.588139																	
		51.488224	-3.186893																	
		51.624837	-3.94495																	
		50.152266	-5.065556																	
		50.726024	-3.543949																	
		51.512161	-0.116215																	
		51.289406	1.075802																	
																				
c	9 4 3 5 0 1 11 12 13 14 2 15 6 7 8 10	2158.375272	0.784162473	9	4	3	5	0	1	11	12	13	14	2	15	6	7	8	10	
		55.958426	-3.186893																	
		53.478239	-2.258549																	
		53.803895	-1.549931																	
		53.409532	-3.000126																	
		52.486125	-1.890507																	
		51.460852	-2.588139																	
		51.488224	-3.186893																	
		51.624837	-3.94495																	
		50.726024	-3.543949																	
		50.152266	-5.065556																	
		51.512161	-0.116215																	
		51.289406	1.075802																	
		53.751959	-0.335941																	
		54.980766	-1.615849																	
		54.892406	-2.923222																	
		55.862982	-4.263554																	
																				
c	0 1 11 12 14 13 3 7 9 10 8 5 4 6 2 15	2058.717554	0.794128245	0	1	11	12	14	13	3	7	9	10	8	5	4	6	2	15	
		52.486125	-1.890507																	
		51.460852	-2.588139																	
		51.488224	-3.186893																	
		51.624837	-3.94495																	
		50.152266	-5.065556																	
		50.726024	-3.543949																	
		53.803895	-1.549931																	
		54.980766	-1.615849																	
		55.958426	-3.186893																	
		55.862982	-4.263554																	
		54.892406	-2.923222																	
		53.409532	-3.000126																	
		53.478239	-2.258549																	
		53.751959	-0.335941																	
		51.512161	-0.116215																	
		51.289406	1.075802																	
																				
c	6 7 9 14 11 12 13 1 0 10 8 3 5 4 2 15	2747.61684	0.725238316	6	7	9	14	11	12	13	1	0	10	8	3	5	4	2	15	
		53.751959	-0.335941																	
		54.980766	-1.615849																	
		55.958426	-3.186893																	
		50.152266	-5.065556																	
		51.488224	-3.186893																	
		51.624837	-3.94495																	
		50.726024	-3.543949																	
		51.460852	-2.588139																	
		52.486125	-1.890507																	
		55.862982	-4.263554																	
		54.892406	-2.923222																	
		53.803895	-1.549931																	
		53.409532	-3.000126																	
		53.478239	-2.258549																	
		51.512161	-0.116215																	
		51.289406	1.075802																	
																				
c	6 7 10 9 8 3 4 5 0 11 12 14 13 1 2 15	1793.581252	0.820641875	6	7	10	9	8	3	4	5	0	11	12	14	13	1	2	15	
		53.751959	-0.335941																	
		54.980766	-1.615849																	
		55.862982	-4.263554																	
		55.958426	-3.186893																	
		54.892406	-2.923222																	
		53.803895	-1.549931																	
		53.478239	-2.258549																	
		53.409532	-3.000126																	
		52.486125	-1.890507																	
		51.488224	-3.186893																	
		51.624837	-3.94495																	
		50.152266	-5.065556																	
		50.726024	-3.543949																	
		51.460852	-2.588139																	
		51.512161	-0.116215																	
		51.289406	1.075802																	
																				
c	6 7 9 11 12 14 13 1 0 10 8 3 5 4 2 15	2591.415691	0.740858431	6	7	9	11	12	14	13	1	0	10	8	3	5	4	2	15	
		53.751959	-0.335941																	
		54.980766	-1.615849																	
		55.958426	-3.186893																	
		51.488224	-3.186893																	
		51.624837	-3.94495																	
		50.152266	-5.065556																	
		50.726024	-3.543949																	
		51.460852	-2.588139																	
		52.486125	-1.890507																	
		55.862982	-4.263554																	
		54.892406	-2.923222																	
		53.803895	-1.549931																	
		53.409532	-3.000126																	
		53.478239	-2.258549																	
		51.512161	-0.116215																	
		51.289406	1.075802																	
																				
c	10 8 7 5 6 3 4 0 1 11 12 14 13 2 15 9	2307.61211	0.769238789	10	8	7	5	6	3	4	0	1	11	12	14	13	2	15	9	
		55.862982	-4.263554																	
		54.892406	-2.923222																	
		54.980766	-1.615849																	
		53.409532	-3.000126																	
		53.751959	-0.335941																	
		53.803895	-1.549931																	
		53.478239	-2.258549																	
		52.486125	-1.890507																	
		51.460852	-2.588139																	
		51.488224	-3.186893																	
		51.624837	-3.94495																	
		50.152266	-5.065556																	
		50.726024	-3.543949																	
		51.512161	-0.116215																	
		51.289406	1.075802																	
		55.958426	-3.186893																	
																				
c	7 3 15 6 9 10 8 4 5 0 1 11 12 14 13 2	2383.753866	0.761624613	7	3	15	6	9	10	8	4	5	0	1	11	12	14	13	2	
		54.980766	-1.615849																	
		53.803895	-1.549931																	
		51.289406	1.075802																	
		53.751959	-0.335941																	
		55.958426	-3.186893																	
		55.862982	-4.263554																	
		54.892406	-2.923222																	
		53.478239	-2.258549																	
		53.409532	-3.000126																	
		52.486125	-1.890507																	
		51.460852	-2.588139																	
		51.488224	-3.186893																	
		51.624837	-3.94495																	
		50.152266	-5.065556																	
		50.726024	-3.543949																	
		51.512161	-0.116215																	
																				
g101		1758.378816	0.824162118	0	6	3	7	9	10	8	5	4	0	1	11	12	14	13	2	15
		53.751959	-0.335941																	
		53.803895	-1.549931																	
		54.980766	-1.615849																	
		55.958426	-3.186893																	
		55.862982	-4.263554																	
		54.892406	-2.923222																	
		53.409532	-3.000126																	
		53.478239	-2.258549																	
		52.486125	-1.890507																	
		51.460852	-2.588139																	
		51.488224	-3.186893																	
		51.624837	-3.94495																	
		50.152266	-5.065556																	
		50.726024	-3.543949																	
		51.512161	-0.116215																	
		51.289406	1.075802																	
																				
g101		1764.361747	0.823563825	1	6	7	9	10	8	3	4	5	0	11	12	14	13	1	2	15
		53.751959	-0.335941																	
		54.980766	-1.615849																	
		55.958426	-3.186893																	
		55.862982	-4.263554																	
		54.892406	-2.923222																	
		53.803895	-1.549931																	
		53.478239	-2.258549																	
		53.409532	-3.000126																	
		52.486125	-1.890507																	
		51.488224	-3.186893																	
		51.624837	-3.94495																	
		50.152266	-5.065556																	
		50.726024	-3.543949																	
		51.460852	-2.588139																	
		51.512161	-0.116215																	
		51.289406	1.075802																	
																				
g101		1765.392845	0.823460715	2	6	7	9	10	8	3	4	5	0	1	11	12	14	13	2	15
		53.751959	-0.335941																	
		54.980766	-1.615849																	
		55.958426	-3.186893																	
		55.862982	-4.263554																	
		54.892406	-2.923222																	
		53.803895	-1.549931																	
		53.478239	-2.258549																	
		53.409532	-3.000126																	
		52.486125	-1.890507																	
		51.460852	-2.588139																	
		51.488224	-3.186893																	
		51.624837	-3.94495																	
		50.152266	-5.065556																	
		50.726024	-3.543949																	
		51.512161	-0.116215																	
		51.289406	1.075802																	
																				
g101		1767.93964	0.823206036	3	10	9	8	7	5	6	3	4	0	1	11	12	14	13	2	15
		55.862982	-4.263554																	
		55.958426	-3.186893																	
		54.892406	-2.923222																	
		54.980766	-1.615849																	
		53.409532	-3.000126																	
		53.751959	-0.335941																	
		53.803895	-1.549931																	
		53.478239	-2.258549																	
		52.486125	-1.890507																	
		51.460852	-2.588139																	
		51.488224	-3.186893																	
		51.624837	-3.94495																	
		50.152266	-5.065556																	
		50.726024	-3.543949																	
		51.512161	-0.116215																	
		51.289406	1.075802																	
																				
g101		1785.41448	0.821458552	4	9	10	8	7	5	6	3	4	0	1	11	12	14	13	2	15
		55.958426	-3.186893																	
		55.862982	-4.263554																	
		54.892406	-2.923222																	
		54.980766	-1.615849																	
		53.409532	-3.000126																	
		53.751959	-0.335941																	
		53.803895	-1.549931																	
		53.478239	-2.258549																	
		52.486125	-1.890507																	
		51.460852	-2.588139																	
		51.488224	-3.186893																	
		51.624837	-3.94495																	
		50.152266	-5.065556																	
		50.726024	-3.543949																	
		51.512161	-0.116215																	
		51.289406	1.075802																	
																				
g101		1787.267844	0.821273216	5	3	6	7	9	10	8	5	4	0	1	11	12	14	13	2	15
		53.803895	-1.549931																	
		53.751959	-0.335941																	
		54.980766	-1.615849																	
		55.958426	-3.186893																	
		55.862982	-4.263554																	
		54.892406	-2.923222																	
		53.409532	-3.000126																	
		53.478239	-2.258549																	
		52.486125	-1.890507																	
		51.460852	-2.588139																	
		51.488224	-3.186893																	
		51.624837	-3.94495																	
		50.152266	-5.065556																	
		50.726024	-3.543949																	
		51.512161	-0.116215																	
		51.289406	1.075802																	
