c	10 8 5 0 4 3 6 7 9 14 1 11 12 13 2 15	2413.32032272729	0.758667967727271	10	8	5	0	4	3	6	7	9	14	1	11	12	13	2	15		
		55.862982	-4.263554
		54.892406	-2.923222
		53.409532	-3.000126
		52.486125	-1.890507
		53.478239	-2.258549
		53.803895	-1.549931
		53.751959	-0.335941
		54.980766	-1.615849
		55.958426	-3.186893
		50.152266	-5.065556
		51.460852	-2.588139
		51.488224	-3.186893
		51.624837	-3.94495
		50.726024	-3.543949
		51.512161	-0.116215
		51.289406	1.075802
		
c	1 11 12 14 13 2 7 0 3 6 10 9 8 5 15 4	2954.74241836571	0.704525758163429	1	11	12	14	13	2	7	0	3	6	10	9	8	5	15	4		
		51.460852	-2.588139
		51.488224	-3.186893
		51.624837	-3.94495
		50.152266	-5.065556
		50.726024	-3.543949
		51.512161	-0.116215
		54.980766	-1.615849
		52.486125	-1.890507
		53.803895	-1.549931
		53.751959	-0.335941
		55.862982	-4.263554
		55.958426	-3.186893
		54.892406	-2.923222
		53.409532	-3.000126
		51.289406	1.075802
		53.478239	-2.258549
		
c	10 9 8 5 6 3 4 1 2 15 0 7 11 12 14 13	2439.34306876146	0.756065693123854	10	9	8	5	6	3	4	1	2	15	0	7	11	12	14	13		
		55.862982	-4.263554
		55.958426	-3.186893
		54.892406	-2.923222
		53.409532	-3.000126
		53.751959	-0.335941
		53.803895	-1.549931
		53.478239	-2.258549
		51.460852	-2.588139
		51.512161	-0.116215
		51.289406	1.075802
		52.486125	-1.890507
		54.980766	-1.615849
		51.488224	-3.186893
		51.624837	-3.94495
		50.152266	-5.065556
		50.726024	-3.543949
		
c	0 3 6 7 10 9 8 4 5 11 12 14 13 1 2 15	1920.73655751263	0.807926344248737	0	3	6	7	10	9	8	4	5	11	12	14	13	1	2	15		
		52.486125	-1.890507
		53.803895	-1.549931
		53.751959	-0.335941
		54.980766	-1.615849
		55.862982	-4.263554
		55.958426	-3.186893
		54.892406	-2.923222
		53.478239	-2.258549
		53.409532	-3.000126
		51.488224	-3.186893
		51.624837	-3.94495
		50.152266	-5.065556
		50.726024	-3.543949
		51.460852	-2.588139
		51.512161	-0.116215
		51.289406	1.075802
		
c	0 4 3 6 7 9 10 8 5 2 15 1 11 12 14 13	1960.87878988075	0.803912121011925	0	4	3	6	7	9	10	8	5	2	15	1	11	12	14	13		
		52.486125	-1.890507
		53.478239	-2.258549
		53.803895	-1.549931
		53.751959	-0.335941
		54.980766	-1.615849
		55.958426	-3.186893
		55.862982	-4.263554
		54.892406	-2.923222
		53.409532	-3.000126
		51.512161	-0.116215
		51.289406	1.075802
		51.460852	-2.588139
		51.488224	-3.186893
		51.624837	-3.94495
		50.152266	-5.065556
		50.726024	-3.543949
		
c	5 11 12 14 13 1 3 6 2 15 4 7 10 9 8 0	2528.42878116505	0.747157121883495	5	11	12	14	13	1	3	6	2	15	4	7	10	9	8	0		
		53.409532	-3.000126
		51.488224	-3.186893
		51.624837	-3.94495
		50.152266	-5.065556
		50.726024	-3.543949
		51.460852	-2.588139
		53.803895	-1.549931
		53.751959	-0.335941
		51.512161	-0.116215
		51.289406	1.075802
		53.478239	-2.258549
		54.980766	-1.615849
		55.862982	-4.263554
		55.958426	-3.186893
		54.892406	-2.923222
		52.486125	-1.890507
		
c	12 14 7 10 9 8 3 1 5 0 4 6 11 13 2 15	2903.02511083592	0.709697488916408	12	14	7	10	9	8	3	1	5	0	4	6	11	13	2	15		
		51.624837	-3.94495
		50.152266	-5.065556
		54.980766	-1.615849
		55.862982	-4.263554
		55.958426	-3.186893
		54.892406	-2.923222
		53.803895	-1.549931
		51.460852	-2.588139
		53.409532	-3.000126
		52.486125	-1.890507
		53.478239	-2.258549
		53.751959	-0.335941
		51.488224	-3.186893
		50.726024	-3.543949
		51.512161	-0.116215
		51.289406	1.075802
		
c	10 8 5 6 3 7 4 9 0 1 11 12 14 13 2 15	2410.13980569411	0.758986019430589	10	8	5	6	3	7	4	9	0	1	11	12	14	13	2	15		
		55.862982	-4.263554
		54.892406	-2.923222
		53.409532	-3.000126
		53.751959	-0.335941
		53.803895	-1.549931
		54.980766	-1.615849
		53.478239	-2.258549
		55.958426	-3.186893
		52.486125	-1.890507
		51.460852	-2.588139
		51.488224	-3.186893
		51.624837	-3.94495
		50.152266	-5.065556
		50.726024	-3.543949
		51.512161	-0.116215
		51.289406	1.075802
		
c	5 0 8 6 3 4 7 10 9 1 11 12 2 15 14 13	2710.61895038645	0.728938104961355	5	0	8	6	3	4	7	10	9	1	11	12	2	15	14	13		
		53.409532	-3.000126
		52.486125	-1.890507
		54.892406	-2.923222
		53.751959	-0.335941
		53.803895	-1.549931
		53.478239	-2.258549
		54.980766	-1.615849
		55.862982	-4.263554
		55.958426	-3.186893
		51.460852	-2.588139
		51.488224	-3.186893
		51.624837	-3.94495
		51.512161	-0.116215
		51.289406	1.075802
		50.152266	-5.065556
		50.726024	-3.543949
		
c	4 5 0 2 15 6 7 11 12 3 1 14 13 10 9 8	3005.80551656498	0.699419448343502	4	5	0	2	15	6	7	11	12	3	1	14	13	10	9	8		
		53.478239	-2.258549
		53.409532	-3.000126
		52.486125	-1.890507
		51.512161	-0.116215
		51.289406	1.075802
		53.751959	-0.335941
		54.980766	-1.615849
		51.488224	-3.186893
		51.624837	-3.94495
		53.803895	-1.549931
		51.460852	-2.588139
		50.152266	-5.065556
		50.726024	-3.543949
		55.862982	-4.263554
		55.958426	-3.186893
		54.892406	-2.923222
		
c	11 12 14 13 1 2 15 0 3 6 7 10 9 8 4 5	1949.90272602798	0.805009727397202	11	12	14	13	1	2	15	0	3	6	7	10	9	8	4	5		
		51.488224	-3.186893
		51.624837	-3.94495
		50.152266	-5.065556
		50.726024	-3.543949
		51.460852	-2.588139
		51.512161	-0.116215
		51.289406	1.075802
		52.486125	-1.890507
		53.803895	-1.549931
		53.751959	-0.335941
		54.980766	-1.615849
		55.862982	-4.263554
		55.958426	-3.186893
		54.892406	-2.923222
		53.478239	-2.258549
		53.409532	-3.000126
		
c	15 0 3 6 7 10 9 8 5 4 1 11 13 2 12 14	2283.85332214063	0.771614667785937	15	0	3	6	7	10	9	8	5	4	1	11	13	2	12	14		
		51.289406	1.075802
		52.486125	-1.890507
		53.803895	-1.549931
		53.751959	-0.335941
		54.980766	-1.615849
		55.862982	-4.263554
		55.958426	-3.186893
		54.892406	-2.923222
		53.409532	-3.000126
		53.478239	-2.258549
		51.460852	-2.588139
		51.488224	-3.186893
		50.726024	-3.543949
		51.512161	-0.116215
		51.624837	-3.94495
		50.152266	-5.065556
		
c	12 14 6 7 9 10 8 4 5 3 0 1 11 13 2 15	2269.26552628216	0.773073447371784	12	14	6	7	9	10	8	4	5	3	0	1	11	13	2	15		
		51.624837	-3.94495
		50.152266	-5.065556
		53.751959	-0.335941
		54.980766	-1.615849
		55.958426	-3.186893
		55.862982	-4.263554
		54.892406	-2.923222
		53.478239	-2.258549
		53.409532	-3.000126
		53.803895	-1.549931
		52.486125	-1.890507
		51.460852	-2.588139
		51.488224	-3.186893
		50.726024	-3.543949
		51.512161	-0.116215
		51.289406	1.075802
		
c	5 1 11 12 0 2 7 9 10 8 6 3 4 14 13 15	2618.7075068036	0.73812924931964	5	1	11	12	0	2	7	9	10	8	6	3	4	14	13	15		
		53.409532	-3.000126
		51.460852	-2.588139
		51.488224	-3.186893
		51.624837	-3.94495
		52.486125	-1.890507
		51.512161	-0.116215
		54.980766	-1.615849
		55.958426	-3.186893
		55.862982	-4.263554
		54.892406	-2.923222
		53.751959	-0.335941
		53.803895	-1.549931
		53.478239	-2.258549
		50.152266	-5.065556
		50.726024	-3.543949
		51.289406	1.075802
		
c	8 0 1 11 12 14 13 7 10 9 5 6 3 4 2 15	2506.13831469334	0.749386168530666	8	0	1	11	12	14	13	7	10	9	5	6	3	4	2	15		
		54.892406	-2.923222
		52.486125	-1.890507
		51.460852	-2.588139
		51.488224	-3.186893
		51.624837	-3.94495
		50.152266	-5.065556
		50.726024	-3.543949
		54.980766	-1.615849
		55.862982	-4.263554
		55.958426	-3.186893
		53.409532	-3.000126
		53.751959	-0.335941
		53.803895	-1.549931
		53.478239	-2.258549
		51.512161	-0.116215
		51.289406	1.075802
		
c	7 10 9 8 4 3 11 12 14 13 1 2 15 6 5 0	2204.89662912994	0.779510337087006	7	10	9	8	4	3	11	12	14	13	1	2	15	6	5	0		
		54.980766	-1.615849
		55.862982	-4.263554
		55.958426	-3.186893
		54.892406	-2.923222
		53.478239	-2.258549
		53.803895	-1.549931
		51.488224	-3.186893
		51.624837	-3.94495
		50.152266	-5.065556
		50.726024	-3.543949
		51.460852	-2.588139
		51.512161	-0.116215
		51.289406	1.075802
		53.751959	-0.335941
		53.409532	-3.000126
		52.486125	-1.890507
		
c	8 5 6 3 4 0 14 7 10 1 11 12 2 13 15 9	3753.27936973586	0.624672063026414	8	5	6	3	4	0	14	7	10	1	11	12	2	13	15	9		
		54.892406	-2.923222
		53.409532	-3.000126
		53.751959	-0.335941
		53.803895	-1.549931
		53.478239	-2.258549
		52.486125	-1.890507
		50.152266	-5.065556
		54.980766	-1.615849
		55.862982	-4.263554
		51.460852	-2.588139
		51.488224	-3.186893
		51.624837	-3.94495
		51.512161	-0.116215
		50.726024	-3.543949
		51.289406	1.075802
		55.958426	-3.186893
		
c	0 4 3 6 7 9 10 8 5 1 11 12 14 13 2 15	1891.52859016771	0.810847140983229	0	4	3	6	7	9	10	8	5	1	11	12	14	13	2	15		
		52.486125	-1.890507
		53.478239	-2.258549
		53.803895	-1.549931
		53.751959	-0.335941
		54.980766	-1.615849
		55.958426	-3.186893
		55.862982	-4.263554
		54.892406	-2.923222
		53.409532	-3.000126
		51.460852	-2.588139
		51.488224	-3.186893
		51.624837	-3.94495
		50.152266	-5.065556
		50.726024	-3.543949
		51.512161	-0.116215
		51.289406	1.075802
		
c	11 1 2 7 10 9 8 4 3 5 6 0 15 12 14 13	2574.59964375177	0.742540035624823	11	1	2	7	10	9	8	4	3	5	6	0	15	12	14	13		
		51.488224	-3.186893
		51.460852	-2.588139
		51.512161	-0.116215
		54.980766	-1.615849
		55.862982	-4.263554
		55.958426	-3.186893
		54.892406	-2.923222
		53.478239	-2.258549
		53.803895	-1.549931
		53.409532	-3.000126
		53.751959	-0.335941
		52.486125	-1.890507
		51.289406	1.075802
		51.624837	-3.94495
		50.152266	-5.065556
		50.726024	-3.543949
		
c	6 4 3 7 10 9 8 5 11 12 14 13 1 0 15 2	2000.83588689073	0.799916411310927	6	4	3	7	10	9	8	5	11	12	14	13	1	0	15	2		
		53.751959	-0.335941
		53.478239	-2.258549
		53.803895	-1.549931
		54.980766	-1.615849
		55.862982	-4.263554
		55.958426	-3.186893
		54.892406	-2.923222
		53.409532	-3.000126
		51.488224	-3.186893
		51.624837	-3.94495
		50.152266	-5.065556
		50.726024	-3.543949
		51.460852	-2.588139
		52.486125	-1.890507
		51.289406	1.075802
		51.512161	-0.116215
		
c	3 4 5 0 1 11 15 6 7 10 9 8 13 2 12 14	2694.87059142559	0.730512940857441	3	4	5	0	1	11	15	6	7	10	9	8	13	2	12	14		
		53.803895	-1.549931
		53.478239	-2.258549
		53.409532	-3.000126
		52.486125	-1.890507
		51.460852	-2.588139
		51.488224	-3.186893
		51.289406	1.075802
		53.751959	-0.335941
		54.980766	-1.615849
		55.862982	-4.263554
		55.958426	-3.186893
		54.892406	-2.923222
		50.726024	-3.543949
		51.512161	-0.116215
		51.624837	-3.94495
		50.152266	-5.065556
		
c	3 7 10 9 8 5 14 13 2 15 0 4 6 11 12 1	2486.10545194316	0.751389454805684	3	7	10	9	8	5	14	13	2	15	0	4	6	11	12	1		
		53.803895	-1.549931
		54.980766	-1.615849
		55.862982	-4.263554
		55.958426	-3.186893
		54.892406	-2.923222
		53.409532	-3.000126
		50.152266	-5.065556
		50.726024	-3.543949
		51.512161	-0.116215
		51.289406	1.075802
		52.486125	-1.890507
		53.478239	-2.258549
		53.751959	-0.335941
		51.488224	-3.186893
		51.624837	-3.94495
		51.460852	-2.588139
		
c	14 13 15 4 3 5 6 7 10 9 8 0 1 11 12 2	2432.8692467975	0.75671307532025	14	13	15	4	3	5	6	7	10	9	8	0	1	11	12	2		
		50.152266	-5.065556
		50.726024	-3.543949
		51.289406	1.075802
		53.478239	-2.258549
		53.803895	-1.549931
		53.409532	-3.000126
		53.751959	-0.335941
		54.980766	-1.615849
		55.862982	-4.263554
		55.958426	-3.186893
		54.892406	-2.923222
		52.486125	-1.890507
		51.460852	-2.588139
		51.488224	-3.186893
		51.624837	-3.94495
		51.512161	-0.116215
		
c	3 4 0 1 11 12 14 13 7 10 9 2 15 6 8 5	2736.37738597503	0.726362261402496	3	4	0	1	11	12	14	13	7	10	9	2	15	6	8	5		
		53.803895	-1.549931
		53.478239	-2.258549
		52.486125	-1.890507
		51.460852	-2.588139
		51.488224	-3.186893
		51.624837	-3.94495
		50.152266	-5.065556
		50.726024	-3.543949
		54.980766	-1.615849
		55.862982	-4.263554
		55.958426	-3.186893
		51.512161	-0.116215
		51.289406	1.075802
		53.751959	-0.335941
		54.892406	-2.923222
		53.409532	-3.000126
		
c	5 3 1 14 13 2 15 9 10 4 0 6 7 8 11 12	2986.30331149979	0.701369668850021	5	3	1	14	13	2	15	9	10	4	0	6	7	8	11	12		
		53.409532	-3.000126
		53.803895	-1.549931
		51.460852	-2.588139
		50.152266	-5.065556
		50.726024	-3.543949
		51.512161	-0.116215
		51.289406	1.075802
		55.958426	-3.186893
		55.862982	-4.263554
		53.478239	-2.258549
		52.486125	-1.890507
		53.751959	-0.335941
		54.980766	-1.615849
		54.892406	-2.923222
		51.488224	-3.186893
		51.624837	-3.94495
		
c	10 5 4 6 7 9 8 3 0 1 11 12 14 13 2 15	2057.46769179342	0.794253230820658	10	5	4	6	7	9	8	3	0	1	11	12	14	13	2	15		
		55.862982	-4.263554
		53.409532	-3.000126
		53.478239	-2.258549
		53.751959	-0.335941
		54.980766	-1.615849
		55.958426	-3.186893
		54.892406	-2.923222
		53.803895	-1.549931
		52.486125	-1.890507
		51.460852	-2.588139
		51.488224	-3.186893
		51.624837	-3.94495
		50.152266	-5.065556
		50.726024	-3.543949
		51.512161	-0.116215
		51.289406	1.075802
		
c	13 1 2 15 6 7 10 9 8 3 4 5 0 11 12 14	1958.34485593931	0.804165514406069	13	1	2	15	6	7	10	9	8	3	4	5	0	11	12	14		
		50.726024	-3.543949
		51.460852	-2.588139
		51.512161	-0.116215
		51.289406	1.075802
		53.751959	-0.335941
		54.980766	-1.615849
		55.862982	-4.263554
		55.958426	-3.186893
		54.892406	-2.923222
		53.803895	-1.549931
		53.478239	-2.258549
		53.409532	-3.000126
		52.486125	-1.890507
		51.488224	-3.186893
		51.624837	-3.94495
		50.152266	-5.065556
		
c	13 1 3 4 11 12 14 2 15 6 7 10 9 8 5 0	2488.80126361208	0.751119873638792	13	1	3	4	11	12	14	2	15	6	7	10	9	8	5	0		
		50.726024	-3.543949
		51.460852	-2.588139
		53.803895	-1.549931
		53.478239	-2.258549
		51.488224	-3.186893
		51.624837	-3.94495
		50.152266	-5.065556
		51.512161	-0.116215
		51.289406	1.075802
		53.751959	-0.335941
		54.980766	-1.615849
		55.862982	-4.263554
		55.958426	-3.186893
		54.892406	-2.923222
		53.409532	-3.000126
		52.486125	-1.890507
		
c	10 9 8 5 7 6 3 4 0 1 11 12 14 13 2 15	1828.69571881654	0.817130428118346	10	9	8	5	7	6	3	4	0	1	11	12	14	13	2	15		
		55.862982	-4.263554
		55.958426	-3.186893
		54.892406	-2.923222
		53.409532	-3.000126
		54.980766	-1.615849
		53.751959	-0.335941
		53.803895	-1.549931
		53.478239	-2.258549
		52.486125	-1.890507
		51.460852	-2.588139
		51.488224	-3.186893
		51.624837	-3.94495
		50.152266	-5.065556
		50.726024	-3.543949
		51.512161	-0.116215
		51.289406	1.075802
		
c	9 1 3 4 7 10 6 5 8 0 11 12 14 13 2 15	3006.0537646754	0.69939462353246	9	1	3	4	7	10	6	5	8	0	11	12	14	13	2	15		
		55.958426	-3.186893
		51.460852	-2.588139
		53.803895	-1.549931
		53.478239	-2.258549
		54.980766	-1.615849
		55.862982	-4.263554
		53.751959	-0.335941
		53.409532	-3.000126
		54.892406	-2.923222
		52.486125	-1.890507
		51.488224	-3.186893
		51.624837	-3.94495
		50.152266	-5.065556
		50.726024	-3.543949
		51.512161	-0.116215
		51.289406	1.075802
		
c	1 11 12 14 13 2 15 6 7 9 10 8 5 3 4 0	1988.31212217934	0.801168787782066	1	11	12	14	13	2	15	6	7	9	10	8	5	3	4	0		
		51.460852	-2.588139
		51.488224	-3.186893
		51.624837	-3.94495
		50.152266	-5.065556
		50.726024	-3.543949
		51.512161	-0.116215
		51.289406	1.075802
		53.751959	-0.335941
		54.980766	-1.615849
		55.958426	-3.186893
		55.862982	-4.263554
		54.892406	-2.923222
		53.409532	-3.000126
		53.803895	-1.549931
		53.478239	-2.258549
		52.486125	-1.890507
		
c	6 10 9 8 5 11 14 13 1 2 15 4 3 7 0 12	2567.95852394901	0.743204147605099	6	10	9	8	5	11	14	13	1	2	15	4	3	7	0	12		
		53.751959	-0.335941
		55.862982	-4.263554
		55.958426	-3.186893
		54.892406	-2.923222
		53.409532	-3.000126
		51.488224	-3.186893
		50.152266	-5.065556
		50.726024	-3.543949
		51.460852	-2.588139
		51.512161	-0.116215
		51.289406	1.075802
		53.478239	-2.258549
		53.803895	-1.549931
		54.980766	-1.615849
		52.486125	-1.890507
		51.624837	-3.94495
		
c	3 0 15 6 4 1 11 12 14 13 2 7 10 9 8 5	2639.67605878727	0.736032394121273	3	0	15	6	4	1	11	12	14	13	2	7	10	9	8	5		
		53.803895	-1.549931
		52.486125	-1.890507
		51.289406	1.075802
		53.751959	-0.335941
		53.478239	-2.258549
		51.460852	-2.588139
		51.488224	-3.186893
		51.624837	-3.94495
		50.152266	-5.065556
		50.726024	-3.543949
		51.512161	-0.116215
		54.980766	-1.615849
		55.862982	-4.263554
		55.958426	-3.186893
		54.892406	-2.923222
		53.409532	-3.000126
		
c	7 10 9 8 5 6 3 4 0 1 11 12 14 13 2 15	1846.00611008192	0.815399388991808	7	10	9	8	5	6	3	4	0	1	11	12	14	13	2	15		
		54.980766	-1.615849
		55.862982	-4.263554
		55.958426	-3.186893
		54.892406	-2.923222
		53.409532	-3.000126
		53.751959	-0.335941
		53.803895	-1.549931
		53.478239	-2.258549
		52.486125	-1.890507
		51.460852	-2.588139
		51.488224	-3.186893
		51.624837	-3.94495
		50.152266	-5.065556
		50.726024	-3.543949
		51.512161	-0.116215
		51.289406	1.075802
		
c	3 4 0 1 2 15 6 7 10 9 8 5 11 12 14 13	2124.89407874942	0.787510592125058	3	4	0	1	2	15	6	7	10	9	8	5	11	12	14	13		
		53.803895	-1.549931
		53.478239	-2.258549
		52.486125	-1.890507
		51.460852	-2.588139
		51.512161	-0.116215
		51.289406	1.075802
		53.751959	-0.335941
		54.980766	-1.615849
		55.862982	-4.263554
		55.958426	-3.186893
		54.892406	-2.923222
		53.409532	-3.000126
		51.488224	-3.186893
		51.624837	-3.94495
		50.152266	-5.065556
		50.726024	-3.543949
		
c	6 10 9 8 5 0 2 1 7 4 11 3 12 14 13 15	3163.60074661421	0.683639925338579	6	10	9	8	5	0	2	1	7	4	11	3	12	14	13	15		
		53.751959	-0.335941
		55.862982	-4.263554
		55.958426	-3.186893
		54.892406	-2.923222
		53.409532	-3.000126
		52.486125	-1.890507
		51.512161	-0.116215
		51.460852	-2.588139
		54.980766	-1.615849
		53.478239	-2.258549
		51.488224	-3.186893
		53.803895	-1.549931
		51.624837	-3.94495
		50.152266	-5.065556
		50.726024	-3.543949
		51.289406	1.075802
		
c	14 13 2 15 0 4 3 6 10 9 8 5 11 12 1 7	2419.06267341342	0.758093732658658	14	13	2	15	0	4	3	6	10	9	8	5	11	12	1	7		
		50.152266	-5.065556
		50.726024	-3.543949
		51.512161	-0.116215
		51.289406	1.075802
		52.486125	-1.890507
		53.478239	-2.258549
		53.803895	-1.549931
		53.751959	-0.335941
		55.862982	-4.263554
		55.958426	-3.186893
		54.892406	-2.923222
		53.409532	-3.000126
		51.488224	-3.186893
		51.624837	-3.94495
		51.460852	-2.588139
		54.980766	-1.615849
		
c	3 2 15 6 4 7 10 9 8 5 0 1 11 12 14 13	2151.19343105194	0.784880656894806	3	2	15	6	4	7	10	9	8	5	0	1	11	12	14	13		
		53.803895	-1.549931
		51.512161	-0.116215
		51.289406	1.075802
		53.751959	-0.335941
		53.478239	-2.258549
		54.980766	-1.615849
		55.862982	-4.263554
		55.958426	-3.186893
		54.892406	-2.923222
		53.409532	-3.000126
		52.486125	-1.890507
		51.460852	-2.588139
		51.488224	-3.186893
		51.624837	-3.94495
		50.152266	-5.065556
		50.726024	-3.543949
		
c	6 7 10 9 8 4 5 11 12 14 13 1 3 0 15 2	2182.47970352679	0.78175202964732	6	7	10	9	8	4	5	11	12	14	13	1	3	0	15	2		
		53.751959	-0.335941
		54.980766	-1.615849
		55.862982	-4.263554
		55.958426	-3.186893
		54.892406	-2.923222
		53.478239	-2.258549
		53.409532	-3.000126
		51.488224	-3.186893
		51.624837	-3.94495
		50.152266	-5.065556
		50.726024	-3.543949
		51.460852	-2.588139
		53.803895	-1.549931
		52.486125	-1.890507
		51.289406	1.075802
		51.512161	-0.116215
		
c	0 1 11 12 14 13 8 10 9 5 2 15 6 4 3 7	2464.81847879948	0.753518152120052	0	1	11	12	14	13	8	10	9	5	2	15	6	4	3	7		
		52.486125	-1.890507
		51.460852	-2.588139
		51.488224	-3.186893
		51.624837	-3.94495
		50.152266	-5.065556
		50.726024	-3.543949
		54.892406	-2.923222
		55.862982	-4.263554
		55.958426	-3.186893
		53.409532	-3.000126
		51.512161	-0.116215
		51.289406	1.075802
		53.751959	-0.335941
		53.478239	-2.258549
		53.803895	-1.549931
		54.980766	-1.615849
		
c	10 8 5 3 4 12 1 11 0 2 15 6 7 9 14 13	2610.03262021191	0.738996737978809	10	8	5	3	4	12	1	11	0	2	15	6	7	9	14	13		
		55.862982	-4.263554
		54.892406	-2.923222
		53.409532	-3.000126
		53.803895	-1.549931
		53.478239	-2.258549
		51.624837	-3.94495
		51.460852	-2.588139
		51.488224	-3.186893
		52.486125	-1.890507
		51.512161	-0.116215
		51.289406	1.075802
		53.751959	-0.335941
		54.980766	-1.615849
		55.958426	-3.186893
		50.152266	-5.065556
		50.726024	-3.543949
		
c	14 1 11 12 13 2 15 0 4 3 7 10 5 6 9 8	2397.79686598252	0.760220313401748	14	1	11	12	13	2	15	0	4	3	7	10	5	6	9	8		
		50.152266	-5.065556
		51.460852	-2.588139
		51.488224	-3.186893
		51.624837	-3.94495
		50.726024	-3.543949
		51.512161	-0.116215
		51.289406	1.075802
		52.486125	-1.890507
		53.478239	-2.258549
		53.803895	-1.549931
		54.980766	-1.615849
		55.862982	-4.263554
		53.409532	-3.000126
		53.751959	-0.335941
		55.958426	-3.186893
		54.892406	-2.923222
		
c	9 8 3 2 15 6 4 7 10 5 0 1 11 12 14 13	2353.1852099664	0.76468147900336	9	8	3	2	15	6	4	7	10	5	0	1	11	12	14	13		
		55.958426	-3.186893
		54.892406	-2.923222
		53.803895	-1.549931
		51.512161	-0.116215
		51.289406	1.075802
		53.751959	-0.335941
		53.478239	-2.258549
		54.980766	-1.615849
		55.862982	-4.263554
		53.409532	-3.000126
		52.486125	-1.890507
		51.460852	-2.588139
		51.488224	-3.186893
		51.624837	-3.94495
		50.152266	-5.065556
		50.726024	-3.543949
		
c	12 14 2 15 6 4 3 7 10 9 8 5 0 1 11 13	2183.97890341793	0.781602109658207	12	14	2	15	6	4	3	7	10	9	8	5	0	1	11	13		
		51.624837	-3.94495
		50.152266	-5.065556
		51.512161	-0.116215
		51.289406	1.075802
		53.751959	-0.335941
		53.478239	-2.258549
		53.803895	-1.549931
		54.980766	-1.615849
		55.862982	-4.263554
		55.958426	-3.186893
		54.892406	-2.923222
		53.409532	-3.000126
		52.486125	-1.890507
		51.460852	-2.588139
		51.488224	-3.186893
		50.726024	-3.543949
		
c	6 9 8 0 14 5 1 13 2 15 4 3 7 10 11 12	3358.24124443504	0.664175875556496	6	9	8	0	14	5	1	13	2	15	4	3	7	10	11	12		
		53.751959	-0.335941
		55.958426	-3.186893
		54.892406	-2.923222
		52.486125	-1.890507
		50.152266	-5.065556
		53.409532	-3.000126
		51.460852	-2.588139
		50.726024	-3.543949
		51.512161	-0.116215
		51.289406	1.075802
		53.478239	-2.258549
		53.803895	-1.549931
		54.980766	-1.615849
		55.862982	-4.263554
		51.488224	-3.186893
		51.624837	-3.94495
		
c	6 9 8 3 4 5 0 1 11 12 14 13 2 15 7 10	2320.50844318037	0.767949155681963	6	9	8	3	4	5	0	1	11	12	14	13	2	15	7	10		
		53.751959	-0.335941
		55.958426	-3.186893
		54.892406	-2.923222
		53.803895	-1.549931
		53.478239	-2.258549
		53.409532	-3.000126
		52.486125	-1.890507
		51.460852	-2.588139
		51.488224	-3.186893
		51.624837	-3.94495
		50.152266	-5.065556
		50.726024	-3.543949
		51.512161	-0.116215
		51.289406	1.075802
		54.980766	-1.615849
		55.862982	-4.263554
		
c	7 10 5 6 9 8 0 4 3 14 1 11 12 13 2 15	2771.6851911089	0.72283148088911	7	10	5	6	9	8	0	4	3	14	1	11	12	13	2	15		
		54.980766	-1.615849
		55.862982	-4.263554
		53.409532	-3.000126
		53.751959	-0.335941
		55.958426	-3.186893
		54.892406	-2.923222
		52.486125	-1.890507
		53.478239	-2.258549
		53.803895	-1.549931
		50.152266	-5.065556
		51.460852	-2.588139
		51.488224	-3.186893
		51.624837	-3.94495
		50.726024	-3.543949
		51.512161	-0.116215
		51.289406	1.075802
		
c	7 9 10 8 4 5 3 0 1 11 12 14 13 2 15 6	1976.06989383369	0.802393010616631	7	9	10	8	4	5	3	0	1	11	12	14	13	2	15	6		
		54.980766	-1.615849
		55.958426	-3.186893
		55.862982	-4.263554
		54.892406	-2.923222
		53.478239	-2.258549
		53.409532	-3.000126
		53.803895	-1.549931
		52.486125	-1.890507
		51.460852	-2.588139
		51.488224	-3.186893
		51.624837	-3.94495
		50.152266	-5.065556
		50.726024	-3.543949
		51.512161	-0.116215
		51.289406	1.075802
		53.751959	-0.335941
		
c	10 9 8 5 0 4 3 6 7 14 1 11 12 13 2 15	2244.26119457862	0.775573880542137	10	9	8	5	0	4	3	6	7	14	1	11	12	13	2	15		
		55.862982	-4.263554
		55.958426	-3.186893
		54.892406	-2.923222
		53.409532	-3.000126
		52.486125	-1.890507
		53.478239	-2.258549
		53.803895	-1.549931
		53.751959	-0.335941
		54.980766	-1.615849
		50.152266	-5.065556
		51.460852	-2.588139
		51.488224	-3.186893
		51.624837	-3.94495
		50.726024	-3.543949
		51.512161	-0.116215
		51.289406	1.075802
		
c	7 5 0 1 11 14 13 15 4 3 6 10 9 8 12 2	2779.17768756031	0.722082231243969	7	5	0	1	11	14	13	15	4	3	6	10	9	8	12	2		
		54.980766	-1.615849
		53.409532	-3.000126
		52.486125	-1.890507
		51.460852	-2.588139
		51.488224	-3.186893
		50.152266	-5.065556
		50.726024	-3.543949
		51.289406	1.075802
		53.478239	-2.258549
		53.803895	-1.549931
		53.751959	-0.335941
		55.862982	-4.263554
		55.958426	-3.186893
		54.892406	-2.923222
		51.624837	-3.94495
		51.512161	-0.116215
		
c	7 10 9 8 5 11 6 3 4 0 1 12 14 13 2 15	2196.32588392803	0.780367411607197	7	10	9	8	5	11	6	3	4	0	1	12	14	13	2	15		
		54.980766	-1.615849
		55.862982	-4.263554
		55.958426	-3.186893
		54.892406	-2.923222
		53.409532	-3.000126
		51.488224	-3.186893
		53.751959	-0.335941
		53.803895	-1.549931
		53.478239	-2.258549
		52.486125	-1.890507
		51.460852	-2.588139
		51.624837	-3.94495
		50.152266	-5.065556
		50.726024	-3.543949
		51.512161	-0.116215
		51.289406	1.075802
		
c	3 1 14 13 8 5 11 12 2 15 0 4 6 7 9 10	2733.21097818759	0.726678902181241	3	1	14	13	8	5	11	12	2	15	0	4	6	7	9	10		
		53.803895	-1.549931
		51.460852	-2.588139
		50.152266	-5.065556
		50.726024	-3.543949
		54.892406	-2.923222
		53.409532	-3.000126
		51.488224	-3.186893
		51.624837	-3.94495
		51.512161	-0.116215
		51.289406	1.075802
		52.486125	-1.890507
		53.478239	-2.258549
		53.751959	-0.335941
		54.980766	-1.615849
		55.958426	-3.186893
		55.862982	-4.263554
		
c	14 7 4 3 11 12 13 1 2 15 6 10 9 8 5 0	2731.48225566955	0.726851774433045	14	7	4	3	11	12	13	1	2	15	6	10	9	8	5	0		
		50.152266	-5.065556
		54.980766	-1.615849
		53.478239	-2.258549
		53.803895	-1.549931
		51.488224	-3.186893
		51.624837	-3.94495
		50.726024	-3.543949
		51.460852	-2.588139
		51.512161	-0.116215
		51.289406	1.075802
		53.751959	-0.335941
		55.862982	-4.263554
		55.958426	-3.186893
		54.892406	-2.923222
		53.409532	-3.000126
		52.486125	-1.890507
		
c	8 0 1 11 12 14 2 15 7 5 4 3 6 9 10 13	2922.83599922368	0.707716400077632	8	0	1	11	12	14	2	15	7	5	4	3	6	9	10	13		
		54.892406	-2.923222
		52.486125	-1.890507
		51.460852	-2.588139
		51.488224	-3.186893
		51.624837	-3.94495
		50.152266	-5.065556
		51.512161	-0.116215
		51.289406	1.075802
		54.980766	-1.615849
		53.409532	-3.000126
		53.478239	-2.258549
		53.803895	-1.549931
		53.751959	-0.335941
		55.958426	-3.186893
		55.862982	-4.263554
		50.726024	-3.543949
		
c	3 4 7 10 9 1 8 2 15 0 6 5 11 12 14 13	3056.29767453697	0.694370232546303	3	4	7	10	9	1	8	2	15	0	6	5	11	12	14	13		
		53.803895	-1.549931
		53.478239	-2.258549
		54.980766	-1.615849
		55.862982	-4.263554
		55.958426	-3.186893
		51.460852	-2.588139
		54.892406	-2.923222
		51.512161	-0.116215
		51.289406	1.075802
		52.486125	-1.890507
		53.751959	-0.335941
		53.409532	-3.000126
		51.488224	-3.186893
		51.624837	-3.94495
		50.152266	-5.065556
		50.726024	-3.543949
		
c	6 7 10 5 4 9 8 0 1 11 12 14 13 2 3 15	2750.83019054159	0.724916980945841	6	7	10	5	4	9	8	0	1	11	12	14	13	2	3	15		
		53.751959	-0.335941
		54.980766	-1.615849
		55.862982	-4.263554
		53.409532	-3.000126
		53.478239	-2.258549
		55.958426	-3.186893
		54.892406	-2.923222
		52.486125	-1.890507
		51.460852	-2.588139
		51.488224	-3.186893
		51.624837	-3.94495
		50.152266	-5.065556
		50.726024	-3.543949
		51.512161	-0.116215
		53.803895	-1.549931
		51.289406	1.075802
		
c	12 14 13 1 2 15 0 6 5 11 3 7 10 9 8 4	2437.44660120456	0.756255339879544	12	14	13	1	2	15	0	6	5	11	3	7	10	9	8	4		
		51.624837	-3.94495
		50.152266	-5.065556
		50.726024	-3.543949
		51.460852	-2.588139
		51.512161	-0.116215
		51.289406	1.075802
		52.486125	-1.890507
		53.751959	-0.335941
		53.409532	-3.000126
		51.488224	-3.186893
		53.803895	-1.549931
		54.980766	-1.615849
		55.862982	-4.263554
		55.958426	-3.186893
		54.892406	-2.923222
		53.478239	-2.258549
		
c	4 7 10 6 9 8 5 0 1 11 12 3 2 14 13 15	3043.89356500226	0.695610643499774	4	7	10	6	9	8	5	0	1	11	12	3	2	14	13	15		
		53.478239	-2.258549
		54.980766	-1.615849
		55.862982	-4.263554
		53.751959	-0.335941
		55.958426	-3.186893
		54.892406	-2.923222
		53.409532	-3.000126
		52.486125	-1.890507
		51.460852	-2.588139
		51.488224	-3.186893
		51.624837	-3.94495
		53.803895	-1.549931
		51.512161	-0.116215
		50.152266	-5.065556
		50.726024	-3.543949
		51.289406	1.075802
		
c	7 9 10 8 5 2 15 1 11 12 4 0 14 13 6 3	2537.47318108646	0.746252681891354	7	9	10	8	5	2	15	1	11	12	4	0	14	13	6	3		
		54.980766	-1.615849
		55.958426	-3.186893
		55.862982	-4.263554
		54.892406	-2.923222
		53.409532	-3.000126
		51.512161	-0.116215
		51.289406	1.075802
		51.460852	-2.588139
		51.488224	-3.186893
		51.624837	-3.94495
		53.478239	-2.258549
		52.486125	-1.890507
		50.152266	-5.065556
		50.726024	-3.543949
		53.751959	-0.335941
		53.803895	-1.549931
		
c	15 0 13 11 1 2 7 10 9 8 4 3 5 6 12 14	2578.86093688556	0.742113906311444	15	0	13	11	1	2	7	10	9	8	4	3	5	6	12	14		
		51.289406	1.075802
		52.486125	-1.890507
		50.726024	-3.543949
		51.488224	-3.186893
		51.460852	-2.588139
		51.512161	-0.116215
		54.980766	-1.615849
		55.862982	-4.263554
		55.958426	-3.186893
		54.892406	-2.923222
		53.478239	-2.258549
		53.803895	-1.549931
		53.409532	-3.000126
		53.751959	-0.335941
		51.624837	-3.94495
		50.152266	-5.065556
		
c	5 0 6 7 10 9 8 3 4 1 11 12 14 13 2 15	2021.5709837902	0.79784290162098	5	0	6	7	10	9	8	3	4	1	11	12	14	13	2	15		
		53.409532	-3.000126
		52.486125	-1.890507
		53.751959	-0.335941
		54.980766	-1.615849
		55.862982	-4.263554
		55.958426	-3.186893
		54.892406	-2.923222
		53.803895	-1.549931
		53.478239	-2.258549
		51.460852	-2.588139
		51.488224	-3.186893
		51.624837	-3.94495
		50.152266	-5.065556
		50.726024	-3.543949
		51.512161	-0.116215
		51.289406	1.075802
		
c	12 14 6 7 9 10 8 5 3 4 0 1 11 13 2 15	2245.30101568226	0.775469898431774	12	14	6	7	9	10	8	5	3	4	0	1	11	13	2	15		
		51.624837	-3.94495
		50.152266	-5.065556
		53.751959	-0.335941
		54.980766	-1.615849
		55.958426	-3.186893
		55.862982	-4.263554
		54.892406	-2.923222
		53.409532	-3.000126
		53.803895	-1.549931
		53.478239	-2.258549
		52.486125	-1.890507
		51.460852	-2.588139
		51.488224	-3.186893
		50.726024	-3.543949
		51.512161	-0.116215
		51.289406	1.075802
		
c	1 2 15 6 0 4 3 7 10 5 9 8 11 12 14 13	2647.59460051999	0.735240539948001	1	2	15	6	0	4	3	7	10	5	9	8	11	12	14	13		
		51.460852	-2.588139
		51.512161	-0.116215
		51.289406	1.075802
		53.751959	-0.335941
		52.486125	-1.890507
		53.478239	-2.258549
		53.803895	-1.549931
		54.980766	-1.615849
		55.862982	-4.263554
		53.409532	-3.000126
		55.958426	-3.186893
		54.892406	-2.923222
		51.488224	-3.186893
		51.624837	-3.94495
		50.152266	-5.065556
		50.726024	-3.543949
		
c	7 10 9 8 5 11 12 15 6 3 4 0 1 14 13 2	2437.19697417642	0.756280302582358	7	10	9	8	5	11	12	15	6	3	4	0	1	14	13	2		
		54.980766	-1.615849
		55.862982	-4.263554
		55.958426	-3.186893
		54.892406	-2.923222
		53.409532	-3.000126
		51.488224	-3.186893
		51.624837	-3.94495
		51.289406	1.075802
		53.751959	-0.335941
		53.803895	-1.549931
		53.478239	-2.258549
		52.486125	-1.890507
		51.460852	-2.588139
		50.152266	-5.065556
		50.726024	-3.543949
		51.512161	-0.116215
		
c	15 11 12 14 13 6 3 7 10 9 0 4 8 5 2 1	2826.64335502802	0.717335664497198	15	11	12	14	13	6	3	7	10	9	0	4	8	5	2	1		
		51.289406	1.075802
		51.488224	-3.186893
		51.624837	-3.94495
		50.152266	-5.065556
		50.726024	-3.543949
		53.751959	-0.335941
		53.803895	-1.549931
		54.980766	-1.615849
		55.862982	-4.263554
		55.958426	-3.186893
		52.486125	-1.890507
		53.478239	-2.258549
		54.892406	-2.923222
		53.409532	-3.000126
		51.512161	-0.116215
		51.460852	-2.588139
		
c	9 8 12 14 13 11 1 2 15 0 4 3 6 7 10 5	2317.17727219502	0.768282272780498	9	8	12	14	13	11	1	2	15	0	4	3	6	7	10	5		
		55.958426	-3.186893
		54.892406	-2.923222
		51.624837	-3.94495
		50.152266	-5.065556
		50.726024	-3.543949
		51.488224	-3.186893
		51.460852	-2.588139
		51.512161	-0.116215
		51.289406	1.075802
		52.486125	-1.890507
		53.478239	-2.258549
		53.803895	-1.549931
		53.751959	-0.335941
		54.980766	-1.615849
		55.862982	-4.263554
		53.409532	-3.000126
		
c	9 8 0 1 11 13 2 15 6 4 3 10 7 5 12 14	2537.61020491295	0.746238979508705	9	8	0	1	11	13	2	15	6	4	3	10	7	5	12	14		
		55.958426	-3.186893
		54.892406	-2.923222
		52.486125	-1.890507
		51.460852	-2.588139
		51.488224	-3.186893
		50.726024	-3.543949
		51.512161	-0.116215
		51.289406	1.075802
		53.751959	-0.335941
		53.478239	-2.258549
		53.803895	-1.549931
		55.862982	-4.263554
		54.980766	-1.615849
		53.409532	-3.000126
		51.624837	-3.94495
		50.152266	-5.065556
		
c	14 13 1 2 11 12 7 4 3 6 10 9 8 5 0 15	2450.92907532981	0.754907092467019	14	13	1	2	11	12	7	4	3	6	10	9	8	5	0	15		
		50.152266	-5.065556
		50.726024	-3.543949
		51.460852	-2.588139
		51.512161	-0.116215
		51.488224	-3.186893
		51.624837	-3.94495
		54.980766	-1.615849
		53.478239	-2.258549
		53.803895	-1.549931
		53.751959	-0.335941
		55.862982	-4.263554
		55.958426	-3.186893
		54.892406	-2.923222
		53.409532	-3.000126
		52.486125	-1.890507
		51.289406	1.075802
		
c	2 7 10 9 8 3 4 5 0 1 6 11 12 14 13 15	2593.22115860341	0.740677884139659	2	7	10	9	8	3	4	5	0	1	6	11	12	14	13	15		
		51.512161	-0.116215
		54.980766	-1.615849
		55.862982	-4.263554
		55.958426	-3.186893
		54.892406	-2.923222
		53.803895	-1.549931
		53.478239	-2.258549
		53.409532	-3.000126
		52.486125	-1.890507
		51.460852	-2.588139
		53.751959	-0.335941
		51.488224	-3.186893
		51.624837	-3.94495
		50.152266	-5.065556
		50.726024	-3.543949
		51.289406	1.075802
		
c	15 6 4 3 7 10 5 9 8 0 1 11 12 14 13 2	2549.57235849059	0.745042764150941	15	6	4	3	7	10	5	9	8	0	1	11	12	14	13	2		
		51.289406	1.075802
		53.751959	-0.335941
		53.478239	-2.258549
		53.803895	-1.549931
		54.980766	-1.615849
		55.862982	-4.263554
		53.409532	-3.000126
		55.958426	-3.186893
		54.892406	-2.923222
		52.486125	-1.890507
		51.460852	-2.588139
		51.488224	-3.186893
		51.624837	-3.94495
		50.152266	-5.065556
		50.726024	-3.543949
		51.512161	-0.116215
		
c	3 6 9 10 8 11 5 4 7 0 1 12 14 13 2 15	2550.70338315885	0.744929661684115	3	6	9	10	8	11	5	4	7	0	1	12	14	13	2	15		
		53.803895	-1.549931
		53.751959	-0.335941
		55.958426	-3.186893
		55.862982	-4.263554
		54.892406	-2.923222
		51.488224	-3.186893
		53.409532	-3.000126
		53.478239	-2.258549
		54.980766	-1.615849
		52.486125	-1.890507
		51.460852	-2.588139
		51.624837	-3.94495
		50.152266	-5.065556
		50.726024	-3.543949
		51.512161	-0.116215
		51.289406	1.075802
		
c	14 13 1 2 11 12 0 5 3 15 6 4 7 10 9 8	2376.24943136586	0.762375056863414	14	13	1	2	11	12	0	5	3	15	6	4	7	10	9	8		
		50.152266	-5.065556
		50.726024	-3.543949
		51.460852	-2.588139
		51.512161	-0.116215
		51.488224	-3.186893
		51.624837	-3.94495
		52.486125	-1.890507
		53.409532	-3.000126
		53.803895	-1.549931
		51.289406	1.075802
		53.751959	-0.335941
		53.478239	-2.258549
		54.980766	-1.615849
		55.862982	-4.263554
		55.958426	-3.186893
		54.892406	-2.923222
		
c	6 3 7 10 9 8 5 2 15 4 0 1 11 12 14 13	2102.98826364503	0.789701173635497	6	3	7	10	9	8	5	2	15	4	0	1	11	12	14	13		
		53.751959	-0.335941
		53.803895	-1.549931
		54.980766	-1.615849
		55.862982	-4.263554
		55.958426	-3.186893
		54.892406	-2.923222
		53.409532	-3.000126
		51.512161	-0.116215
		51.289406	1.075802
		53.478239	-2.258549
		52.486125	-1.890507
		51.460852	-2.588139
		51.488224	-3.186893
		51.624837	-3.94495
		50.152266	-5.065556
		50.726024	-3.543949
		
c	4 3 6 7 9 10 8 0 1 11 12 14 13 2 5 15	2359.44438434733	0.764055561565267	4	3	6	7	9	10	8	0	1	11	12	14	13	2	5	15		
		53.478239	-2.258549
		53.803895	-1.549931
		53.751959	-0.335941
		54.980766	-1.615849
		55.958426	-3.186893
		55.862982	-4.263554
		54.892406	-2.923222
		52.486125	-1.890507
		51.460852	-2.588139
		51.488224	-3.186893
		51.624837	-3.94495
		50.152266	-5.065556
		50.726024	-3.543949
		51.512161	-0.116215
		53.409532	-3.000126
		51.289406	1.075802
		
c	7 10 9 8 5 14 13 1 2 15 6 3 4 0 11 12	2162.42042829981	0.783757957170019	7	10	9	8	5	14	13	1	2	15	6	3	4	0	11	12		
		54.980766	-1.615849
		55.862982	-4.263554
		55.958426	-3.186893
		54.892406	-2.923222
		53.409532	-3.000126
		50.152266	-5.065556
		50.726024	-3.543949
		51.460852	-2.588139
		51.512161	-0.116215
		51.289406	1.075802
		53.751959	-0.335941
		53.803895	-1.549931
		53.478239	-2.258549
		52.486125	-1.890507
		51.488224	-3.186893
		51.624837	-3.94495
		
c	11 1 2 15 0 4 3 6 7 9 10 8 5 12 14 13	1986.71606103606	0.801328393896394	11	1	2	15	0	4	3	6	7	9	10	8	5	12	14	13		
		51.488224	-3.186893
		51.460852	-2.588139
		51.512161	-0.116215
		51.289406	1.075802
		52.486125	-1.890507
		53.478239	-2.258549
		53.803895	-1.549931
		53.751959	-0.335941
		54.980766	-1.615849
		55.958426	-3.186893
		55.862982	-4.263554
		54.892406	-2.923222
		53.409532	-3.000126
		51.624837	-3.94495
		50.152266	-5.065556
		50.726024	-3.543949
		
c	4 15 6 3 7 9 10 8 5 0 1 2 11 12 14 13	2345.87395877949	0.76541260412205	4	15	6	3	7	9	10	8	5	0	1	2	11	12	14	13		
		53.478239	-2.258549
		51.289406	1.075802
		53.751959	-0.335941
		53.803895	-1.549931
		54.980766	-1.615849
		55.958426	-3.186893
		55.862982	-4.263554
		54.892406	-2.923222
		53.409532	-3.000126
		52.486125	-1.890507
		51.460852	-2.588139
		51.512161	-0.116215
		51.488224	-3.186893
		51.624837	-3.94495
		50.152266	-5.065556
		50.726024	-3.543949
		
c	8 7 10 9 0 1 11 14 13 2 15 6 5 12 3 4	2599.63402157591	0.740036597842409	8	7	10	9	0	1	11	14	13	2	15	6	5	12	3	4		
		54.892406	-2.923222
		54.980766	-1.615849
		55.862982	-4.263554
		55.958426	-3.186893
		52.486125	-1.890507
		51.460852	-2.588139
		51.488224	-3.186893
		50.152266	-5.065556
		50.726024	-3.543949
		51.512161	-0.116215
		51.289406	1.075802
		53.751959	-0.335941
		53.409532	-3.000126
		51.624837	-3.94495
		53.803895	-1.549931
		53.478239	-2.258549
		
c	15 3 0 6 7 10 9 8 5 4 1 11 12 14 13 2	2293.25482782948	0.770674517217052	15	3	0	6	7	10	9	8	5	4	1	11	12	14	13	2		
		51.289406	1.075802
		53.803895	-1.549931
		52.486125	-1.890507
		53.751959	-0.335941
		54.980766	-1.615849
		55.862982	-4.263554
		55.958426	-3.186893
		54.892406	-2.923222
		53.409532	-3.000126
		53.478239	-2.258549
		51.460852	-2.588139
		51.488224	-3.186893
		51.624837	-3.94495
		50.152266	-5.065556
		50.726024	-3.543949
		51.512161	-0.116215
		
c	10 9 8 5 6 3 4 0 1 11 12 14 2 15 7 13	2589.69852884737	0.741030147115263	10	9	8	5	6	3	4	0	1	11	12	14	2	15	7	13		
		55.862982	-4.263554
		55.958426	-3.186893
		54.892406	-2.923222
		53.409532	-3.000126
		53.751959	-0.335941
		53.803895	-1.549931
		53.478239	-2.258549
		52.486125	-1.890507
		51.460852	-2.588139
		51.488224	-3.186893
		51.624837	-3.94495
		50.152266	-5.065556
		51.512161	-0.116215
		51.289406	1.075802
		54.980766	-1.615849
		50.726024	-3.543949
		
c	14 5 0 1 11 12 13 15 3 6 7 9 10 8 4 2	2517.01529795421	0.748298470204579	14	5	0	1	11	12	13	15	3	6	7	9	10	8	4	2		
		50.152266	-5.065556
		53.409532	-3.000126
		52.486125	-1.890507
		51.460852	-2.588139
		51.488224	-3.186893
		51.624837	-3.94495
		50.726024	-3.543949
		51.289406	1.075802
		53.803895	-1.549931
		53.751959	-0.335941
		54.980766	-1.615849
		55.958426	-3.186893
		55.862982	-4.263554
		54.892406	-2.923222
		53.478239	-2.258549
		51.512161	-0.116215
		
c	9 10 8 5 11 12 14 13 1 0 4 2 15 3 6 7	2207.25645729408	0.779274354270592	9	10	8	5	11	12	14	13	1	0	4	2	15	3	6	7		
		55.958426	-3.186893
		55.862982	-4.263554
		54.892406	-2.923222
		53.409532	-3.000126
		51.488224	-3.186893
		51.624837	-3.94495
		50.152266	-5.065556
		50.726024	-3.543949
		51.460852	-2.588139
		52.486125	-1.890507
		53.478239	-2.258549
		51.512161	-0.116215
		51.289406	1.075802
		53.803895	-1.549931
		53.751959	-0.335941
		54.980766	-1.615849
		
c	9 8 3 4 5 0 1 11 12 14 13 2 15 7 6 10	2324.94771781374	0.767505228218626	9	8	3	4	5	0	1	11	12	14	13	2	15	7	6	10		
		55.958426	-3.186893
		54.892406	-2.923222
		53.803895	-1.549931
		53.478239	-2.258549
		53.409532	-3.000126
		52.486125	-1.890507
		51.460852	-2.588139
		51.488224	-3.186893
		51.624837	-3.94495
		50.152266	-5.065556
		50.726024	-3.543949
		51.512161	-0.116215
		51.289406	1.075802
		54.980766	-1.615849
		53.751959	-0.335941
		55.862982	-4.263554
		
c	6 7 10 9 8 5 4 1 11 12 14 2 15 13 0 3	2428.37174536453	0.757162825463547	6	7	10	9	8	5	4	1	11	12	14	2	15	13	0	3		
		53.751959	-0.335941
		54.980766	-1.615849
		55.862982	-4.263554
		55.958426	-3.186893
		54.892406	-2.923222
		53.409532	-3.000126
		53.478239	-2.258549
		51.460852	-2.588139
		51.488224	-3.186893
		51.624837	-3.94495
		50.152266	-5.065556
		51.512161	-0.116215
		51.289406	1.075802
		50.726024	-3.543949
		52.486125	-1.890507
		53.803895	-1.549931
		
c	2 15 7 1 11 12 14 13 4 3 6 9 10 8 5 0	2593.94857976069	0.740605142023931	2	15	7	1	11	12	14	13	4	3	6	9	10	8	5	0		
		51.512161	-0.116215
		51.289406	1.075802
		54.980766	-1.615849
		51.460852	-2.588139
		51.488224	-3.186893
		51.624837	-3.94495
		50.152266	-5.065556
		50.726024	-3.543949
		53.478239	-2.258549
		53.803895	-1.549931
		53.751959	-0.335941
		55.958426	-3.186893
		55.862982	-4.263554
		54.892406	-2.923222
		53.409532	-3.000126
		52.486125	-1.890507
		
c	15 0 4 3 6 7 9 10 8 5 11 12 1 14 13 2	2143.17043540102	0.785682956459898	15	0	4	3	6	7	9	10	8	5	11	12	1	14	13	2		
		51.289406	1.075802
		52.486125	-1.890507
		53.478239	-2.258549
		53.803895	-1.549931
		53.751959	-0.335941
		54.980766	-1.615849
		55.958426	-3.186893
		55.862982	-4.263554
		54.892406	-2.923222
		53.409532	-3.000126
		51.488224	-3.186893
		51.624837	-3.94495
		51.460852	-2.588139
		50.152266	-5.065556
		50.726024	-3.543949
		51.512161	-0.116215
		
c	6 7 10 9 8 4 5 0 1 11 12 14 2 15 13 3	2444.71240533685	0.755528759466315	6	7	10	9	8	4	5	0	1	11	12	14	2	15	13	3		
		53.751959	-0.335941
		54.980766	-1.615849
		55.862982	-4.263554
		55.958426	-3.186893
		54.892406	-2.923222
		53.478239	-2.258549
		53.409532	-3.000126
		52.486125	-1.890507
		51.460852	-2.588139
		51.488224	-3.186893
		51.624837	-3.94495
		50.152266	-5.065556
		51.512161	-0.116215
		51.289406	1.075802
		50.726024	-3.543949
		53.803895	-1.549931
		
c	1 11 6 7 9 10 8 4 5 3 0 12 14 13 2 15	2154.52889075366	0.784547110924634	1	11	6	7	9	10	8	4	5	3	0	12	14	13	2	15		
		51.460852	-2.588139
		51.488224	-3.186893
		53.751959	-0.335941
		54.980766	-1.615849
		55.958426	-3.186893
		55.862982	-4.263554
		54.892406	-2.923222
		53.478239	-2.258549
		53.409532	-3.000126
		53.803895	-1.549931
		52.486125	-1.890507
		51.624837	-3.94495
		50.152266	-5.065556
		50.726024	-3.543949
		51.512161	-0.116215
		51.289406	1.075802
		
c	3 6 7 9 10 8 0 1 11 12 14 13 2 15 4 5	2117.60148478991	0.788239851521009	3	6	7	9	10	8	0	1	11	12	14	13	2	15	4	5		
		53.803895	-1.549931
		53.751959	-0.335941
		54.980766	-1.615849
		55.958426	-3.186893
		55.862982	-4.263554
		54.892406	-2.923222
		52.486125	-1.890507
		51.460852	-2.588139
		51.488224	-3.186893
		51.624837	-3.94495
		50.152266	-5.065556
		50.726024	-3.543949
		51.512161	-0.116215
		51.289406	1.075802
		53.478239	-2.258549
		53.409532	-3.000126
		
c	6 7 10 9 8 1 2 0 3 5 11 12 14 13 15 4	2747.78951020885	0.725221048979115	6	7	10	9	8	1	2	0	3	5	11	12	14	13	15	4		
		53.751959	-0.335941
		54.980766	-1.615849
		55.862982	-4.263554
		55.958426	-3.186893
		54.892406	-2.923222
		51.460852	-2.588139
		51.512161	-0.116215
		52.486125	-1.890507
		53.803895	-1.549931
		53.409532	-3.000126
		51.488224	-3.186893
		51.624837	-3.94495
		50.152266	-5.065556
		50.726024	-3.543949
		51.289406	1.075802
		53.478239	-2.258549
		
c	8 5 15 6 7 3 4 2 10 9 0 1 11 12 14 13	2975.69474368679	0.702430525631321	8	5	15	6	7	3	4	2	10	9	0	1	11	12	14	13		
		54.892406	-2.923222
		53.409532	-3.000126
		51.289406	1.075802
		53.751959	-0.335941
		54.980766	-1.615849
		53.803895	-1.549931
		53.478239	-2.258549
		51.512161	-0.116215
		55.862982	-4.263554
		55.958426	-3.186893
		52.486125	-1.890507
		51.460852	-2.588139
		51.488224	-3.186893
		51.624837	-3.94495
		50.152266	-5.065556
		50.726024	-3.543949
		
c	8 5 11 12 14 13 1 2 15 0 4 3 6 7 9 10	1973.56024416932	0.802643975583068	8	5	11	12	14	13	1	2	15	0	4	3	6	7	9	10		
		54.892406	-2.923222
		53.409532	-3.000126
		51.488224	-3.186893
		51.624837	-3.94495
		50.152266	-5.065556
		50.726024	-3.543949
		51.460852	-2.588139
		51.512161	-0.116215
		51.289406	1.075802
		52.486125	-1.890507
		53.478239	-2.258549
		53.803895	-1.549931
		53.751959	-0.335941
		54.980766	-1.615849
		55.958426	-3.186893
		55.862982	-4.263554
		
c	2 15 6 7 9 10 8 5 11 12 14 13 1 0 4 3	2029.93549305109	0.797006450694892	2	15	6	7	9	10	8	5	11	12	14	13	1	0	4	3		
		51.512161	-0.116215
		51.289406	1.075802
		53.751959	-0.335941
		54.980766	-1.615849
		55.958426	-3.186893
		55.862982	-4.263554
		54.892406	-2.923222
		53.409532	-3.000126
		51.488224	-3.186893
		51.624837	-3.94495
		50.152266	-5.065556
		50.726024	-3.543949
		51.460852	-2.588139
		52.486125	-1.890507
		53.478239	-2.258549
		53.803895	-1.549931
		
c	2 5 0 1 11 12 14 6 7 10 9 8 4 3 13 15	2791.15740077071	0.720884259922929	2	5	0	1	11	12	14	6	7	10	9	8	4	3	13	15		
		51.512161	-0.116215
		53.409532	-3.000126
		52.486125	-1.890507
		51.460852	-2.588139
		51.488224	-3.186893
		51.624837	-3.94495
		50.152266	-5.065556
		53.751959	-0.335941
		54.980766	-1.615849
		55.862982	-4.263554
		55.958426	-3.186893
		54.892406	-2.923222
		53.478239	-2.258549
		53.803895	-1.549931
		50.726024	-3.543949
		51.289406	1.075802
		
g61		1794.61235065558	0.820538764934442	0	6	7	10	9	8	3	4	5	0	1	11	12	14	13	2	15		
		53.751959	-0.335941
		54.980766	-1.615849
		55.862982	-4.263554
		55.958426	-3.186893
		54.892406	-2.923222
		53.803895	-1.549931
		53.478239	-2.258549
		53.409532	-3.000126
		52.486125	-1.890507
		51.460852	-2.588139
		51.488224	-3.186893
		51.624837	-3.94495
		50.152266	-5.065556
		50.726024	-3.543949
		51.512161	-0.116215
		51.289406	1.075802
		
g61		1816.78660485524	0.818321339514476	1	7	9	10	8	5	6	3	4	0	1	11	12	14	13	2	15		
		54.980766	-1.615849
		55.958426	-3.186893
		55.862982	-4.263554
		54.892406	-2.923222
		53.409532	-3.000126
		53.751959	-0.335941
		53.803895	-1.549931
		53.478239	-2.258549
		52.486125	-1.890507
		51.460852	-2.588139
		51.488224	-3.186893
		51.624837	-3.94495
		50.152266	-5.065556
		50.726024	-3.543949
		51.512161	-0.116215
		51.289406	1.075802
		
g61		1821.93638973953	0.817806361026047	2	6	7	9	10	8	5	3	4	0	1	11	12	14	13	2	15		
		53.751959	-0.335941
		54.980766	-1.615849
		55.958426	-3.186893
		55.862982	-4.263554
		54.892406	-2.923222
		53.409532	-3.000126
		53.803895	-1.549931
		53.478239	-2.258549
		52.486125	-1.890507
		51.460852	-2.588139
		51.488224	-3.186893
		51.624837	-3.94495
		50.152266	-5.065556
		50.726024	-3.543949
		51.512161	-0.116215
		51.289406	1.075802
		
g61		1828.33630628242	0.817166369371758	3	3	6	7	10	9	8	4	5	0	1	11	12	14	13	2	15		
		53.803895	-1.549931
		53.751959	-0.335941
		54.980766	-1.615849
		55.862982	-4.263554
		55.958426	-3.186893
		54.892406	-2.923222
		53.478239	-2.258549
		53.409532	-3.000126
		52.486125	-1.890507
		51.460852	-2.588139
		51.488224	-3.186893
		51.624837	-3.94495
		50.152266	-5.065556
		50.726024	-3.543949
		51.512161	-0.116215
		51.289406	1.075802
		
g61		1844.43579025575	0.815556420974425	4	5	4	3	6	7	9	10	8	0	1	11	12	14	13	2	15		
		53.409532	-3.000126
		53.478239	-2.258549
		53.803895	-1.549931
		53.751959	-0.335941
		54.980766	-1.615849
		55.958426	-3.186893
		55.862982	-4.263554
		54.892406	-2.923222
		52.486125	-1.890507
		51.460852	-2.588139
		51.488224	-3.186893
		51.624837	-3.94495
		50.152266	-5.065556
		50.726024	-3.543949
		51.512161	-0.116215
		51.289406	1.075802
		
g61		1845.90090033943	0.815409909966057	5	6	7	9	10	8	4	5	3	0	1	11	12	14	13	2	15		
		53.751959	-0.335941
		54.980766	-1.615849
		55.958426	-3.186893
		55.862982	-4.263554
		54.892406	-2.923222
		53.478239	-2.258549
		53.409532	-3.000126
		53.803895	-1.549931
		52.486125	-1.890507
		51.460852	-2.588139
		51.488224	-3.186893
		51.624837	-3.94495
		50.152266	-5.065556
		50.726024	-3.543949
		51.512161	-0.116215
		51.289406	1.075802
		
