c	6 4 9 2 5 0 1 11 12 14 13 3 10 8 7 15	3212.10441664012	0.678789558335988	6	4	9	2	5	0	1	11	12	14	13	3	10	8	7	15		
		53.751959	-0.335941
		53.478239	-2.258549
		55.958426	-3.186893
		51.512161	-0.116215
		53.409532	-3.000126
		52.486125	-1.890507
		51.460852	-2.588139
		51.488224	-3.186893
		51.624837	-3.94495
		50.152266	-5.065556
		50.726024	-3.543949
		53.803895	-1.549931
		55.862982	-4.263554
		54.892406	-2.923222
		54.980766	-1.615849
		51.289406	1.075802
		
c	0 11 12 14 13 1 9 8 7 3 10 4 6 5 2 15	2711.79962787873	0.728820037212127	0	11	12	14	13	1	9	8	7	3	10	4	6	5	2	15		
		52.486125	-1.890507
		51.488224	-3.186893
		51.624837	-3.94495
		50.152266	-5.065556
		50.726024	-3.543949
		51.460852	-2.588139
		55.958426	-3.186893
		54.892406	-2.923222
		54.980766	-1.615849
		53.803895	-1.549931
		55.862982	-4.263554
		53.478239	-2.258549
		53.751959	-0.335941
		53.409532	-3.000126
		51.512161	-0.116215
		51.289406	1.075802
		
c	10 9 8 7 6 3 4 5 12 14 13 0 1 11 2 15	1826.30904828362	0.817369095171637	10	9	8	7	6	3	4	5	12	14	13	0	1	11	2	15		
		55.862982	-4.263554
		55.958426	-3.186893
		54.892406	-2.923222
		54.980766	-1.615849
		53.751959	-0.335941
		53.803895	-1.549931
		53.478239	-2.258549
		53.409532	-3.000126
		51.624837	-3.94495
		50.152266	-5.065556
		50.726024	-3.543949
		52.486125	-1.890507
		51.460852	-2.588139
		51.488224	-3.186893
		51.512161	-0.116215
		51.289406	1.075802
		
c	10 9 8 14 13 6 4 5 7 0 3 11 1 12 2 15	2831.95831865667	0.716804168134333	10	9	8	14	13	6	4	5	7	0	3	11	1	12	2	15		
		55.862982	-4.263554
		55.958426	-3.186893
		54.892406	-2.923222
		50.152266	-5.065556
		50.726024	-3.543949
		53.751959	-0.335941
		53.478239	-2.258549
		53.409532	-3.000126
		54.980766	-1.615849
		52.486125	-1.890507
		53.803895	-1.549931
		51.488224	-3.186893
		51.460852	-2.588139
		51.624837	-3.94495
		51.512161	-0.116215
		51.289406	1.075802
		
c	10 9 8 7 3 4 6 5 0 11 12 14 13 1 2 15	1765.46246029207	0.823453753970793	10	9	8	7	3	4	6	5	0	11	12	14	13	1	2	15		
		55.862982	-4.263554
		55.958426	-3.186893
		54.892406	-2.923222
		54.980766	-1.615849
		53.803895	-1.549931
		53.478239	-2.258549
		53.751959	-0.335941
		53.409532	-3.000126
		52.486125	-1.890507
		51.488224	-3.186893
		51.624837	-3.94495
		50.152266	-5.065556
		50.726024	-3.543949
		51.460852	-2.588139
		51.512161	-0.116215
		51.289406	1.075802
		
c	2 9 8 7 6 3 10 4 5 0 1 11 12 14 13 15	2591.99619408432	0.740800380591568	2	9	8	7	6	3	10	4	5	0	1	11	12	14	13	15		
		51.512161	-0.116215
		55.958426	-3.186893
		54.892406	-2.923222
		54.980766	-1.615849
		53.751959	-0.335941
		53.803895	-1.549931
		55.862982	-4.263554
		53.478239	-2.258549
		53.409532	-3.000126
		52.486125	-1.890507
		51.460852	-2.588139
		51.488224	-3.186893
		51.624837	-3.94495
		50.152266	-5.065556
		50.726024	-3.543949
		51.289406	1.075802
		
c	2 7 6 3 4 5 10 9 8 11 12 14 13 0 1 15	2564.79877816046	0.743520122183954	2	7	6	3	4	5	10	9	8	11	12	14	13	0	1	15		
		51.512161	-0.116215
		54.980766	-1.615849
		53.751959	-0.335941
		53.803895	-1.549931
		53.478239	-2.258549
		53.409532	-3.000126
		55.862982	-4.263554
		55.958426	-3.186893
		54.892406	-2.923222
		51.488224	-3.186893
		51.624837	-3.94495
		50.152266	-5.065556
		50.726024	-3.543949
		52.486125	-1.890507
		51.460852	-2.588139
		51.289406	1.075802
		
c	11 10 9 8 7 6 3 4 5 0 1 12 14 13 2 15	2105.72333034397	0.789427666965603	11	10	9	8	7	6	3	4	5	0	1	12	14	13	2	15		
		51.488224	-3.186893
		55.862982	-4.263554
		55.958426	-3.186893
		54.892406	-2.923222
		54.980766	-1.615849
		53.751959	-0.335941
		53.803895	-1.549931
		53.478239	-2.258549
		53.409532	-3.000126
		52.486125	-1.890507
		51.460852	-2.588139
		51.624837	-3.94495
		50.152266	-5.065556
		50.726024	-3.543949
		51.512161	-0.116215
		51.289406	1.075802
		
c	9 8 7 6 3 10 4 5 0 1 11 12 14 13 2 15	2069.89060737464	0.793010939262536	9	8	7	6	3	10	4	5	0	1	11	12	14	13	2	15		
		55.958426	-3.186893
		54.892406	-2.923222
		54.980766	-1.615849
		53.751959	-0.335941
		53.803895	-1.549931
		55.862982	-4.263554
		53.478239	-2.258549
		53.409532	-3.000126
		52.486125	-1.890507
		51.460852	-2.588139
		51.488224	-3.186893
		51.624837	-3.94495
		50.152266	-5.065556
		50.726024	-3.543949
		51.512161	-0.116215
		51.289406	1.075802
		
c	9 4 11 12 3 13 10 8 7 6 14 5 0 1 2 15	3591.98339223809	0.640801660776191	9	4	11	12	3	13	10	8	7	6	14	5	0	1	2	15		
		55.958426	-3.186893
		53.478239	-2.258549
		51.488224	-3.186893
		51.624837	-3.94495
		53.803895	-1.549931
		50.726024	-3.543949
		55.862982	-4.263554
		54.892406	-2.923222
		54.980766	-1.615849
		53.751959	-0.335941
		50.152266	-5.065556
		53.409532	-3.000126
		52.486125	-1.890507
		51.460852	-2.588139
		51.512161	-0.116215
		51.289406	1.075802
		
c	0 1 11 12 10 9 8 7 6 3 4 5 14 13 2 15	2167.06371275905	0.783293628724095	0	1	11	12	10	9	8	7	6	3	4	5	14	13	2	15		
		52.486125	-1.890507
		51.460852	-2.588139
		51.488224	-3.186893
		51.624837	-3.94495
		55.862982	-4.263554
		55.958426	-3.186893
		54.892406	-2.923222
		54.980766	-1.615849
		53.751959	-0.335941
		53.803895	-1.549931
		53.478239	-2.258549
		53.409532	-3.000126
		50.152266	-5.065556
		50.726024	-3.543949
		51.512161	-0.116215
		51.289406	1.075802
		
c	3 4 5 9 10 8 7 0 11 12 14 13 1 6 2 15	2201.16494217161	0.779883505782838	3	4	5	9	10	8	7	0	11	12	14	13	1	6	2	15		
		53.803895	-1.549931
		53.478239	-2.258549
		53.409532	-3.000126
		55.958426	-3.186893
		55.862982	-4.263554
		54.892406	-2.923222
		54.980766	-1.615849
		52.486125	-1.890507
		51.488224	-3.186893
		51.624837	-3.94495
		50.152266	-5.065556
		50.726024	-3.543949
		51.460852	-2.588139
		53.751959	-0.335941
		51.512161	-0.116215
		51.289406	1.075802
		
c	12 14 13 0 6 3 10 9 8 7 4 5 1 11 2 15	2128.21814480213	0.787178185519787	12	14	13	0	6	3	10	9	8	7	4	5	1	11	2	15		
		51.624837	-3.94495
		50.152266	-5.065556
		50.726024	-3.543949
		52.486125	-1.890507
		53.751959	-0.335941
		53.803895	-1.549931
		55.862982	-4.263554
		55.958426	-3.186893
		54.892406	-2.923222
		54.980766	-1.615849
		53.478239	-2.258549
		53.409532	-3.000126
		51.460852	-2.588139
		51.488224	-3.186893
		51.512161	-0.116215
		51.289406	1.075802
		
c	10 9 8 7 6 4 5 12 14 13 1 2 3 0 11 15	2263.24317697525	0.773675682302475	10	9	8	7	6	4	5	12	14	13	1	2	3	0	11	15		
		55.862982	-4.263554
		55.958426	-3.186893
		54.892406	-2.923222
		54.980766	-1.615849
		53.751959	-0.335941
		53.478239	-2.258549
		53.409532	-3.000126
		51.624837	-3.94495
		50.152266	-5.065556
		50.726024	-3.543949
		51.460852	-2.588139
		51.512161	-0.116215
		53.803895	-1.549931
		52.486125	-1.890507
		51.488224	-3.186893
		51.289406	1.075802
		
c	10 9 8 7 3 4 6 5 0 11 12 1 14 13 2 15	1884.22039353585	0.811577960646415	10	9	8	7	3	4	6	5	0	11	12	1	14	13	2	15		
		55.862982	-4.263554
		55.958426	-3.186893
		54.892406	-2.923222
		54.980766	-1.615849
		53.803895	-1.549931
		53.478239	-2.258549
		53.751959	-0.335941
		53.409532	-3.000126
		52.486125	-1.890507
		51.488224	-3.186893
		51.624837	-3.94495
		51.460852	-2.588139
		50.152266	-5.065556
		50.726024	-3.543949
		51.512161	-0.116215
		51.289406	1.075802
		
c	13 1 11 12 5 9 10 8 7 3 0 14 4 6 2 15	2486.0856648799	0.75139143351201	13	1	11	12	5	9	10	8	7	3	0	14	4	6	2	15		
		50.726024	-3.543949
		51.460852	-2.588139
		51.488224	-3.186893
		51.624837	-3.94495
		53.409532	-3.000126
		55.958426	-3.186893
		55.862982	-4.263554
		54.892406	-2.923222
		54.980766	-1.615849
		53.803895	-1.549931
		52.486125	-1.890507
		50.152266	-5.065556
		53.478239	-2.258549
		53.751959	-0.335941
		51.512161	-0.116215
		51.289406	1.075802
		
c	7 6 3 4 9 10 12 14 13 1 0 5 8 11 2 15	2626.21672091144	0.737378327908856	7	6	3	4	9	10	12	14	13	1	0	5	8	11	2	15		
		54.980766	-1.615849
		53.751959	-0.335941
		53.803895	-1.549931
		53.478239	-2.258549
		55.958426	-3.186893
		55.862982	-4.263554
		51.624837	-3.94495
		50.152266	-5.065556
		50.726024	-3.543949
		51.460852	-2.588139
		52.486125	-1.890507
		53.409532	-3.000126
		54.892406	-2.923222
		51.488224	-3.186893
		51.512161	-0.116215
		51.289406	1.075802
		
c	1 9 8 7 3 6 2 10 4 5 0 11 12 14 13 15	3025.14211338347	0.697485788661653	1	9	8	7	3	6	2	10	4	5	0	11	12	14	13	15		
		51.460852	-2.588139
		55.958426	-3.186893
		54.892406	-2.923222
		54.980766	-1.615849
		53.803895	-1.549931
		53.751959	-0.335941
		51.512161	-0.116215
		55.862982	-4.263554
		53.478239	-2.258549
		53.409532	-3.000126
		52.486125	-1.890507
		51.488224	-3.186893
		51.624837	-3.94495
		50.152266	-5.065556
		50.726024	-3.543949
		51.289406	1.075802
		
c	10 8 7 3 0 4 5 6 9 11 12 14 13 1 2 15	2370.42241116051	0.762957758883949	10	8	7	3	0	4	5	6	9	11	12	14	13	1	2	15		
		55.862982	-4.263554
		54.892406	-2.923222
		54.980766	-1.615849
		53.803895	-1.549931
		52.486125	-1.890507
		53.478239	-2.258549
		53.409532	-3.000126
		53.751959	-0.335941
		55.958426	-3.186893
		51.488224	-3.186893
		51.624837	-3.94495
		50.152266	-5.065556
		50.726024	-3.543949
		51.460852	-2.588139
		51.512161	-0.116215
		51.289406	1.075802
		
c	4 7 5 12 14 13 1 9 10 8 6 3 0 11 2 15	2575.89055776806	0.742410944223194	4	7	5	12	14	13	1	9	10	8	6	3	0	11	2	15		
		53.478239	-2.258549
		54.980766	-1.615849
		53.409532	-3.000126
		51.624837	-3.94495
		50.152266	-5.065556
		50.726024	-3.543949
		51.460852	-2.588139
		55.958426	-3.186893
		55.862982	-4.263554
		54.892406	-2.923222
		53.751959	-0.335941
		53.803895	-1.549931
		52.486125	-1.890507
		51.488224	-3.186893
		51.512161	-0.116215
		51.289406	1.075802
		
c	11 12 14 13 1 9 8 6 10 7 3 4 5 0 2 15	2451.93307502728	0.754806692497272	11	12	14	13	1	9	8	6	10	7	3	4	5	0	2	15		
		51.488224	-3.186893
		51.624837	-3.94495
		50.152266	-5.065556
		50.726024	-3.543949
		51.460852	-2.588139
		55.958426	-3.186893
		54.892406	-2.923222
		53.751959	-0.335941
		55.862982	-4.263554
		54.980766	-1.615849
		53.803895	-1.549931
		53.478239	-2.258549
		53.409532	-3.000126
		52.486125	-1.890507
		51.512161	-0.116215
		51.289406	1.075802
		
c	8 7 3 6 4 5 0 1 11 12 14 13 9 10 2 15	2420.35946749098	0.757964053250902	8	7	3	6	4	5	0	1	11	12	14	13	9	10	2	15		
		54.892406	-2.923222
		54.980766	-1.615849
		53.803895	-1.549931
		53.751959	-0.335941
		53.478239	-2.258549
		53.409532	-3.000126
		52.486125	-1.890507
		51.460852	-2.588139
		51.488224	-3.186893
		51.624837	-3.94495
		50.152266	-5.065556
		50.726024	-3.543949
		55.958426	-3.186893
		55.862982	-4.263554
		51.512161	-0.116215
		51.289406	1.075802
		
c	11 10 9 8 7 3 4 6 5 0 12 14 13 1 2 15	2230.37672479651	0.776962327520349	11	10	9	8	7	3	4	6	5	0	12	14	13	1	2	15		
		51.488224	-3.186893
		55.862982	-4.263554
		55.958426	-3.186893
		54.892406	-2.923222
		54.980766	-1.615849
		53.803895	-1.549931
		53.478239	-2.258549
		53.751959	-0.335941
		53.409532	-3.000126
		52.486125	-1.890507
		51.624837	-3.94495
		50.152266	-5.065556
		50.726024	-3.543949
		51.460852	-2.588139
		51.512161	-0.116215
		51.289406	1.075802
		
c	7 6 3 4 5 0 11 12 14 10 9 8 13 1 2 15	2506.76559891236	0.749323440108764	7	6	3	4	5	0	11	12	14	10	9	8	13	1	2	15		
		54.980766	-1.615849
		53.751959	-0.335941
		53.803895	-1.549931
		53.478239	-2.258549
		53.409532	-3.000126
		52.486125	-1.890507
		51.488224	-3.186893
		51.624837	-3.94495
		50.152266	-5.065556
		55.862982	-4.263554
		55.958426	-3.186893
		54.892406	-2.923222
		50.726024	-3.543949
		51.460852	-2.588139
		51.512161	-0.116215
		51.289406	1.075802
		
c	8 7 3 4 6 5 0 11 12 1 10 9 14 13 2 15	2697.05092413646	0.730294907586354	8	7	3	4	6	5	0	11	12	1	10	9	14	13	2	15		
		54.892406	-2.923222
		54.980766	-1.615849
		53.803895	-1.549931
		53.478239	-2.258549
		53.751959	-0.335941
		53.409532	-3.000126
		52.486125	-1.890507
		51.488224	-3.186893
		51.624837	-3.94495
		51.460852	-2.588139
		55.862982	-4.263554
		55.958426	-3.186893
		50.152266	-5.065556
		50.726024	-3.543949
		51.512161	-0.116215
		51.289406	1.075802
		
c	8 9 10 7 6 3 4 5 0 1 11 12 14 13 2 15	1724.35516589131	0.827564483410869	8	9	10	7	6	3	4	5	0	1	11	12	14	13	2	15		
		54.892406	-2.923222
		55.958426	-3.186893
		55.862982	-4.263554
		54.980766	-1.615849
		53.751959	-0.335941
		53.803895	-1.549931
		53.478239	-2.258549
		53.409532	-3.000126
		52.486125	-1.890507
		51.460852	-2.588139
		51.488224	-3.186893
		51.624837	-3.94495
		50.152266	-5.065556
		50.726024	-3.543949
		51.512161	-0.116215
		51.289406	1.075802
		
c	14 13 10 9 8 7 3 4 6 5 0 11 12 1 2 15	2147.10770652583	0.785289229347417	14	13	10	9	8	7	3	4	6	5	0	11	12	1	2	15		
		50.152266	-5.065556
		50.726024	-3.543949
		55.862982	-4.263554
		55.958426	-3.186893
		54.892406	-2.923222
		54.980766	-1.615849
		53.803895	-1.549931
		53.478239	-2.258549
		53.751959	-0.335941
		53.409532	-3.000126
		52.486125	-1.890507
		51.488224	-3.186893
		51.624837	-3.94495
		51.460852	-2.588139
		51.512161	-0.116215
		51.289406	1.075802
		
c	3 4 9 10 8 7 6 5 0 1 11 12 14 13 2 15	1964.59132078795	0.803540867921205	3	4	9	10	8	7	6	5	0	1	11	12	14	13	2	15		
		53.803895	-1.549931
		53.478239	-2.258549
		55.958426	-3.186893
		55.862982	-4.263554
		54.892406	-2.923222
		54.980766	-1.615849
		53.751959	-0.335941
		53.409532	-3.000126
		52.486125	-1.890507
		51.460852	-2.588139
		51.488224	-3.186893
		51.624837	-3.94495
		50.152266	-5.065556
		50.726024	-3.543949
		51.512161	-0.116215
		51.289406	1.075802
		
c	4 5 0 11 12 10 8 6 3 9 7 1 14 13 2 15	2770.5827972216	0.72294172027784	4	5	0	11	12	10	8	6	3	9	7	1	14	13	2	15		
		53.478239	-2.258549
		53.409532	-3.000126
		52.486125	-1.890507
		51.488224	-3.186893
		51.624837	-3.94495
		55.862982	-4.263554
		54.892406	-2.923222
		53.751959	-0.335941
		53.803895	-1.549931
		55.958426	-3.186893
		54.980766	-1.615849
		51.460852	-2.588139
		50.152266	-5.065556
		50.726024	-3.543949
		51.512161	-0.116215
		51.289406	1.075802
		
c	3 5 0 11 12 4 10 9 8 7 6 14 13 1 2 15	2393.65600928333	0.760634399071667	3	5	0	11	12	4	10	9	8	7	6	14	13	1	2	15		
		53.803895	-1.549931
		53.409532	-3.000126
		52.486125	-1.890507
		51.488224	-3.186893
		51.624837	-3.94495
		53.478239	-2.258549
		55.862982	-4.263554
		55.958426	-3.186893
		54.892406	-2.923222
		54.980766	-1.615849
		53.751959	-0.335941
		50.152266	-5.065556
		50.726024	-3.543949
		51.460852	-2.588139
		51.512161	-0.116215
		51.289406	1.075802
		
c	8 7 3 6 4 5 0 1 11 10 9 12 14 13 2 15	2458.87433814005	0.754112566185995	8	7	3	6	4	5	0	1	11	10	9	12	14	13	2	15		
		54.892406	-2.923222
		54.980766	-1.615849
		53.803895	-1.549931
		53.751959	-0.335941
		53.478239	-2.258549
		53.409532	-3.000126
		52.486125	-1.890507
		51.460852	-2.588139
		51.488224	-3.186893
		55.862982	-4.263554
		55.958426	-3.186893
		51.624837	-3.94495
		50.152266	-5.065556
		50.726024	-3.543949
		51.512161	-0.116215
		51.289406	1.075802
		
c	6 3 10 9 8 7 4 5 0 1 11 12 14 13 2 15	1855.39760294148	0.814460239705852	6	3	10	9	8	7	4	5	0	1	11	12	14	13	2	15		
		53.751959	-0.335941
		53.803895	-1.549931
		55.862982	-4.263554
		55.958426	-3.186893
		54.892406	-2.923222
		54.980766	-1.615849
		53.478239	-2.258549
		53.409532	-3.000126
		52.486125	-1.890507
		51.460852	-2.588139
		51.488224	-3.186893
		51.624837	-3.94495
		50.152266	-5.065556
		50.726024	-3.543949
		51.512161	-0.116215
		51.289406	1.075802
		
c	11 12 14 13 2 10 9 8 1 4 7 6 3 5 0 15	2853.90513482801	0.714609486517199	11	12	14	13	2	10	9	8	1	4	7	6	3	5	0	15		
		51.488224	-3.186893
		51.624837	-3.94495
		50.152266	-5.065556
		50.726024	-3.543949
		51.512161	-0.116215
		55.862982	-4.263554
		55.958426	-3.186893
		54.892406	-2.923222
		51.460852	-2.588139
		53.478239	-2.258549
		54.980766	-1.615849
		53.751959	-0.335941
		53.803895	-1.549931
		53.409532	-3.000126
		52.486125	-1.890507
		51.289406	1.075802
		
c	4 6 5 0 11 12 9 10 8 7 3 14 13 1 2 15	2498.57376717102	0.750142623282898	4	6	5	0	11	12	9	10	8	7	3	14	13	1	2	15		
		53.478239	-2.258549
		53.751959	-0.335941
		53.409532	-3.000126
		52.486125	-1.890507
		51.488224	-3.186893
		51.624837	-3.94495
		55.958426	-3.186893
		55.862982	-4.263554
		54.892406	-2.923222
		54.980766	-1.615849
		53.803895	-1.549931
		50.152266	-5.065556
		50.726024	-3.543949
		51.460852	-2.588139
		51.512161	-0.116215
		51.289406	1.075802
		
c	9 8 7 6 4 5 0 12 14 13 1 2 10 3 11 15	2843.53649865906	0.715646350134094	9	8	7	6	4	5	0	12	14	13	1	2	10	3	11	15		
		55.958426	-3.186893
		54.892406	-2.923222
		54.980766	-1.615849
		53.751959	-0.335941
		53.478239	-2.258549
		53.409532	-3.000126
		52.486125	-1.890507
		51.624837	-3.94495
		50.152266	-5.065556
		50.726024	-3.543949
		51.460852	-2.588139
		51.512161	-0.116215
		55.862982	-4.263554
		53.803895	-1.549931
		51.488224	-3.186893
		51.289406	1.075802
		
c	7 0 11 3 12 13 1 5 9 10 8 14 4 6 2 15	3337.70621268202	0.666229378731798	7	0	11	3	12	13	1	5	9	10	8	14	4	6	2	15		
		54.980766	-1.615849
		52.486125	-1.890507
		51.488224	-3.186893
		53.803895	-1.549931
		51.624837	-3.94495
		50.726024	-3.543949
		51.460852	-2.588139
		53.409532	-3.000126
		55.958426	-3.186893
		55.862982	-4.263554
		54.892406	-2.923222
		50.152266	-5.065556
		53.478239	-2.258549
		53.751959	-0.335941
		51.512161	-0.116215
		51.289406	1.075802
		
c	7 6 3 4 5 12 14 13 0 1 11 2 10 9 8 15	2692.52229990761	0.730747770009239	7	6	3	4	5	12	14	13	0	1	11	2	10	9	8	15		
		54.980766	-1.615849
		53.751959	-0.335941
		53.803895	-1.549931
		53.478239	-2.258549
		53.409532	-3.000126
		51.624837	-3.94495
		50.152266	-5.065556
		50.726024	-3.543949
		52.486125	-1.890507
		51.460852	-2.588139
		51.488224	-3.186893
		51.512161	-0.116215
		55.862982	-4.263554
		55.958426	-3.186893
		54.892406	-2.923222
		51.289406	1.075802
		
c	9 8 7 6 14 2 4 10 3 5 0 11 12 13 1 15	2994.88089660444	0.700511910339556	9	8	7	6	14	2	4	10	3	5	0	11	12	13	1	15		
		55.958426	-3.186893
		54.892406	-2.923222
		54.980766	-1.615849
		53.751959	-0.335941
		50.152266	-5.065556
		51.512161	-0.116215
		53.478239	-2.258549
		55.862982	-4.263554
		53.803895	-1.549931
		53.409532	-3.000126
		52.486125	-1.890507
		51.488224	-3.186893
		51.624837	-3.94495
		50.726024	-3.543949
		51.460852	-2.588139
		51.289406	1.075802
		
c	1 11 12 3 4 5 9 10 8 7 0 14 13 6 2 15	2549.53976272749	0.745046023727251	1	11	12	3	4	5	9	10	8	7	0	14	13	6	2	15		
		51.460852	-2.588139
		51.488224	-3.186893
		51.624837	-3.94495
		53.803895	-1.549931
		53.478239	-2.258549
		53.409532	-3.000126
		55.958426	-3.186893
		55.862982	-4.263554
		54.892406	-2.923222
		54.980766	-1.615849
		52.486125	-1.890507
		50.152266	-5.065556
		50.726024	-3.543949
		53.751959	-0.335941
		51.512161	-0.116215
		51.289406	1.075802
		
c	4 5 0 1 11 7 6 3 9 10 8 12 14 13 2 15	2467.64634099157	0.753235365900843	4	5	0	1	11	7	6	3	9	10	8	12	14	13	2	15		
		53.478239	-2.258549
		53.409532	-3.000126
		52.486125	-1.890507
		51.460852	-2.588139
		51.488224	-3.186893
		54.980766	-1.615849
		53.751959	-0.335941
		53.803895	-1.549931
		55.958426	-3.186893
		55.862982	-4.263554
		54.892406	-2.923222
		51.624837	-3.94495
		50.152266	-5.065556
		50.726024	-3.543949
		51.512161	-0.116215
		51.289406	1.075802
		
c	2 8 7 3 9 10 6 4 5 0 11 12 13 14 1 15	2522.59788066695	0.747740211933305	2	8	7	3	9	10	6	4	5	0	11	12	13	14	1	15		
		51.512161	-0.116215
		54.892406	-2.923222
		54.980766	-1.615849
		53.803895	-1.549931
		55.958426	-3.186893
		55.862982	-4.263554
		53.751959	-0.335941
		53.478239	-2.258549
		53.409532	-3.000126
		52.486125	-1.890507
		51.488224	-3.186893
		51.624837	-3.94495
		50.726024	-3.543949
		50.152266	-5.065556
		51.460852	-2.588139
		51.289406	1.075802
		
c	5 0 1 9 8 7 6 3 10 4 11 12 14 13 2 15	2710.2888755407	0.72897111244593	5	0	1	9	8	7	6	3	10	4	11	12	14	13	2	15		
		53.409532	-3.000126
		52.486125	-1.890507
		51.460852	-2.588139
		55.958426	-3.186893
		54.892406	-2.923222
		54.980766	-1.615849
		53.751959	-0.335941
		53.803895	-1.549931
		55.862982	-4.263554
		53.478239	-2.258549
		51.488224	-3.186893
		51.624837	-3.94495
		50.152266	-5.065556
		50.726024	-3.543949
		51.512161	-0.116215
		51.289406	1.075802
		
c	11 12 1 10 9 8 7 6 4 5 0 3 14 13 2 15	2476.76990173808	0.752323009826192	11	12	1	10	9	8	7	6	4	5	0	3	14	13	2	15		
		51.488224	-3.186893
		51.624837	-3.94495
		51.460852	-2.588139
		55.862982	-4.263554
		55.958426	-3.186893
		54.892406	-2.923222
		54.980766	-1.615849
		53.751959	-0.335941
		53.478239	-2.258549
		53.409532	-3.000126
		52.486125	-1.890507
		53.803895	-1.549931
		50.152266	-5.065556
		50.726024	-3.543949
		51.512161	-0.116215
		51.289406	1.075802
		
c	5 0 1 9 10 8 7 6 3 4 11 12 14 13 2 15	2272.58068618224	0.772741931381776	5	0	1	9	10	8	7	6	3	4	11	12	14	13	2	15		
		53.409532	-3.000126
		52.486125	-1.890507
		51.460852	-2.588139
		55.958426	-3.186893
		55.862982	-4.263554
		54.892406	-2.923222
		54.980766	-1.615849
		53.751959	-0.335941
		53.803895	-1.549931
		53.478239	-2.258549
		51.488224	-3.186893
		51.624837	-3.94495
		50.152266	-5.065556
		50.726024	-3.543949
		51.512161	-0.116215
		51.289406	1.075802
		
c	9 8 14 2 10 7 6 3 4 5 0 11 12 13 1 15	2930.60333736874	0.706939666263126	9	8	14	2	10	7	6	3	4	5	0	11	12	13	1	15		
		55.958426	-3.186893
		54.892406	-2.923222
		50.152266	-5.065556
		51.512161	-0.116215
		55.862982	-4.263554
		54.980766	-1.615849
		53.751959	-0.335941
		53.803895	-1.549931
		53.478239	-2.258549
		53.409532	-3.000126
		52.486125	-1.890507
		51.488224	-3.186893
		51.624837	-3.94495
		50.726024	-3.543949
		51.460852	-2.588139
		51.289406	1.075802
		
c	14 10 8 7 12 13 1 6 9 3 4 5 0 11 2 15	3012.09457142773	0.698790542857227	14	10	8	7	12	13	1	6	9	3	4	5	0	11	2	15		
		50.152266	-5.065556
		55.862982	-4.263554
		54.892406	-2.923222
		54.980766	-1.615849
		51.624837	-3.94495
		50.726024	-3.543949
		51.460852	-2.588139
		53.751959	-0.335941
		55.958426	-3.186893
		53.803895	-1.549931
		53.478239	-2.258549
		53.409532	-3.000126
		52.486125	-1.890507
		51.488224	-3.186893
		51.512161	-0.116215
		51.289406	1.075802
		
c	10 9 8 14 13 2 4 7 6 3 5 0 11 12 1 15	2567.71250627331	0.743228749372669	10	9	8	14	13	2	4	7	6	3	5	0	11	12	1	15		
		55.862982	-4.263554
		55.958426	-3.186893
		54.892406	-2.923222
		50.152266	-5.065556
		50.726024	-3.543949
		51.512161	-0.116215
		53.478239	-2.258549
		54.980766	-1.615849
		53.751959	-0.335941
		53.803895	-1.549931
		53.409532	-3.000126
		52.486125	-1.890507
		51.488224	-3.186893
		51.624837	-3.94495
		51.460852	-2.588139
		51.289406	1.075802
		
c	0 13 6 4 5 3 10 9 8 7 11 12 14 1 2 15	2594.9016524079	0.74050983475921	0	13	6	4	5	3	10	9	8	7	11	12	14	1	2	15		
		52.486125	-1.890507
		50.726024	-3.543949
		53.751959	-0.335941
		53.478239	-2.258549
		53.409532	-3.000126
		53.803895	-1.549931
		55.862982	-4.263554
		55.958426	-3.186893
		54.892406	-2.923222
		54.980766	-1.615849
		51.488224	-3.186893
		51.624837	-3.94495
		50.152266	-5.065556
		51.460852	-2.588139
		51.512161	-0.116215
		51.289406	1.075802
		
c	6 4 5 0 11 14 13 1 10 9 8 7 3 12 2 15	2425.08008038566	0.757491991961434	6	4	5	0	11	14	13	1	10	9	8	7	3	12	2	15		
		53.751959	-0.335941
		53.478239	-2.258549
		53.409532	-3.000126
		52.486125	-1.890507
		51.488224	-3.186893
		50.152266	-5.065556
		50.726024	-3.543949
		51.460852	-2.588139
		55.862982	-4.263554
		55.958426	-3.186893
		54.892406	-2.923222
		54.980766	-1.615849
		53.803895	-1.549931
		51.624837	-3.94495
		51.512161	-0.116215
		51.289406	1.075802
		
c	7 6 4 13 10 9 8 3 5 0 11 12 14 1 2 15	2614.38507228306	0.738561492771694	7	6	4	13	10	9	8	3	5	0	11	12	14	1	2	15		
		54.980766	-1.615849
		53.751959	-0.335941
		53.478239	-2.258549
		50.726024	-3.543949
		55.862982	-4.263554
		55.958426	-3.186893
		54.892406	-2.923222
		53.803895	-1.549931
		53.409532	-3.000126
		52.486125	-1.890507
		51.488224	-3.186893
		51.624837	-3.94495
		50.152266	-5.065556
		51.460852	-2.588139
		51.512161	-0.116215
		51.289406	1.075802
		
c	4 5 0 1 11 12 14 13 10 9 8 7 6 3 2 15	2146.6564094402	0.78533435905598	4	5	0	1	11	12	14	13	10	9	8	7	6	3	2	15		
		53.478239	-2.258549
		53.409532	-3.000126
		52.486125	-1.890507
		51.460852	-2.588139
		51.488224	-3.186893
		51.624837	-3.94495
		50.152266	-5.065556
		50.726024	-3.543949
		55.862982	-4.263554
		55.958426	-3.186893
		54.892406	-2.923222
		54.980766	-1.615849
		53.751959	-0.335941
		53.803895	-1.549931
		51.512161	-0.116215
		51.289406	1.075802
		
c	13 14 10 9 8 7 3 4 6 5 0 11 12 1 2 15	2211.16792609226	0.778883207390774	13	14	10	9	8	7	3	4	6	5	0	11	12	1	2	15		
		50.726024	-3.543949
		50.152266	-5.065556
		55.862982	-4.263554
		55.958426	-3.186893
		54.892406	-2.923222
		54.980766	-1.615849
		53.803895	-1.549931
		53.478239	-2.258549
		53.751959	-0.335941
		53.409532	-3.000126
		52.486125	-1.890507
		51.488224	-3.186893
		51.624837	-3.94495
		51.460852	-2.588139
		51.512161	-0.116215
		51.289406	1.075802
		
c	8 7 3 0 14 13 10 9 4 6 5 11 12 1 2 15	2684.45532573133	0.731554467426867	8	7	3	0	14	13	10	9	4	6	5	11	12	1	2	15		
		54.892406	-2.923222
		54.980766	-1.615849
		53.803895	-1.549931
		52.486125	-1.890507
		50.152266	-5.065556
		50.726024	-3.543949
		55.862982	-4.263554
		55.958426	-3.186893
		53.478239	-2.258549
		53.751959	-0.335941
		53.409532	-3.000126
		51.488224	-3.186893
		51.624837	-3.94495
		51.460852	-2.588139
		51.512161	-0.116215
		51.289406	1.075802
		
c	5 0 11 3 4 12 14 13 1 6 10 9 8 7 2 15	2653.13851752836	0.734686148247164	5	0	11	3	4	12	14	13	1	6	10	9	8	7	2	15		
		53.409532	-3.000126
		52.486125	-1.890507
		51.488224	-3.186893
		53.803895	-1.549931
		53.478239	-2.258549
		51.624837	-3.94495
		50.152266	-5.065556
		50.726024	-3.543949
		51.460852	-2.588139
		53.751959	-0.335941
		55.862982	-4.263554
		55.958426	-3.186893
		54.892406	-2.923222
		54.980766	-1.615849
		51.512161	-0.116215
		51.289406	1.075802
		
c	7 6 3 4 5 10 9 8 11 12 14 13 0 1 2 15	2168.99958086291	0.783100041913709	7	6	3	4	5	10	9	8	11	12	14	13	0	1	2	15		
		54.980766	-1.615849
		53.751959	-0.335941
		53.803895	-1.549931
		53.478239	-2.258549
		53.409532	-3.000126
		55.862982	-4.263554
		55.958426	-3.186893
		54.892406	-2.923222
		51.488224	-3.186893
		51.624837	-3.94495
		50.152266	-5.065556
		50.726024	-3.543949
		52.486125	-1.890507
		51.460852	-2.588139
		51.512161	-0.116215
		51.289406	1.075802
		
c	11 9 4 8 7 6 3 5 0 1 10 12 14 13 2 15	3243.13631988906	0.675686368011094	11	9	4	8	7	6	3	5	0	1	10	12	14	13	2	15		
		51.488224	-3.186893
		55.958426	-3.186893
		53.478239	-2.258549
		54.892406	-2.923222
		54.980766	-1.615849
		53.751959	-0.335941
		53.803895	-1.549931
		53.409532	-3.000126
		52.486125	-1.890507
		51.460852	-2.588139
		55.862982	-4.263554
		51.624837	-3.94495
		50.152266	-5.065556
		50.726024	-3.543949
		51.512161	-0.116215
		51.289406	1.075802
		
c	0 11 14 13 1 10 12 5 9 8 7 3 4 6 2 15	2897.21454066361	0.710278545933639	0	11	14	13	1	10	12	5	9	8	7	3	4	6	2	15		
		52.486125	-1.890507
		51.488224	-3.186893
		50.152266	-5.065556
		50.726024	-3.543949
		51.460852	-2.588139
		55.862982	-4.263554
		51.624837	-3.94495
		53.409532	-3.000126
		55.958426	-3.186893
		54.892406	-2.923222
		54.980766	-1.615849
		53.803895	-1.549931
		53.478239	-2.258549
		53.751959	-0.335941
		51.512161	-0.116215
		51.289406	1.075802
		
c	0 3 11 5 1 12 14 13 9 10 8 7 6 4 2 15	2773.73540249265	0.722626459750735	0	3	11	5	1	12	14	13	9	10	8	7	6	4	2	15		
		52.486125	-1.890507
		53.803895	-1.549931
		51.488224	-3.186893
		53.409532	-3.000126
		51.460852	-2.588139
		51.624837	-3.94495
		50.152266	-5.065556
		50.726024	-3.543949
		55.958426	-3.186893
		55.862982	-4.263554
		54.892406	-2.923222
		54.980766	-1.615849
		53.751959	-0.335941
		53.478239	-2.258549
		51.512161	-0.116215
		51.289406	1.075802
		
c	5 0 1 2 6 4 9 10 8 7 3 11 12 14 13 15	2474.56255670773	0.752543744329227	5	0	1	2	6	4	9	10	8	7	3	11	12	14	13	15		
		53.409532	-3.000126
		52.486125	-1.890507
		51.460852	-2.588139
		51.512161	-0.116215
		53.751959	-0.335941
		53.478239	-2.258549
		55.958426	-3.186893
		55.862982	-4.263554
		54.892406	-2.923222
		54.980766	-1.615849
		53.803895	-1.549931
		51.488224	-3.186893
		51.624837	-3.94495
		50.152266	-5.065556
		50.726024	-3.543949
		51.289406	1.075802
		
c	12 5 9 10 8 7 6 4 0 11 14 13 1 3 2 15	2384.80570817974	0.761519429182026	12	5	9	10	8	7	6	4	0	11	14	13	1	3	2	15		
		51.624837	-3.94495
		53.409532	-3.000126
		55.958426	-3.186893
		55.862982	-4.263554
		54.892406	-2.923222
		54.980766	-1.615849
		53.751959	-0.335941
		53.478239	-2.258549
		52.486125	-1.890507
		51.488224	-3.186893
		50.152266	-5.065556
		50.726024	-3.543949
		51.460852	-2.588139
		53.803895	-1.549931
		51.512161	-0.116215
		51.289406	1.075802
		
c	10 9 7 6 3 4 5 8 11 12 14 13 0 1 2 15	2076.65082038504	0.792334917961496	10	9	7	6	3	4	5	8	11	12	14	13	0	1	2	15		
		55.862982	-4.263554
		55.958426	-3.186893
		54.980766	-1.615849
		53.751959	-0.335941
		53.803895	-1.549931
		53.478239	-2.258549
		53.409532	-3.000126
		54.892406	-2.923222
		51.488224	-3.186893
		51.624837	-3.94495
		50.152266	-5.065556
		50.726024	-3.543949
		52.486125	-1.890507
		51.460852	-2.588139
		51.512161	-0.116215
		51.289406	1.075802
		
c	0 3 11 5 1 12 14 13 7 10 9 8 6 4 2 15	2824.53811332784	0.717546188667216	0	3	11	5	1	12	14	13	7	10	9	8	6	4	2	15		
		52.486125	-1.890507
		53.803895	-1.549931
		51.488224	-3.186893
		53.409532	-3.000126
		51.460852	-2.588139
		51.624837	-3.94495
		50.152266	-5.065556
		50.726024	-3.543949
		54.980766	-1.615849
		55.862982	-4.263554
		55.958426	-3.186893
		54.892406	-2.923222
		53.751959	-0.335941
		53.478239	-2.258549
		51.512161	-0.116215
		51.289406	1.075802
		
c	2 11 12 14 13 1 9 8 6 10 7 3 4 5 0 15	2658.61900115002	0.734138099884998	2	11	12	14	13	1	9	8	6	10	7	3	4	5	0	15		
		51.512161	-0.116215
		51.488224	-3.186893
		51.624837	-3.94495
		50.152266	-5.065556
		50.726024	-3.543949
		51.460852	-2.588139
		55.958426	-3.186893
		54.892406	-2.923222
		53.751959	-0.335941
		55.862982	-4.263554
		54.980766	-1.615849
		53.803895	-1.549931
		53.478239	-2.258549
		53.409532	-3.000126
		52.486125	-1.890507
		51.289406	1.075802
		
c	0 1 11 12 14 13 4 9 10 8 7 6 3 5 2 15	2135.19066858014	0.786480933141986	0	1	11	12	14	13	4	9	10	8	7	6	3	5	2	15		
		52.486125	-1.890507
		51.460852	-2.588139
		51.488224	-3.186893
		51.624837	-3.94495
		50.152266	-5.065556
		50.726024	-3.543949
		53.478239	-2.258549
		55.958426	-3.186893
		55.862982	-4.263554
		54.892406	-2.923222
		54.980766	-1.615849
		53.751959	-0.335941
		53.803895	-1.549931
		53.409532	-3.000126
		51.512161	-0.116215
		51.289406	1.075802
		
c	0 1 11 12 14 13 9 10 8 7 6 3 4 5 2 15	2120.54035422826	0.787945964577174	0	1	11	12	14	13	9	10	8	7	6	3	4	5	2	15		
		52.486125	-1.890507
		51.460852	-2.588139
		51.488224	-3.186893
		51.624837	-3.94495
		50.152266	-5.065556
		50.726024	-3.543949
		55.958426	-3.186893
		55.862982	-4.263554
		54.892406	-2.923222
		54.980766	-1.615849
		53.751959	-0.335941
		53.803895	-1.549931
		53.478239	-2.258549
		53.409532	-3.000126
		51.512161	-0.116215
		51.289406	1.075802
		
c	4 9 8 7 6 3 10 5 0 1 11 12 14 13 2 15	2292.17159461984	0.770782840538016	4	9	8	7	6	3	10	5	0	1	11	12	14	13	2	15		
		53.478239	-2.258549
		55.958426	-3.186893
		54.892406	-2.923222
		54.980766	-1.615849
		53.751959	-0.335941
		53.803895	-1.549931
		55.862982	-4.263554
		53.409532	-3.000126
		52.486125	-1.890507
		51.460852	-2.588139
		51.488224	-3.186893
		51.624837	-3.94495
		50.152266	-5.065556
		50.726024	-3.543949
		51.512161	-0.116215
		51.289406	1.075802
		
c	5 0 11 12 2 8 7 6 3 10 9 4 1 14 13 15	2876.10535446864	0.712389464553136	5	0	11	12	2	8	7	6	3	10	9	4	1	14	13	15		
		53.409532	-3.000126
		52.486125	-1.890507
		51.488224	-3.186893
		51.624837	-3.94495
		51.512161	-0.116215
		54.892406	-2.923222
		54.980766	-1.615849
		53.751959	-0.335941
		53.803895	-1.549931
		55.862982	-4.263554
		55.958426	-3.186893
		53.478239	-2.258549
		51.460852	-2.588139
		50.152266	-5.065556
		50.726024	-3.543949
		51.289406	1.075802
		
c	4 9 10 8 7 6 3 5 0 1 11 12 14 13 2 15	1910.76705899794	0.808923294100206	4	9	10	8	7	6	3	5	0	1	11	12	14	13	2	15		
		53.478239	-2.258549
		55.958426	-3.186893
		55.862982	-4.263554
		54.892406	-2.923222
		54.980766	-1.615849
		53.751959	-0.335941
		53.803895	-1.549931
		53.409532	-3.000126
		52.486125	-1.890507
		51.460852	-2.588139
		51.488224	-3.186893
		51.624837	-3.94495
		50.152266	-5.065556
		50.726024	-3.543949
		51.512161	-0.116215
		51.289406	1.075802
		
c	7 3 4 6 5 0 11 12 14 13 10 1 9 8 2 15	3332.99660309536	0.666700339690464	7	3	4	6	5	0	11	12	14	13	10	1	9	8	2	15		
		54.980766	-1.615849
		53.803895	-1.549931
		53.478239	-2.258549
		53.751959	-0.335941
		53.409532	-3.000126
		52.486125	-1.890507
		51.488224	-3.186893
		51.624837	-3.94495
		50.152266	-5.065556
		50.726024	-3.543949
		55.862982	-4.263554
		51.460852	-2.588139
		55.958426	-3.186893
		54.892406	-2.923222
		51.512161	-0.116215
		51.289406	1.075802
		
c	1 9 4 10 8 7 6 3 5 0 11 12 14 13 2 15	2616.21004795845	0.738378995204155	1	9	4	10	8	7	6	3	5	0	11	12	14	13	2	15		
		51.460852	-2.588139
		55.958426	-3.186893
		53.478239	-2.258549
		55.862982	-4.263554
		54.892406	-2.923222
		54.980766	-1.615849
		53.751959	-0.335941
		53.803895	-1.549931
		53.409532	-3.000126
		52.486125	-1.890507
		51.488224	-3.186893
		51.624837	-3.94495
		50.152266	-5.065556
		50.726024	-3.543949
		51.512161	-0.116215
		51.289406	1.075802
		
c	5 0 11 12 14 10 9 8 6 7 3 4 13 1 2 15	2571.52819664242	0.742847180335758	5	0	11	12	14	10	9	8	6	7	3	4	13	1	2	15		
		53.409532	-3.000126
		52.486125	-1.890507
		51.488224	-3.186893
		51.624837	-3.94495
		50.152266	-5.065556
		55.862982	-4.263554
		55.958426	-3.186893
		54.892406	-2.923222
		53.751959	-0.335941
		54.980766	-1.615849
		53.803895	-1.549931
		53.478239	-2.258549
		50.726024	-3.543949
		51.460852	-2.588139
		51.512161	-0.116215
		51.289406	1.075802
		
c	7 11 12 14 9 10 8 6 3 4 5 0 1 13 2 15	2597.07118497417	0.740292881502583	7	11	12	14	9	10	8	6	3	4	5	0	1	13	2	15		
		54.980766	-1.615849
		51.488224	-3.186893
		51.624837	-3.94495
		50.152266	-5.065556
		55.958426	-3.186893
		55.862982	-4.263554
		54.892406	-2.923222
		53.751959	-0.335941
		53.803895	-1.549931
		53.478239	-2.258549
		53.409532	-3.000126
		52.486125	-1.890507
		51.460852	-2.588139
		50.726024	-3.543949
		51.512161	-0.116215
		51.289406	1.075802
		
c	1 6 0 3 5 10 11 7 4 9 8 12 14 13 2 15	3494.97390936131	0.650502609063869	1	6	0	3	5	10	11	7	4	9	8	12	14	13	2	15		
		51.460852	-2.588139
		53.751959	-0.335941
		52.486125	-1.890507
		53.803895	-1.549931
		53.409532	-3.000126
		55.862982	-4.263554
		51.488224	-3.186893
		54.980766	-1.615849
		53.478239	-2.258549
		55.958426	-3.186893
		54.892406	-2.923222
		51.624837	-3.94495
		50.152266	-5.065556
		50.726024	-3.543949
		51.512161	-0.116215
		51.289406	1.075802
		
c	0 1 11 12 4 8 6 5 3 10 9 7 14 13 2 15	2667.61665471133	0.733238334528867	0	1	11	12	4	8	6	5	3	10	9	7	14	13	2	15		
		52.486125	-1.890507
		51.460852	-2.588139
		51.488224	-3.186893
		51.624837	-3.94495
		53.478239	-2.258549
		54.892406	-2.923222
		53.751959	-0.335941
		53.409532	-3.000126
		53.803895	-1.549931
		55.862982	-4.263554
		55.958426	-3.186893
		54.980766	-1.615849
		50.152266	-5.065556
		50.726024	-3.543949
		51.512161	-0.116215
		51.289406	1.075802
		
c	12 14 10 9 8 7 6 3 4 5 0 1 11 13 2 15	2160.51318545517	0.783948681454483	12	14	10	9	8	7	6	3	4	5	0	1	11	13	2	15		
		51.624837	-3.94495
		50.152266	-5.065556
		55.862982	-4.263554
		55.958426	-3.186893
		54.892406	-2.923222
		54.980766	-1.615849
		53.751959	-0.335941
		53.803895	-1.549931
		53.478239	-2.258549
		53.409532	-3.000126
		52.486125	-1.890507
		51.460852	-2.588139
		51.488224	-3.186893
		50.726024	-3.543949
		51.512161	-0.116215
		51.289406	1.075802
		
c	10 9 6 4 5 0 1 8 7 3 11 12 14 13 2 15	2383.97278133268	0.761602721866732	10	9	6	4	5	0	1	8	7	3	11	12	14	13	2	15		
		55.862982	-4.263554
		55.958426	-3.186893
		53.751959	-0.335941
		53.478239	-2.258549
		53.409532	-3.000126
		52.486125	-1.890507
		51.460852	-2.588139
		54.892406	-2.923222
		54.980766	-1.615849
		53.803895	-1.549931
		51.488224	-3.186893
		51.624837	-3.94495
		50.152266	-5.065556
		50.726024	-3.543949
		51.512161	-0.116215
		51.289406	1.075802
		
c	3 4 7 6 5 11 12 14 13 1 2 9 10 8 0 15	2681.54575556703	0.731845424443297	3	4	7	6	5	11	12	14	13	1	2	9	10	8	0	15		
		53.803895	-1.549931
		53.478239	-2.258549
		54.980766	-1.615849
		53.751959	-0.335941
		53.409532	-3.000126
		51.488224	-3.186893
		51.624837	-3.94495
		50.152266	-5.065556
		50.726024	-3.543949
		51.460852	-2.588139
		51.512161	-0.116215
		55.958426	-3.186893
		55.862982	-4.263554
		54.892406	-2.923222
		52.486125	-1.890507
		51.289406	1.075802
		
c	7 3 5 10 9 8 6 4 0 1 11 12 14 13 2 15	2029.83245941982	0.797016754058018	7	3	5	10	9	8	6	4	0	1	11	12	14	13	2	15		
		54.980766	-1.615849
		53.803895	-1.549931
		53.409532	-3.000126
		55.862982	-4.263554
		55.958426	-3.186893
		54.892406	-2.923222
		53.751959	-0.335941
		53.478239	-2.258549
		52.486125	-1.890507
		51.460852	-2.588139
		51.488224	-3.186893
		51.624837	-3.94495
		50.152266	-5.065556
		50.726024	-3.543949
		51.512161	-0.116215
		51.289406	1.075802
		
c	4 5 0 2 6 9 10 8 7 3 11 12 14 13 1 15	2316.61653599986	0.768338346400014	4	5	0	2	6	9	10	8	7	3	11	12	14	13	1	15		
		53.478239	-2.258549
		53.409532	-3.000126
		52.486125	-1.890507
		51.512161	-0.116215
		53.751959	-0.335941
		55.958426	-3.186893
		55.862982	-4.263554
		54.892406	-2.923222
		54.980766	-1.615849
		53.803895	-1.549931
		51.488224	-3.186893
		51.624837	-3.94495
		50.152266	-5.065556
		50.726024	-3.543949
		51.460852	-2.588139
		51.289406	1.075802
		
c	0 8 7 6 3 5 10 9 4 1 11 12 14 13 2 15	2309.36891576498	0.769063108423502	0	8	7	6	3	5	10	9	4	1	11	12	14	13	2	15		
		52.486125	-1.890507
		54.892406	-2.923222
		54.980766	-1.615849
		53.751959	-0.335941
		53.803895	-1.549931
		53.409532	-3.000126
		55.862982	-4.263554
		55.958426	-3.186893
		53.478239	-2.258549
		51.460852	-2.588139
		51.488224	-3.186893
		51.624837	-3.94495
		50.152266	-5.065556
		50.726024	-3.543949
		51.512161	-0.116215
		51.289406	1.075802
		
c	12 14 13 4 9 10 8 7 6 3 5 2 0 1 11 15	2453.60122060536	0.754639877939464	12	14	13	4	9	10	8	7	6	3	5	2	0	1	11	15		
		51.624837	-3.94495
		50.152266	-5.065556
		50.726024	-3.543949
		53.478239	-2.258549
		55.958426	-3.186893
		55.862982	-4.263554
		54.892406	-2.923222
		54.980766	-1.615849
		53.751959	-0.335941
		53.803895	-1.549931
		53.409532	-3.000126
		51.512161	-0.116215
		52.486125	-1.890507
		51.460852	-2.588139
		51.488224	-3.186893
		51.289406	1.075802
		
c	0 1 11 6 14 13 2 10 4 5 9 8 7 3 12 15	3535.81199850843	0.646418800149157	0	1	11	6	14	13	2	10	4	5	9	8	7	3	12	15		
		52.486125	-1.890507
		51.460852	-2.588139
		51.488224	-3.186893
		53.751959	-0.335941
		50.152266	-5.065556
		50.726024	-3.543949
		51.512161	-0.116215
		55.862982	-4.263554
		53.478239	-2.258549
		53.409532	-3.000126
		55.958426	-3.186893
		54.892406	-2.923222
		54.980766	-1.615849
		53.803895	-1.549931
		51.624837	-3.94495
		51.289406	1.075802
		
c	13 5 0 11 12 14 1 10 9 8 7 6 3 4 2 15	2453.62947788667	0.754637052211333	13	5	0	11	12	14	1	10	9	8	7	6	3	4	2	15		
		50.726024	-3.543949
		53.409532	-3.000126
		52.486125	-1.890507
		51.488224	-3.186893
		51.624837	-3.94495
		50.152266	-5.065556
		51.460852	-2.588139
		55.862982	-4.263554
		55.958426	-3.186893
		54.892406	-2.923222
		54.980766	-1.615849
		53.751959	-0.335941
		53.803895	-1.549931
		53.478239	-2.258549
		51.512161	-0.116215
		51.289406	1.075802
		
c	7 6 5 0 11 3 4 9 10 8 12 14 13 1 2 15	2474.69058205344	0.752530941794656	7	6	5	0	11	3	4	9	10	8	12	14	13	1	2	15		
		54.980766	-1.615849
		53.751959	-0.335941
		53.409532	-3.000126
		52.486125	-1.890507
		51.488224	-3.186893
		53.803895	-1.549931
		53.478239	-2.258549
		55.958426	-3.186893
		55.862982	-4.263554
		54.892406	-2.923222
		51.624837	-3.94495
		50.152266	-5.065556
		50.726024	-3.543949
		51.460852	-2.588139
		51.512161	-0.116215
		51.289406	1.075802
		
c	4 5 10 9 8 7 0 3 11 12 14 6 1 13 2 15	2806.68120393299	0.719331879606701	4	5	10	9	8	7	0	3	11	12	14	6	1	13	2	15		
		53.478239	-2.258549
		53.409532	-3.000126
		55.862982	-4.263554
		55.958426	-3.186893
		54.892406	-2.923222
		54.980766	-1.615849
		52.486125	-1.890507
		53.803895	-1.549931
		51.488224	-3.186893
		51.624837	-3.94495
		50.152266	-5.065556
		53.751959	-0.335941
		51.460852	-2.588139
		50.726024	-3.543949
		51.512161	-0.116215
		51.289406	1.075802
		
c	9 10 8 7 12 14 13 1 6 3 4 5 0 11 2 15	2158.66785850118	0.784133214149882	9	10	8	7	12	14	13	1	6	3	4	5	0	11	2	15		
		55.958426	-3.186893
		55.862982	-4.263554
		54.892406	-2.923222
		54.980766	-1.615849
		51.624837	-3.94495
		50.152266	-5.065556
		50.726024	-3.543949
		51.460852	-2.588139
		53.751959	-0.335941
		53.803895	-1.549931
		53.478239	-2.258549
		53.409532	-3.000126
		52.486125	-1.890507
		51.488224	-3.186893
		51.512161	-0.116215
		51.289406	1.075802
		
c	0 1 11 12 3 4 5 9 10 8 7 14 13 6 2 15	2639.77564720471	0.736022435279529	0	1	11	12	3	4	5	9	10	8	7	14	13	6	2	15		
		52.486125	-1.890507
		51.460852	-2.588139
		51.488224	-3.186893
		51.624837	-3.94495
		53.803895	-1.549931
		53.478239	-2.258549
		53.409532	-3.000126
		55.958426	-3.186893
		55.862982	-4.263554
		54.892406	-2.923222
		54.980766	-1.615849
		50.152266	-5.065556
		50.726024	-3.543949
		53.751959	-0.335941
		51.512161	-0.116215
		51.289406	1.075802
		
c	7 3 5 0 11 12 14 6 4 9 10 8 13 1 2 15	2701.93469736978	0.729806530263022	7	3	5	0	11	12	14	6	4	9	10	8	13	1	2	15		
		54.980766	-1.615849
		53.803895	-1.549931
		53.409532	-3.000126
		52.486125	-1.890507
		51.488224	-3.186893
		51.624837	-3.94495
		50.152266	-5.065556
		53.751959	-0.335941
		53.478239	-2.258549
		55.958426	-3.186893
		55.862982	-4.263554
		54.892406	-2.923222
		50.726024	-3.543949
		51.460852	-2.588139
		51.512161	-0.116215
		51.289406	1.075802
		
c	4 9 10 8 12 14 13 2 6 7 3 5 0 11 1 15	2629.35667440912	0.737064332559088	4	9	10	8	12	14	13	2	6	7	3	5	0	11	1	15		
		53.478239	-2.258549
		55.958426	-3.186893
		55.862982	-4.263554
		54.892406	-2.923222
		51.624837	-3.94495
		50.152266	-5.065556
		50.726024	-3.543949
		51.512161	-0.116215
		53.751959	-0.335941
		54.980766	-1.615849
		53.803895	-1.549931
		53.409532	-3.000126
		52.486125	-1.890507
		51.488224	-3.186893
		51.460852	-2.588139
		51.289406	1.075802
		
c	5 0 4 6 10 9 8 7 11 3 12 14 13 1 2 15	2629.30283155166	0.737069716844834	5	0	4	6	10	9	8	7	11	3	12	14	13	1	2	15		
		53.409532	-3.000126
		52.486125	-1.890507
		53.478239	-2.258549
		53.751959	-0.335941
		55.862982	-4.263554
		55.958426	-3.186893
		54.892406	-2.923222
		54.980766	-1.615849
		51.488224	-3.186893
		53.803895	-1.549931
		51.624837	-3.94495
		50.152266	-5.065556
		50.726024	-3.543949
		51.460852	-2.588139
		51.512161	-0.116215
		51.289406	1.075802
		
c	0 11 12 1 10 9 8 7 6 4 5 3 14 13 2 15	2449.06965153375	0.755093034846625	0	11	12	1	10	9	8	7	6	4	5	3	14	13	2	15		
		52.486125	-1.890507
		51.488224	-3.186893
		51.624837	-3.94495
		51.460852	-2.588139
		55.862982	-4.263554
		55.958426	-3.186893
		54.892406	-2.923222
		54.980766	-1.615849
		53.751959	-0.335941
		53.478239	-2.258549
		53.409532	-3.000126
		53.803895	-1.549931
		50.152266	-5.065556
		50.726024	-3.543949
		51.512161	-0.116215
		51.289406	1.075802
		
c	12 14 13 1 10 7 9 8 4 6 3 5 0 11 2 15	2421.03948078573	0.757896051921427	12	14	13	1	10	7	9	8	4	6	3	5	0	11	2	15		
		51.624837	-3.94495
		50.152266	-5.065556
		50.726024	-3.543949
		51.460852	-2.588139
		55.862982	-4.263554
		54.980766	-1.615849
		55.958426	-3.186893
		54.892406	-2.923222
		53.478239	-2.258549
		53.751959	-0.335941
		53.803895	-1.549931
		53.409532	-3.000126
		52.486125	-1.890507
		51.488224	-3.186893
		51.512161	-0.116215
		51.289406	1.075802
		
c	7 6 3 9 4 10 8 5 0 1 11 12 14 13 2 15	2374.72388770544	0.762527611229456	7	6	3	9	4	10	8	5	0	1	11	12	14	13	2	15		
		54.980766	-1.615849
		53.751959	-0.335941
		53.803895	-1.549931
		55.958426	-3.186893
		53.478239	-2.258549
		55.862982	-4.263554
		54.892406	-2.923222
		53.409532	-3.000126
		52.486125	-1.890507
		51.460852	-2.588139
		51.488224	-3.186893
		51.624837	-3.94495
		50.152266	-5.065556
		50.726024	-3.543949
		51.512161	-0.116215
		51.289406	1.075802
		
c	8 7 6 9 10 3 4 5 0 11 12 14 13 1 2 15	2007.12084958692	0.799287915041307	8	7	6	9	10	3	4	5	0	11	12	14	13	1	2	15		
		54.892406	-2.923222
		54.980766	-1.615849
		53.751959	-0.335941
		55.958426	-3.186893
		55.862982	-4.263554
		53.803895	-1.549931
		53.478239	-2.258549
		53.409532	-3.000126
		52.486125	-1.890507
		51.488224	-3.186893
		51.624837	-3.94495
		50.152266	-5.065556
		50.726024	-3.543949
		51.460852	-2.588139
		51.512161	-0.116215
		51.289406	1.075802
		
g160		1613.67648029291	0.838632351970709	0	10	9	8	7	6	3	4	5	0	11	12	14	13	1	2	15		
		55.862982	-4.263554
		55.958426	-3.186893
		54.892406	-2.923222
		54.980766	-1.615849
		53.751959	-0.335941
		53.803895	-1.549931
		53.478239	-2.258549
		53.409532	-3.000126
		52.486125	-1.890507
		51.488224	-3.186893
		51.624837	-3.94495
		50.152266	-5.065556
		50.726024	-3.543949
		51.460852	-2.588139
		51.512161	-0.116215
		51.289406	1.075802
		
g160		1614.70757855554	0.838529242144446	1	10	9	8	7	6	3	4	5	0	1	11	12	14	13	2	15		
		55.862982	-4.263554
		55.958426	-3.186893
		54.892406	-2.923222
		54.980766	-1.615849
		53.751959	-0.335941
		53.803895	-1.549931
		53.478239	-2.258549
		53.409532	-3.000126
		52.486125	-1.890507
		51.460852	-2.588139
		51.488224	-3.186893
		51.624837	-3.94495
		50.152266	-5.065556
		50.726024	-3.543949
		51.512161	-0.116215
		51.289406	1.075802
		
g160		1631.15131975355	0.836884868024645	2	9	10	8	7	6	3	4	5	0	11	12	14	13	1	2	15		
		55.958426	-3.186893
		55.862982	-4.263554
		54.892406	-2.923222
		54.980766	-1.615849
		53.751959	-0.335941
		53.803895	-1.549931
		53.478239	-2.258549
		53.409532	-3.000126
		52.486125	-1.890507
		51.488224	-3.186893
		51.624837	-3.94495
		50.152266	-5.065556
		50.726024	-3.543949
		51.460852	-2.588139
		51.512161	-0.116215
		51.289406	1.075802
		
g160		1632.18241801618	0.836781758198382	3	9	10	8	7	6	3	4	5	0	1	11	12	14	13	2	15		
		55.958426	-3.186893
		55.862982	-4.263554
		54.892406	-2.923222
		54.980766	-1.615849
		53.751959	-0.335941
		53.803895	-1.549931
		53.478239	-2.258549
		53.409532	-3.000126
		52.486125	-1.890507
		51.460852	-2.588139
		51.488224	-3.186893
		51.624837	-3.94495
		50.152266	-5.065556
		50.726024	-3.543949
		51.512161	-0.116215
		51.289406	1.075802
		
g160		1656.09836620198	0.834390163379802	4	10	9	8	7	3	6	4	5	0	11	12	14	13	1	2	15		
		55.862982	-4.263554
		55.958426	-3.186893
		54.892406	-2.923222
		54.980766	-1.615849
		53.803895	-1.549931
		53.751959	-0.335941
		53.478239	-2.258549
		53.409532	-3.000126
		52.486125	-1.890507
		51.488224	-3.186893
		51.624837	-3.94495
		50.152266	-5.065556
		50.726024	-3.543949
		51.460852	-2.588139
		51.512161	-0.116215
		51.289406	1.075802
		
g160		1657.12946446462	0.834287053553538	5	10	9	8	7	3	6	4	5	0	1	11	12	14	13	2	15		
		55.862982	-4.263554
		55.958426	-3.186893
		54.892406	-2.923222
		54.980766	-1.615849
		53.803895	-1.549931
		53.751959	-0.335941
		53.478239	-2.258549
		53.409532	-3.000126
		52.486125	-1.890507
		51.460852	-2.588139
		51.488224	-3.186893
		51.624837	-3.94495
		50.152266	-5.065556
		50.726024	-3.543949
		51.512161	-0.116215
		51.289406	1.075802
		
