c	2 15 11 0 4 6 3 10 9 5 12 7 14 13 1 8	3297.96324057527	0.670203675942473	2	15	11	0	4	6	3	10	9	5	12	7	14	13	1	8		
		51.512161	-0.116215
		51.289406	1.075802
		51.488224	-3.186893
		52.486125	-1.890507
		53.478239	-2.258549
		53.751959	-0.335941
		53.803895	-1.549931
		55.862982	-4.263554
		55.958426	-3.186893
		53.409532	-3.000126
		51.624837	-3.94495
		54.980766	-1.615849
		50.152266	-5.065556
		50.726024	-3.543949
		51.460852	-2.588139
		54.892406	-2.923222
		
c	0 11 2 12 14 13 1 15 10 9 5 4 7 8 6 3	2853.19430449346	0.714680569550654	0	11	2	12	14	13	1	15	10	9	5	4	7	8	6	3		
		52.486125	-1.890507
		51.488224	-3.186893
		51.512161	-0.116215
		51.624837	-3.94495
		50.152266	-5.065556
		50.726024	-3.543949
		51.460852	-2.588139
		51.289406	1.075802
		55.862982	-4.263554
		55.958426	-3.186893
		53.409532	-3.000126
		53.478239	-2.258549
		54.980766	-1.615849
		54.892406	-2.923222
		53.751959	-0.335941
		53.803895	-1.549931
		
c	4 3 8 7 9 10 6 5 11 12 14 13 1 2 15 0	2214.09840395447	0.778590159604553	4	3	8	7	9	10	6	5	11	12	14	13	1	2	15	0		
		53.478239	-2.258549
		53.803895	-1.549931
		54.892406	-2.923222
		54.980766	-1.615849
		55.958426	-3.186893
		55.862982	-4.263554
		53.751959	-0.335941
		53.409532	-3.000126
		51.488224	-3.186893
		51.624837	-3.94495
		50.152266	-5.065556
		50.726024	-3.543949
		51.460852	-2.588139
		51.512161	-0.116215
		51.289406	1.075802
		52.486125	-1.890507
		
c	7 10 9 5 11 14 13 1 0 6 12 2 15 4 3 8	2719.27479006266	0.728072520993734	7	10	9	5	11	14	13	1	0	6	12	2	15	4	3	8		
		54.980766	-1.615849
		55.862982	-4.263554
		55.958426	-3.186893
		53.409532	-3.000126
		51.488224	-3.186893
		50.152266	-5.065556
		50.726024	-3.543949
		51.460852	-2.588139
		52.486125	-1.890507
		53.751959	-0.335941
		51.624837	-3.94495
		51.512161	-0.116215
		51.289406	1.075802
		53.478239	-2.258549
		53.803895	-1.549931
		54.892406	-2.923222
		
c	12 14 13 1 2 15 11 0 4 3 6 8 7 10 9 5	2200.44158668643	0.779955841331357	12	14	13	1	2	15	11	0	4	3	6	8	7	10	9	5		
		51.624837	-3.94495
		50.152266	-5.065556
		50.726024	-3.543949
		51.460852	-2.588139
		51.512161	-0.116215
		51.289406	1.075802
		51.488224	-3.186893
		52.486125	-1.890507
		53.478239	-2.258549
		53.803895	-1.549931
		53.751959	-0.335941
		54.892406	-2.923222
		54.980766	-1.615849
		55.862982	-4.263554
		55.958426	-3.186893
		53.409532	-3.000126
		
c	0 4 6 11 12 14 13 1 2 15 7 10 9 8 5 3	2384.2563767534	0.76157436232466	0	4	6	11	12	14	13	1	2	15	7	10	9	8	5	3		
		52.486125	-1.890507
		53.478239	-2.258549
		53.751959	-0.335941
		51.488224	-3.186893
		51.624837	-3.94495
		50.152266	-5.065556
		50.726024	-3.543949
		51.460852	-2.588139
		51.512161	-0.116215
		51.289406	1.075802
		54.980766	-1.615849
		55.862982	-4.263554
		55.958426	-3.186893
		54.892406	-2.923222
		53.409532	-3.000126
		53.803895	-1.549931
		
c	0 6 11 4 3 8 7 5 9 10 1 12 14 13 2 15	2808.4579159911	0.71915420840089	0	6	11	4	3	8	7	5	9	10	1	12	14	13	2	15		
		52.486125	-1.890507
		53.751959	-0.335941
		51.488224	-3.186893
		53.478239	-2.258549
		53.803895	-1.549931
		54.892406	-2.923222
		54.980766	-1.615849
		53.409532	-3.000126
		55.958426	-3.186893
		55.862982	-4.263554
		51.460852	-2.588139
		51.624837	-3.94495
		50.152266	-5.065556
		50.726024	-3.543949
		51.512161	-0.116215
		51.289406	1.075802
		
c	10 9 5 14 13 1 2 15 11 12 0 4 6 3 8 7	2307.81294148169	0.769218705851831	10	9	5	14	13	1	2	15	11	12	0	4	6	3	8	7		
		55.862982	-4.263554
		55.958426	-3.186893
		53.409532	-3.000126
		50.152266	-5.065556
		50.726024	-3.543949
		51.460852	-2.588139
		51.512161	-0.116215
		51.289406	1.075802
		51.488224	-3.186893
		51.624837	-3.94495
		52.486125	-1.890507
		53.478239	-2.258549
		53.751959	-0.335941
		53.803895	-1.549931
		54.892406	-2.923222
		54.980766	-1.615849
		
c	0 4 7 5 9 10 15 6 11 3 8 12 2 1 14 13	3646.845921826	0.6353154078174	0	4	7	5	9	10	15	6	11	3	8	12	2	1	14	13		
		52.486125	-1.890507
		53.478239	-2.258549
		54.980766	-1.615849
		53.409532	-3.000126
		55.958426	-3.186893
		55.862982	-4.263554
		51.289406	1.075802
		53.751959	-0.335941
		51.488224	-3.186893
		53.803895	-1.549931
		54.892406	-2.923222
		51.624837	-3.94495
		51.512161	-0.116215
		51.460852	-2.588139
		50.152266	-5.065556
		50.726024	-3.543949
		
c	14 1 11 12 0 13 2 15 4 3 8 6 5 7 10 9	2450.65238071426	0.754934761928574	14	1	11	12	0	13	2	15	4	3	8	6	5	7	10	9		
		50.152266	-5.065556
		51.460852	-2.588139
		51.488224	-3.186893
		51.624837	-3.94495
		52.486125	-1.890507
		50.726024	-3.543949
		51.512161	-0.116215
		51.289406	1.075802
		53.478239	-2.258549
		53.803895	-1.549931
		54.892406	-2.923222
		53.751959	-0.335941
		53.409532	-3.000126
		54.980766	-1.615849
		55.862982	-4.263554
		55.958426	-3.186893
		
c	2 6 0 11 4 3 8 7 10 9 5 12 15 1 14 13	2800.61318375756	0.719938681624244	2	6	0	11	4	3	8	7	10	9	5	12	15	1	14	13		
		51.512161	-0.116215
		53.751959	-0.335941
		52.486125	-1.890507
		51.488224	-3.186893
		53.478239	-2.258549
		53.803895	-1.549931
		54.892406	-2.923222
		54.980766	-1.615849
		55.862982	-4.263554
		55.958426	-3.186893
		53.409532	-3.000126
		51.624837	-3.94495
		51.289406	1.075802
		51.460852	-2.588139
		50.152266	-5.065556
		50.726024	-3.543949
		
c	4 8 7 9 10 3 1 12 14 13 11 0 6 5 2 15	2380.82902133328	0.761917097866672	4	8	7	9	10	3	1	12	14	13	11	0	6	5	2	15		
		53.478239	-2.258549
		54.892406	-2.923222
		54.980766	-1.615849
		55.958426	-3.186893
		55.862982	-4.263554
		53.803895	-1.549931
		51.460852	-2.588139
		51.624837	-3.94495
		50.152266	-5.065556
		50.726024	-3.543949
		51.488224	-3.186893
		52.486125	-1.890507
		53.751959	-0.335941
		53.409532	-3.000126
		51.512161	-0.116215
		51.289406	1.075802
		
c	5 11 12 2 15 1 14 13 0 4 3 9 10 8 6 7	2462.26391235649	0.753773608764351	5	11	12	2	15	1	14	13	0	4	3	9	10	8	6	7		
		53.409532	-3.000126
		51.488224	-3.186893
		51.624837	-3.94495
		51.512161	-0.116215
		51.289406	1.075802
		51.460852	-2.588139
		50.152266	-5.065556
		50.726024	-3.543949
		52.486125	-1.890507
		53.478239	-2.258549
		53.803895	-1.549931
		55.958426	-3.186893
		55.862982	-4.263554
		54.892406	-2.923222
		53.751959	-0.335941
		54.980766	-1.615849
		
c	5 8 7 10 9 0 1 11 12 14 13 2 15 4 6 3	2316.1771493469	0.76838228506531	5	8	7	10	9	0	1	11	12	14	13	2	15	4	6	3		
		53.409532	-3.000126
		54.892406	-2.923222
		54.980766	-1.615849
		55.862982	-4.263554
		55.958426	-3.186893
		52.486125	-1.890507
		51.460852	-2.588139
		51.488224	-3.186893
		51.624837	-3.94495
		50.152266	-5.065556
		50.726024	-3.543949
		51.512161	-0.116215
		51.289406	1.075802
		53.478239	-2.258549
		53.751959	-0.335941
		53.803895	-1.549931
		
c	10 8 5 1 2 15 0 4 6 3 7 9 11 12 14 13	2481.23882214874	0.751876117785126	10	8	5	1	2	15	0	4	6	3	7	9	11	12	14	13		
		55.862982	-4.263554
		54.892406	-2.923222
		53.409532	-3.000126
		51.460852	-2.588139
		51.512161	-0.116215
		51.289406	1.075802
		52.486125	-1.890507
		53.478239	-2.258549
		53.751959	-0.335941
		53.803895	-1.549931
		54.980766	-1.615849
		55.958426	-3.186893
		51.488224	-3.186893
		51.624837	-3.94495
		50.152266	-5.065556
		50.726024	-3.543949
		
c	4 3 6 8 7 10 1 2 15 0 9 5 11 12 14 13	2883.98115959586	0.711601884040414	4	3	6	8	7	10	1	2	15	0	9	5	11	12	14	13		
		53.478239	-2.258549
		53.803895	-1.549931
		53.751959	-0.335941
		54.892406	-2.923222
		54.980766	-1.615849
		55.862982	-4.263554
		51.460852	-2.588139
		51.512161	-0.116215
		51.289406	1.075802
		52.486125	-1.890507
		55.958426	-3.186893
		53.409532	-3.000126
		51.488224	-3.186893
		51.624837	-3.94495
		50.152266	-5.065556
		50.726024	-3.543949
		
c	15 0 4 8 7 9 10 6 5 11 12 3 14 13 1 2	2775.93044554149	0.722406955445851	15	0	4	8	7	9	10	6	5	11	12	3	14	13	1	2		
		51.289406	1.075802
		52.486125	-1.890507
		53.478239	-2.258549
		54.892406	-2.923222
		54.980766	-1.615849
		55.958426	-3.186893
		55.862982	-4.263554
		53.751959	-0.335941
		53.409532	-3.000126
		51.488224	-3.186893
		51.624837	-3.94495
		53.803895	-1.549931
		50.152266	-5.065556
		50.726024	-3.543949
		51.460852	-2.588139
		51.512161	-0.116215
		
c	8 7 10 9 12 11 5 14 13 1 2 15 0 4 6 3	2542.69603020799	0.745730396979201	8	7	10	9	12	11	5	14	13	1	2	15	0	4	6	3		
		54.892406	-2.923222
		54.980766	-1.615849
		55.862982	-4.263554
		55.958426	-3.186893
		51.624837	-3.94495
		51.488224	-3.186893
		53.409532	-3.000126
		50.152266	-5.065556
		50.726024	-3.543949
		51.460852	-2.588139
		51.512161	-0.116215
		51.289406	1.075802
		52.486125	-1.890507
		53.478239	-2.258549
		53.751959	-0.335941
		53.803895	-1.549931
		
c	4 8 7 3 10 9 6 5 12 14 13 2 15 0 11 1	2502.3034313202	0.74976965686798	4	8	7	3	10	9	6	5	12	14	13	2	15	0	11	1		
		53.478239	-2.258549
		54.892406	-2.923222
		54.980766	-1.615849
		53.803895	-1.549931
		55.862982	-4.263554
		55.958426	-3.186893
		53.751959	-0.335941
		53.409532	-3.000126
		51.624837	-3.94495
		50.152266	-5.065556
		50.726024	-3.543949
		51.512161	-0.116215
		51.289406	1.075802
		52.486125	-1.890507
		51.488224	-3.186893
		51.460852	-2.588139
		
c	10 8 3 1 12 14 13 2 15 11 0 4 6 9 5 7	2768.68976680823	0.723131023319177	10	8	3	1	12	14	13	2	15	11	0	4	6	9	5	7		
		55.862982	-4.263554
		54.892406	-2.923222
		53.803895	-1.549931
		51.460852	-2.588139
		51.624837	-3.94495
		50.152266	-5.065556
		50.726024	-3.543949
		51.512161	-0.116215
		51.289406	1.075802
		51.488224	-3.186893
		52.486125	-1.890507
		53.478239	-2.258549
		53.751959	-0.335941
		55.958426	-3.186893
		53.409532	-3.000126
		54.980766	-1.615849
		
c	9 8 6 10 5 11 12 14 13 1 2 15 0 4 3 7	2443.48121213894	0.755651878786106	9	8	6	10	5	11	12	14	13	1	2	15	0	4	3	7		
		55.958426	-3.186893
		54.892406	-2.923222
		53.751959	-0.335941
		55.862982	-4.263554
		53.409532	-3.000126
		51.488224	-3.186893
		51.624837	-3.94495
		50.152266	-5.065556
		50.726024	-3.543949
		51.460852	-2.588139
		51.512161	-0.116215
		51.289406	1.075802
		52.486125	-1.890507
		53.478239	-2.258549
		53.803895	-1.549931
		54.980766	-1.615849
		
c	1 13 2 15 11 5 9 10 8 3 12 14 0 4 6 7	2812.63753554104	0.718736246445896	1	13	2	15	11	5	9	10	8	3	12	14	0	4	6	7		
		51.460852	-2.588139
		50.726024	-3.543949
		51.512161	-0.116215
		51.289406	1.075802
		51.488224	-3.186893
		53.409532	-3.000126
		55.958426	-3.186893
		55.862982	-4.263554
		54.892406	-2.923222
		53.803895	-1.549931
		51.624837	-3.94495
		50.152266	-5.065556
		52.486125	-1.890507
		53.478239	-2.258549
		53.751959	-0.335941
		54.980766	-1.615849
		
c	1 12 14 13 0 4 3 9 10 8 5 11 6 2 15 7	2747.23003541253	0.725276996458747	1	12	14	13	0	4	3	9	10	8	5	11	6	2	15	7		
		51.460852	-2.588139
		51.624837	-3.94495
		50.152266	-5.065556
		50.726024	-3.543949
		52.486125	-1.890507
		53.478239	-2.258549
		53.803895	-1.549931
		55.958426	-3.186893
		55.862982	-4.263554
		54.892406	-2.923222
		53.409532	-3.000126
		51.488224	-3.186893
		53.751959	-0.335941
		51.512161	-0.116215
		51.289406	1.075802
		54.980766	-1.615849
		
c	8 3 1 12 14 13 11 0 4 6 2 15 7 9 10 5	2579.72751469228	0.742027248530772	8	3	1	12	14	13	11	0	4	6	2	15	7	9	10	5		
		54.892406	-2.923222
		53.803895	-1.549931
		51.460852	-2.588139
		51.624837	-3.94495
		50.152266	-5.065556
		50.726024	-3.543949
		51.488224	-3.186893
		52.486125	-1.890507
		53.478239	-2.258549
		53.751959	-0.335941
		51.512161	-0.116215
		51.289406	1.075802
		54.980766	-1.615849
		55.958426	-3.186893
		55.862982	-4.263554
		53.409532	-3.000126
		
c	11 12 14 13 1 2 15 3 8 7 10 0 4 9 5 6	2748.4597286236	0.72515402713764	11	12	14	13	1	2	15	3	8	7	10	0	4	9	5	6		
		51.488224	-3.186893
		51.624837	-3.94495
		50.152266	-5.065556
		50.726024	-3.543949
		51.460852	-2.588139
		51.512161	-0.116215
		51.289406	1.075802
		53.803895	-1.549931
		54.892406	-2.923222
		54.980766	-1.615849
		55.862982	-4.263554
		52.486125	-1.890507
		53.478239	-2.258549
		55.958426	-3.186893
		53.409532	-3.000126
		53.751959	-0.335941
		
c	9 8 7 12 11 5 14 13 1 2 15 0 4 6 3 10	2607.61838410043	0.739238161589957	9	8	7	12	11	5	14	13	1	2	15	0	4	6	3	10		
		55.958426	-3.186893
		54.892406	-2.923222
		54.980766	-1.615849
		51.624837	-3.94495
		51.488224	-3.186893
		53.409532	-3.000126
		50.152266	-5.065556
		50.726024	-3.543949
		51.460852	-2.588139
		51.512161	-0.116215
		51.289406	1.075802
		52.486125	-1.890507
		53.478239	-2.258549
		53.751959	-0.335941
		53.803895	-1.549931
		55.862982	-4.263554
		
c	3 6 5 11 7 9 10 8 1 12 14 13 0 4 2 15	2701.1489394504	0.72988510605496	3	6	5	11	7	9	10	8	1	12	14	13	0	4	2	15		
		53.803895	-1.549931
		53.751959	-0.335941
		53.409532	-3.000126
		51.488224	-3.186893
		54.980766	-1.615849
		55.958426	-3.186893
		55.862982	-4.263554
		54.892406	-2.923222
		51.460852	-2.588139
		51.624837	-3.94495
		50.152266	-5.065556
		50.726024	-3.543949
		52.486125	-1.890507
		53.478239	-2.258549
		51.512161	-0.116215
		51.289406	1.075802
		
c	1 11 0 2 15 12 4 3 6 8 7 10 14 13 9 5	3273.68614469492	0.672631385530508	1	11	0	2	15	12	4	3	6	8	7	10	14	13	9	5		
		51.460852	-2.588139
		51.488224	-3.186893
		52.486125	-1.890507
		51.512161	-0.116215
		51.289406	1.075802
		51.624837	-3.94495
		53.478239	-2.258549
		53.803895	-1.549931
		53.751959	-0.335941
		54.892406	-2.923222
		54.980766	-1.615849
		55.862982	-4.263554
		50.152266	-5.065556
		50.726024	-3.543949
		55.958426	-3.186893
		53.409532	-3.000126
		
c	13 1 2 15 3 4 8 7 9 10 12 14 11 0 6 5	2564.41195872567	0.743558804127433	13	1	2	15	3	4	8	7	9	10	12	14	11	0	6	5		
		50.726024	-3.543949
		51.460852	-2.588139
		51.512161	-0.116215
		51.289406	1.075802
		53.803895	-1.549931
		53.478239	-2.258549
		54.892406	-2.923222
		54.980766	-1.615849
		55.958426	-3.186893
		55.862982	-4.263554
		51.624837	-3.94495
		50.152266	-5.065556
		51.488224	-3.186893
		52.486125	-1.890507
		53.751959	-0.335941
		53.409532	-3.000126
		
c	11 1 2 15 8 7 3 4 9 10 6 12 14 13 0 5	2748.12879451764	0.725187120548236	11	1	2	15	8	7	3	4	9	10	6	12	14	13	0	5		
		51.488224	-3.186893
		51.460852	-2.588139
		51.512161	-0.116215
		51.289406	1.075802
		54.892406	-2.923222
		54.980766	-1.615849
		53.803895	-1.549931
		53.478239	-2.258549
		55.958426	-3.186893
		55.862982	-4.263554
		53.751959	-0.335941
		51.624837	-3.94495
		50.152266	-5.065556
		50.726024	-3.543949
		52.486125	-1.890507
		53.409532	-3.000126
		
c	9 10 8 0 4 7 3 6 5 12 14 13 1 2 15 11	2332.24744866749	0.766775255133251	9	10	8	0	4	7	3	6	5	12	14	13	1	2	15	11		
		55.958426	-3.186893
		55.862982	-4.263554
		54.892406	-2.923222
		52.486125	-1.890507
		53.478239	-2.258549
		54.980766	-1.615849
		53.803895	-1.549931
		53.751959	-0.335941
		53.409532	-3.000126
		51.624837	-3.94495
		50.152266	-5.065556
		50.726024	-3.543949
		51.460852	-2.588139
		51.512161	-0.116215
		51.289406	1.075802
		51.488224	-3.186893
		
c	13 1 2 15 11 0 4 6 3 7 10 9 8 5 12 14	2192.54260198872	0.780745739801128	13	1	2	15	11	0	4	6	3	7	10	9	8	5	12	14		
		50.726024	-3.543949
		51.460852	-2.588139
		51.512161	-0.116215
		51.289406	1.075802
		51.488224	-3.186893
		52.486125	-1.890507
		53.478239	-2.258549
		53.751959	-0.335941
		53.803895	-1.549931
		54.980766	-1.615849
		55.862982	-4.263554
		55.958426	-3.186893
		54.892406	-2.923222
		53.409532	-3.000126
		51.624837	-3.94495
		50.152266	-5.065556
		
c	8 5 1 2 15 7 10 9 11 12 14 13 0 4 6 3	2759.09064217993	0.724090935782007	8	5	1	2	15	7	10	9	11	12	14	13	0	4	6	3		
		54.892406	-2.923222
		53.409532	-3.000126
		51.460852	-2.588139
		51.512161	-0.116215
		51.289406	1.075802
		54.980766	-1.615849
		55.862982	-4.263554
		55.958426	-3.186893
		51.488224	-3.186893
		51.624837	-3.94495
		50.152266	-5.065556
		50.726024	-3.543949
		52.486125	-1.890507
		53.478239	-2.258549
		53.751959	-0.335941
		53.803895	-1.549931
		
c	6 10 5 11 12 14 13 1 2 15 0 4 3 7 9 8	2380.22558034784	0.761977441965216	6	10	5	11	12	14	13	1	2	15	0	4	3	7	9	8		
		53.751959	-0.335941
		55.862982	-4.263554
		53.409532	-3.000126
		51.488224	-3.186893
		51.624837	-3.94495
		50.152266	-5.065556
		50.726024	-3.543949
		51.460852	-2.588139
		51.512161	-0.116215
		51.289406	1.075802
		52.486125	-1.890507
		53.478239	-2.258549
		53.803895	-1.549931
		54.980766	-1.615849
		55.958426	-3.186893
		54.892406	-2.923222
		
c	2 15 0 4 8 7 9 10 6 5 11 12 14 13 1 3	2379.4208888487	0.76205791111513	2	15	0	4	8	7	9	10	6	5	11	12	14	13	1	3		
		51.512161	-0.116215
		51.289406	1.075802
		52.486125	-1.890507
		53.478239	-2.258549
		54.892406	-2.923222
		54.980766	-1.615849
		55.958426	-3.186893
		55.862982	-4.263554
		53.751959	-0.335941
		53.409532	-3.000126
		51.488224	-3.186893
		51.624837	-3.94495
		50.152266	-5.065556
		50.726024	-3.543949
		51.460852	-2.588139
		53.803895	-1.549931
		
c	10 9 5 11 12 14 13 1 2 15 0 4 7 8 6 3	2192.90884793999	0.780709115206001	10	9	5	11	12	14	13	1	2	15	0	4	7	8	6	3		
		55.862982	-4.263554
		55.958426	-3.186893
		53.409532	-3.000126
		51.488224	-3.186893
		51.624837	-3.94495
		50.152266	-5.065556
		50.726024	-3.543949
		51.460852	-2.588139
		51.512161	-0.116215
		51.289406	1.075802
		52.486125	-1.890507
		53.478239	-2.258549
		54.980766	-1.615849
		54.892406	-2.923222
		53.751959	-0.335941
		53.803895	-1.549931
		
c	0 4 8 7 3 10 9 6 5 12 14 13 1 2 15 11	2507.11295070958	0.749288704929042	0	4	8	7	3	10	9	6	5	12	14	13	1	2	15	11		
		52.486125	-1.890507
		53.478239	-2.258549
		54.892406	-2.923222
		54.980766	-1.615849
		53.803895	-1.549931
		55.862982	-4.263554
		55.958426	-3.186893
		53.751959	-0.335941
		53.409532	-3.000126
		51.624837	-3.94495
		50.152266	-5.065556
		50.726024	-3.543949
		51.460852	-2.588139
		51.512161	-0.116215
		51.289406	1.075802
		51.488224	-3.186893
		
c	13 1 11 0 2 15 4 8 7 9 10 6 5 12 14 3	2718.71738455758	0.728128261544242	13	1	11	0	2	15	4	8	7	9	10	6	5	12	14	3		
		50.726024	-3.543949
		51.460852	-2.588139
		51.488224	-3.186893
		52.486125	-1.890507
		51.512161	-0.116215
		51.289406	1.075802
		53.478239	-2.258549
		54.892406	-2.923222
		54.980766	-1.615849
		55.958426	-3.186893
		55.862982	-4.263554
		53.751959	-0.335941
		53.409532	-3.000126
		51.624837	-3.94495
		50.152266	-5.065556
		53.803895	-1.549931
		
c	1 2 15 0 4 7 6 3 10 9 5 11 12 14 13 8	2705.38649358425	0.729461350641575	1	2	15	0	4	7	6	3	10	9	5	11	12	14	13	8		
		51.460852	-2.588139
		51.512161	-0.116215
		51.289406	1.075802
		52.486125	-1.890507
		53.478239	-2.258549
		54.980766	-1.615849
		53.751959	-0.335941
		53.803895	-1.549931
		55.862982	-4.263554
		55.958426	-3.186893
		53.409532	-3.000126
		51.488224	-3.186893
		51.624837	-3.94495
		50.152266	-5.065556
		50.726024	-3.543949
		54.892406	-2.923222
		
c	15 0 4 8 7 14 13 1 11 2 12 3 6 10 9 5	3005.03952522004	0.699496047477997	15	0	4	8	7	14	13	1	11	2	12	3	6	10	9	5		
		51.289406	1.075802
		52.486125	-1.890507
		53.478239	-2.258549
		54.892406	-2.923222
		54.980766	-1.615849
		50.152266	-5.065556
		50.726024	-3.543949
		51.460852	-2.588139
		51.488224	-3.186893
		51.512161	-0.116215
		51.624837	-3.94495
		53.803895	-1.549931
		53.751959	-0.335941
		55.862982	-4.263554
		55.958426	-3.186893
		53.409532	-3.000126
		
c	2 15 11 4 8 7 10 9 5 0 12 14 13 1 3 6	2464.32404464447	0.753567595535553	2	15	11	4	8	7	10	9	5	0	12	14	13	1	3	6		
		51.512161	-0.116215
		51.289406	1.075802
		51.488224	-3.186893
		53.478239	-2.258549
		54.892406	-2.923222
		54.980766	-1.615849
		55.862982	-4.263554
		55.958426	-3.186893
		53.409532	-3.000126
		52.486125	-1.890507
		51.624837	-3.94495
		50.152266	-5.065556
		50.726024	-3.543949
		51.460852	-2.588139
		53.803895	-1.549931
		53.751959	-0.335941
		
c	10 8 3 1 12 14 13 11 0 4 6 2 15 9 5 7	2839.68752779736	0.716031247220264	10	8	3	1	12	14	13	11	0	4	6	2	15	9	5	7		
		55.862982	-4.263554
		54.892406	-2.923222
		53.803895	-1.549931
		51.460852	-2.588139
		51.624837	-3.94495
		50.152266	-5.065556
		50.726024	-3.543949
		51.488224	-3.186893
		52.486125	-1.890507
		53.478239	-2.258549
		53.751959	-0.335941
		51.512161	-0.116215
		51.289406	1.075802
		55.958426	-3.186893
		53.409532	-3.000126
		54.980766	-1.615849
		
c	14 13 1 2 15 0 4 7 6 9 5 11 12 3 8 10	2612.98689532425	0.738701310467575	14	13	1	2	15	0	4	7	6	9	5	11	12	3	8	10		
		50.152266	-5.065556
		50.726024	-3.543949
		51.460852	-2.588139
		51.512161	-0.116215
		51.289406	1.075802
		52.486125	-1.890507
		53.478239	-2.258549
		54.980766	-1.615849
		53.751959	-0.335941
		55.958426	-3.186893
		53.409532	-3.000126
		51.488224	-3.186893
		51.624837	-3.94495
		53.803895	-1.549931
		54.892406	-2.923222
		55.862982	-4.263554
		
c	12 14 13 1 2 15 11 10 9 5 0 4 7 8 6 3	2596.05740881748	0.740394259118252	12	14	13	1	2	15	11	10	9	5	0	4	7	8	6	3		
		51.624837	-3.94495
		50.152266	-5.065556
		50.726024	-3.543949
		51.460852	-2.588139
		51.512161	-0.116215
		51.289406	1.075802
		51.488224	-3.186893
		55.862982	-4.263554
		55.958426	-3.186893
		53.409532	-3.000126
		52.486125	-1.890507
		53.478239	-2.258549
		54.980766	-1.615849
		54.892406	-2.923222
		53.751959	-0.335941
		53.803895	-1.549931
		
c	6 0 4 7 5 9 10 8 3 1 12 14 13 11 2 15	2355.0964786188	0.76449035213812	6	0	4	7	5	9	10	8	3	1	12	14	13	11	2	15		
		53.751959	-0.335941
		52.486125	-1.890507
		53.478239	-2.258549
		54.980766	-1.615849
		53.409532	-3.000126
		55.958426	-3.186893
		55.862982	-4.263554
		54.892406	-2.923222
		53.803895	-1.549931
		51.460852	-2.588139
		51.624837	-3.94495
		50.152266	-5.065556
		50.726024	-3.543949
		51.488224	-3.186893
		51.512161	-0.116215
		51.289406	1.075802
		
c	5 12 14 13 1 10 9 11 2 15 0 4 6 3 7 8	2768.09417692063	0.723190582307937	5	12	14	13	1	10	9	11	2	15	0	4	6	3	7	8		
		53.409532	-3.000126
		51.624837	-3.94495
		50.152266	-5.065556
		50.726024	-3.543949
		51.460852	-2.588139
		55.862982	-4.263554
		55.958426	-3.186893
		51.488224	-3.186893
		51.512161	-0.116215
		51.289406	1.075802
		52.486125	-1.890507
		53.478239	-2.258549
		53.751959	-0.335941
		53.803895	-1.549931
		54.980766	-1.615849
		54.892406	-2.923222
		
c	5 0 1 11 12 6 4 3 8 7 10 9 2 15 14 13	2567.00953483076	0.743299046516924	5	0	1	11	12	6	4	3	8	7	10	9	2	15	14	13		
		53.409532	-3.000126
		52.486125	-1.890507
		51.460852	-2.588139
		51.488224	-3.186893
		51.624837	-3.94495
		53.751959	-0.335941
		53.478239	-2.258549
		53.803895	-1.549931
		54.892406	-2.923222
		54.980766	-1.615849
		55.862982	-4.263554
		55.958426	-3.186893
		51.512161	-0.116215
		51.289406	1.075802
		50.152266	-5.065556
		50.726024	-3.543949
		
c	4 8 7 10 9 5 11 12 14 13 1 2 15 0 6 3	2229.02836399521	0.777097163600479	4	8	7	10	9	5	11	12	14	13	1	2	15	0	6	3		
		53.478239	-2.258549
		54.892406	-2.923222
		54.980766	-1.615849
		55.862982	-4.263554
		55.958426	-3.186893
		53.409532	-3.000126
		51.488224	-3.186893
		51.624837	-3.94495
		50.152266	-5.065556
		50.726024	-3.543949
		51.460852	-2.588139
		51.512161	-0.116215
		51.289406	1.075802
		52.486125	-1.890507
		53.751959	-0.335941
		53.803895	-1.549931
		
c	8 7 10 9 5 3 0 1 11 12 14 13 2 15 4 6	2213.26441857805	0.778673558142195	8	7	10	9	5	3	0	1	11	12	14	13	2	15	4	6		
		54.892406	-2.923222
		54.980766	-1.615849
		55.862982	-4.263554
		55.958426	-3.186893
		53.409532	-3.000126
		53.803895	-1.549931
		52.486125	-1.890507
		51.460852	-2.588139
		51.488224	-3.186893
		51.624837	-3.94495
		50.152266	-5.065556
		50.726024	-3.543949
		51.512161	-0.116215
		51.289406	1.075802
		53.478239	-2.258549
		53.751959	-0.335941
		
c	13 1 2 15 11 0 4 3 6 8 10 5 7 9 12 14	2695.62607439843	0.730437392560157	13	1	2	15	11	0	4	3	6	8	10	5	7	9	12	14		
		50.726024	-3.543949
		51.460852	-2.588139
		51.512161	-0.116215
		51.289406	1.075802
		51.488224	-3.186893
		52.486125	-1.890507
		53.478239	-2.258549
		53.803895	-1.549931
		53.751959	-0.335941
		54.892406	-2.923222
		55.862982	-4.263554
		53.409532	-3.000126
		54.980766	-1.615849
		55.958426	-3.186893
		51.624837	-3.94495
		50.152266	-5.065556
		
c	10 9 8 5 4 12 14 13 1 2 15 11 0 6 3 7	2132.155521033	0.7867844478967	10	9	8	5	4	12	14	13	1	2	15	11	0	6	3	7		
		55.862982	-4.263554
		55.958426	-3.186893
		54.892406	-2.923222
		53.409532	-3.000126
		53.478239	-2.258549
		51.624837	-3.94495
		50.152266	-5.065556
		50.726024	-3.543949
		51.460852	-2.588139
		51.512161	-0.116215
		51.289406	1.075802
		51.488224	-3.186893
		52.486125	-1.890507
		53.751959	-0.335941
		53.803895	-1.549931
		54.980766	-1.615849
		
c	8 7 9 6 11 0 3 12 14 13 1 2 15 4 10 5	3016.76360694606	0.698323639305394	8	7	9	6	11	0	3	12	14	13	1	2	15	4	10	5		
		54.892406	-2.923222
		54.980766	-1.615849
		55.958426	-3.186893
		53.751959	-0.335941
		51.488224	-3.186893
		52.486125	-1.890507
		53.803895	-1.549931
		51.624837	-3.94495
		50.152266	-5.065556
		50.726024	-3.543949
		51.460852	-2.588139
		51.512161	-0.116215
		51.289406	1.075802
		53.478239	-2.258549
		55.862982	-4.263554
		53.409532	-3.000126
		
c	1 11 0 2 15 4 6 3 7 10 9 8 5 12 14 13	2167.99213755593	0.783200786244407	1	11	0	2	15	4	6	3	7	10	9	8	5	12	14	13		
		51.460852	-2.588139
		51.488224	-3.186893
		52.486125	-1.890507
		51.512161	-0.116215
		51.289406	1.075802
		53.478239	-2.258549
		53.751959	-0.335941
		53.803895	-1.549931
		54.980766	-1.615849
		55.862982	-4.263554
		55.958426	-3.186893
		54.892406	-2.923222
		53.409532	-3.000126
		51.624837	-3.94495
		50.152266	-5.065556
		50.726024	-3.543949
		
c	6 7 5 0 11 2 12 14 13 1 15 4 3 8 10 9	2516.74862994104	0.748325137005896	6	7	5	0	11	2	12	14	13	1	15	4	3	8	10	9		
		53.751959	-0.335941
		54.980766	-1.615849
		53.409532	-3.000126
		52.486125	-1.890507
		51.488224	-3.186893
		51.512161	-0.116215
		51.624837	-3.94495
		50.152266	-5.065556
		50.726024	-3.543949
		51.460852	-2.588139
		51.289406	1.075802
		53.478239	-2.258549
		53.803895	-1.549931
		54.892406	-2.923222
		55.862982	-4.263554
		55.958426	-3.186893
		
c	7 9 0 11 4 3 6 8 10 5 12 2 15 1 14 13	2852.34745146749	0.714765254853251	7	9	0	11	4	3	6	8	10	5	12	2	15	1	14	13		
		54.980766	-1.615849
		55.958426	-3.186893
		52.486125	-1.890507
		51.488224	-3.186893
		53.478239	-2.258549
		53.803895	-1.549931
		53.751959	-0.335941
		54.892406	-2.923222
		55.862982	-4.263554
		53.409532	-3.000126
		51.624837	-3.94495
		51.512161	-0.116215
		51.289406	1.075802
		51.460852	-2.588139
		50.152266	-5.065556
		50.726024	-3.543949
		
c	12 14 13 1 2 15 11 0 4 6 3 7 10 9 5 8	2273.26110687998	0.772673889312002	12	14	13	1	2	15	11	0	4	6	3	7	10	9	5	8		
		51.624837	-3.94495
		50.152266	-5.065556
		50.726024	-3.543949
		51.460852	-2.588139
		51.512161	-0.116215
		51.289406	1.075802
		51.488224	-3.186893
		52.486125	-1.890507
		53.478239	-2.258549
		53.751959	-0.335941
		53.803895	-1.549931
		54.980766	-1.615849
		55.862982	-4.263554
		55.958426	-3.186893
		53.409532	-3.000126
		54.892406	-2.923222
		
c	9 5 11 12 14 13 1 2 15 3 8 7 10 0 4 6	2630.80038941613	0.736919961058387	9	5	11	12	14	13	1	2	15	3	8	7	10	0	4	6		
		55.958426	-3.186893
		53.409532	-3.000126
		51.488224	-3.186893
		51.624837	-3.94495
		50.152266	-5.065556
		50.726024	-3.543949
		51.460852	-2.588139
		51.512161	-0.116215
		51.289406	1.075802
		53.803895	-1.549931
		54.892406	-2.923222
		54.980766	-1.615849
		55.862982	-4.263554
		52.486125	-1.890507
		53.478239	-2.258549
		53.751959	-0.335941
		
c	2 15 3 4 8 7 9 10 12 14 11 0 13 1 6 5	2741.56209906001	0.725843790093999	2	15	3	4	8	7	9	10	12	14	11	0	13	1	6	5		
		51.512161	-0.116215
		51.289406	1.075802
		53.803895	-1.549931
		53.478239	-2.258549
		54.892406	-2.923222
		54.980766	-1.615849
		55.958426	-3.186893
		55.862982	-4.263554
		51.624837	-3.94495
		50.152266	-5.065556
		51.488224	-3.186893
		52.486125	-1.890507
		50.726024	-3.543949
		51.460852	-2.588139
		53.751959	-0.335941
		53.409532	-3.000126
		
c	15 1 12 14 13 0 10 9 5 11 2 4 7 8 6 3	2877.04719732688	0.712295280267311	15	1	12	14	13	0	10	9	5	11	2	4	7	8	6	3		
		51.289406	1.075802
		51.460852	-2.588139
		51.624837	-3.94495
		50.152266	-5.065556
		50.726024	-3.543949
		52.486125	-1.890507
		55.862982	-4.263554
		55.958426	-3.186893
		53.409532	-3.000126
		51.488224	-3.186893
		51.512161	-0.116215
		53.478239	-2.258549
		54.980766	-1.615849
		54.892406	-2.923222
		53.751959	-0.335941
		53.803895	-1.549931
		
c	14 15 2 13 0 1 11 4 3 6 5 7 8 9 10 12	2672.10613238321	0.732789386761679	14	15	2	13	0	1	11	4	3	6	5	7	8	9	10	12		
		50.152266	-5.065556
		51.289406	1.075802
		51.512161	-0.116215
		50.726024	-3.543949
		52.486125	-1.890507
		51.460852	-2.588139
		51.488224	-3.186893
		53.478239	-2.258549
		53.803895	-1.549931
		53.751959	-0.335941
		53.409532	-3.000126
		54.980766	-1.615849
		54.892406	-2.923222
		55.958426	-3.186893
		55.862982	-4.263554
		51.624837	-3.94495
		
c	3 8 7 10 9 5 0 1 11 12 14 13 2 15 4 6	2236.73750405863	0.776326249594137	3	8	7	10	9	5	0	1	11	12	14	13	2	15	4	6		
		53.803895	-1.549931
		54.892406	-2.923222
		54.980766	-1.615849
		55.862982	-4.263554
		55.958426	-3.186893
		53.409532	-3.000126
		52.486125	-1.890507
		51.460852	-2.588139
		51.488224	-3.186893
		51.624837	-3.94495
		50.152266	-5.065556
		50.726024	-3.543949
		51.512161	-0.116215
		51.289406	1.075802
		53.478239	-2.258549
		53.751959	-0.335941
		
c	8 7 10 9 5 11 12 14 13 0 1 2 15 4 6 3	2355.28366874838	0.764471633125162	8	7	10	9	5	11	12	14	13	0	1	2	15	4	6	3		
		54.892406	-2.923222
		54.980766	-1.615849
		55.862982	-4.263554
		55.958426	-3.186893
		53.409532	-3.000126
		51.488224	-3.186893
		51.624837	-3.94495
		50.152266	-5.065556
		50.726024	-3.543949
		52.486125	-1.890507
		51.460852	-2.588139
		51.512161	-0.116215
		51.289406	1.075802
		53.478239	-2.258549
		53.751959	-0.335941
		53.803895	-1.549931
		
c	15 0 6 11 4 3 8 7 10 9 5 12 2 1 14 13	2800.35639467634	0.719964360532366	15	0	6	11	4	3	8	7	10	9	5	12	2	1	14	13		
		51.289406	1.075802
		52.486125	-1.890507
		53.751959	-0.335941
		51.488224	-3.186893
		53.478239	-2.258549
		53.803895	-1.549931
		54.892406	-2.923222
		54.980766	-1.615849
		55.862982	-4.263554
		55.958426	-3.186893
		53.409532	-3.000126
		51.624837	-3.94495
		51.512161	-0.116215
		51.460852	-2.588139
		50.152266	-5.065556
		50.726024	-3.543949
		
c	9 5 0 1 11 12 14 13 2 15 8 7 10 4 6 3	2542.40336214157	0.745759663785843	9	5	0	1	11	12	14	13	2	15	8	7	10	4	6	3		
		55.958426	-3.186893
		53.409532	-3.000126
		52.486125	-1.890507
		51.460852	-2.588139
		51.488224	-3.186893
		51.624837	-3.94495
		50.152266	-5.065556
		50.726024	-3.543949
		51.512161	-0.116215
		51.289406	1.075802
		54.892406	-2.923222
		54.980766	-1.615849
		55.862982	-4.263554
		53.478239	-2.258549
		53.751959	-0.335941
		53.803895	-1.549931
		
c	6 0 11 4 3 8 7 10 9 5 12 2 15 1 14 13	2552.54391797413	0.744745608202587	6	0	11	4	3	8	7	10	9	5	12	2	15	1	14	13		
		53.751959	-0.335941
		52.486125	-1.890507
		51.488224	-3.186893
		53.478239	-2.258549
		53.803895	-1.549931
		54.892406	-2.923222
		54.980766	-1.615849
		55.862982	-4.263554
		55.958426	-3.186893
		53.409532	-3.000126
		51.624837	-3.94495
		51.512161	-0.116215
		51.289406	1.075802
		51.460852	-2.588139
		50.152266	-5.065556
		50.726024	-3.543949
		
c	10 1 2 15 12 4 3 6 8 7 9 14 13 11 0 5	3065.19920271226	0.693480079728774	10	1	2	15	12	4	3	6	8	7	9	14	13	11	0	5		
		55.862982	-4.263554
		51.460852	-2.588139
		51.512161	-0.116215
		51.289406	1.075802
		51.624837	-3.94495
		53.478239	-2.258549
		53.803895	-1.549931
		53.751959	-0.335941
		54.892406	-2.923222
		54.980766	-1.615849
		55.958426	-3.186893
		50.152266	-5.065556
		50.726024	-3.543949
		51.488224	-3.186893
		52.486125	-1.890507
		53.409532	-3.000126
		
c	4 6 3 10 9 5 11 2 15 1 12 14 13 0 8 7	2606.45604269788	0.739354395730212	4	6	3	10	9	5	11	2	15	1	12	14	13	0	8	7		
		53.478239	-2.258549
		53.751959	-0.335941
		53.803895	-1.549931
		55.862982	-4.263554
		55.958426	-3.186893
		53.409532	-3.000126
		51.488224	-3.186893
		51.512161	-0.116215
		51.289406	1.075802
		51.460852	-2.588139
		51.624837	-3.94495
		50.152266	-5.065556
		50.726024	-3.543949
		52.486125	-1.890507
		54.892406	-2.923222
		54.980766	-1.615849
		
c	15 8 7 10 9 5 11 12 14 13 1 2 0 4 6 3	2449.08097028306	0.755091902971694	15	8	7	10	9	5	11	12	14	13	1	2	0	4	6	3		
		51.289406	1.075802
		54.892406	-2.923222
		54.980766	-1.615849
		55.862982	-4.263554
		55.958426	-3.186893
		53.409532	-3.000126
		51.488224	-3.186893
		51.624837	-3.94495
		50.152266	-5.065556
		50.726024	-3.543949
		51.460852	-2.588139
		51.512161	-0.116215
		52.486125	-1.890507
		53.478239	-2.258549
		53.751959	-0.335941
		53.803895	-1.549931
		
c	11 12 14 13 1 2 15 8 7 10 9 5 0 4 6 3	2285.42269255702	0.771457730744298	11	12	14	13	1	2	15	8	7	10	9	5	0	4	6	3		
		51.488224	-3.186893
		51.624837	-3.94495
		50.152266	-5.065556
		50.726024	-3.543949
		51.460852	-2.588139
		51.512161	-0.116215
		51.289406	1.075802
		54.892406	-2.923222
		54.980766	-1.615849
		55.862982	-4.263554
		55.958426	-3.186893
		53.409532	-3.000126
		52.486125	-1.890507
		53.478239	-2.258549
		53.751959	-0.335941
		53.803895	-1.549931
		
c	1 2 15 8 7 10 9 5 11 12 14 13 0 4 6 3	2493.7413991315	0.75062586008685	1	2	15	8	7	10	9	5	11	12	14	13	0	4	6	3		
		51.460852	-2.588139
		51.512161	-0.116215
		51.289406	1.075802
		54.892406	-2.923222
		54.980766	-1.615849
		55.862982	-4.263554
		55.958426	-3.186893
		53.409532	-3.000126
		51.488224	-3.186893
		51.624837	-3.94495
		50.152266	-5.065556
		50.726024	-3.543949
		52.486125	-1.890507
		53.478239	-2.258549
		53.751959	-0.335941
		53.803895	-1.549931
		
c	7 10 9 5 13 1 2 15 3 4 8 12 14 11 0 6	2829.3555132219	0.71706444867781	7	10	9	5	13	1	2	15	3	4	8	12	14	11	0	6		
		54.980766	-1.615849
		55.862982	-4.263554
		55.958426	-3.186893
		53.409532	-3.000126
		50.726024	-3.543949
		51.460852	-2.588139
		51.512161	-0.116215
		51.289406	1.075802
		53.803895	-1.549931
		53.478239	-2.258549
		54.892406	-2.923222
		51.624837	-3.94495
		50.152266	-5.065556
		51.488224	-3.186893
		52.486125	-1.890507
		53.751959	-0.335941
		
c	15 3 4 8 7 9 10 5 11 12 14 13 1 2 0 6	2326.82670453119	0.767317329546881	15	3	4	8	7	9	10	5	11	12	14	13	1	2	0	6		
		51.289406	1.075802
		53.803895	-1.549931
		53.478239	-2.258549
		54.892406	-2.923222
		54.980766	-1.615849
		55.958426	-3.186893
		55.862982	-4.263554
		53.409532	-3.000126
		51.488224	-3.186893
		51.624837	-3.94495
		50.152266	-5.065556
		50.726024	-3.543949
		51.460852	-2.588139
		51.512161	-0.116215
		52.486125	-1.890507
		53.751959	-0.335941
		
c	11 3 7 10 9 5 14 13 1 2 15 0 4 8 6 12	2902.56168047466	0.709743831952534	11	3	7	10	9	5	14	13	1	2	15	0	4	8	6	12		
		51.488224	-3.186893
		53.803895	-1.549931
		54.980766	-1.615849
		55.862982	-4.263554
		55.958426	-3.186893
		53.409532	-3.000126
		50.152266	-5.065556
		50.726024	-3.543949
		51.460852	-2.588139
		51.512161	-0.116215
		51.289406	1.075802
		52.486125	-1.890507
		53.478239	-2.258549
		54.892406	-2.923222
		53.751959	-0.335941
		51.624837	-3.94495
		
c	8 7 10 15 2 9 4 12 5 11 14 13 1 0 6 3	3264.49689494652	0.673550310505348	8	7	10	15	2	9	4	12	5	11	14	13	1	0	6	3		
		54.892406	-2.923222
		54.980766	-1.615849
		55.862982	-4.263554
		51.289406	1.075802
		51.512161	-0.116215
		55.958426	-3.186893
		53.478239	-2.258549
		51.624837	-3.94495
		53.409532	-3.000126
		51.488224	-3.186893
		50.152266	-5.065556
		50.726024	-3.543949
		51.460852	-2.588139
		52.486125	-1.890507
		53.751959	-0.335941
		53.803895	-1.549931
		
c	6 5 12 14 13 1 0 10 9 8 4 2 15 11 7 3	2859.36980108903	0.714063019891097	6	5	12	14	13	1	0	10	9	8	4	2	15	11	7	3		
		53.751959	-0.335941
		53.409532	-3.000126
		51.624837	-3.94495
		50.152266	-5.065556
		50.726024	-3.543949
		51.460852	-2.588139
		52.486125	-1.890507
		55.862982	-4.263554
		55.958426	-3.186893
		54.892406	-2.923222
		53.478239	-2.258549
		51.512161	-0.116215
		51.289406	1.075802
		51.488224	-3.186893
		54.980766	-1.615849
		53.803895	-1.549931
		
c	11 12 14 13 15 2 3 4 8 7 9 10 6 1 0 5	2461.83486265045	0.753816513734955	11	12	14	13	15	2	3	4	8	7	9	10	6	1	0	5		
		51.488224	-3.186893
		51.624837	-3.94495
		50.152266	-5.065556
		50.726024	-3.543949
		51.289406	1.075802
		51.512161	-0.116215
		53.803895	-1.549931
		53.478239	-2.258549
		54.892406	-2.923222
		54.980766	-1.615849
		55.958426	-3.186893
		55.862982	-4.263554
		53.751959	-0.335941
		51.460852	-2.588139
		52.486125	-1.890507
		53.409532	-3.000126
		
c	14 13 1 2 15 11 9 10 8 0 4 7 3 6 5 12	2647.68429500856	0.735231570499144	14	13	1	2	15	11	9	10	8	0	4	7	3	6	5	12		
		50.152266	-5.065556
		50.726024	-3.543949
		51.460852	-2.588139
		51.512161	-0.116215
		51.289406	1.075802
		51.488224	-3.186893
		55.958426	-3.186893
		55.862982	-4.263554
		54.892406	-2.923222
		52.486125	-1.890507
		53.478239	-2.258549
		54.980766	-1.615849
		53.803895	-1.549931
		53.751959	-0.335941
		53.409532	-3.000126
		51.624837	-3.94495
		
c	1 2 15 3 8 7 10 9 5 0 11 12 14 13 4 6	2447.45022610141	0.755254977389859	1	2	15	3	8	7	10	9	5	0	11	12	14	13	4	6		
		51.460852	-2.588139
		51.512161	-0.116215
		51.289406	1.075802
		53.803895	-1.549931
		54.892406	-2.923222
		54.980766	-1.615849
		55.862982	-4.263554
		55.958426	-3.186893
		53.409532	-3.000126
		52.486125	-1.890507
		51.488224	-3.186893
		51.624837	-3.94495
		50.152266	-5.065556
		50.726024	-3.543949
		53.478239	-2.258549
		53.751959	-0.335941
		
c	1 2 15 0 4 6 3 7 9 8 10 5 11 12 14 13	2219.1054655084	0.77808945344916	1	2	15	0	4	6	3	7	9	8	10	5	11	12	14	13		
		51.460852	-2.588139
		51.512161	-0.116215
		51.289406	1.075802
		52.486125	-1.890507
		53.478239	-2.258549
		53.751959	-0.335941
		53.803895	-1.549931
		54.980766	-1.615849
		55.958426	-3.186893
		54.892406	-2.923222
		55.862982	-4.263554
		53.409532	-3.000126
		51.488224	-3.186893
		51.624837	-3.94495
		50.152266	-5.065556
		50.726024	-3.543949
		
c	1 12 14 9 10 8 0 4 7 3 6 5 13 2 15 11	3030.39518830643	0.696960481169357	1	12	14	9	10	8	0	4	7	3	6	5	13	2	15	11		
		51.460852	-2.588139
		51.624837	-3.94495
		50.152266	-5.065556
		55.958426	-3.186893
		55.862982	-4.263554
		54.892406	-2.923222
		52.486125	-1.890507
		53.478239	-2.258549
		54.980766	-1.615849
		53.803895	-1.549931
		53.751959	-0.335941
		53.409532	-3.000126
		50.726024	-3.543949
		51.512161	-0.116215
		51.289406	1.075802
		51.488224	-3.186893
		
c	1 0 6 3 14 13 11 2 15 12 4 8 7 10 9 5	2740.63845746084	0.725936154253916	1	0	6	3	14	13	11	2	15	12	4	8	7	10	9	5		
		51.460852	-2.588139
		52.486125	-1.890507
		53.751959	-0.335941
		53.803895	-1.549931
		50.152266	-5.065556
		50.726024	-3.543949
		51.488224	-3.186893
		51.512161	-0.116215
		51.289406	1.075802
		51.624837	-3.94495
		53.478239	-2.258549
		54.892406	-2.923222
		54.980766	-1.615849
		55.862982	-4.263554
		55.958426	-3.186893
		53.409532	-3.000126
		
c	14 13 1 2 15 0 4 3 10 9 5 11 12 6 7 8	2394.32416898167	0.760567583101833	14	13	1	2	15	0	4	3	10	9	5	11	12	6	7	8		
		50.152266	-5.065556
		50.726024	-3.543949
		51.460852	-2.588139
		51.512161	-0.116215
		51.289406	1.075802
		52.486125	-1.890507
		53.478239	-2.258549
		53.803895	-1.549931
		55.862982	-4.263554
		55.958426	-3.186893
		53.409532	-3.000126
		51.488224	-3.186893
		51.624837	-3.94495
		53.751959	-0.335941
		54.980766	-1.615849
		54.892406	-2.923222
		
c	11 12 14 13 1 2 15 3 4 8 7 9 10 6 0 5	2222.58366657955	0.777741633342045	11	12	14	13	1	2	15	3	4	8	7	9	10	6	0	5		
		51.488224	-3.186893
		51.624837	-3.94495
		50.152266	-5.065556
		50.726024	-3.543949
		51.460852	-2.588139
		51.512161	-0.116215
		51.289406	1.075802
		53.803895	-1.549931
		53.478239	-2.258549
		54.892406	-2.923222
		54.980766	-1.615849
		55.958426	-3.186893
		55.862982	-4.263554
		53.751959	-0.335941
		52.486125	-1.890507
		53.409532	-3.000126
		
c	6 7 3 10 9 5 0 1 11 12 14 13 2 15 4 8	2419.50173117131	0.758049826882869	6	7	3	10	9	5	0	1	11	12	14	13	2	15	4	8		
		53.751959	-0.335941
		54.980766	-1.615849
		53.803895	-1.549931
		55.862982	-4.263554
		55.958426	-3.186893
		53.409532	-3.000126
		52.486125	-1.890507
		51.460852	-2.588139
		51.488224	-3.186893
		51.624837	-3.94495
		50.152266	-5.065556
		50.726024	-3.543949
		51.512161	-0.116215
		51.289406	1.075802
		53.478239	-2.258549
		54.892406	-2.923222
		
c	2 15 1 12 14 11 13 0 7 10 9 8 6 5 4 3	2290.5353406176	0.77094646593824	2	15	1	12	14	11	13	0	7	10	9	8	6	5	4	3		
		51.512161	-0.116215
		51.289406	1.075802
		51.460852	-2.588139
		51.624837	-3.94495
		50.152266	-5.065556
		51.488224	-3.186893
		50.726024	-3.543949
		52.486125	-1.890507
		54.980766	-1.615849
		55.862982	-4.263554
		55.958426	-3.186893
		54.892406	-2.923222
		53.751959	-0.335941
		53.409532	-3.000126
		53.478239	-2.258549
		53.803895	-1.549931
		
c	15 4 11 2 1 12 14 13 0 3 9 10 8 6 7 5	2756.59995626596	0.724340004373404	15	4	11	2	1	12	14	13	0	3	9	10	8	6	7	5		
		51.289406	1.075802
		53.478239	-2.258549
		51.488224	-3.186893
		51.512161	-0.116215
		51.460852	-2.588139
		51.624837	-3.94495
		50.152266	-5.065556
		50.726024	-3.543949
		52.486125	-1.890507
		53.803895	-1.549931
		55.958426	-3.186893
		55.862982	-4.263554
		54.892406	-2.923222
		53.751959	-0.335941
		54.980766	-1.615849
		53.409532	-3.000126
		
c	9 5 11 12 14 13 1 2 15 0 7 10 8 6 4 3	2474.0666902744	0.75259333097256	9	5	11	12	14	13	1	2	15	0	7	10	8	6	4	3		
		55.958426	-3.186893
		53.409532	-3.000126
		51.488224	-3.186893
		51.624837	-3.94495
		50.152266	-5.065556
		50.726024	-3.543949
		51.460852	-2.588139
		51.512161	-0.116215
		51.289406	1.075802
		52.486125	-1.890507
		54.980766	-1.615849
		55.862982	-4.263554
		54.892406	-2.923222
		53.751959	-0.335941
		53.478239	-2.258549
		53.803895	-1.549931
		
c	2 15 12 14 11 13 10 9 5 1 0 4 6 3 7 8	2710.11325268458	0.728988674731542	2	15	12	14	11	13	10	9	5	1	0	4	6	3	7	8		
		51.512161	-0.116215
		51.289406	1.075802
		51.624837	-3.94495
		50.152266	-5.065556
		51.488224	-3.186893
		50.726024	-3.543949
		55.862982	-4.263554
		55.958426	-3.186893
		53.409532	-3.000126
		51.460852	-2.588139
		52.486125	-1.890507
		53.478239	-2.258549
		53.751959	-0.335941
		53.803895	-1.549931
		54.980766	-1.615849
		54.892406	-2.923222
		
c	13 0 10 9 5 14 1 2 15 11 12 4 6 3 8 7	2888.94870825507	0.711105129174493	13	0	10	9	5	14	1	2	15	11	12	4	6	3	8	7		
		50.726024	-3.543949
		52.486125	-1.890507
		55.862982	-4.263554
		55.958426	-3.186893
		53.409532	-3.000126
		50.152266	-5.065556
		51.460852	-2.588139
		51.512161	-0.116215
		51.289406	1.075802
		51.488224	-3.186893
		51.624837	-3.94495
		53.478239	-2.258549
		53.751959	-0.335941
		53.803895	-1.549931
		54.892406	-2.923222
		54.980766	-1.615849
		
c	0 4 7 8 3 9 10 6 12 14 13 1 11 5 2 15	2574.00804581667	0.742599195418333	0	4	7	8	3	9	10	6	12	14	13	1	11	5	2	15		
		52.486125	-1.890507
		53.478239	-2.258549
		54.980766	-1.615849
		54.892406	-2.923222
		53.803895	-1.549931
		55.958426	-3.186893
		55.862982	-4.263554
		53.751959	-0.335941
		51.624837	-3.94495
		50.152266	-5.065556
		50.726024	-3.543949
		51.460852	-2.588139
		51.488224	-3.186893
		53.409532	-3.000126
		51.512161	-0.116215
		51.289406	1.075802
		
c	3 9 10 8 6 12 14 1 13 2 15 11 0 4 5 7	2669.00516643132	0.733099483356868	3	9	10	8	6	12	14	1	13	2	15	11	0	4	5	7		
		53.803895	-1.549931
		55.958426	-3.186893
		55.862982	-4.263554
		54.892406	-2.923222
		53.751959	-0.335941
		51.624837	-3.94495
		50.152266	-5.065556
		51.460852	-2.588139
		50.726024	-3.543949
		51.512161	-0.116215
		51.289406	1.075802
		51.488224	-3.186893
		52.486125	-1.890507
		53.478239	-2.258549
		53.409532	-3.000126
		54.980766	-1.615849
		
c	10 9 11 2 15 1 12 14 13 0 4 3 8 6 7 5	2636.92077605769	0.736307922394231	10	9	11	2	15	1	12	14	13	0	4	3	8	6	7	5		
		55.862982	-4.263554
		55.958426	-3.186893
		51.488224	-3.186893
		51.512161	-0.116215
		51.289406	1.075802
		51.460852	-2.588139
		51.624837	-3.94495
		50.152266	-5.065556
		50.726024	-3.543949
		52.486125	-1.890507
		53.478239	-2.258549
		53.803895	-1.549931
		54.892406	-2.923222
		53.751959	-0.335941
		54.980766	-1.615849
		53.409532	-3.000126
		
c	10 6 3 7 9 5 0 1 11 12 14 13 2 15 4 8	2475.43729881035	0.752456270118965	10	6	3	7	9	5	0	1	11	12	14	13	2	15	4	8		
		55.862982	-4.263554
		53.751959	-0.335941
		53.803895	-1.549931
		54.980766	-1.615849
		55.958426	-3.186893
		53.409532	-3.000126
		52.486125	-1.890507
		51.460852	-2.588139
		51.488224	-3.186893
		51.624837	-3.94495
		50.152266	-5.065556
		50.726024	-3.543949
		51.512161	-0.116215
		51.289406	1.075802
		53.478239	-2.258549
		54.892406	-2.923222
		
c	7 8 10 9 5 11 12 14 13 1 2 15 0 4 6 3	2077.98368412729	0.792201631587271	7	8	10	9	5	11	12	14	13	1	2	15	0	4	6	3		
		54.980766	-1.615849
		54.892406	-2.923222
		55.862982	-4.263554
		55.958426	-3.186893
		53.409532	-3.000126
		51.488224	-3.186893
		51.624837	-3.94495
		50.152266	-5.065556
		50.726024	-3.543949
		51.460852	-2.588139
		51.512161	-0.116215
		51.289406	1.075802
		52.486125	-1.890507
		53.478239	-2.258549
		53.751959	-0.335941
		53.803895	-1.549931
		
g27		2050.98616193422	0.794901383806578	0	10	9	8	5	4	3	7	6	11	0	12	14	13	1	2	15		
		55.862982	-4.263554
		55.958426	-3.186893
		54.892406	-2.923222
		53.409532	-3.000126
		53.478239	-2.258549
		53.803895	-1.549931
		54.980766	-1.615849
		53.751959	-0.335941
		51.488224	-3.186893
		52.486125	-1.890507
		51.624837	-3.94495
		50.152266	-5.065556
		50.726024	-3.543949
		51.460852	-2.588139
		51.512161	-0.116215
		51.289406	1.075802
		
g27		2071.74275384164	0.792825724615836	1	10	9	5	11	12	14	13	1	2	15	0	4	6	3	7	8		
		55.862982	-4.263554
		55.958426	-3.186893
		53.409532	-3.000126
		51.488224	-3.186893
		51.624837	-3.94495
		50.152266	-5.065556
		50.726024	-3.543949
		51.460852	-2.588139
		51.512161	-0.116215
		51.289406	1.075802
		52.486125	-1.890507
		53.478239	-2.258549
		53.751959	-0.335941
		53.803895	-1.549931
		54.980766	-1.615849
		54.892406	-2.923222
		
g27		2126.06268893269	0.787393731106731	2	11	12	14	13	1	2	15	0	7	10	9	8	6	5	4	3		
		51.488224	-3.186893
		51.624837	-3.94495
		50.152266	-5.065556
		50.726024	-3.543949
		51.460852	-2.588139
		51.512161	-0.116215
		51.289406	1.075802
		52.486125	-1.890507
		54.980766	-1.615849
		55.862982	-4.263554
		55.958426	-3.186893
		54.892406	-2.923222
		53.751959	-0.335941
		53.409532	-3.000126
		53.478239	-2.258549
		53.803895	-1.549931
		
g27		2127.14623728063	0.787285376271937	3	0	4	6	3	7	10	8	9	5	11	12	14	13	1	2	15		
		52.486125	-1.890507
		53.478239	-2.258549
		53.751959	-0.335941
		53.803895	-1.549931
		54.980766	-1.615849
		55.862982	-4.263554
		54.892406	-2.923222
		55.958426	-3.186893
		53.409532	-3.000126
		51.488224	-3.186893
		51.624837	-3.94495
		50.152266	-5.065556
		50.726024	-3.543949
		51.460852	-2.588139
		51.512161	-0.116215
		51.289406	1.075802
		
g27		2134.54782031685	0.786545217968315	4	8	7	10	9	5	11	12	14	13	1	2	15	0	4	6	3		
		54.892406	-2.923222
		54.980766	-1.615849
		55.862982	-4.263554
		55.958426	-3.186893
		53.409532	-3.000126
		51.488224	-3.186893
		51.624837	-3.94495
		50.152266	-5.065556
		50.726024	-3.543949
		51.460852	-2.588139
		51.512161	-0.116215
		51.289406	1.075802
		52.486125	-1.890507
		53.478239	-2.258549
		53.751959	-0.335941
		53.803895	-1.549931
		
g27		2166.48031929436	0.783351968070564	5	8	7	10	9	5	0	1	11	12	14	13	2	15	4	6	3		
		54.892406	-2.923222
		54.980766	-1.615849
		55.862982	-4.263554
		55.958426	-3.186893
		53.409532	-3.000126
		52.486125	-1.890507
		51.460852	-2.588139
		51.488224	-3.186893
		51.624837	-3.94495
		50.152266	-5.065556
		50.726024	-3.543949
		51.512161	-0.116215
		51.289406	1.075802
		53.478239	-2.258549
		53.751959	-0.335941
		53.803895	-1.549931
		
