c	5 0 11 12 14 13 1 2 7 9 10 8 3 4 6 15	2287.28541052028	0.771271458947972	5	0	11	12	14	13	1	2	7	9	10	8	3	4	6	15		
		53.409532	-3.000126
		52.486125	-1.890507
		51.488224	-3.186893
		51.624837	-3.94495
		50.152266	-5.065556
		50.726024	-3.543949
		51.460852	-2.588139
		51.512161	-0.116215
		54.980766	-1.615849
		55.958426	-3.186893
		55.862982	-4.263554
		54.892406	-2.923222
		53.803895	-1.549931
		53.478239	-2.258549
		53.751959	-0.335941
		51.289406	1.075802
		
c	0 1 11 12 14 13 10 9 7 3 6 2 8 4 5 15	2771.21099107797	0.722878900892203	0	1	11	12	14	13	10	9	7	3	6	2	8	4	5	15		
		52.486125	-1.890507
		51.460852	-2.588139
		51.488224	-3.186893
		51.624837	-3.94495
		50.152266	-5.065556
		50.726024	-3.543949
		55.862982	-4.263554
		55.958426	-3.186893
		54.980766	-1.615849
		53.803895	-1.549931
		53.751959	-0.335941
		51.512161	-0.116215
		54.892406	-2.923222
		53.478239	-2.258549
		53.409532	-3.000126
		51.289406	1.075802
		
c	3 6 4 5 0 1 7 9 10 8 11 12 14 13 2 15	2340.68230377758	0.765931769622242	3	6	4	5	0	1	7	9	10	8	11	12	14	13	2	15		
		53.803895	-1.549931
		53.751959	-0.335941
		53.478239	-2.258549
		53.409532	-3.000126
		52.486125	-1.890507
		51.460852	-2.588139
		54.980766	-1.615849
		55.958426	-3.186893
		55.862982	-4.263554
		54.892406	-2.923222
		51.488224	-3.186893
		51.624837	-3.94495
		50.152266	-5.065556
		50.726024	-3.543949
		51.512161	-0.116215
		51.289406	1.075802
		
c	3 4 10 9 8 7 6 5 0 1 11 12 14 13 2 15	1959.78879574575	0.804021120425425	3	4	10	9	8	7	6	5	0	1	11	12	14	13	2	15		
		53.803895	-1.549931
		53.478239	-2.258549
		55.862982	-4.263554
		55.958426	-3.186893
		54.892406	-2.923222
		54.980766	-1.615849
		53.751959	-0.335941
		53.409532	-3.000126
		52.486125	-1.890507
		51.460852	-2.588139
		51.488224	-3.186893
		51.624837	-3.94495
		50.152266	-5.065556
		50.726024	-3.543949
		51.512161	-0.116215
		51.289406	1.075802
		
c	6 4 3 5 0 11 12 8 10 9 7 14 13 1 2 15	2413.43382220819	0.758656617779181	6	4	3	5	0	11	12	8	10	9	7	14	13	1	2	15		
		53.751959	-0.335941
		53.478239	-2.258549
		53.803895	-1.549931
		53.409532	-3.000126
		52.486125	-1.890507
		51.488224	-3.186893
		51.624837	-3.94495
		54.892406	-2.923222
		55.862982	-4.263554
		55.958426	-3.186893
		54.980766	-1.615849
		50.152266	-5.065556
		50.726024	-3.543949
		51.460852	-2.588139
		51.512161	-0.116215
		51.289406	1.075802
		
c	4 5 9 10 1 6 7 8 3 0 11 12 14 13 2 15	2586.6751715433	0.74133248284567	4	5	9	10	1	6	7	8	3	0	11	12	14	13	2	15		
		53.478239	-2.258549
		53.409532	-3.000126
		55.958426	-3.186893
		55.862982	-4.263554
		51.460852	-2.588139
		53.751959	-0.335941
		54.980766	-1.615849
		54.892406	-2.923222
		53.803895	-1.549931
		52.486125	-1.890507
		51.488224	-3.186893
		51.624837	-3.94495
		50.152266	-5.065556
		50.726024	-3.543949
		51.512161	-0.116215
		51.289406	1.075802
		
c	5 0 1 10 8 3 6 7 9 4 11 12 14 13 2 15	2640.972893871	0.7359027106129	5	0	1	10	8	3	6	7	9	4	11	12	14	13	2	15		
		53.409532	-3.000126
		52.486125	-1.890507
		51.460852	-2.588139
		55.862982	-4.263554
		54.892406	-2.923222
		53.803895	-1.549931
		53.751959	-0.335941
		54.980766	-1.615849
		55.958426	-3.186893
		53.478239	-2.258549
		51.488224	-3.186893
		51.624837	-3.94495
		50.152266	-5.065556
		50.726024	-3.543949
		51.512161	-0.116215
		51.289406	1.075802
		
c	1 7 9 10 8 2 11 12 14 5 0 13 3 6 4 15	3270.45831331405	0.672954168668595	1	7	9	10	8	2	11	12	14	5	0	13	3	6	4	15		
		51.460852	-2.588139
		54.980766	-1.615849
		55.958426	-3.186893
		55.862982	-4.263554
		54.892406	-2.923222
		51.512161	-0.116215
		51.488224	-3.186893
		51.624837	-3.94495
		50.152266	-5.065556
		53.409532	-3.000126
		52.486125	-1.890507
		50.726024	-3.543949
		53.803895	-1.549931
		53.751959	-0.335941
		53.478239	-2.258549
		51.289406	1.075802
		
c	6 4 5 0 11 12 10 9 8 7 3 14 13 1 2 15	2338.15702888317	0.766184297111683	6	4	5	0	11	12	10	9	8	7	3	14	13	1	2	15		
		53.751959	-0.335941
		53.478239	-2.258549
		53.409532	-3.000126
		52.486125	-1.890507
		51.488224	-3.186893
		51.624837	-3.94495
		55.862982	-4.263554
		55.958426	-3.186893
		54.892406	-2.923222
		54.980766	-1.615849
		53.803895	-1.549931
		50.152266	-5.065556
		50.726024	-3.543949
		51.460852	-2.588139
		51.512161	-0.116215
		51.289406	1.075802
		
c	8 7 3 6 4 2 5 0 11 12 14 13 1 9 10 15	2899.01311239727	0.710098688760273	8	7	3	6	4	2	5	0	11	12	14	13	1	9	10	15		
		54.892406	-2.923222
		54.980766	-1.615849
		53.803895	-1.549931
		53.751959	-0.335941
		53.478239	-2.258549
		51.512161	-0.116215
		53.409532	-3.000126
		52.486125	-1.890507
		51.488224	-3.186893
		51.624837	-3.94495
		50.152266	-5.065556
		50.726024	-3.543949
		51.460852	-2.588139
		55.958426	-3.186893
		55.862982	-4.263554
		51.289406	1.075802
		
c	12 14 13 0 5 11 1 10 9 8 7 3 6 4 2 15	2379.22145311119	0.762077854688881	12	14	13	0	5	11	1	10	9	8	7	3	6	4	2	15		
		51.624837	-3.94495
		50.152266	-5.065556
		50.726024	-3.543949
		52.486125	-1.890507
		53.409532	-3.000126
		51.488224	-3.186893
		51.460852	-2.588139
		55.862982	-4.263554
		55.958426	-3.186893
		54.892406	-2.923222
		54.980766	-1.615849
		53.803895	-1.549931
		53.751959	-0.335941
		53.478239	-2.258549
		51.512161	-0.116215
		51.289406	1.075802
		
c	6 4 14 13 5 0 8 10 9 7 3 11 12 1 2 15	2547.17946593686	0.745282053406314	6	4	14	13	5	0	8	10	9	7	3	11	12	1	2	15		
		53.751959	-0.335941
		53.478239	-2.258549
		50.152266	-5.065556
		50.726024	-3.543949
		53.409532	-3.000126
		52.486125	-1.890507
		54.892406	-2.923222
		55.862982	-4.263554
		55.958426	-3.186893
		54.980766	-1.615849
		53.803895	-1.549931
		51.488224	-3.186893
		51.624837	-3.94495
		51.460852	-2.588139
		51.512161	-0.116215
		51.289406	1.075802
		
c	6 8 5 0 1 11 12 14 13 10 9 7 3 4 2 15	2355.48881473887	0.764451118526112	6	8	5	0	1	11	12	14	13	10	9	7	3	4	2	15		
		53.751959	-0.335941
		54.892406	-2.923222
		53.409532	-3.000126
		52.486125	-1.890507
		51.460852	-2.588139
		51.488224	-3.186893
		51.624837	-3.94495
		50.152266	-5.065556
		50.726024	-3.543949
		55.862982	-4.263554
		55.958426	-3.186893
		54.980766	-1.615849
		53.803895	-1.549931
		53.478239	-2.258549
		51.512161	-0.116215
		51.289406	1.075802
		
c	11 12 1 7 9 10 8 3 4 5 0 14 13 2 6 15	2544.77135007222	0.745522864992778	11	12	1	7	9	10	8	3	4	5	0	14	13	2	6	15		
		51.488224	-3.186893
		51.624837	-3.94495
		51.460852	-2.588139
		54.980766	-1.615849
		55.958426	-3.186893
		55.862982	-4.263554
		54.892406	-2.923222
		53.803895	-1.549931
		53.478239	-2.258549
		53.409532	-3.000126
		52.486125	-1.890507
		50.152266	-5.065556
		50.726024	-3.543949
		51.512161	-0.116215
		53.751959	-0.335941
		51.289406	1.075802
		
c	6 7 9 10 8 3 4 5 0 1 11 12 14 13 2 15	1765.3928454289	0.82346071545711	6	7	9	10	8	3	4	5	0	1	11	12	14	13	2	15		
		53.751959	-0.335941
		54.980766	-1.615849
		55.958426	-3.186893
		55.862982	-4.263554
		54.892406	-2.923222
		53.803895	-1.549931
		53.478239	-2.258549
		53.409532	-3.000126
		52.486125	-1.890507
		51.460852	-2.588139
		51.488224	-3.186893
		51.624837	-3.94495
		50.152266	-5.065556
		50.726024	-3.543949
		51.512161	-0.116215
		51.289406	1.075802
		
c	8 7 2 4 5 0 1 11 12 14 13 6 3 9 10 15	2876.66592643559	0.71233340735644	8	7	2	4	5	0	1	11	12	14	13	6	3	9	10	15		
		54.892406	-2.923222
		54.980766	-1.615849
		51.512161	-0.116215
		53.478239	-2.258549
		53.409532	-3.000126
		52.486125	-1.890507
		51.460852	-2.588139
		51.488224	-3.186893
		51.624837	-3.94495
		50.152266	-5.065556
		50.726024	-3.543949
		53.751959	-0.335941
		53.803895	-1.549931
		55.958426	-3.186893
		55.862982	-4.263554
		51.289406	1.075802
		
c	7 5 10 8 3 4 11 12 9 0 14 13 1 6 2 15	3195.69612039799	0.680430387960201	7	5	10	8	3	4	11	12	9	0	14	13	1	6	2	15		
		54.980766	-1.615849
		53.409532	-3.000126
		55.862982	-4.263554
		54.892406	-2.923222
		53.803895	-1.549931
		53.478239	-2.258549
		51.488224	-3.186893
		51.624837	-3.94495
		55.958426	-3.186893
		52.486125	-1.890507
		50.152266	-5.065556
		50.726024	-3.543949
		51.460852	-2.588139
		53.751959	-0.335941
		51.512161	-0.116215
		51.289406	1.075802
		
c	6 3 12 14 13 0 5 11 1 10 9 8 7 4 2 15	2581.14796645679	0.741885203354321	6	3	12	14	13	0	5	11	1	10	9	8	7	4	2	15		
		53.751959	-0.335941
		53.803895	-1.549931
		51.624837	-3.94495
		50.152266	-5.065556
		50.726024	-3.543949
		52.486125	-1.890507
		53.409532	-3.000126
		51.488224	-3.186893
		51.460852	-2.588139
		55.862982	-4.263554
		55.958426	-3.186893
		54.892406	-2.923222
		54.980766	-1.615849
		53.478239	-2.258549
		51.512161	-0.116215
		51.289406	1.075802
		
c	14 12 1 11 13 6 7 9 10 8 3 4 5 0 2 15	1955.02187663379	0.804497812336622	14	12	1	11	13	6	7	9	10	8	3	4	5	0	2	15		
		50.152266	-5.065556
		51.624837	-3.94495
		51.460852	-2.588139
		51.488224	-3.186893
		50.726024	-3.543949
		53.751959	-0.335941
		54.980766	-1.615849
		55.958426	-3.186893
		55.862982	-4.263554
		54.892406	-2.923222
		53.803895	-1.549931
		53.478239	-2.258549
		53.409532	-3.000126
		52.486125	-1.890507
		51.512161	-0.116215
		51.289406	1.075802
		
c	1 3 6 4 5 0 11 12 14 13 7 9 10 8 2 15	2508.7912453626	0.74912087546374	1	3	6	4	5	0	11	12	14	13	7	9	10	8	2	15		
		51.460852	-2.588139
		53.803895	-1.549931
		53.751959	-0.335941
		53.478239	-2.258549
		53.409532	-3.000126
		52.486125	-1.890507
		51.488224	-3.186893
		51.624837	-3.94495
		50.152266	-5.065556
		50.726024	-3.543949
		54.980766	-1.615849
		55.958426	-3.186893
		55.862982	-4.263554
		54.892406	-2.923222
		51.512161	-0.116215
		51.289406	1.075802
		
c	8 3 4 11 12 14 13 6 0 5 1 10 9 7 2 15	2923.34344390669	0.707665655609331	8	3	4	11	12	14	13	6	0	5	1	10	9	7	2	15		
		54.892406	-2.923222
		53.803895	-1.549931
		53.478239	-2.258549
		51.488224	-3.186893
		51.624837	-3.94495
		50.152266	-5.065556
		50.726024	-3.543949
		53.751959	-0.335941
		52.486125	-1.890507
		53.409532	-3.000126
		51.460852	-2.588139
		55.862982	-4.263554
		55.958426	-3.186893
		54.980766	-1.615849
		51.512161	-0.116215
		51.289406	1.075802
		
c	12 14 13 1 7 8 10 9 3 6 4 5 0 11 2 15	2187.52684443753	0.781247315556247	12	14	13	1	7	8	10	9	3	6	4	5	0	11	2	15		
		51.624837	-3.94495
		50.152266	-5.065556
		50.726024	-3.543949
		51.460852	-2.588139
		54.980766	-1.615849
		54.892406	-2.923222
		55.862982	-4.263554
		55.958426	-3.186893
		53.803895	-1.549931
		53.751959	-0.335941
		53.478239	-2.258549
		53.409532	-3.000126
		52.486125	-1.890507
		51.488224	-3.186893
		51.512161	-0.116215
		51.289406	1.075802
		
c	0 1 11 12 14 13 10 9 7 3 8 4 6 5 2 15	2443.21739598654	0.755678260401346	0	1	11	12	14	13	10	9	7	3	8	4	6	5	2	15		
		52.486125	-1.890507
		51.460852	-2.588139
		51.488224	-3.186893
		51.624837	-3.94495
		50.152266	-5.065556
		50.726024	-3.543949
		55.862982	-4.263554
		55.958426	-3.186893
		54.980766	-1.615849
		53.803895	-1.549931
		54.892406	-2.923222
		53.478239	-2.258549
		53.751959	-0.335941
		53.409532	-3.000126
		51.512161	-0.116215
		51.289406	1.075802
		
c	14 13 1 10 9 8 7 3 4 0 6 5 11 12 2 15	2281.8516848935	0.77181483151065	14	13	1	10	9	8	7	3	4	0	6	5	11	12	2	15		
		50.152266	-5.065556
		50.726024	-3.543949
		51.460852	-2.588139
		55.862982	-4.263554
		55.958426	-3.186893
		54.892406	-2.923222
		54.980766	-1.615849
		53.803895	-1.549931
		53.478239	-2.258549
		52.486125	-1.890507
		53.751959	-0.335941
		53.409532	-3.000126
		51.488224	-3.186893
		51.624837	-3.94495
		51.512161	-0.116215
		51.289406	1.075802
		
c	7 9 10 8 5 4 0 1 11 12 14 13 6 3 2 15	2046.37130070392	0.795362869929608	7	9	10	8	5	4	0	1	11	12	14	13	6	3	2	15		
		54.980766	-1.615849
		55.958426	-3.186893
		55.862982	-4.263554
		54.892406	-2.923222
		53.409532	-3.000126
		53.478239	-2.258549
		52.486125	-1.890507
		51.460852	-2.588139
		51.488224	-3.186893
		51.624837	-3.94495
		50.152266	-5.065556
		50.726024	-3.543949
		53.751959	-0.335941
		53.803895	-1.549931
		51.512161	-0.116215
		51.289406	1.075802
		
c	9 7 3 4 0 6 8 12 14 13 1 10 5 11 2 15	2916.53851403724	0.708346148596276	9	7	3	4	0	6	8	12	14	13	1	10	5	11	2	15		
		55.958426	-3.186893
		54.980766	-1.615849
		53.803895	-1.549931
		53.478239	-2.258549
		52.486125	-1.890507
		53.751959	-0.335941
		54.892406	-2.923222
		51.624837	-3.94495
		50.152266	-5.065556
		50.726024	-3.543949
		51.460852	-2.588139
		55.862982	-4.263554
		53.409532	-3.000126
		51.488224	-3.186893
		51.512161	-0.116215
		51.289406	1.075802
		
c	5 8 7 4 9 10 0 11 12 14 13 1 6 3 2 15	2521.83388218432	0.747816611781568	5	8	7	4	9	10	0	11	12	14	13	1	6	3	2	15		
		53.409532	-3.000126
		54.892406	-2.923222
		54.980766	-1.615849
		53.478239	-2.258549
		55.958426	-3.186893
		55.862982	-4.263554
		52.486125	-1.890507
		51.488224	-3.186893
		51.624837	-3.94495
		50.152266	-5.065556
		50.726024	-3.543949
		51.460852	-2.588139
		53.751959	-0.335941
		53.803895	-1.549931
		51.512161	-0.116215
		51.289406	1.075802
		
c	10 8 5 4 0 2 11 12 1 6 7 9 3 14 13 15	2781.61876022175	0.721838123977825	10	8	5	4	0	2	11	12	1	6	7	9	3	14	13	15		
		55.862982	-4.263554
		54.892406	-2.923222
		53.409532	-3.000126
		53.478239	-2.258549
		52.486125	-1.890507
		51.512161	-0.116215
		51.488224	-3.186893
		51.624837	-3.94495
		51.460852	-2.588139
		53.751959	-0.335941
		54.980766	-1.615849
		55.958426	-3.186893
		53.803895	-1.549931
		50.152266	-5.065556
		50.726024	-3.543949
		51.289406	1.075802
		
c	6 4 5 0 3 11 12 8 10 9 7 14 13 1 2 15	2585.12721187694	0.741487278812306	6	4	5	0	3	11	12	8	10	9	7	14	13	1	2	15		
		53.751959	-0.335941
		53.478239	-2.258549
		53.409532	-3.000126
		52.486125	-1.890507
		53.803895	-1.549931
		51.488224	-3.186893
		51.624837	-3.94495
		54.892406	-2.923222
		55.862982	-4.263554
		55.958426	-3.186893
		54.980766	-1.615849
		50.152266	-5.065556
		50.726024	-3.543949
		51.460852	-2.588139
		51.512161	-0.116215
		51.289406	1.075802
		
c	5 0 6 7 9 10 8 3 4 12 14 13 1 2 11 15	2351.15369308999	0.764884630691001	5	0	6	7	9	10	8	3	4	12	14	13	1	2	11	15		
		53.409532	-3.000126
		52.486125	-1.890507
		53.751959	-0.335941
		54.980766	-1.615849
		55.958426	-3.186893
		55.862982	-4.263554
		54.892406	-2.923222
		53.803895	-1.549931
		53.478239	-2.258549
		51.624837	-3.94495
		50.152266	-5.065556
		50.726024	-3.543949
		51.460852	-2.588139
		51.512161	-0.116215
		51.488224	-3.186893
		51.289406	1.075802
		
c	11 12 8 10 9 7 3 6 4 5 0 14 13 1 2 15	2122.99827308003	0.787700172691997	11	12	8	10	9	7	3	6	4	5	0	14	13	1	2	15		
		51.488224	-3.186893
		51.624837	-3.94495
		54.892406	-2.923222
		55.862982	-4.263554
		55.958426	-3.186893
		54.980766	-1.615849
		53.803895	-1.549931
		53.751959	-0.335941
		53.478239	-2.258549
		53.409532	-3.000126
		52.486125	-1.890507
		50.152266	-5.065556
		50.726024	-3.543949
		51.460852	-2.588139
		51.512161	-0.116215
		51.289406	1.075802
		
c	12 14 13 2 0 4 3 6 7 9 10 8 5 1 11 15	2209.93914219294	0.779006085780706	12	14	13	2	0	4	3	6	7	9	10	8	5	1	11	15		
		51.624837	-3.94495
		50.152266	-5.065556
		50.726024	-3.543949
		51.512161	-0.116215
		52.486125	-1.890507
		53.478239	-2.258549
		53.803895	-1.549931
		53.751959	-0.335941
		54.980766	-1.615849
		55.958426	-3.186893
		55.862982	-4.263554
		54.892406	-2.923222
		53.409532	-3.000126
		51.460852	-2.588139
		51.488224	-3.186893
		51.289406	1.075802
		
c	4 5 12 14 13 6 3 7 9 10 8 0 1 11 2 15	2269.29840217224	0.773070159782776	4	5	12	14	13	6	3	7	9	10	8	0	1	11	2	15		
		53.478239	-2.258549
		53.409532	-3.000126
		51.624837	-3.94495
		50.152266	-5.065556
		50.726024	-3.543949
		53.751959	-0.335941
		53.803895	-1.549931
		54.980766	-1.615849
		55.958426	-3.186893
		55.862982	-4.263554
		54.892406	-2.923222
		52.486125	-1.890507
		51.460852	-2.588139
		51.488224	-3.186893
		51.512161	-0.116215
		51.289406	1.075802
		
c	8 3 4 14 13 5 0 6 7 9 10 11 12 1 2 15	2628.01990824799	0.737198009175201	8	3	4	14	13	5	0	6	7	9	10	11	12	1	2	15		
		54.892406	-2.923222
		53.803895	-1.549931
		53.478239	-2.258549
		50.152266	-5.065556
		50.726024	-3.543949
		53.409532	-3.000126
		52.486125	-1.890507
		53.751959	-0.335941
		54.980766	-1.615849
		55.958426	-3.186893
		55.862982	-4.263554
		51.488224	-3.186893
		51.624837	-3.94495
		51.460852	-2.588139
		51.512161	-0.116215
		51.289406	1.075802
		
c	11 12 14 13 2 0 4 3 6 7 9 10 8 5 1 15	2181.35627944435	0.781864372055565	11	12	14	13	2	0	4	3	6	7	9	10	8	5	1	15		
		51.488224	-3.186893
		51.624837	-3.94495
		50.152266	-5.065556
		50.726024	-3.543949
		51.512161	-0.116215
		52.486125	-1.890507
		53.478239	-2.258549
		53.803895	-1.549931
		53.751959	-0.335941
		54.980766	-1.615849
		55.958426	-3.186893
		55.862982	-4.263554
		54.892406	-2.923222
		53.409532	-3.000126
		51.460852	-2.588139
		51.289406	1.075802
		
c	5 0 11 12 14 13 6 7 9 10 8 3 4 1 2 15	2235.64715721639	0.776435284278361	5	0	11	12	14	13	6	7	9	10	8	3	4	1	2	15		
		53.409532	-3.000126
		52.486125	-1.890507
		51.488224	-3.186893
		51.624837	-3.94495
		50.152266	-5.065556
		50.726024	-3.543949
		53.751959	-0.335941
		54.980766	-1.615849
		55.958426	-3.186893
		55.862982	-4.263554
		54.892406	-2.923222
		53.803895	-1.549931
		53.478239	-2.258549
		51.460852	-2.588139
		51.512161	-0.116215
		51.289406	1.075802
		
c	5 0 1 11 12 14 13 10 9 7 3 6 4 2 8 15	2946.21317147747	0.705378682852253	5	0	1	11	12	14	13	10	9	7	3	6	4	2	8	15		
		53.409532	-3.000126
		52.486125	-1.890507
		51.460852	-2.588139
		51.488224	-3.186893
		51.624837	-3.94495
		50.152266	-5.065556
		50.726024	-3.543949
		55.862982	-4.263554
		55.958426	-3.186893
		54.980766	-1.615849
		53.803895	-1.549931
		53.751959	-0.335941
		53.478239	-2.258549
		51.512161	-0.116215
		54.892406	-2.923222
		51.289406	1.075802
		
c	4 11 12 5 0 2 1 6 7 9 10 8 3 14 13 15	2839.03143282057	0.716096856717943	4	11	12	5	0	2	1	6	7	9	10	8	3	14	13	15		
		53.478239	-2.258549
		51.488224	-3.186893
		51.624837	-3.94495
		53.409532	-3.000126
		52.486125	-1.890507
		51.512161	-0.116215
		51.460852	-2.588139
		53.751959	-0.335941
		54.980766	-1.615849
		55.958426	-3.186893
		55.862982	-4.263554
		54.892406	-2.923222
		53.803895	-1.549931
		50.152266	-5.065556
		50.726024	-3.543949
		51.289406	1.075802
		
c	14 13 6 4 5 0 11 12 1 2 10 9 8 7 3 15	2585.79319140769	0.741420680859231	14	13	6	4	5	0	11	12	1	2	10	9	8	7	3	15		
		50.152266	-5.065556
		50.726024	-3.543949
		53.751959	-0.335941
		53.478239	-2.258549
		53.409532	-3.000126
		52.486125	-1.890507
		51.488224	-3.186893
		51.624837	-3.94495
		51.460852	-2.588139
		51.512161	-0.116215
		55.862982	-4.263554
		55.958426	-3.186893
		54.892406	-2.923222
		54.980766	-1.615849
		53.803895	-1.549931
		51.289406	1.075802
		
c	11 3 12 14 13 6 7 9 10 8 4 5 0 1 2 15	2511.83505897217	0.748816494102783	11	3	12	14	13	6	7	9	10	8	4	5	0	1	2	15		
		51.488224	-3.186893
		53.803895	-1.549931
		51.624837	-3.94495
		50.152266	-5.065556
		50.726024	-3.543949
		53.751959	-0.335941
		54.980766	-1.615849
		55.958426	-3.186893
		55.862982	-4.263554
		54.892406	-2.923222
		53.478239	-2.258549
		53.409532	-3.000126
		52.486125	-1.890507
		51.460852	-2.588139
		51.512161	-0.116215
		51.289406	1.075802
		
c	7 9 10 8 4 5 12 14 13 1 2 3 6 0 11 15	2323.06318871956	0.767693681128044	7	9	10	8	4	5	12	14	13	1	2	3	6	0	11	15		
		54.980766	-1.615849
		55.958426	-3.186893
		55.862982	-4.263554
		54.892406	-2.923222
		53.478239	-2.258549
		53.409532	-3.000126
		51.624837	-3.94495
		50.152266	-5.065556
		50.726024	-3.543949
		51.460852	-2.588139
		51.512161	-0.116215
		53.803895	-1.549931
		53.751959	-0.335941
		52.486125	-1.890507
		51.488224	-3.186893
		51.289406	1.075802
		
c	10 9 7 3 4 0 6 8 5 1 11 12 14 13 2 15	2030.63562373156	0.796936437626844	10	9	7	3	4	0	6	8	5	1	11	12	14	13	2	15		
		55.862982	-4.263554
		55.958426	-3.186893
		54.980766	-1.615849
		53.803895	-1.549931
		53.478239	-2.258549
		52.486125	-1.890507
		53.751959	-0.335941
		54.892406	-2.923222
		53.409532	-3.000126
		51.460852	-2.588139
		51.488224	-3.186893
		51.624837	-3.94495
		50.152266	-5.065556
		50.726024	-3.543949
		51.512161	-0.116215
		51.289406	1.075802
		
c	2 11 12 1 6 7 9 10 8 3 4 5 14 0 13 15	2715.72600876543	0.728427399123457	2	11	12	1	6	7	9	10	8	3	4	5	14	0	13	15		
		51.512161	-0.116215
		51.488224	-3.186893
		51.624837	-3.94495
		51.460852	-2.588139
		53.751959	-0.335941
		54.980766	-1.615849
		55.958426	-3.186893
		55.862982	-4.263554
		54.892406	-2.923222
		53.803895	-1.549931
		53.478239	-2.258549
		53.409532	-3.000126
		50.152266	-5.065556
		52.486125	-1.890507
		50.726024	-3.543949
		51.289406	1.075802
		
c	6 3 4 5 0 11 12 14 13 1 10 9 8 7 2 15	2182.72276838271	0.781727723161729	6	3	4	5	0	11	12	14	13	1	10	9	8	7	2	15		
		53.751959	-0.335941
		53.803895	-1.549931
		53.478239	-2.258549
		53.409532	-3.000126
		52.486125	-1.890507
		51.488224	-3.186893
		51.624837	-3.94495
		50.152266	-5.065556
		50.726024	-3.543949
		51.460852	-2.588139
		55.862982	-4.263554
		55.958426	-3.186893
		54.892406	-2.923222
		54.980766	-1.615849
		51.512161	-0.116215
		51.289406	1.075802
		
c	12 14 13 6 4 5 0 11 1 2 10 9 8 7 3 15	2658.8513283335	0.73411486716665	12	14	13	6	4	5	0	11	1	2	10	9	8	7	3	15		
		51.624837	-3.94495
		50.152266	-5.065556
		50.726024	-3.543949
		53.751959	-0.335941
		53.478239	-2.258549
		53.409532	-3.000126
		52.486125	-1.890507
		51.488224	-3.186893
		51.460852	-2.588139
		51.512161	-0.116215
		55.862982	-4.263554
		55.958426	-3.186893
		54.892406	-2.923222
		54.980766	-1.615849
		53.803895	-1.549931
		51.289406	1.075802
		
c	3 4 5 0 1 11 10 9 7 6 8 12 14 13 2 15	2494.92526502731	0.750507473497269	3	4	5	0	1	11	10	9	7	6	8	12	14	13	2	15		
		53.803895	-1.549931
		53.478239	-2.258549
		53.409532	-3.000126
		52.486125	-1.890507
		51.460852	-2.588139
		51.488224	-3.186893
		55.862982	-4.263554
		55.958426	-3.186893
		54.980766	-1.615849
		53.751959	-0.335941
		54.892406	-2.923222
		51.624837	-3.94495
		50.152266	-5.065556
		50.726024	-3.543949
		51.512161	-0.116215
		51.289406	1.075802
		
c	12 2 1 6 7 9 10 8 5 4 0 11 3 14 13 15	2921.07703298189	0.707892296701811	12	2	1	6	7	9	10	8	5	4	0	11	3	14	13	15		
		51.624837	-3.94495
		51.512161	-0.116215
		51.460852	-2.588139
		53.751959	-0.335941
		54.980766	-1.615849
		55.958426	-3.186893
		55.862982	-4.263554
		54.892406	-2.923222
		53.409532	-3.000126
		53.478239	-2.258549
		52.486125	-1.890507
		51.488224	-3.186893
		53.803895	-1.549931
		50.152266	-5.065556
		50.726024	-3.543949
		51.289406	1.075802
		
c	5 0 11 12 14 13 1 2 9 8 7 6 10 3 4 15	2827.41782278	0.717258217722	5	0	11	12	14	13	1	2	9	8	7	6	10	3	4	15		
		53.409532	-3.000126
		52.486125	-1.890507
		51.488224	-3.186893
		51.624837	-3.94495
		50.152266	-5.065556
		50.726024	-3.543949
		51.460852	-2.588139
		51.512161	-0.116215
		55.958426	-3.186893
		54.892406	-2.923222
		54.980766	-1.615849
		53.751959	-0.335941
		55.862982	-4.263554
		53.803895	-1.549931
		53.478239	-2.258549
		51.289406	1.075802
		
c	1 11 12 8 10 9 7 3 6 4 5 0 14 13 2 15	2142.51363020049	0.785748636979951	1	11	12	8	10	9	7	3	6	4	5	0	14	13	2	15		
		51.460852	-2.588139
		51.488224	-3.186893
		51.624837	-3.94495
		54.892406	-2.923222
		55.862982	-4.263554
		55.958426	-3.186893
		54.980766	-1.615849
		53.803895	-1.549931
		53.751959	-0.335941
		53.478239	-2.258549
		53.409532	-3.000126
		52.486125	-1.890507
		50.152266	-5.065556
		50.726024	-3.543949
		51.512161	-0.116215
		51.289406	1.075802
		
c	14 13 5 0 11 1 10 9 8 7 3 6 4 12 2 15	2437.88224059702	0.756211775940298	14	13	5	0	11	1	10	9	8	7	3	6	4	12	2	15		
		50.152266	-5.065556
		50.726024	-3.543949
		53.409532	-3.000126
		52.486125	-1.890507
		51.488224	-3.186893
		51.460852	-2.588139
		55.862982	-4.263554
		55.958426	-3.186893
		54.892406	-2.923222
		54.980766	-1.615849
		53.803895	-1.549931
		53.751959	-0.335941
		53.478239	-2.258549
		51.624837	-3.94495
		51.512161	-0.116215
		51.289406	1.075802
		
c	0 6 7 3 14 13 12 5 4 1 11 10 9 8 2 15	2876.98660438203	0.712301339561797	0	6	7	3	14	13	12	5	4	1	11	10	9	8	2	15		
		52.486125	-1.890507
		53.751959	-0.335941
		54.980766	-1.615849
		53.803895	-1.549931
		50.152266	-5.065556
		50.726024	-3.543949
		51.624837	-3.94495
		53.409532	-3.000126
		53.478239	-2.258549
		51.460852	-2.588139
		51.488224	-3.186893
		55.862982	-4.263554
		55.958426	-3.186893
		54.892406	-2.923222
		51.512161	-0.116215
		51.289406	1.075802
		
c	9 10 8 3 4 5 0 11 12 14 13 1 2 7 6 15	2219.35292303313	0.778064707696687	9	10	8	3	4	5	0	11	12	14	13	1	2	7	6	15		
		55.958426	-3.186893
		55.862982	-4.263554
		54.892406	-2.923222
		53.803895	-1.549931
		53.478239	-2.258549
		53.409532	-3.000126
		52.486125	-1.890507
		51.488224	-3.186893
		51.624837	-3.94495
		50.152266	-5.065556
		50.726024	-3.543949
		51.460852	-2.588139
		51.512161	-0.116215
		54.980766	-1.615849
		53.751959	-0.335941
		51.289406	1.075802
		
c	10 8 3 2 4 5 12 14 13 6 7 9 0 1 11 15	2952.18447515134	0.704781552484866	10	8	3	2	4	5	12	14	13	6	7	9	0	1	11	15		
		55.862982	-4.263554
		54.892406	-2.923222
		53.803895	-1.549931
		51.512161	-0.116215
		53.478239	-2.258549
		53.409532	-3.000126
		51.624837	-3.94495
		50.152266	-5.065556
		50.726024	-3.543949
		53.751959	-0.335941
		54.980766	-1.615849
		55.958426	-3.186893
		52.486125	-1.890507
		51.460852	-2.588139
		51.488224	-3.186893
		51.289406	1.075802
		
c	14 13 1 2 7 5 0 6 9 10 8 3 4 11 12 15	2653.04160202477	0.734695839797523	14	13	1	2	7	5	0	6	9	10	8	3	4	11	12	15		
		50.152266	-5.065556
		50.726024	-3.543949
		51.460852	-2.588139
		51.512161	-0.116215
		54.980766	-1.615849
		53.409532	-3.000126
		52.486125	-1.890507
		53.751959	-0.335941
		55.958426	-3.186893
		55.862982	-4.263554
		54.892406	-2.923222
		53.803895	-1.549931
		53.478239	-2.258549
		51.488224	-3.186893
		51.624837	-3.94495
		51.289406	1.075802
		
c	0 1 11 2 6 4 5 12 14 13 7 9 10 8 3 15	2646.69157034266	0.735330842965733	0	1	11	2	6	4	5	12	14	13	7	9	10	8	3	15		
		52.486125	-1.890507
		51.460852	-2.588139
		51.488224	-3.186893
		51.512161	-0.116215
		53.751959	-0.335941
		53.478239	-2.258549
		53.409532	-3.000126
		51.624837	-3.94495
		50.152266	-5.065556
		50.726024	-3.543949
		54.980766	-1.615849
		55.958426	-3.186893
		55.862982	-4.263554
		54.892406	-2.923222
		53.803895	-1.549931
		51.289406	1.075802
		
c	8 6 11 12 14 13 7 9 10 3 4 5 0 1 2 15	2498.09927142259	0.750190072857741	8	6	11	12	14	13	7	9	10	3	4	5	0	1	2	15		
		54.892406	-2.923222
		53.751959	-0.335941
		51.488224	-3.186893
		51.624837	-3.94495
		50.152266	-5.065556
		50.726024	-3.543949
		54.980766	-1.615849
		55.958426	-3.186893
		55.862982	-4.263554
		53.803895	-1.549931
		53.478239	-2.258549
		53.409532	-3.000126
		52.486125	-1.890507
		51.460852	-2.588139
		51.512161	-0.116215
		51.289406	1.075802
		
c	6 7 14 13 2 5 0 9 10 8 3 4 11 12 1 15	2983.9749908736	0.70160250091264	6	7	14	13	2	5	0	9	10	8	3	4	11	12	1	15		
		53.751959	-0.335941
		54.980766	-1.615849
		50.152266	-5.065556
		50.726024	-3.543949
		51.512161	-0.116215
		53.409532	-3.000126
		52.486125	-1.890507
		55.958426	-3.186893
		55.862982	-4.263554
		54.892406	-2.923222
		53.803895	-1.549931
		53.478239	-2.258549
		51.488224	-3.186893
		51.624837	-3.94495
		51.460852	-2.588139
		51.289406	1.075802
		
c	4 5 10 7 3 0 1 11 12 9 8 6 14 13 2 15	2822.54046775727	0.717745953224273	4	5	10	7	3	0	1	11	12	9	8	6	14	13	2	15		
		53.478239	-2.258549
		53.409532	-3.000126
		55.862982	-4.263554
		54.980766	-1.615849
		53.803895	-1.549931
		52.486125	-1.890507
		51.460852	-2.588139
		51.488224	-3.186893
		51.624837	-3.94495
		55.958426	-3.186893
		54.892406	-2.923222
		53.751959	-0.335941
		50.152266	-5.065556
		50.726024	-3.543949
		51.512161	-0.116215
		51.289406	1.075802
		
c	5 0 6 7 9 10 8 3 4 11 1 14 13 12 2 15	2101.61221382632	0.789838778617368	5	0	6	7	9	10	8	3	4	11	1	14	13	12	2	15		
		53.409532	-3.000126
		52.486125	-1.890507
		53.751959	-0.335941
		54.980766	-1.615849
		55.958426	-3.186893
		55.862982	-4.263554
		54.892406	-2.923222
		53.803895	-1.549931
		53.478239	-2.258549
		51.488224	-3.186893
		51.460852	-2.588139
		50.152266	-5.065556
		50.726024	-3.543949
		51.624837	-3.94495
		51.512161	-0.116215
		51.289406	1.075802
		
c	8 7 9 10 3 4 5 0 1 11 12 14 13 2 6 15	2142.82049294188	0.785717950705812	8	7	9	10	3	4	5	0	1	11	12	14	13	2	6	15		
		54.892406	-2.923222
		54.980766	-1.615849
		55.958426	-3.186893
		55.862982	-4.263554
		53.803895	-1.549931
		53.478239	-2.258549
		53.409532	-3.000126
		52.486125	-1.890507
		51.460852	-2.588139
		51.488224	-3.186893
		51.624837	-3.94495
		50.152266	-5.065556
		50.726024	-3.543949
		51.512161	-0.116215
		53.751959	-0.335941
		51.289406	1.075802
		
c	1 11 14 13 12 2 6 9 7 3 5 0 10 8 4 15	2837.84720653988	0.716215279346012	1	11	14	13	12	2	6	9	7	3	5	0	10	8	4	15		
		51.460852	-2.588139
		51.488224	-3.186893
		50.152266	-5.065556
		50.726024	-3.543949
		51.624837	-3.94495
		51.512161	-0.116215
		53.751959	-0.335941
		55.958426	-3.186893
		54.980766	-1.615849
		53.803895	-1.549931
		53.409532	-3.000126
		52.486125	-1.890507
		55.862982	-4.263554
		54.892406	-2.923222
		53.478239	-2.258549
		51.289406	1.075802
		
c	4 5 9 10 7 8 1 11 12 14 13 2 6 3 0 15	2439.97922380019	0.756002077619981	4	5	9	10	7	8	1	11	12	14	13	2	6	3	0	15		
		53.478239	-2.258549
		53.409532	-3.000126
		55.958426	-3.186893
		55.862982	-4.263554
		54.980766	-1.615849
		54.892406	-2.923222
		51.460852	-2.588139
		51.488224	-3.186893
		51.624837	-3.94495
		50.152266	-5.065556
		50.726024	-3.543949
		51.512161	-0.116215
		53.751959	-0.335941
		53.803895	-1.549931
		52.486125	-1.890507
		51.289406	1.075802
		
c	3 5 0 8 4 1 11 12 14 13 10 9 7 6 2 15	2583.3916138539	0.74166083861461	3	5	0	8	4	1	11	12	14	13	10	9	7	6	2	15		
		53.803895	-1.549931
		53.409532	-3.000126
		52.486125	-1.890507
		54.892406	-2.923222
		53.478239	-2.258549
		51.460852	-2.588139
		51.488224	-3.186893
		51.624837	-3.94495
		50.152266	-5.065556
		50.726024	-3.543949
		55.862982	-4.263554
		55.958426	-3.186893
		54.980766	-1.615849
		53.751959	-0.335941
		51.512161	-0.116215
		51.289406	1.075802
		
c	6 4 5 0 11 12 14 13 1 2 3 7 9 10 8 15	2324.08189987764	0.767591810012236	6	4	5	0	11	12	14	13	1	2	3	7	9	10	8	15		
		53.751959	-0.335941
		53.478239	-2.258549
		53.409532	-3.000126
		52.486125	-1.890507
		51.488224	-3.186893
		51.624837	-3.94495
		50.152266	-5.065556
		50.726024	-3.543949
		51.460852	-2.588139
		51.512161	-0.116215
		53.803895	-1.549931
		54.980766	-1.615849
		55.958426	-3.186893
		55.862982	-4.263554
		54.892406	-2.923222
		51.289406	1.075802
		
c	14 13 6 7 9 10 8 4 5 0 11 12 1 3 2 15	2298.71042055586	0.770128957944414	14	13	6	7	9	10	8	4	5	0	11	12	1	3	2	15		
		50.152266	-5.065556
		50.726024	-3.543949
		53.751959	-0.335941
		54.980766	-1.615849
		55.958426	-3.186893
		55.862982	-4.263554
		54.892406	-2.923222
		53.478239	-2.258549
		53.409532	-3.000126
		52.486125	-1.890507
		51.488224	-3.186893
		51.624837	-3.94495
		51.460852	-2.588139
		53.803895	-1.549931
		51.512161	-0.116215
		51.289406	1.075802
		
c	10 0 11 12 14 13 1 8 7 3 6 9 4 5 2 15	2703.59545118993	0.729640454881007	10	0	11	12	14	13	1	8	7	3	6	9	4	5	2	15		
		55.862982	-4.263554
		52.486125	-1.890507
		51.488224	-3.186893
		51.624837	-3.94495
		50.152266	-5.065556
		50.726024	-3.543949
		51.460852	-2.588139
		54.892406	-2.923222
		54.980766	-1.615849
		53.803895	-1.549931
		53.751959	-0.335941
		55.958426	-3.186893
		53.478239	-2.258549
		53.409532	-3.000126
		51.512161	-0.116215
		51.289406	1.075802
		
c	5 0 11 1 14 13 10 9 8 7 3 6 4 12 2 15	2435.49698140654	0.756450301859346	5	0	11	1	14	13	10	9	8	7	3	6	4	12	2	15		
		53.409532	-3.000126
		52.486125	-1.890507
		51.488224	-3.186893
		51.460852	-2.588139
		50.152266	-5.065556
		50.726024	-3.543949
		55.862982	-4.263554
		55.958426	-3.186893
		54.892406	-2.923222
		54.980766	-1.615849
		53.803895	-1.549931
		53.751959	-0.335941
		53.478239	-2.258549
		51.624837	-3.94495
		51.512161	-0.116215
		51.289406	1.075802
		
c	10 9 7 14 13 1 3 6 4 5 0 11 12 2 8 15	3050.09764820403	0.694990235179597	10	9	7	14	13	1	3	6	4	5	0	11	12	2	8	15		
		55.862982	-4.263554
		55.958426	-3.186893
		54.980766	-1.615849
		50.152266	-5.065556
		50.726024	-3.543949
		51.460852	-2.588139
		53.803895	-1.549931
		53.751959	-0.335941
		53.478239	-2.258549
		53.409532	-3.000126
		52.486125	-1.890507
		51.488224	-3.186893
		51.624837	-3.94495
		51.512161	-0.116215
		54.892406	-2.923222
		51.289406	1.075802
		
c	14 13 2 5 0 6 7 9 10 8 3 4 11 12 1 15	2325.51948008271	0.767448051991729	14	13	2	5	0	6	7	9	10	8	3	4	11	12	1	15		
		50.152266	-5.065556
		50.726024	-3.543949
		51.512161	-0.116215
		53.409532	-3.000126
		52.486125	-1.890507
		53.751959	-0.335941
		54.980766	-1.615849
		55.958426	-3.186893
		55.862982	-4.263554
		54.892406	-2.923222
		53.803895	-1.549931
		53.478239	-2.258549
		51.488224	-3.186893
		51.624837	-3.94495
		51.460852	-2.588139
		51.289406	1.075802
		
c	9 10 8 0 6 7 3 4 11 12 5 1 14 13 2 15	2410.52888165468	0.758947111834532	9	10	8	0	6	7	3	4	11	12	5	1	14	13	2	15		
		55.958426	-3.186893
		55.862982	-4.263554
		54.892406	-2.923222
		52.486125	-1.890507
		53.751959	-0.335941
		54.980766	-1.615849
		53.803895	-1.549931
		53.478239	-2.258549
		51.488224	-3.186893
		51.624837	-3.94495
		53.409532	-3.000126
		51.460852	-2.588139
		50.152266	-5.065556
		50.726024	-3.543949
		51.512161	-0.116215
		51.289406	1.075802
		
c	1 11 13 6 7 9 10 8 3 4 5 0 2 12 14 15	2488.30181414109	0.751169818585891	1	11	13	6	7	9	10	8	3	4	5	0	2	12	14	15		
		51.460852	-2.588139
		51.488224	-3.186893
		50.726024	-3.543949
		53.751959	-0.335941
		54.980766	-1.615849
		55.958426	-3.186893
		55.862982	-4.263554
		54.892406	-2.923222
		53.803895	-1.549931
		53.478239	-2.258549
		53.409532	-3.000126
		52.486125	-1.890507
		51.512161	-0.116215
		51.624837	-3.94495
		50.152266	-5.065556
		51.289406	1.075802
		
c	10 7 3 4 5 0 1 11 12 9 8 6 14 13 2 15	2575.47161217286	0.742452838782714	10	7	3	4	5	0	1	11	12	9	8	6	14	13	2	15		
		55.862982	-4.263554
		54.980766	-1.615849
		53.803895	-1.549931
		53.478239	-2.258549
		53.409532	-3.000126
		52.486125	-1.890507
		51.460852	-2.588139
		51.488224	-3.186893
		51.624837	-3.94495
		55.958426	-3.186893
		54.892406	-2.923222
		53.751959	-0.335941
		50.152266	-5.065556
		50.726024	-3.543949
		51.512161	-0.116215
		51.289406	1.075802
		
c	3 6 4 5 0 1 11 12 14 13 7 9 10 8 2 15	2262.10408694676	0.773789591305324	3	6	4	5	0	1	11	12	14	13	7	9	10	8	2	15		
		53.803895	-1.549931
		53.751959	-0.335941
		53.478239	-2.258549
		53.409532	-3.000126
		52.486125	-1.890507
		51.460852	-2.588139
		51.488224	-3.186893
		51.624837	-3.94495
		50.152266	-5.065556
		50.726024	-3.543949
		54.980766	-1.615849
		55.958426	-3.186893
		55.862982	-4.263554
		54.892406	-2.923222
		51.512161	-0.116215
		51.289406	1.075802
		
c	11 12 8 10 9 7 14 13 1 2 3 6 4 5 0 15	2666.07240113723	0.733392759886277	11	12	8	10	9	7	14	13	1	2	3	6	4	5	0	15		
		51.488224	-3.186893
		51.624837	-3.94495
		54.892406	-2.923222
		55.862982	-4.263554
		55.958426	-3.186893
		54.980766	-1.615849
		50.152266	-5.065556
		50.726024	-3.543949
		51.460852	-2.588139
		51.512161	-0.116215
		53.803895	-1.549931
		53.751959	-0.335941
		53.478239	-2.258549
		53.409532	-3.000126
		52.486125	-1.890507
		51.289406	1.075802
		
c	14 13 12 2 6 9 7 3 4 5 0 1 11 10 8 15	2837.90668314496	0.716209331685504	14	13	12	2	6	9	7	3	4	5	0	1	11	10	8	15		
		50.152266	-5.065556
		50.726024	-3.543949
		51.624837	-3.94495
		51.512161	-0.116215
		53.751959	-0.335941
		55.958426	-3.186893
		54.980766	-1.615849
		53.803895	-1.549931
		53.478239	-2.258549
		53.409532	-3.000126
		52.486125	-1.890507
		51.460852	-2.588139
		51.488224	-3.186893
		55.862982	-4.263554
		54.892406	-2.923222
		51.289406	1.075802
		
c	1 11 14 13 12 2 6 9 7 3 4 5 10 8 0 15	2617.24161789052	0.738275838210948	1	11	14	13	12	2	6	9	7	3	4	5	10	8	0	15		
		51.460852	-2.588139
		51.488224	-3.186893
		50.152266	-5.065556
		50.726024	-3.543949
		51.624837	-3.94495
		51.512161	-0.116215
		53.751959	-0.335941
		55.958426	-3.186893
		54.980766	-1.615849
		53.803895	-1.549931
		53.478239	-2.258549
		53.409532	-3.000126
		55.862982	-4.263554
		54.892406	-2.923222
		52.486125	-1.890507
		51.289406	1.075802
		
c	3 0 1 11 2 10 9 8 7 5 14 13 12 6 4 15	2969.52796761543	0.703047203238457	3	0	1	11	2	10	9	8	7	5	14	13	12	6	4	15		
		53.803895	-1.549931
		52.486125	-1.890507
		51.460852	-2.588139
		51.488224	-3.186893
		51.512161	-0.116215
		55.862982	-4.263554
		55.958426	-3.186893
		54.892406	-2.923222
		54.980766	-1.615849
		53.409532	-3.000126
		50.152266	-5.065556
		50.726024	-3.543949
		51.624837	-3.94495
		53.751959	-0.335941
		53.478239	-2.258549
		51.289406	1.075802
		
c	10 7 8 1 11 12 14 13 2 6 3 5 9 4 0 15	2674.49050012254	0.732550949987746	10	7	8	1	11	12	14	13	2	6	3	5	9	4	0	15		
		55.862982	-4.263554
		54.980766	-1.615849
		54.892406	-2.923222
		51.460852	-2.588139
		51.488224	-3.186893
		51.624837	-3.94495
		50.152266	-5.065556
		50.726024	-3.543949
		51.512161	-0.116215
		53.751959	-0.335941
		53.803895	-1.549931
		53.409532	-3.000126
		55.958426	-3.186893
		53.478239	-2.258549
		52.486125	-1.890507
		51.289406	1.075802
		
c	9 10 8 5 4 0 1 11 12 14 13 2 6 7 3 15	2185.5134182454	0.78144865817546	9	10	8	5	4	0	1	11	12	14	13	2	6	7	3	15		
		55.958426	-3.186893
		55.862982	-4.263554
		54.892406	-2.923222
		53.409532	-3.000126
		53.478239	-2.258549
		52.486125	-1.890507
		51.460852	-2.588139
		51.488224	-3.186893
		51.624837	-3.94495
		50.152266	-5.065556
		50.726024	-3.543949
		51.512161	-0.116215
		53.751959	-0.335941
		54.980766	-1.615849
		53.803895	-1.549931
		51.289406	1.075802
		
c	2 7 9 10 8 3 4 5 0 1 11 12 14 13 6 15	2353.98448711849	0.764601551288151	2	7	9	10	8	3	4	5	0	1	11	12	14	13	6	15		
		51.512161	-0.116215
		54.980766	-1.615849
		55.958426	-3.186893
		55.862982	-4.263554
		54.892406	-2.923222
		53.803895	-1.549931
		53.478239	-2.258549
		53.409532	-3.000126
		52.486125	-1.890507
		51.460852	-2.588139
		51.488224	-3.186893
		51.624837	-3.94495
		50.152266	-5.065556
		50.726024	-3.543949
		53.751959	-0.335941
		51.289406	1.075802
		
c	11 13 6 7 9 10 8 3 4 5 0 2 1 12 14 15	2448.65680116016	0.755134319883984	11	13	6	7	9	10	8	3	4	5	0	2	1	12	14	15		
		51.488224	-3.186893
		50.726024	-3.543949
		53.751959	-0.335941
		54.980766	-1.615849
		55.958426	-3.186893
		55.862982	-4.263554
		54.892406	-2.923222
		53.803895	-1.549931
		53.478239	-2.258549
		53.409532	-3.000126
		52.486125	-1.890507
		51.512161	-0.116215
		51.460852	-2.588139
		51.624837	-3.94495
		50.152266	-5.065556
		51.289406	1.075802
		
c	0 6 8 5 1 11 7 9 10 3 4 12 14 13 2 15	2657.17067331366	0.734282932668634	0	6	8	5	1	11	7	9	10	3	4	12	14	13	2	15		
		52.486125	-1.890507
		53.751959	-0.335941
		54.892406	-2.923222
		53.409532	-3.000126
		51.460852	-2.588139
		51.488224	-3.186893
		54.980766	-1.615849
		55.958426	-3.186893
		55.862982	-4.263554
		53.803895	-1.549931
		53.478239	-2.258549
		51.624837	-3.94495
		50.152266	-5.065556
		50.726024	-3.543949
		51.512161	-0.116215
		51.289406	1.075802
		
c	6 3 4 5 0 11 10 9 8 7 1 12 14 13 2 15	2361.08952547388	0.763891047452612	6	3	4	5	0	11	10	9	8	7	1	12	14	13	2	15		
		53.751959	-0.335941
		53.803895	-1.549931
		53.478239	-2.258549
		53.409532	-3.000126
		52.486125	-1.890507
		51.488224	-3.186893
		55.862982	-4.263554
		55.958426	-3.186893
		54.892406	-2.923222
		54.980766	-1.615849
		51.460852	-2.588139
		51.624837	-3.94495
		50.152266	-5.065556
		50.726024	-3.543949
		51.512161	-0.116215
		51.289406	1.075802
		
c	10 9 8 7 3 4 5 0 1 11 12 14 13 2 6 15	1959.0074640215	0.80409925359785	10	9	8	7	3	4	5	0	1	11	12	14	13	2	6	15		
		55.862982	-4.263554
		55.958426	-3.186893
		54.892406	-2.923222
		54.980766	-1.615849
		53.803895	-1.549931
		53.478239	-2.258549
		53.409532	-3.000126
		52.486125	-1.890507
		51.460852	-2.588139
		51.488224	-3.186893
		51.624837	-3.94495
		50.152266	-5.065556
		50.726024	-3.543949
		51.512161	-0.116215
		53.751959	-0.335941
		51.289406	1.075802
		
c	12 14 13 2 5 0 6 7 9 10 8 3 4 11 1 15	2398.57761700852	0.760142238299148	12	14	13	2	5	0	6	7	9	10	8	3	4	11	1	15		
		51.624837	-3.94495
		50.152266	-5.065556
		50.726024	-3.543949
		51.512161	-0.116215
		53.409532	-3.000126
		52.486125	-1.890507
		53.751959	-0.335941
		54.980766	-1.615849
		55.958426	-3.186893
		55.862982	-4.263554
		54.892406	-2.923222
		53.803895	-1.549931
		53.478239	-2.258549
		51.488224	-3.186893
		51.460852	-2.588139
		51.289406	1.075802
		
c	5 0 2 11 12 1 6 7 9 10 8 3 4 14 13 15	2541.63622827462	0.745836377172538	5	0	2	11	12	1	6	7	9	10	8	3	4	14	13	15		
		53.409532	-3.000126
		52.486125	-1.890507
		51.512161	-0.116215
		51.488224	-3.186893
		51.624837	-3.94495
		51.460852	-2.588139
		53.751959	-0.335941
		54.980766	-1.615849
		55.958426	-3.186893
		55.862982	-4.263554
		54.892406	-2.923222
		53.803895	-1.549931
		53.478239	-2.258549
		50.152266	-5.065556
		50.726024	-3.543949
		51.289406	1.075802
		
c	4 5 0 11 12 14 13 6 3 7 9 10 8 1 2 15	2283.89338443512	0.771610661556488	4	5	0	11	12	14	13	6	3	7	9	10	8	1	2	15		
		53.478239	-2.258549
		53.409532	-3.000126
		52.486125	-1.890507
		51.488224	-3.186893
		51.624837	-3.94495
		50.152266	-5.065556
		50.726024	-3.543949
		53.751959	-0.335941
		53.803895	-1.549931
		54.980766	-1.615849
		55.958426	-3.186893
		55.862982	-4.263554
		54.892406	-2.923222
		51.460852	-2.588139
		51.512161	-0.116215
		51.289406	1.075802
		
c	12 14 13 6 3 4 5 0 11 1 7 9 10 8 2 15	2462.03056759296	0.753796943240704	12	14	13	6	3	4	5	0	11	1	7	9	10	8	2	15		
		51.624837	-3.94495
		50.152266	-5.065556
		50.726024	-3.543949
		53.751959	-0.335941
		53.803895	-1.549931
		53.478239	-2.258549
		53.409532	-3.000126
		52.486125	-1.890507
		51.488224	-3.186893
		51.460852	-2.588139
		54.980766	-1.615849
		55.958426	-3.186893
		55.862982	-4.263554
		54.892406	-2.923222
		51.512161	-0.116215
		51.289406	1.075802
		
c	3 5 0 6 7 9 4 11 12 14 13 1 2 10 8 15	3037.86063742327	0.696213936257673	3	5	0	6	7	9	4	11	12	14	13	1	2	10	8	15		
		53.803895	-1.549931
		53.409532	-3.000126
		52.486125	-1.890507
		53.751959	-0.335941
		54.980766	-1.615849
		55.958426	-3.186893
		53.478239	-2.258549
		51.488224	-3.186893
		51.624837	-3.94495
		50.152266	-5.065556
		50.726024	-3.543949
		51.460852	-2.588139
		51.512161	-0.116215
		55.862982	-4.263554
		54.892406	-2.923222
		51.289406	1.075802
		
c	14 13 2 0 4 3 6 7 9 10 8 5 1 11 12 15	2136.09832073808	0.786390167926192	14	13	2	0	4	3	6	7	9	10	8	5	1	11	12	15		
		50.152266	-5.065556
		50.726024	-3.543949
		51.512161	-0.116215
		52.486125	-1.890507
		53.478239	-2.258549
		53.803895	-1.549931
		53.751959	-0.335941
		54.980766	-1.615849
		55.958426	-3.186893
		55.862982	-4.263554
		54.892406	-2.923222
		53.409532	-3.000126
		51.460852	-2.588139
		51.488224	-3.186893
		51.624837	-3.94495
		51.289406	1.075802
		
c	6 4 5 0 11 12 14 13 1 2 3 8 10 9 7 15	2310.01052928333	0.768998947071667	6	4	5	0	11	12	14	13	1	2	3	8	10	9	7	15		
		53.751959	-0.335941
		53.478239	-2.258549
		53.409532	-3.000126
		52.486125	-1.890507
		51.488224	-3.186893
		51.624837	-3.94495
		50.152266	-5.065556
		50.726024	-3.543949
		51.460852	-2.588139
		51.512161	-0.116215
		53.803895	-1.549931
		54.892406	-2.923222
		55.862982	-4.263554
		55.958426	-3.186893
		54.980766	-1.615849
		51.289406	1.075802
		
c	6 7 3 4 11 12 5 8 10 9 14 13 1 0 2 15	2474.05061533384	0.752594938466616	6	7	3	4	11	12	5	8	10	9	14	13	1	0	2	15		
		53.751959	-0.335941
		54.980766	-1.615849
		53.803895	-1.549931
		53.478239	-2.258549
		51.488224	-3.186893
		51.624837	-3.94495
		53.409532	-3.000126
		54.892406	-2.923222
		55.862982	-4.263554
		55.958426	-3.186893
		50.152266	-5.065556
		50.726024	-3.543949
		51.460852	-2.588139
		52.486125	-1.890507
		51.512161	-0.116215
		51.289406	1.075802
		
c	14 13 1 3 6 4 5 9 10 8 0 7 11 12 2 15	2611.37171901624	0.738862828098376	14	13	1	3	6	4	5	9	10	8	0	7	11	12	2	15		
		50.152266	-5.065556
		50.726024	-3.543949
		51.460852	-2.588139
		53.803895	-1.549931
		53.751959	-0.335941
		53.478239	-2.258549
		53.409532	-3.000126
		55.958426	-3.186893
		55.862982	-4.263554
		54.892406	-2.923222
		52.486125	-1.890507
		54.980766	-1.615849
		51.488224	-3.186893
		51.624837	-3.94495
		51.512161	-0.116215
		51.289406	1.075802
		
c	10 8 9 7 3 6 4 5 0 11 12 14 13 1 2 15	1788.29004689756	0.821170995310244	10	8	9	7	3	6	4	5	0	11	12	14	13	1	2	15		
		55.862982	-4.263554
		54.892406	-2.923222
		55.958426	-3.186893
		54.980766	-1.615849
		53.803895	-1.549931
		53.751959	-0.335941
		53.478239	-2.258549
		53.409532	-3.000126
		52.486125	-1.890507
		51.488224	-3.186893
		51.624837	-3.94495
		50.152266	-5.065556
		50.726024	-3.543949
		51.460852	-2.588139
		51.512161	-0.116215
		51.289406	1.075802
		
g118		1614.70757855554	0.838529242144446	0	10	9	8	7	6	3	4	5	0	1	11	12	14	13	2	15		
		55.862982	-4.263554
		55.958426	-3.186893
		54.892406	-2.923222
		54.980766	-1.615849
		53.751959	-0.335941
		53.803895	-1.549931
		53.478239	-2.258549
		53.409532	-3.000126
		52.486125	-1.890507
		51.460852	-2.588139
		51.488224	-3.186893
		51.624837	-3.94495
		50.152266	-5.065556
		50.726024	-3.543949
		51.512161	-0.116215
		51.289406	1.075802
		
g118		1656.09836620198	0.834390163379802	1	10	9	8	7	3	6	4	5	0	11	12	14	13	1	2	15		
		55.862982	-4.263554
		55.958426	-3.186893
		54.892406	-2.923222
		54.980766	-1.615849
		53.803895	-1.549931
		53.751959	-0.335941
		53.478239	-2.258549
		53.409532	-3.000126
		52.486125	-1.890507
		51.488224	-3.186893
		51.624837	-3.94495
		50.152266	-5.065556
		50.726024	-3.543949
		51.460852	-2.588139
		51.512161	-0.116215
		51.289406	1.075802
		
g118		1657.12946446462	0.834287053553538	2	10	9	8	7	3	6	4	5	0	1	11	12	14	13	2	15		
		55.862982	-4.263554
		55.958426	-3.186893
		54.892406	-2.923222
		54.980766	-1.615849
		53.803895	-1.549931
		53.751959	-0.335941
		53.478239	-2.258549
		53.409532	-3.000126
		52.486125	-1.890507
		51.460852	-2.588139
		51.488224	-3.186893
		51.624837	-3.94495
		50.152266	-5.065556
		50.726024	-3.543949
		51.512161	-0.116215
		51.289406	1.075802
		
g118		1736.52644831107	0.826347355168893	3	8	10	9	7	3	6	4	5	0	11	12	14	13	1	2	15		
		54.892406	-2.923222
		55.862982	-4.263554
		55.958426	-3.186893
		54.980766	-1.615849
		53.803895	-1.549931
		53.751959	-0.335941
		53.478239	-2.258549
		53.409532	-3.000126
		52.486125	-1.890507
		51.488224	-3.186893
		51.624837	-3.94495
		50.152266	-5.065556
		50.726024	-3.543949
		51.460852	-2.588139
		51.512161	-0.116215
		51.289406	1.075802
		
g118		1744.58188742157	0.825541811257843	4	7	9	10	8	6	3	4	5	0	11	12	14	13	1	2	15		
		54.980766	-1.615849
		55.958426	-3.186893
		55.862982	-4.263554
		54.892406	-2.923222
		53.751959	-0.335941
		53.803895	-1.549931
		53.478239	-2.258549
		53.409532	-3.000126
		52.486125	-1.890507
		51.488224	-3.186893
		51.624837	-3.94495
		50.152266	-5.065556
		50.726024	-3.543949
		51.460852	-2.588139
		51.512161	-0.116215
		51.289406	1.075802
		
g118		1758.37881581719	0.824162118418281	5	6	3	7	9	10	8	5	4	0	1	11	12	14	13	2	15		
		53.751959	-0.335941
		53.803895	-1.549931
		54.980766	-1.615849
		55.958426	-3.186893
		55.862982	-4.263554
		54.892406	-2.923222
		53.409532	-3.000126
		53.478239	-2.258549
		52.486125	-1.890507
		51.460852	-2.588139
		51.488224	-3.186893
		51.624837	-3.94495
		50.152266	-5.065556
		50.726024	-3.543949
		51.512161	-0.116215
		51.289406	1.075802
		
