c	14 13 1 2 15 11 0 12 4 3 9 8 6 7 5 10	2624.03815873146	0.737596184126854	14	13	1	2	15	11	0	12	4	3	9	8	6	7	5	10		
		50.152266	-5.065556
		50.726024	-3.543949
		51.460852	-2.588139
		51.512161	-0.116215
		51.289406	1.075802
		51.488224	-3.186893
		52.486125	-1.890507
		51.624837	-3.94495
		53.478239	-2.258549
		53.803895	-1.549931
		55.958426	-3.186893
		54.892406	-2.923222
		53.751959	-0.335941
		54.980766	-1.615849
		53.409532	-3.000126
		55.862982	-4.263554
		
c	10 9 5 0 1 11 12 14 13 2 15 4 3 8 6 7	2257.7194261139	0.77422805738861	10	9	5	0	1	11	12	14	13	2	15	4	3	8	6	7		
		55.862982	-4.263554
		55.958426	-3.186893
		53.409532	-3.000126
		52.486125	-1.890507
		51.460852	-2.588139
		51.488224	-3.186893
		51.624837	-3.94495
		50.152266	-5.065556
		50.726024	-3.543949
		51.512161	-0.116215
		51.289406	1.075802
		53.478239	-2.258549
		53.803895	-1.549931
		54.892406	-2.923222
		53.751959	-0.335941
		54.980766	-1.615849
		
c	14 13 1 2 15 11 0 12 4 8 7 10 9 5 6 3	2384.91419622907	0.761508580377093	14	13	1	2	15	11	0	12	4	8	7	10	9	5	6	3		
		50.152266	-5.065556
		50.726024	-3.543949
		51.460852	-2.588139
		51.512161	-0.116215
		51.289406	1.075802
		51.488224	-3.186893
		52.486125	-1.890507
		51.624837	-3.94495
		53.478239	-2.258549
		54.892406	-2.923222
		54.980766	-1.615849
		55.862982	-4.263554
		55.958426	-3.186893
		53.409532	-3.000126
		53.751959	-0.335941
		53.803895	-1.549931
		
c	0 4 8 15 1 12 14 11 7 10 9 5 6 3 2 13	3222.98260433125	0.677701739566876	0	4	8	15	1	12	14	11	7	10	9	5	6	3	2	13		
		52.486125	-1.890507
		53.478239	-2.258549
		54.892406	-2.923222
		51.289406	1.075802
		51.460852	-2.588139
		51.624837	-3.94495
		50.152266	-5.065556
		51.488224	-3.186893
		54.980766	-1.615849
		55.862982	-4.263554
		55.958426	-3.186893
		53.409532	-3.000126
		53.751959	-0.335941
		53.803895	-1.549931
		51.512161	-0.116215
		50.726024	-3.543949
		
c	0 4 3 14 13 1 2 15 11 12 9 8 6 7 5 10	2938.95654707287	0.706104345292713	0	4	3	14	13	1	2	15	11	12	9	8	6	7	5	10		
		52.486125	-1.890507
		53.478239	-2.258549
		53.803895	-1.549931
		50.152266	-5.065556
		50.726024	-3.543949
		51.460852	-2.588139
		51.512161	-0.116215
		51.289406	1.075802
		51.488224	-3.186893
		51.624837	-3.94495
		55.958426	-3.186893
		54.892406	-2.923222
		53.751959	-0.335941
		54.980766	-1.615849
		53.409532	-3.000126
		55.862982	-4.263554
		
c	4 3 9 10 8 6 7 5 14 1 11 0 2 15 13 12	2573.88655018374	0.742611344981626	4	3	9	10	8	6	7	5	14	1	11	0	2	15	13	12		
		53.478239	-2.258549
		53.803895	-1.549931
		55.958426	-3.186893
		55.862982	-4.263554
		54.892406	-2.923222
		53.751959	-0.335941
		54.980766	-1.615849
		53.409532	-3.000126
		50.152266	-5.065556
		51.460852	-2.588139
		51.488224	-3.186893
		52.486125	-1.890507
		51.512161	-0.116215
		51.289406	1.075802
		50.726024	-3.543949
		51.624837	-3.94495
		
c	8 6 7 15 10 9 5 11 2 13 14 1 0 4 3 12	3408.2167887173	0.65917832112827	8	6	7	15	10	9	5	11	2	13	14	1	0	4	3	12		
		54.892406	-2.923222
		53.751959	-0.335941
		54.980766	-1.615849
		51.289406	1.075802
		55.862982	-4.263554
		55.958426	-3.186893
		53.409532	-3.000126
		51.488224	-3.186893
		51.512161	-0.116215
		50.726024	-3.543949
		50.152266	-5.065556
		51.460852	-2.588139
		52.486125	-1.890507
		53.478239	-2.258549
		53.803895	-1.549931
		51.624837	-3.94495
		
c	3 8 7 10 9 5 2 15 1 11 0 13 4 6 12 14	2788.36526176903	0.721163473823097	3	8	7	10	9	5	2	15	1	11	0	13	4	6	12	14		
		53.803895	-1.549931
		54.892406	-2.923222
		54.980766	-1.615849
		55.862982	-4.263554
		55.958426	-3.186893
		53.409532	-3.000126
		51.512161	-0.116215
		51.289406	1.075802
		51.460852	-2.588139
		51.488224	-3.186893
		52.486125	-1.890507
		50.726024	-3.543949
		53.478239	-2.258549
		53.751959	-0.335941
		51.624837	-3.94495
		50.152266	-5.065556
		
c	3 11 15 1 12 14 0 4 8 7 10 9 5 6 2 13	3039.18498412367	0.696081501587633	3	11	15	1	12	14	0	4	8	7	10	9	5	6	2	13		
		53.803895	-1.549931
		51.488224	-3.186893
		51.289406	1.075802
		51.460852	-2.588139
		51.624837	-3.94495
		50.152266	-5.065556
		52.486125	-1.890507
		53.478239	-2.258549
		54.892406	-2.923222
		54.980766	-1.615849
		55.862982	-4.263554
		55.958426	-3.186893
		53.409532	-3.000126
		53.751959	-0.335941
		51.512161	-0.116215
		50.726024	-3.543949
		
c	2 12 14 13 0 1 15 11 8 4 6 3 7 10 9 5	2902.19413947815	0.709780586052185	2	12	14	13	0	1	15	11	8	4	6	3	7	10	9	5		
		51.512161	-0.116215
		51.624837	-3.94495
		50.152266	-5.065556
		50.726024	-3.543949
		52.486125	-1.890507
		51.460852	-2.588139
		51.289406	1.075802
		51.488224	-3.186893
		54.892406	-2.923222
		53.478239	-2.258549
		53.751959	-0.335941
		53.803895	-1.549931
		54.980766	-1.615849
		55.862982	-4.263554
		55.958426	-3.186893
		53.409532	-3.000126
		
c	8 7 10 9 5 0 4 6 3 11 2 14 12 13 1 15	2597.208751582	0.7402791248418	8	7	10	9	5	0	4	6	3	11	2	14	12	13	1	15		
		54.892406	-2.923222
		54.980766	-1.615849
		55.862982	-4.263554
		55.958426	-3.186893
		53.409532	-3.000126
		52.486125	-1.890507
		53.478239	-2.258549
		53.751959	-0.335941
		53.803895	-1.549931
		51.488224	-3.186893
		51.512161	-0.116215
		50.152266	-5.065556
		51.624837	-3.94495
		50.726024	-3.543949
		51.460852	-2.588139
		51.289406	1.075802
		
c	6 3 7 10 9 5 4 8 11 2 12 14 13 0 1 15	2737.46961765579	0.726253038234421	6	3	7	10	9	5	4	8	11	2	12	14	13	0	1	15		
		53.751959	-0.335941
		53.803895	-1.549931
		54.980766	-1.615849
		55.862982	-4.263554
		55.958426	-3.186893
		53.409532	-3.000126
		53.478239	-2.258549
		54.892406	-2.923222
		51.488224	-3.186893
		51.512161	-0.116215
		51.624837	-3.94495
		50.152266	-5.065556
		50.726024	-3.543949
		52.486125	-1.890507
		51.460852	-2.588139
		51.289406	1.075802
		
c	8 6 7 5 4 1 13 3 9 0 10 12 14 2 15 11	3793.19438525419	0.620680561474581	8	6	7	5	4	1	13	3	9	0	10	12	14	2	15	11		
		54.892406	-2.923222
		53.751959	-0.335941
		54.980766	-1.615849
		53.409532	-3.000126
		53.478239	-2.258549
		51.460852	-2.588139
		50.726024	-3.543949
		53.803895	-1.549931
		55.958426	-3.186893
		52.486125	-1.890507
		55.862982	-4.263554
		51.624837	-3.94495
		50.152266	-5.065556
		51.512161	-0.116215
		51.289406	1.075802
		51.488224	-3.186893
		
c	9 11 0 4 12 2 15 6 3 7 10 14 13 1 8 5	3448.73081353667	0.655126918646333	9	11	0	4	12	2	15	6	3	7	10	14	13	1	8	5		
		55.958426	-3.186893
		51.488224	-3.186893
		52.486125	-1.890507
		53.478239	-2.258549
		51.624837	-3.94495
		51.512161	-0.116215
		51.289406	1.075802
		53.751959	-0.335941
		53.803895	-1.549931
		54.980766	-1.615849
		55.862982	-4.263554
		50.152266	-5.065556
		50.726024	-3.543949
		51.460852	-2.588139
		54.892406	-2.923222
		53.409532	-3.000126
		
c	6 7 5 0 10 12 14 3 9 8 4 1 13 2 15 11	3527.10293161365	0.647289706838635	6	7	5	0	10	12	14	3	9	8	4	1	13	2	15	11		
		53.751959	-0.335941
		54.980766	-1.615849
		53.409532	-3.000126
		52.486125	-1.890507
		55.862982	-4.263554
		51.624837	-3.94495
		50.152266	-5.065556
		53.803895	-1.549931
		55.958426	-3.186893
		54.892406	-2.923222
		53.478239	-2.258549
		51.460852	-2.588139
		50.726024	-3.543949
		51.512161	-0.116215
		51.289406	1.075802
		51.488224	-3.186893
		
c	2 4 8 7 10 9 5 6 12 14 13 1 15 11 0 3	2828.29743433466	0.717170256566534	2	4	8	7	10	9	5	6	12	14	13	1	15	11	0	3		
		51.512161	-0.116215
		53.478239	-2.258549
		54.892406	-2.923222
		54.980766	-1.615849
		55.862982	-4.263554
		55.958426	-3.186893
		53.409532	-3.000126
		53.751959	-0.335941
		51.624837	-3.94495
		50.152266	-5.065556
		50.726024	-3.543949
		51.460852	-2.588139
		51.289406	1.075802
		51.488224	-3.186893
		52.486125	-1.890507
		53.803895	-1.549931
		
c	2 15 0 10 9 5 6 3 8 1 12 14 13 11 4 7	2772.46134022486	0.722753865977514	2	15	0	10	9	5	6	3	8	1	12	14	13	11	4	7		
		51.512161	-0.116215
		51.289406	1.075802
		52.486125	-1.890507
		55.862982	-4.263554
		55.958426	-3.186893
		53.409532	-3.000126
		53.751959	-0.335941
		53.803895	-1.549931
		54.892406	-2.923222
		51.460852	-2.588139
		51.624837	-3.94495
		50.152266	-5.065556
		50.726024	-3.543949
		51.488224	-3.186893
		53.478239	-2.258549
		54.980766	-1.615849
		
c	12 14 13 1 2 15 11 0 4 3 9 8 6 7 5 10	2513.18824524878	0.748681175475122	12	14	13	1	2	15	11	0	4	3	9	8	6	7	5	10		
		51.624837	-3.94495
		50.152266	-5.065556
		50.726024	-3.543949
		51.460852	-2.588139
		51.512161	-0.116215
		51.289406	1.075802
		51.488224	-3.186893
		52.486125	-1.890507
		53.478239	-2.258549
		53.803895	-1.549931
		55.958426	-3.186893
		54.892406	-2.923222
		53.751959	-0.335941
		54.980766	-1.615849
		53.409532	-3.000126
		55.862982	-4.263554
		
c	13 11 0 4 7 9 8 12 14 1 2 15 10 5 6 3	2981.08388392304	0.701891611607696	13	11	0	4	7	9	8	12	14	1	2	15	10	5	6	3		
		50.726024	-3.543949
		51.488224	-3.186893
		52.486125	-1.890507
		53.478239	-2.258549
		54.980766	-1.615849
		55.958426	-3.186893
		54.892406	-2.923222
		51.624837	-3.94495
		50.152266	-5.065556
		51.460852	-2.588139
		51.512161	-0.116215
		51.289406	1.075802
		55.862982	-4.263554
		53.409532	-3.000126
		53.751959	-0.335941
		53.803895	-1.549931
		
c	5 0 8 7 10 4 6 3 9 1 11 2 15 13 14 12	2925.4427569813	0.70745572430187	5	0	8	7	10	4	6	3	9	1	11	2	15	13	14	12		
		53.409532	-3.000126
		52.486125	-1.890507
		54.892406	-2.923222
		54.980766	-1.615849
		55.862982	-4.263554
		53.478239	-2.258549
		53.751959	-0.335941
		53.803895	-1.549931
		55.958426	-3.186893
		51.460852	-2.588139
		51.488224	-3.186893
		51.512161	-0.116215
		51.289406	1.075802
		50.726024	-3.543949
		50.152266	-5.065556
		51.624837	-3.94495
		
c	4 15 11 0 6 9 8 7 10 5 3 2 13 14 1 12	3013.8317649336	0.69861682350664	4	15	11	0	6	9	8	7	10	5	3	2	13	14	1	12		
		53.478239	-2.258549
		51.289406	1.075802
		51.488224	-3.186893
		52.486125	-1.890507
		53.751959	-0.335941
		55.958426	-3.186893
		54.892406	-2.923222
		54.980766	-1.615849
		55.862982	-4.263554
		53.409532	-3.000126
		53.803895	-1.549931
		51.512161	-0.116215
		50.726024	-3.543949
		50.152266	-5.065556
		51.460852	-2.588139
		51.624837	-3.94495
		
c	4 6 7 10 9 11 0 1 5 2 15 13 14 12 8 3	3062.88071826885	0.693711928173115	4	6	7	10	9	11	0	1	5	2	15	13	14	12	8	3		
		53.478239	-2.258549
		53.751959	-0.335941
		54.980766	-1.615849
		55.862982	-4.263554
		55.958426	-3.186893
		51.488224	-3.186893
		52.486125	-1.890507
		51.460852	-2.588139
		53.409532	-3.000126
		51.512161	-0.116215
		51.289406	1.075802
		50.726024	-3.543949
		50.152266	-5.065556
		51.624837	-3.94495
		54.892406	-2.923222
		53.803895	-1.549931
		
c	13 2 15 3 4 7 0 8 6 1 11 14 12 5 9 10	2946.49023311112	0.705350976688888	13	2	15	3	4	7	0	8	6	1	11	14	12	5	9	10		
		50.726024	-3.543949
		51.512161	-0.116215
		51.289406	1.075802
		53.803895	-1.549931
		53.478239	-2.258549
		54.980766	-1.615849
		52.486125	-1.890507
		54.892406	-2.923222
		53.751959	-0.335941
		51.460852	-2.588139
		51.488224	-3.186893
		50.152266	-5.065556
		51.624837	-3.94495
		53.409532	-3.000126
		55.958426	-3.186893
		55.862982	-4.263554
		
c	5 0 1 11 2 15 4 8 6 12 13 3 7 10 9 14	3157.84397392615	0.684215602607385	5	0	1	11	2	15	4	8	6	12	13	3	7	10	9	14		
		53.409532	-3.000126
		52.486125	-1.890507
		51.460852	-2.588139
		51.488224	-3.186893
		51.512161	-0.116215
		51.289406	1.075802
		53.478239	-2.258549
		54.892406	-2.923222
		53.751959	-0.335941
		51.624837	-3.94495
		50.726024	-3.543949
		53.803895	-1.549931
		54.980766	-1.615849
		55.862982	-4.263554
		55.958426	-3.186893
		50.152266	-5.065556
		
c	3 7 10 9 4 14 8 5 11 2 12 6 13 0 1 15	3840.27707573992	0.615972292426008	3	7	10	9	4	14	8	5	11	2	12	6	13	0	1	15		
		53.803895	-1.549931
		54.980766	-1.615849
		55.862982	-4.263554
		55.958426	-3.186893
		53.478239	-2.258549
		50.152266	-5.065556
		54.892406	-2.923222
		53.409532	-3.000126
		51.488224	-3.186893
		51.512161	-0.116215
		51.624837	-3.94495
		53.751959	-0.335941
		50.726024	-3.543949
		52.486125	-1.890507
		51.460852	-2.588139
		51.289406	1.075802
		
c	5 0 10 8 3 7 9 1 11 2 15 4 6 12 14 13	3048.94570880888	0.695105429119112	5	0	10	8	3	7	9	1	11	2	15	4	6	12	14	13		
		53.409532	-3.000126
		52.486125	-1.890507
		55.862982	-4.263554
		54.892406	-2.923222
		53.803895	-1.549931
		54.980766	-1.615849
		55.958426	-3.186893
		51.460852	-2.588139
		51.488224	-3.186893
		51.512161	-0.116215
		51.289406	1.075802
		53.478239	-2.258549
		53.751959	-0.335941
		51.624837	-3.94495
		50.152266	-5.065556
		50.726024	-3.543949
		
c	10 9 5 11 14 13 8 4 6 3 7 0 2 15 1 12	2736.71492000778	0.726328507999222	10	9	5	11	14	13	8	4	6	3	7	0	2	15	1	12		
		55.862982	-4.263554
		55.958426	-3.186893
		53.409532	-3.000126
		51.488224	-3.186893
		50.152266	-5.065556
		50.726024	-3.543949
		54.892406	-2.923222
		53.478239	-2.258549
		53.751959	-0.335941
		53.803895	-1.549931
		54.980766	-1.615849
		52.486125	-1.890507
		51.512161	-0.116215
		51.289406	1.075802
		51.460852	-2.588139
		51.624837	-3.94495
		
c	13 1 2 15 11 0 4 8 7 10 9 5 12 6 3 14	2806.90164623833	0.719309835376167	13	1	2	15	11	0	4	8	7	10	9	5	12	6	3	14		
		50.726024	-3.543949
		51.460852	-2.588139
		51.512161	-0.116215
		51.289406	1.075802
		51.488224	-3.186893
		52.486125	-1.890507
		53.478239	-2.258549
		54.892406	-2.923222
		54.980766	-1.615849
		55.862982	-4.263554
		55.958426	-3.186893
		53.409532	-3.000126
		51.624837	-3.94495
		53.751959	-0.335941
		53.803895	-1.549931
		50.152266	-5.065556
		
c	11 2 15 13 14 0 3 9 10 8 6 7 5 4 1 12	2646.05669396986	0.735394330603014	11	2	15	13	14	0	3	9	10	8	6	7	5	4	1	12		
		51.488224	-3.186893
		51.512161	-0.116215
		51.289406	1.075802
		50.726024	-3.543949
		50.152266	-5.065556
		52.486125	-1.890507
		53.803895	-1.549931
		55.958426	-3.186893
		55.862982	-4.263554
		54.892406	-2.923222
		53.751959	-0.335941
		54.980766	-1.615849
		53.409532	-3.000126
		53.478239	-2.258549
		51.460852	-2.588139
		51.624837	-3.94495
		
c	10 9 5 6 12 14 13 2 15 3 4 7 8 0 11 1	2624.92403856315	0.737507596143685	10	9	5	6	12	14	13	2	15	3	4	7	8	0	11	1		
		55.862982	-4.263554
		55.958426	-3.186893
		53.409532	-3.000126
		53.751959	-0.335941
		51.624837	-3.94495
		50.152266	-5.065556
		50.726024	-3.543949
		51.512161	-0.116215
		51.289406	1.075802
		53.803895	-1.549931
		53.478239	-2.258549
		54.980766	-1.615849
		54.892406	-2.923222
		52.486125	-1.890507
		51.488224	-3.186893
		51.460852	-2.588139
		
c	13 2 15 14 12 8 4 6 3 7 10 9 5 0 1 11	2684.26572963393	0.731573427036607	13	2	15	14	12	8	4	6	3	7	10	9	5	0	1	11		
		50.726024	-3.543949
		51.512161	-0.116215
		51.289406	1.075802
		50.152266	-5.065556
		51.624837	-3.94495
		54.892406	-2.923222
		53.478239	-2.258549
		53.751959	-0.335941
		53.803895	-1.549931
		54.980766	-1.615849
		55.862982	-4.263554
		55.958426	-3.186893
		53.409532	-3.000126
		52.486125	-1.890507
		51.460852	-2.588139
		51.488224	-3.186893
		
c	15 3 4 7 9 8 10 5 6 12 14 13 1 2 11 0	2708.44762752522	0.729155237247478	15	3	4	7	9	8	10	5	6	12	14	13	1	2	11	0		
		51.289406	1.075802
		53.803895	-1.549931
		53.478239	-2.258549
		54.980766	-1.615849
		55.958426	-3.186893
		54.892406	-2.923222
		55.862982	-4.263554
		53.409532	-3.000126
		53.751959	-0.335941
		51.624837	-3.94495
		50.152266	-5.065556
		50.726024	-3.543949
		51.460852	-2.588139
		51.512161	-0.116215
		51.488224	-3.186893
		52.486125	-1.890507
		
c	2 15 11 0 13 4 3 6 8 7 10 9 5 14 1 12	2760.21085090607	0.723978914909393	2	15	11	0	13	4	3	6	8	7	10	9	5	14	1	12		
		51.512161	-0.116215
		51.289406	1.075802
		51.488224	-3.186893
		52.486125	-1.890507
		50.726024	-3.543949
		53.478239	-2.258549
		53.803895	-1.549931
		53.751959	-0.335941
		54.892406	-2.923222
		54.980766	-1.615849
		55.862982	-4.263554
		55.958426	-3.186893
		53.409532	-3.000126
		50.152266	-5.065556
		51.460852	-2.588139
		51.624837	-3.94495
		
c	9 14 11 0 4 6 3 8 7 10 5 2 15 13 1 12	2938.68006389411	0.706131993610589	9	14	11	0	4	6	3	8	7	10	5	2	15	13	1	12		
		55.958426	-3.186893
		50.152266	-5.065556
		51.488224	-3.186893
		52.486125	-1.890507
		53.478239	-2.258549
		53.751959	-0.335941
		53.803895	-1.549931
		54.892406	-2.923222
		54.980766	-1.615849
		55.862982	-4.263554
		53.409532	-3.000126
		51.512161	-0.116215
		51.289406	1.075802
		50.726024	-3.543949
		51.460852	-2.588139
		51.624837	-3.94495
		
c	0 6 4 3 8 7 10 1 2 15 11 13 9 5 12 14	3192.73681822345	0.680726318177655	0	6	4	3	8	7	10	1	2	15	11	13	9	5	12	14		
		52.486125	-1.890507
		53.751959	-0.335941
		53.478239	-2.258549
		53.803895	-1.549931
		54.892406	-2.923222
		54.980766	-1.615849
		55.862982	-4.263554
		51.460852	-2.588139
		51.512161	-0.116215
		51.289406	1.075802
		51.488224	-3.186893
		50.726024	-3.543949
		55.958426	-3.186893
		53.409532	-3.000126
		51.624837	-3.94495
		50.152266	-5.065556
		
c	0 4 8 7 9 6 15 2 14 13 5 3 10 12 1 11	2995.69404868884	0.700430595131117	0	4	8	7	9	6	15	2	14	13	5	3	10	12	1	11		
		52.486125	-1.890507
		53.478239	-2.258549
		54.892406	-2.923222
		54.980766	-1.615849
		55.958426	-3.186893
		53.751959	-0.335941
		51.289406	1.075802
		51.512161	-0.116215
		50.152266	-5.065556
		50.726024	-3.543949
		53.409532	-3.000126
		53.803895	-1.549931
		55.862982	-4.263554
		51.624837	-3.94495
		51.460852	-2.588139
		51.488224	-3.186893
		
c	4 3 9 8 6 10 7 5 12 14 13 1 2 15 11 0	2701.97163456306	0.729802836543694	4	3	9	8	6	10	7	5	12	14	13	1	2	15	11	0		
		53.478239	-2.258549
		53.803895	-1.549931
		55.958426	-3.186893
		54.892406	-2.923222
		53.751959	-0.335941
		55.862982	-4.263554
		54.980766	-1.615849
		53.409532	-3.000126
		51.624837	-3.94495
		50.152266	-5.065556
		50.726024	-3.543949
		51.460852	-2.588139
		51.512161	-0.116215
		51.289406	1.075802
		51.488224	-3.186893
		52.486125	-1.890507
		
c	9 8 6 10 5 4 3 7 13 11 1 15 2 14 0 12	3049.68755658262	0.695031244341738	9	8	6	10	5	4	3	7	13	11	1	15	2	14	0	12		
		55.958426	-3.186893
		54.892406	-2.923222
		53.751959	-0.335941
		55.862982	-4.263554
		53.409532	-3.000126
		53.478239	-2.258549
		53.803895	-1.549931
		54.980766	-1.615849
		50.726024	-3.543949
		51.488224	-3.186893
		51.460852	-2.588139
		51.289406	1.075802
		51.512161	-0.116215
		50.152266	-5.065556
		52.486125	-1.890507
		51.624837	-3.94495
		
c	14 13 1 2 15 12 11 0 4 3 9 8 6 7 5 10	2439.34742379393	0.756065257620607	14	13	1	2	15	12	11	0	4	3	9	8	6	7	5	10		
		50.152266	-5.065556
		50.726024	-3.543949
		51.460852	-2.588139
		51.512161	-0.116215
		51.289406	1.075802
		51.624837	-3.94495
		51.488224	-3.186893
		52.486125	-1.890507
		53.478239	-2.258549
		53.803895	-1.549931
		55.958426	-3.186893
		54.892406	-2.923222
		53.751959	-0.335941
		54.980766	-1.615849
		53.409532	-3.000126
		55.862982	-4.263554
		
c	1 15 2 12 14 13 11 0 4 3 9 8 6 7 5 10	2548.10642881695	0.745189357118305	1	15	2	12	14	13	11	0	4	3	9	8	6	7	5	10		
		51.460852	-2.588139
		51.289406	1.075802
		51.512161	-0.116215
		51.624837	-3.94495
		50.152266	-5.065556
		50.726024	-3.543949
		51.488224	-3.186893
		52.486125	-1.890507
		53.478239	-2.258549
		53.803895	-1.549931
		55.958426	-3.186893
		54.892406	-2.923222
		53.751959	-0.335941
		54.980766	-1.615849
		53.409532	-3.000126
		55.862982	-4.263554
		
c	14 13 11 0 4 8 7 10 9 5 6 1 2 15 3 12	2617.61309780254	0.738238690219746	14	13	11	0	4	8	7	10	9	5	6	1	2	15	3	12		
		50.152266	-5.065556
		50.726024	-3.543949
		51.488224	-3.186893
		52.486125	-1.890507
		53.478239	-2.258549
		54.892406	-2.923222
		54.980766	-1.615849
		55.862982	-4.263554
		55.958426	-3.186893
		53.409532	-3.000126
		53.751959	-0.335941
		51.460852	-2.588139
		51.512161	-0.116215
		51.289406	1.075802
		53.803895	-1.549931
		51.624837	-3.94495
		
c	13 4 3 9 14 8 6 7 10 5 0 11 2 15 1 12	3609.962575286	0.6390037424714	13	4	3	9	14	8	6	7	10	5	0	11	2	15	1	12		
		50.726024	-3.543949
		53.478239	-2.258549
		53.803895	-1.549931
		55.958426	-3.186893
		50.152266	-5.065556
		54.892406	-2.923222
		53.751959	-0.335941
		54.980766	-1.615849
		55.862982	-4.263554
		53.409532	-3.000126
		52.486125	-1.890507
		51.488224	-3.186893
		51.512161	-0.116215
		51.289406	1.075802
		51.460852	-2.588139
		51.624837	-3.94495
		
c	1 2 15 11 13 4 3 9 10 8 6 12 14 0 7 5	3032.71137798589	0.696728862201412	1	2	15	11	13	4	3	9	10	8	6	12	14	0	7	5		
		51.460852	-2.588139
		51.512161	-0.116215
		51.289406	1.075802
		51.488224	-3.186893
		50.726024	-3.543949
		53.478239	-2.258549
		53.803895	-1.549931
		55.958426	-3.186893
		55.862982	-4.263554
		54.892406	-2.923222
		53.751959	-0.335941
		51.624837	-3.94495
		50.152266	-5.065556
		52.486125	-1.890507
		54.980766	-1.615849
		53.409532	-3.000126
		
c	3 7 10 9 0 1 2 15 11 13 4 8 6 5 12 14	2815.66648180204	0.718433351819796	3	7	10	9	0	1	2	15	11	13	4	8	6	5	12	14		
		53.803895	-1.549931
		54.980766	-1.615849
		55.862982	-4.263554
		55.958426	-3.186893
		52.486125	-1.890507
		51.460852	-2.588139
		51.512161	-0.116215
		51.289406	1.075802
		51.488224	-3.186893
		50.726024	-3.543949
		53.478239	-2.258549
		54.892406	-2.923222
		53.751959	-0.335941
		53.409532	-3.000126
		51.624837	-3.94495
		50.152266	-5.065556
		
c	8 7 10 9 5 4 12 14 13 1 2 15 11 0 3 6	2251.49880491027	0.774850119508973	8	7	10	9	5	4	12	14	13	1	2	15	11	0	3	6		
		54.892406	-2.923222
		54.980766	-1.615849
		55.862982	-4.263554
		55.958426	-3.186893
		53.409532	-3.000126
		53.478239	-2.258549
		51.624837	-3.94495
		50.152266	-5.065556
		50.726024	-3.543949
		51.460852	-2.588139
		51.512161	-0.116215
		51.289406	1.075802
		51.488224	-3.186893
		52.486125	-1.890507
		53.803895	-1.549931
		53.751959	-0.335941
		
c	2 15 12 13 8 7 5 11 0 14 1 4 3 9 10 6	3167.20025241992	0.683279974758008	2	15	12	13	8	7	5	11	0	14	1	4	3	9	10	6		
		51.512161	-0.116215
		51.289406	1.075802
		51.624837	-3.94495
		50.726024	-3.543949
		54.892406	-2.923222
		54.980766	-1.615849
		53.409532	-3.000126
		51.488224	-3.186893
		52.486125	-1.890507
		50.152266	-5.065556
		51.460852	-2.588139
		53.478239	-2.258549
		53.803895	-1.549931
		55.958426	-3.186893
		55.862982	-4.263554
		53.751959	-0.335941
		
c	7 10 9 5 0 8 6 12 14 13 1 2 15 11 4 3	2753.30670758181	0.724669329241819	7	10	9	5	0	8	6	12	14	13	1	2	15	11	4	3		
		54.980766	-1.615849
		55.862982	-4.263554
		55.958426	-3.186893
		53.409532	-3.000126
		52.486125	-1.890507
		54.892406	-2.923222
		53.751959	-0.335941
		51.624837	-3.94495
		50.152266	-5.065556
		50.726024	-3.543949
		51.460852	-2.588139
		51.512161	-0.116215
		51.289406	1.075802
		51.488224	-3.186893
		53.478239	-2.258549
		53.803895	-1.549931
		
c	13 14 1 4 9 5 0 6 3 11 2 15 12 7 8 10	3078.94163499338	0.692105836500662	13	14	1	4	9	5	0	6	3	11	2	15	12	7	8	10		
		50.726024	-3.543949
		50.152266	-5.065556
		51.460852	-2.588139
		53.478239	-2.258549
		55.958426	-3.186893
		53.409532	-3.000126
		52.486125	-1.890507
		53.751959	-0.335941
		53.803895	-1.549931
		51.488224	-3.186893
		51.512161	-0.116215
		51.289406	1.075802
		51.624837	-3.94495
		54.980766	-1.615849
		54.892406	-2.923222
		55.862982	-4.263554
		
c	14 13 10 12 1 0 6 4 9 8 7 3 5 11 2 15	2929.60332683592	0.707039667316408	14	13	10	12	1	0	6	4	9	8	7	3	5	11	2	15		
		50.152266	-5.065556
		50.726024	-3.543949
		55.862982	-4.263554
		51.624837	-3.94495
		51.460852	-2.588139
		52.486125	-1.890507
		53.751959	-0.335941
		53.478239	-2.258549
		55.958426	-3.186893
		54.892406	-2.923222
		54.980766	-1.615849
		53.803895	-1.549931
		53.409532	-3.000126
		51.488224	-3.186893
		51.512161	-0.116215
		51.289406	1.075802
		
c	8 7 10 9 5 11 2 15 13 14 1 0 4 3 6 12	2538.53167005394	0.746146832994606	8	7	10	9	5	11	2	15	13	14	1	0	4	3	6	12		
		54.892406	-2.923222
		54.980766	-1.615849
		55.862982	-4.263554
		55.958426	-3.186893
		53.409532	-3.000126
		51.488224	-3.186893
		51.512161	-0.116215
		51.289406	1.075802
		50.726024	-3.543949
		50.152266	-5.065556
		51.460852	-2.588139
		52.486125	-1.890507
		53.478239	-2.258549
		53.803895	-1.549931
		53.751959	-0.335941
		51.624837	-3.94495
		
c	0 4 8 15 5 3 1 9 14 13 12 11 7 10 6 2	4128.30390276351	0.587169609723649	0	4	8	15	5	3	1	9	14	13	12	11	7	10	6	2		
		52.486125	-1.890507
		53.478239	-2.258549
		54.892406	-2.923222
		51.289406	1.075802
		53.409532	-3.000126
		53.803895	-1.549931
		51.460852	-2.588139
		55.958426	-3.186893
		50.152266	-5.065556
		50.726024	-3.543949
		51.624837	-3.94495
		51.488224	-3.186893
		54.980766	-1.615849
		55.862982	-4.263554
		53.751959	-0.335941
		51.512161	-0.116215
		
c	3 7 10 9 5 14 12 13 1 2 11 0 4 15 8 6	3119.02129228821	0.688097870771179	3	7	10	9	5	14	12	13	1	2	11	0	4	15	8	6		
		53.803895	-1.549931
		54.980766	-1.615849
		55.862982	-4.263554
		55.958426	-3.186893
		53.409532	-3.000126
		50.152266	-5.065556
		51.624837	-3.94495
		50.726024	-3.543949
		51.460852	-2.588139
		51.512161	-0.116215
		51.488224	-3.186893
		52.486125	-1.890507
		53.478239	-2.258549
		51.289406	1.075802
		54.892406	-2.923222
		53.751959	-0.335941
		
c	8 1 12 14 13 11 0 4 7 5 15 3 9 2 6 10	3580.51554034322	0.641948445965678	8	1	12	14	13	11	0	4	7	5	15	3	9	2	6	10		
		54.892406	-2.923222
		51.460852	-2.588139
		51.624837	-3.94495
		50.152266	-5.065556
		50.726024	-3.543949
		51.488224	-3.186893
		52.486125	-1.890507
		53.478239	-2.258549
		54.980766	-1.615849
		53.409532	-3.000126
		51.289406	1.075802
		53.803895	-1.549931
		55.958426	-3.186893
		51.512161	-0.116215
		53.751959	-0.335941
		55.862982	-4.263554
		
c	4 6 3 8 7 10 9 5 11 2 12 14 13 0 1 15	2593.56492025569	0.740643507974431	4	6	3	8	7	10	9	5	11	2	12	14	13	0	1	15		
		53.478239	-2.258549
		53.751959	-0.335941
		53.803895	-1.549931
		54.892406	-2.923222
		54.980766	-1.615849
		55.862982	-4.263554
		55.958426	-3.186893
		53.409532	-3.000126
		51.488224	-3.186893
		51.512161	-0.116215
		51.624837	-3.94495
		50.152266	-5.065556
		50.726024	-3.543949
		52.486125	-1.890507
		51.460852	-2.588139
		51.289406	1.075802
		
c	3 9 8 14 6 4 7 5 0 10 12 13 1 2 15 11	3709.56071020635	0.629043928979365	3	9	8	14	6	4	7	5	0	10	12	13	1	2	15	11		
		53.803895	-1.549931
		55.958426	-3.186893
		54.892406	-2.923222
		50.152266	-5.065556
		53.751959	-0.335941
		53.478239	-2.258549
		54.980766	-1.615849
		53.409532	-3.000126
		52.486125	-1.890507
		55.862982	-4.263554
		51.624837	-3.94495
		50.726024	-3.543949
		51.460852	-2.588139
		51.512161	-0.116215
		51.289406	1.075802
		51.488224	-3.186893
		
c	8 7 10 9 5 4 6 11 15 13 14 1 0 3 2 12	2913.53416538248	0.708646583461752	8	7	10	9	5	4	6	11	15	13	14	1	0	3	2	12		
		54.892406	-2.923222
		54.980766	-1.615849
		55.862982	-4.263554
		55.958426	-3.186893
		53.409532	-3.000126
		53.478239	-2.258549
		53.751959	-0.335941
		51.488224	-3.186893
		51.289406	1.075802
		50.726024	-3.543949
		50.152266	-5.065556
		51.460852	-2.588139
		52.486125	-1.890507
		53.803895	-1.549931
		51.512161	-0.116215
		51.624837	-3.94495
		
c	8 6 7 5 0 11 4 3 9 14 10 2 15 13 1 12	3852.90629668387	0.614709370331613	8	6	7	5	0	11	4	3	9	14	10	2	15	13	1	12		
		54.892406	-2.923222
		53.751959	-0.335941
		54.980766	-1.615849
		53.409532	-3.000126
		52.486125	-1.890507
		51.488224	-3.186893
		53.478239	-2.258549
		53.803895	-1.549931
		55.958426	-3.186893
		50.152266	-5.065556
		55.862982	-4.263554
		51.512161	-0.116215
		51.289406	1.075802
		50.726024	-3.543949
		51.460852	-2.588139
		51.624837	-3.94495
		
c	0 4 6 3 8 7 10 5 2 15 13 1 9 11 14 12	3223.69459075363	0.677630540924637	0	4	6	3	8	7	10	5	2	15	13	1	9	11	14	12		
		52.486125	-1.890507
		53.478239	-2.258549
		53.751959	-0.335941
		53.803895	-1.549931
		54.892406	-2.923222
		54.980766	-1.615849
		55.862982	-4.263554
		53.409532	-3.000126
		51.512161	-0.116215
		51.289406	1.075802
		50.726024	-3.543949
		51.460852	-2.588139
		55.958426	-3.186893
		51.488224	-3.186893
		50.152266	-5.065556
		51.624837	-3.94495
		
c	1 2 11 0 4 6 3 8 7 10 9 5 15 13 12 14	2607.10144147169	0.739289855852831	1	2	11	0	4	6	3	8	7	10	9	5	15	13	12	14		
		51.460852	-2.588139
		51.512161	-0.116215
		51.488224	-3.186893
		52.486125	-1.890507
		53.478239	-2.258549
		53.751959	-0.335941
		53.803895	-1.549931
		54.892406	-2.923222
		54.980766	-1.615849
		55.862982	-4.263554
		55.958426	-3.186893
		53.409532	-3.000126
		51.289406	1.075802
		50.726024	-3.543949
		51.624837	-3.94495
		50.152266	-5.065556
		
c	12 14 13 1 2 15 7 3 10 9 5 0 11 4 8 6	2760.07765083449	0.723992234916551	12	14	13	1	2	15	7	3	10	9	5	0	11	4	8	6		
		51.624837	-3.94495
		50.152266	-5.065556
		50.726024	-3.543949
		51.460852	-2.588139
		51.512161	-0.116215
		51.289406	1.075802
		54.980766	-1.615849
		53.803895	-1.549931
		55.862982	-4.263554
		55.958426	-3.186893
		53.409532	-3.000126
		52.486125	-1.890507
		51.488224	-3.186893
		53.478239	-2.258549
		54.892406	-2.923222
		53.751959	-0.335941
		
c	4 0 6 3 8 7 10 9 5 11 2 15 13 14 1 12	2437.27125902536	0.756272874097464	4	0	6	3	8	7	10	9	5	11	2	15	13	14	1	12		
		53.478239	-2.258549
		52.486125	-1.890507
		53.751959	-0.335941
		53.803895	-1.549931
		54.892406	-2.923222
		54.980766	-1.615849
		55.862982	-4.263554
		55.958426	-3.186893
		53.409532	-3.000126
		51.488224	-3.186893
		51.512161	-0.116215
		51.289406	1.075802
		50.726024	-3.543949
		50.152266	-5.065556
		51.460852	-2.588139
		51.624837	-3.94495
		
c	8 7 10 4 6 3 9 5 0 1 11 2 15 13 14 12	2555.01869389635	0.744498130610365	8	7	10	4	6	3	9	5	0	1	11	2	15	13	14	12		
		54.892406	-2.923222
		54.980766	-1.615849
		55.862982	-4.263554
		53.478239	-2.258549
		53.751959	-0.335941
		53.803895	-1.549931
		55.958426	-3.186893
		53.409532	-3.000126
		52.486125	-1.890507
		51.460852	-2.588139
		51.488224	-3.186893
		51.512161	-0.116215
		51.289406	1.075802
		50.726024	-3.543949
		50.152266	-5.065556
		51.624837	-3.94495
		
c	11 0 1 2 15 13 4 3 9 10 8 6 7 5 12 14	2653.24793957619	0.734675206042381	11	0	1	2	15	13	4	3	9	10	8	6	7	5	12	14		
		51.488224	-3.186893
		52.486125	-1.890507
		51.460852	-2.588139
		51.512161	-0.116215
		51.289406	1.075802
		50.726024	-3.543949
		53.478239	-2.258549
		53.803895	-1.549931
		55.958426	-3.186893
		55.862982	-4.263554
		54.892406	-2.923222
		53.751959	-0.335941
		54.980766	-1.615849
		53.409532	-3.000126
		51.624837	-3.94495
		50.152266	-5.065556
		
c	13 11 0 4 12 2 15 8 5 6 3 7 10 9 14 1	3113.50108853624	0.688649891146376	13	11	0	4	12	2	15	8	5	6	3	7	10	9	14	1		
		50.726024	-3.543949
		51.488224	-3.186893
		52.486125	-1.890507
		53.478239	-2.258549
		51.624837	-3.94495
		51.512161	-0.116215
		51.289406	1.075802
		54.892406	-2.923222
		53.409532	-3.000126
		53.751959	-0.335941
		53.803895	-1.549931
		54.980766	-1.615849
		55.862982	-4.263554
		55.958426	-3.186893
		50.152266	-5.065556
		51.460852	-2.588139
		
c	3 8 1 12 14 13 11 0 4 9 10 6 7 5 2 15	2702.72196154004	0.729727803845996	3	8	1	12	14	13	11	0	4	9	10	6	7	5	2	15		
		53.803895	-1.549931
		54.892406	-2.923222
		51.460852	-2.588139
		51.624837	-3.94495
		50.152266	-5.065556
		50.726024	-3.543949
		51.488224	-3.186893
		52.486125	-1.890507
		53.478239	-2.258549
		55.958426	-3.186893
		55.862982	-4.263554
		53.751959	-0.335941
		54.980766	-1.615849
		53.409532	-3.000126
		51.512161	-0.116215
		51.289406	1.075802
		
c	0 3 9 10 8 6 7 5 4 1 13 2 15 14 12 11	2589.61829558041	0.741038170441959	0	3	9	10	8	6	7	5	4	1	13	2	15	14	12	11		
		52.486125	-1.890507
		53.803895	-1.549931
		55.958426	-3.186893
		55.862982	-4.263554
		54.892406	-2.923222
		53.751959	-0.335941
		54.980766	-1.615849
		53.409532	-3.000126
		53.478239	-2.258549
		51.460852	-2.588139
		50.726024	-3.543949
		51.512161	-0.116215
		51.289406	1.075802
		50.152266	-5.065556
		51.624837	-3.94495
		51.488224	-3.186893
		
c	8 6 7 5 14 13 1 2 15 10 9 3 12 11 0 4	2992.50862802411	0.700749137197588	8	6	7	5	14	13	1	2	15	10	9	3	12	11	0	4		
		54.892406	-2.923222
		53.751959	-0.335941
		54.980766	-1.615849
		53.409532	-3.000126
		50.152266	-5.065556
		50.726024	-3.543949
		51.460852	-2.588139
		51.512161	-0.116215
		51.289406	1.075802
		55.862982	-4.263554
		55.958426	-3.186893
		53.803895	-1.549931
		51.624837	-3.94495
		51.488224	-3.186893
		52.486125	-1.890507
		53.478239	-2.258549
		
c	2 15 4 8 7 10 9 5 6 12 14 13 1 11 0 3	2474.57513692536	0.752542486307464	2	15	4	8	7	10	9	5	6	12	14	13	1	11	0	3		
		51.512161	-0.116215
		51.289406	1.075802
		53.478239	-2.258549
		54.892406	-2.923222
		54.980766	-1.615849
		55.862982	-4.263554
		55.958426	-3.186893
		53.409532	-3.000126
		53.751959	-0.335941
		51.624837	-3.94495
		50.152266	-5.065556
		50.726024	-3.543949
		51.460852	-2.588139
		51.488224	-3.186893
		52.486125	-1.890507
		53.803895	-1.549931
		
c	12 14 13 1 2 15 11 0 9 10 8 6 7 5 4 3	2384.34362741753	0.761565637258247	12	14	13	1	2	15	11	0	9	10	8	6	7	5	4	3		
		51.624837	-3.94495
		50.152266	-5.065556
		50.726024	-3.543949
		51.460852	-2.588139
		51.512161	-0.116215
		51.289406	1.075802
		51.488224	-3.186893
		52.486125	-1.890507
		55.958426	-3.186893
		55.862982	-4.263554
		54.892406	-2.923222
		53.751959	-0.335941
		54.980766	-1.615849
		53.409532	-3.000126
		53.478239	-2.258549
		53.803895	-1.549931
		
c	4 3 12 14 13 1 2 15 11 0 9 8 6 7 5 10	2824.94637020825	0.717505362979175	4	3	12	14	13	1	2	15	11	0	9	8	6	7	5	10		
		53.478239	-2.258549
		53.803895	-1.549931
		51.624837	-3.94495
		50.152266	-5.065556
		50.726024	-3.543949
		51.460852	-2.588139
		51.512161	-0.116215
		51.289406	1.075802
		51.488224	-3.186893
		52.486125	-1.890507
		55.958426	-3.186893
		54.892406	-2.923222
		53.751959	-0.335941
		54.980766	-1.615849
		53.409532	-3.000126
		55.862982	-4.263554
		
c	12 14 13 1 2 15 11 0 7 10 9 8 6 5 4 3	2266.98348044534	0.773301651955466	12	14	13	1	2	15	11	0	7	10	9	8	6	5	4	3		
		51.624837	-3.94495
		50.152266	-5.065556
		50.726024	-3.543949
		51.460852	-2.588139
		51.512161	-0.116215
		51.289406	1.075802
		51.488224	-3.186893
		52.486125	-1.890507
		54.980766	-1.615849
		55.862982	-4.263554
		55.958426	-3.186893
		54.892406	-2.923222
		53.751959	-0.335941
		53.409532	-3.000126
		53.478239	-2.258549
		53.803895	-1.549931
		
c	0 4 8 7 10 9 6 5 1 12 14 13 11 15 2 3	2472.22589338799	0.752777410661201	0	4	8	7	10	9	6	5	1	12	14	13	11	15	2	3		
		52.486125	-1.890507
		53.478239	-2.258549
		54.892406	-2.923222
		54.980766	-1.615849
		55.862982	-4.263554
		55.958426	-3.186893
		53.751959	-0.335941
		53.409532	-3.000126
		51.460852	-2.588139
		51.624837	-3.94495
		50.152266	-5.065556
		50.726024	-3.543949
		51.488224	-3.186893
		51.289406	1.075802
		51.512161	-0.116215
		53.803895	-1.549931
		
c	3 7 10 9 5 0 13 1 2 15 11 4 8 12 6 14	3306.01999346462	0.669398000653538	3	7	10	9	5	0	13	1	2	15	11	4	8	12	6	14		
		53.803895	-1.549931
		54.980766	-1.615849
		55.862982	-4.263554
		55.958426	-3.186893
		53.409532	-3.000126
		52.486125	-1.890507
		50.726024	-3.543949
		51.460852	-2.588139
		51.512161	-0.116215
		51.289406	1.075802
		51.488224	-3.186893
		53.478239	-2.258549
		54.892406	-2.923222
		51.624837	-3.94495
		53.751959	-0.335941
		50.152266	-5.065556
		
c	6 5 13 1 2 15 11 0 4 8 7 10 9 12 14 3	3042.24890509308	0.695775109490692	6	5	13	1	2	15	11	0	4	8	7	10	9	12	14	3		
		53.751959	-0.335941
		53.409532	-3.000126
		50.726024	-3.543949
		51.460852	-2.588139
		51.512161	-0.116215
		51.289406	1.075802
		51.488224	-3.186893
		52.486125	-1.890507
		53.478239	-2.258549
		54.892406	-2.923222
		54.980766	-1.615849
		55.862982	-4.263554
		55.958426	-3.186893
		51.624837	-3.94495
		50.152266	-5.065556
		53.803895	-1.549931
		
c	0 4 8 7 10 9 14 13 6 3 5 11 2 15 1 12	2854.51049759198	0.714548950240802	0	4	8	7	10	9	14	13	6	3	5	11	2	15	1	12		
		52.486125	-1.890507
		53.478239	-2.258549
		54.892406	-2.923222
		54.980766	-1.615849
		55.862982	-4.263554
		55.958426	-3.186893
		50.152266	-5.065556
		50.726024	-3.543949
		53.751959	-0.335941
		53.803895	-1.549931
		53.409532	-3.000126
		51.488224	-3.186893
		51.512161	-0.116215
		51.289406	1.075802
		51.460852	-2.588139
		51.624837	-3.94495
		
c	11 0 4 8 12 14 13 1 2 15 3 9 6 7 5 10	2997.10818289054	0.700289181710946	11	0	4	8	12	14	13	1	2	15	3	9	6	7	5	10		
		51.488224	-3.186893
		52.486125	-1.890507
		53.478239	-2.258549
		54.892406	-2.923222
		51.624837	-3.94495
		50.152266	-5.065556
		50.726024	-3.543949
		51.460852	-2.588139
		51.512161	-0.116215
		51.289406	1.075802
		53.803895	-1.549931
		55.958426	-3.186893
		53.751959	-0.335941
		54.980766	-1.615849
		53.409532	-3.000126
		55.862982	-4.263554
		
c	5 0 4 13 11 2 3 9 10 8 6 7 15 14 1 12	3188.94196873381	0.681105803126619	5	0	4	13	11	2	3	9	10	8	6	7	15	14	1	12		
		53.409532	-3.000126
		52.486125	-1.890507
		53.478239	-2.258549
		50.726024	-3.543949
		51.488224	-3.186893
		51.512161	-0.116215
		53.803895	-1.549931
		55.958426	-3.186893
		55.862982	-4.263554
		54.892406	-2.923222
		53.751959	-0.335941
		54.980766	-1.615849
		51.289406	1.075802
		50.152266	-5.065556
		51.460852	-2.588139
		51.624837	-3.94495
		
c	2 15 11 0 13 1 4 8 7 10 9 5 12 6 3 14	2974.6257719995	0.70253742280005	2	15	11	0	13	1	4	8	7	10	9	5	12	6	3	14		
		51.512161	-0.116215
		51.289406	1.075802
		51.488224	-3.186893
		52.486125	-1.890507
		50.726024	-3.543949
		51.460852	-2.588139
		53.478239	-2.258549
		54.892406	-2.923222
		54.980766	-1.615849
		55.862982	-4.263554
		55.958426	-3.186893
		53.409532	-3.000126
		51.624837	-3.94495
		53.751959	-0.335941
		53.803895	-1.549931
		50.152266	-5.065556
		
c	12 2 15 8 6 3 7 10 9 5 0 1 11 4 14 13	2863.35152123823	0.713664847876177	12	2	15	8	6	3	7	10	9	5	0	1	11	4	14	13		
		51.624837	-3.94495
		51.512161	-0.116215
		51.289406	1.075802
		54.892406	-2.923222
		53.751959	-0.335941
		53.803895	-1.549931
		54.980766	-1.615849
		55.862982	-4.263554
		55.958426	-3.186893
		53.409532	-3.000126
		52.486125	-1.890507
		51.460852	-2.588139
		51.488224	-3.186893
		53.478239	-2.258549
		50.152266	-5.065556
		50.726024	-3.543949
		
c	13 11 2 12 14 1 15 0 3 6 9 5 4 8 7 10	2780.7288172143	0.72192711827857	13	11	2	12	14	1	15	0	3	6	9	5	4	8	7	10		
		50.726024	-3.543949
		51.488224	-3.186893
		51.512161	-0.116215
		51.624837	-3.94495
		50.152266	-5.065556
		51.460852	-2.588139
		51.289406	1.075802
		52.486125	-1.890507
		53.803895	-1.549931
		53.751959	-0.335941
		55.958426	-3.186893
		53.409532	-3.000126
		53.478239	-2.258549
		54.892406	-2.923222
		54.980766	-1.615849
		55.862982	-4.263554
		
c	13 1 2 15 11 0 4 12 6 3 7 9 10 14 8 5	3264.16949642932	0.673583050357068	13	1	2	15	11	0	4	12	6	3	7	9	10	14	8	5		
		50.726024	-3.543949
		51.460852	-2.588139
		51.512161	-0.116215
		51.289406	1.075802
		51.488224	-3.186893
		52.486125	-1.890507
		53.478239	-2.258549
		51.624837	-3.94495
		53.751959	-0.335941
		53.803895	-1.549931
		54.980766	-1.615849
		55.958426	-3.186893
		55.862982	-4.263554
		50.152266	-5.065556
		54.892406	-2.923222
		53.409532	-3.000126
		
c	1 2 15 11 0 4 3 8 7 10 9 5 6 13 14 12	2535.8991481991	0.74641008518009	1	2	15	11	0	4	3	8	7	10	9	5	6	13	14	12		
		51.460852	-2.588139
		51.512161	-0.116215
		51.289406	1.075802
		51.488224	-3.186893
		52.486125	-1.890507
		53.478239	-2.258549
		53.803895	-1.549931
		54.892406	-2.923222
		54.980766	-1.615849
		55.862982	-4.263554
		55.958426	-3.186893
		53.409532	-3.000126
		53.751959	-0.335941
		50.726024	-3.543949
		50.152266	-5.065556
		51.624837	-3.94495
		
c	14 13 8 4 6 3 7 10 9 5 0 11 2 15 1 12	2558.45338068318	0.744154661931682	14	13	8	4	6	3	7	10	9	5	0	11	2	15	1	12		
		50.152266	-5.065556
		50.726024	-3.543949
		54.892406	-2.923222
		53.478239	-2.258549
		53.751959	-0.335941
		53.803895	-1.549931
		54.980766	-1.615849
		55.862982	-4.263554
		55.958426	-3.186893
		53.409532	-3.000126
		52.486125	-1.890507
		51.488224	-3.186893
		51.512161	-0.116215
		51.289406	1.075802
		51.460852	-2.588139
		51.624837	-3.94495
		
c	1 4 0 6 3 8 7 10 9 5 11 2 15 13 14 12	2521.8788261035	0.74781211738965	1	4	0	6	3	8	7	10	9	5	11	2	15	13	14	12		
		51.460852	-2.588139
		53.478239	-2.258549
		52.486125	-1.890507
		53.751959	-0.335941
		53.803895	-1.549931
		54.892406	-2.923222
		54.980766	-1.615849
		55.862982	-4.263554
		55.958426	-3.186893
		53.409532	-3.000126
		51.488224	-3.186893
		51.512161	-0.116215
		51.289406	1.075802
		50.726024	-3.543949
		50.152266	-5.065556
		51.624837	-3.94495
		
c	2 14 13 5 3 10 1 11 0 4 12 15 8 6 9 7	3725.65163057069	0.627434836942931	2	14	13	5	3	10	1	11	0	4	12	15	8	6	9	7		
		51.512161	-0.116215
		50.152266	-5.065556
		50.726024	-3.543949
		53.409532	-3.000126
		53.803895	-1.549931
		55.862982	-4.263554
		51.460852	-2.588139
		51.488224	-3.186893
		52.486125	-1.890507
		53.478239	-2.258549
		51.624837	-3.94495
		51.289406	1.075802
		54.892406	-2.923222
		53.751959	-0.335941
		55.958426	-3.186893
		54.980766	-1.615849
		
c	4 12 2 15 14 13 1 11 0 3 6 9 5 8 7 10	2711.86752786154	0.728813247213846	4	12	2	15	14	13	1	11	0	3	6	9	5	8	7	10		
		53.478239	-2.258549
		51.624837	-3.94495
		51.512161	-0.116215
		51.289406	1.075802
		50.152266	-5.065556
		50.726024	-3.543949
		51.460852	-2.588139
		51.488224	-3.186893
		52.486125	-1.890507
		53.803895	-1.549931
		53.751959	-0.335941
		55.958426	-3.186893
		53.409532	-3.000126
		54.892406	-2.923222
		54.980766	-1.615849
		55.862982	-4.263554
		
c	2 15 8 5 6 3 0 4 7 9 14 13 10 12 1 11	3538.03174206861	0.646196825793139	2	15	8	5	6	3	0	4	7	9	14	13	10	12	1	11		
		51.512161	-0.116215
		51.289406	1.075802
		54.892406	-2.923222
		53.409532	-3.000126
		53.751959	-0.335941
		53.803895	-1.549931
		52.486125	-1.890507
		53.478239	-2.258549
		54.980766	-1.615849
		55.958426	-3.186893
		50.152266	-5.065556
		50.726024	-3.543949
		55.862982	-4.263554
		51.624837	-3.94495
		51.460852	-2.588139
		51.488224	-3.186893
		
c	14 11 0 3 2 15 4 8 7 10 9 5 6 1 12 13	2648.69904336768	0.735130095663232	14	11	0	3	2	15	4	8	7	10	9	5	6	1	12	13		
		50.152266	-5.065556
		51.488224	-3.186893
		52.486125	-1.890507
		53.803895	-1.549931
		51.512161	-0.116215
		51.289406	1.075802
		53.478239	-2.258549
		54.892406	-2.923222
		54.980766	-1.615849
		55.862982	-4.263554
		55.958426	-3.186893
		53.409532	-3.000126
		53.751959	-0.335941
		51.460852	-2.588139
		51.624837	-3.94495
		50.726024	-3.543949
		
c	5 12 14 13 1 2 15 11 0 4 9 6 3 8 7 10	2526.01400916333	0.747398599083667	5	12	14	13	1	2	15	11	0	4	9	6	3	8	7	10		
		53.409532	-3.000126
		51.624837	-3.94495
		50.152266	-5.065556
		50.726024	-3.543949
		51.460852	-2.588139
		51.512161	-0.116215
		51.289406	1.075802
		51.488224	-3.186893
		52.486125	-1.890507
		53.478239	-2.258549
		55.958426	-3.186893
		53.751959	-0.335941
		53.803895	-1.549931
		54.892406	-2.923222
		54.980766	-1.615849
		55.862982	-4.263554
		
c	15 13 14 1 7 3 6 11 2 8 10 9 5 0 4 12	3202.05081156309	0.679794918843691	15	13	14	1	7	3	6	11	2	8	10	9	5	0	4	12		
		51.289406	1.075802
		50.726024	-3.543949
		50.152266	-5.065556
		51.460852	-2.588139
		54.980766	-1.615849
		53.803895	-1.549931
		53.751959	-0.335941
		51.488224	-3.186893
		51.512161	-0.116215
		54.892406	-2.923222
		55.862982	-4.263554
		55.958426	-3.186893
		53.409532	-3.000126
		52.486125	-1.890507
		53.478239	-2.258549
		51.624837	-3.94495
		
c	6 3 8 7 10 2 15 13 14 1 9 5 12 11 0 4	3134.45848603912	0.686554151396088	6	3	8	7	10	2	15	13	14	1	9	5	12	11	0	4		
		53.751959	-0.335941
		53.803895	-1.549931
		54.892406	-2.923222
		54.980766	-1.615849
		55.862982	-4.263554
		51.512161	-0.116215
		51.289406	1.075802
		50.726024	-3.543949
		50.152266	-5.065556
		51.460852	-2.588139
		55.958426	-3.186893
		53.409532	-3.000126
		51.624837	-3.94495
		51.488224	-3.186893
		52.486125	-1.890507
		53.478239	-2.258549
		
c	3 5 0 1 2 15 11 13 4 9 10 8 6 7 12 14	2759.3873045201	0.72406126954799	3	5	0	1	2	15	11	13	4	9	10	8	6	7	12	14		
		53.803895	-1.549931
		53.409532	-3.000126
		52.486125	-1.890507
		51.460852	-2.588139
		51.512161	-0.116215
		51.289406	1.075802
		51.488224	-3.186893
		50.726024	-3.543949
		53.478239	-2.258549
		55.958426	-3.186893
		55.862982	-4.263554
		54.892406	-2.923222
		53.751959	-0.335941
		54.980766	-1.615849
		51.624837	-3.94495
		50.152266	-5.065556
		
c	11 8 7 10 4 6 3 9 5 0 1 2 15 13 14 12	2851.06383745865	0.714893616254135	11	8	7	10	4	6	3	9	5	0	1	2	15	13	14	12		
		51.488224	-3.186893
		54.892406	-2.923222
		54.980766	-1.615849
		55.862982	-4.263554
		53.478239	-2.258549
		53.751959	-0.335941
		53.803895	-1.549931
		55.958426	-3.186893
		53.409532	-3.000126
		52.486125	-1.890507
		51.460852	-2.588139
		51.512161	-0.116215
		51.289406	1.075802
		50.726024	-3.543949
		50.152266	-5.065556
		51.624837	-3.94495
		
c	8 7 3 6 1 11 12 13 2 15 4 9 10 5 0 14	2566.93695623788	0.743306304376212	8	7	3	6	1	11	12	13	2	15	4	9	10	5	0	14		
		54.892406	-2.923222
		54.980766	-1.615849
		53.803895	-1.549931
		53.751959	-0.335941
		51.460852	-2.588139
		51.488224	-3.186893
		51.624837	-3.94495
		50.726024	-3.543949
		51.512161	-0.116215
		51.289406	1.075802
		53.478239	-2.258549
		55.958426	-3.186893
		55.862982	-4.263554
		53.409532	-3.000126
		52.486125	-1.890507
		50.152266	-5.065556
		
g17		2260.82423546293	0.773917576453707	0	7	10	9	8	6	5	12	14	13	1	2	15	11	0	4	3		
		54.980766	-1.615849
		55.862982	-4.263554
		55.958426	-3.186893
		54.892406	-2.923222
		53.751959	-0.335941
		53.409532	-3.000126
		51.624837	-3.94495
		50.152266	-5.065556
		50.726024	-3.543949
		51.460852	-2.588139
		51.512161	-0.116215
		51.289406	1.075802
		51.488224	-3.186893
		52.486125	-1.890507
		53.478239	-2.258549
		53.803895	-1.549931
		
g17		2260.98868365819	0.773901131634181	1	9	10	8	6	7	5	12	14	13	1	2	15	11	0	4	3		
		55.958426	-3.186893
		55.862982	-4.263554
		54.892406	-2.923222
		53.751959	-0.335941
		54.980766	-1.615849
		53.409532	-3.000126
		51.624837	-3.94495
		50.152266	-5.065556
		50.726024	-3.543949
		51.460852	-2.588139
		51.512161	-0.116215
		51.289406	1.075802
		51.488224	-3.186893
		52.486125	-1.890507
		53.478239	-2.258549
		53.803895	-1.549931
		
g17		2270.11992578962	0.772988007421038	2	0	4	8	7	10	9	5	6	3	2	15	1	12	14	13	11		
		52.486125	-1.890507
		53.478239	-2.258549
		54.892406	-2.923222
		54.980766	-1.615849
		55.862982	-4.263554
		55.958426	-3.186893
		53.409532	-3.000126
		53.751959	-0.335941
		53.803895	-1.549931
		51.512161	-0.116215
		51.289406	1.075802
		51.460852	-2.588139
		51.624837	-3.94495
		50.152266	-5.065556
		50.726024	-3.543949
		51.488224	-3.186893
		
g17		2274.0642827464	0.77259357172536	3	12	14	13	1	2	15	11	0	4	8	7	10	9	5	6	3		
		51.624837	-3.94495
		50.152266	-5.065556
		50.726024	-3.543949
		51.460852	-2.588139
		51.512161	-0.116215
		51.289406	1.075802
		51.488224	-3.186893
		52.486125	-1.890507
		53.478239	-2.258549
		54.892406	-2.923222
		54.980766	-1.615849
		55.862982	-4.263554
		55.958426	-3.186893
		53.409532	-3.000126
		53.751959	-0.335941
		53.803895	-1.549931
		
g17		2276.62053323469	0.772337946676531	4	8	4	6	3	7	10	9	5	0	1	11	2	15	13	14	12		
		54.892406	-2.923222
		53.478239	-2.258549
		53.751959	-0.335941
		53.803895	-1.549931
		54.980766	-1.615849
		55.862982	-4.263554
		55.958426	-3.186893
		53.409532	-3.000126
		52.486125	-1.890507
		51.460852	-2.588139
		51.488224	-3.186893
		51.512161	-0.116215
		51.289406	1.075802
		50.726024	-3.543949
		50.152266	-5.065556
		51.624837	-3.94495
		
g17		2311.96152235542	0.768803847764458	5	1	11	2	15	13	14	12	0	4	8	7	10	9	5	6	3		
		51.460852	-2.588139
		51.488224	-3.186893
		51.512161	-0.116215
		51.289406	1.075802
		50.726024	-3.543949
		50.152266	-5.065556
		51.624837	-3.94495
		52.486125	-1.890507
		53.478239	-2.258549
		54.892406	-2.923222
		54.980766	-1.615849
		55.862982	-4.263554
		55.958426	-3.186893
		53.409532	-3.000126
		53.751959	-0.335941
		53.803895	-1.549931
		
