c	2 15 1 8 6 3 7 10 9 5 4 11 12 14 13 0	2557.82475689351	0.744217524310649	2	15	1	8	6	3	7	10	9	5	4	11	12	14	13	0		
		51.512161	-0.116215
		51.289406	1.075802
		51.460852	-2.588139
		54.892406	-2.923222
		53.751959	-0.335941
		53.803895	-1.549931
		54.980766	-1.615849
		55.862982	-4.263554
		55.958426	-3.186893
		53.409532	-3.000126
		53.478239	-2.258549
		51.488224	-3.186893
		51.624837	-3.94495
		50.152266	-5.065556
		50.726024	-3.543949
		52.486125	-1.890507
		
c	6 14 13 1 4 3 9 10 8 2 11 0 7 5 15 12	3458.8276123318	0.65411723876682	6	14	13	1	4	3	9	10	8	2	11	0	7	5	15	12		
		53.751959	-0.335941
		50.152266	-5.065556
		50.726024	-3.543949
		51.460852	-2.588139
		53.478239	-2.258549
		53.803895	-1.549931
		55.958426	-3.186893
		55.862982	-4.263554
		54.892406	-2.923222
		51.512161	-0.116215
		51.488224	-3.186893
		52.486125	-1.890507
		54.980766	-1.615849
		53.409532	-3.000126
		51.289406	1.075802
		51.624837	-3.94495
		
c	2 7 10 9 5 8 4 6 3 11 14 12 0 15 13 1	2990.49580543961	0.700950419456039	2	7	10	9	5	8	4	6	3	11	14	12	0	15	13	1		
		51.512161	-0.116215
		54.980766	-1.615849
		55.862982	-4.263554
		55.958426	-3.186893
		53.409532	-3.000126
		54.892406	-2.923222
		53.478239	-2.258549
		53.751959	-0.335941
		53.803895	-1.549931
		51.488224	-3.186893
		50.152266	-5.065556
		51.624837	-3.94495
		52.486125	-1.890507
		51.289406	1.075802
		50.726024	-3.543949
		51.460852	-2.588139
		
c	4 3 8 7 10 6 9 5 11 2 12 14 13 0 1 15	3024.13464536884	0.697586535463115	4	3	8	7	10	6	9	5	11	2	12	14	13	0	1	15		
		53.478239	-2.258549
		53.803895	-1.549931
		54.892406	-2.923222
		54.980766	-1.615849
		55.862982	-4.263554
		53.751959	-0.335941
		55.958426	-3.186893
		53.409532	-3.000126
		51.488224	-3.186893
		51.512161	-0.116215
		51.624837	-3.94495
		50.152266	-5.065556
		50.726024	-3.543949
		52.486125	-1.890507
		51.460852	-2.588139
		51.289406	1.075802
		
c	14 13 10 12 1 0 6 4 9 8 7 3 5 11 2 15	2929.60332683592	0.707039667316408	14	13	10	12	1	0	6	4	9	8	7	3	5	11	2	15		
		50.152266	-5.065556
		50.726024	-3.543949
		55.862982	-4.263554
		51.624837	-3.94495
		51.460852	-2.588139
		52.486125	-1.890507
		53.751959	-0.335941
		53.478239	-2.258549
		55.958426	-3.186893
		54.892406	-2.923222
		54.980766	-1.615849
		53.803895	-1.549931
		53.409532	-3.000126
		51.488224	-3.186893
		51.512161	-0.116215
		51.289406	1.075802
		
c	7 8 4 6 3 10 9 5 11 14 13 0 2 15 1 12	2460.71798989257	0.753928201010743	7	8	4	6	3	10	9	5	11	14	13	0	2	15	1	12		
		54.980766	-1.615849
		54.892406	-2.923222
		53.478239	-2.258549
		53.751959	-0.335941
		53.803895	-1.549931
		55.862982	-4.263554
		55.958426	-3.186893
		53.409532	-3.000126
		51.488224	-3.186893
		50.152266	-5.065556
		50.726024	-3.543949
		52.486125	-1.890507
		51.512161	-0.116215
		51.289406	1.075802
		51.460852	-2.588139
		51.624837	-3.94495
		
c	10 9 5 11 2 1 15 0 4 3 8 7 6 13 14 12	2721.80633677587	0.727819366322413	10	9	5	11	2	1	15	0	4	3	8	7	6	13	14	12		
		55.862982	-4.263554
		55.958426	-3.186893
		53.409532	-3.000126
		51.488224	-3.186893
		51.512161	-0.116215
		51.460852	-2.588139
		51.289406	1.075802
		52.486125	-1.890507
		53.478239	-2.258549
		53.803895	-1.549931
		54.892406	-2.923222
		54.980766	-1.615849
		53.751959	-0.335941
		50.726024	-3.543949
		50.152266	-5.065556
		51.624837	-3.94495
		
c	14 2 15 11 0 13 4 3 6 8 7 10 9 5 1 12	2741.75613495899	0.725824386504101	14	2	15	11	0	13	4	3	6	8	7	10	9	5	1	12		
		50.152266	-5.065556
		51.512161	-0.116215
		51.289406	1.075802
		51.488224	-3.186893
		52.486125	-1.890507
		50.726024	-3.543949
		53.478239	-2.258549
		53.803895	-1.549931
		53.751959	-0.335941
		54.892406	-2.923222
		54.980766	-1.615849
		55.862982	-4.263554
		55.958426	-3.186893
		53.409532	-3.000126
		51.460852	-2.588139
		51.624837	-3.94495
		
c	7 10 9 5 0 8 6 12 14 13 1 2 15 11 4 3	2753.30670758181	0.724669329241819	7	10	9	5	0	8	6	12	14	13	1	2	15	11	4	3		
		54.980766	-1.615849
		55.862982	-4.263554
		55.958426	-3.186893
		53.409532	-3.000126
		52.486125	-1.890507
		54.892406	-2.923222
		53.751959	-0.335941
		51.624837	-3.94495
		50.152266	-5.065556
		50.726024	-3.543949
		51.460852	-2.588139
		51.512161	-0.116215
		51.289406	1.075802
		51.488224	-3.186893
		53.478239	-2.258549
		53.803895	-1.549931
		
c	10 9 5 0 8 6 12 14 13 1 4 3 7 11 2 15	2832.79792262702	0.716720207737298	10	9	5	0	8	6	12	14	13	1	4	3	7	11	2	15		
		55.862982	-4.263554
		55.958426	-3.186893
		53.409532	-3.000126
		52.486125	-1.890507
		54.892406	-2.923222
		53.751959	-0.335941
		51.624837	-3.94495
		50.152266	-5.065556
		50.726024	-3.543949
		51.460852	-2.588139
		53.478239	-2.258549
		53.803895	-1.549931
		54.980766	-1.615849
		51.488224	-3.186893
		51.512161	-0.116215
		51.289406	1.075802
		
c	12 14 13 1 2 15 11 0 4 9 3 7 8 10 5 6	2582.00434374172	0.741799565625828	12	14	13	1	2	15	11	0	4	9	3	7	8	10	5	6		
		51.624837	-3.94495
		50.152266	-5.065556
		50.726024	-3.543949
		51.460852	-2.588139
		51.512161	-0.116215
		51.289406	1.075802
		51.488224	-3.186893
		52.486125	-1.890507
		53.478239	-2.258549
		55.958426	-3.186893
		53.803895	-1.549931
		54.980766	-1.615849
		54.892406	-2.923222
		55.862982	-4.263554
		53.409532	-3.000126
		53.751959	-0.335941
		
c	13 8 4 6 3 7 10 9 5 0 12 14 1 2 15 11	2774.29608694073	0.722570391305926	13	8	4	6	3	7	10	9	5	0	12	14	1	2	15	11		
		50.726024	-3.543949
		54.892406	-2.923222
		53.478239	-2.258549
		53.751959	-0.335941
		53.803895	-1.549931
		54.980766	-1.615849
		55.862982	-4.263554
		55.958426	-3.186893
		53.409532	-3.000126
		52.486125	-1.890507
		51.624837	-3.94495
		50.152266	-5.065556
		51.460852	-2.588139
		51.512161	-0.116215
		51.289406	1.075802
		51.488224	-3.186893
		
c	8 4 6 3 7 10 9 5 11 14 13 0 2 15 1 12	2413.89717927083	0.758610282072917	8	4	6	3	7	10	9	5	11	14	13	0	2	15	1	12		
		54.892406	-2.923222
		53.478239	-2.258549
		53.751959	-0.335941
		53.803895	-1.549931
		54.980766	-1.615849
		55.862982	-4.263554
		55.958426	-3.186893
		53.409532	-3.000126
		51.488224	-3.186893
		50.152266	-5.065556
		50.726024	-3.543949
		52.486125	-1.890507
		51.512161	-0.116215
		51.289406	1.075802
		51.460852	-2.588139
		51.624837	-3.94495
		
c	4 3 15 8 6 7 10 9 5 11 2 12 14 13 0 1	3135.53785727974	0.686446214272026	4	3	15	8	6	7	10	9	5	11	2	12	14	13	0	1		
		53.478239	-2.258549
		53.803895	-1.549931
		51.289406	1.075802
		54.892406	-2.923222
		53.751959	-0.335941
		54.980766	-1.615849
		55.862982	-4.263554
		55.958426	-3.186893
		53.409532	-3.000126
		51.488224	-3.186893
		51.512161	-0.116215
		51.624837	-3.94495
		50.152266	-5.065556
		50.726024	-3.543949
		52.486125	-1.890507
		51.460852	-2.588139
		
c	10 9 5 0 7 4 3 8 6 14 1 11 2 15 13 12	2863.29502600977	0.713670497399023	10	9	5	0	7	4	3	8	6	14	1	11	2	15	13	12		
		55.862982	-4.263554
		55.958426	-3.186893
		53.409532	-3.000126
		52.486125	-1.890507
		54.980766	-1.615849
		53.478239	-2.258549
		53.803895	-1.549931
		54.892406	-2.923222
		53.751959	-0.335941
		50.152266	-5.065556
		51.460852	-2.588139
		51.488224	-3.186893
		51.512161	-0.116215
		51.289406	1.075802
		50.726024	-3.543949
		51.624837	-3.94495
		
c	12 14 10 9 5 0 1 11 13 2 15 4 3 8 6 7	2803.52503301353	0.719647496698647	12	14	10	9	5	0	1	11	13	2	15	4	3	8	6	7		
		51.624837	-3.94495
		50.152266	-5.065556
		55.862982	-4.263554
		55.958426	-3.186893
		53.409532	-3.000126
		52.486125	-1.890507
		51.460852	-2.588139
		51.488224	-3.186893
		50.726024	-3.543949
		51.512161	-0.116215
		51.289406	1.075802
		53.478239	-2.258549
		53.803895	-1.549931
		54.892406	-2.923222
		53.751959	-0.335941
		54.980766	-1.615849
		
c	10 8 6 14 4 3 7 9 5 0 1 11 2 15 13 12	2923.89275799778	0.707610724200222	10	8	6	14	4	3	7	9	5	0	1	11	2	15	13	12		
		55.862982	-4.263554
		54.892406	-2.923222
		53.751959	-0.335941
		50.152266	-5.065556
		53.478239	-2.258549
		53.803895	-1.549931
		54.980766	-1.615849
		55.958426	-3.186893
		53.409532	-3.000126
		52.486125	-1.890507
		51.460852	-2.588139
		51.488224	-3.186893
		51.512161	-0.116215
		51.289406	1.075802
		50.726024	-3.543949
		51.624837	-3.94495
		
c	14 11 0 4 6 3 8 7 10 5 2 15 9 12 13 1	3034.61191829873	0.696538808170127	14	11	0	4	6	3	8	7	10	5	2	15	9	12	13	1		
		50.152266	-5.065556
		51.488224	-3.186893
		52.486125	-1.890507
		53.478239	-2.258549
		53.751959	-0.335941
		53.803895	-1.549931
		54.892406	-2.923222
		54.980766	-1.615849
		55.862982	-4.263554
		53.409532	-3.000126
		51.512161	-0.116215
		51.289406	1.075802
		55.958426	-3.186893
		51.624837	-3.94495
		50.726024	-3.543949
		51.460852	-2.588139
		
c	6 7 10 9 5 4 12 2 15 8 3 0 1 11 14 13	2610.53110225388	0.738946889774611	6	7	10	9	5	4	12	2	15	8	3	0	1	11	14	13		
		53.751959	-0.335941
		54.980766	-1.615849
		55.862982	-4.263554
		55.958426	-3.186893
		53.409532	-3.000126
		53.478239	-2.258549
		51.624837	-3.94495
		51.512161	-0.116215
		51.289406	1.075802
		54.892406	-2.923222
		53.803895	-1.549931
		52.486125	-1.890507
		51.460852	-2.588139
		51.488224	-3.186893
		50.152266	-5.065556
		50.726024	-3.543949
		
c	14 13 0 8 4 6 3 7 10 9 5 11 2 15 1 12	2541.09347927422	0.745890652072578	14	13	0	8	4	6	3	7	10	9	5	11	2	15	1	12		
		50.152266	-5.065556
		50.726024	-3.543949
		52.486125	-1.890507
		54.892406	-2.923222
		53.478239	-2.258549
		53.751959	-0.335941
		53.803895	-1.549931
		54.980766	-1.615849
		55.862982	-4.263554
		55.958426	-3.186893
		53.409532	-3.000126
		51.488224	-3.186893
		51.512161	-0.116215
		51.289406	1.075802
		51.460852	-2.588139
		51.624837	-3.94495
		
c	1 2 15 11 0 4 3 8 7 10 9 5 6 13 14 12	2535.8991481991	0.74641008518009	1	2	15	11	0	4	3	8	7	10	9	5	6	13	14	12		
		51.460852	-2.588139
		51.512161	-0.116215
		51.289406	1.075802
		51.488224	-3.186893
		52.486125	-1.890507
		53.478239	-2.258549
		53.803895	-1.549931
		54.892406	-2.923222
		54.980766	-1.615849
		55.862982	-4.263554
		55.958426	-3.186893
		53.409532	-3.000126
		53.751959	-0.335941
		50.726024	-3.543949
		50.152266	-5.065556
		51.624837	-3.94495
		
c	13 1 2 15 4 12 14 11 0 3 6 9 5 8 7 10	2713.71128029561	0.728628871970439	13	1	2	15	4	12	14	11	0	3	6	9	5	8	7	10		
		50.726024	-3.543949
		51.460852	-2.588139
		51.512161	-0.116215
		51.289406	1.075802
		53.478239	-2.258549
		51.624837	-3.94495
		50.152266	-5.065556
		51.488224	-3.186893
		52.486125	-1.890507
		53.803895	-1.549931
		53.751959	-0.335941
		55.958426	-3.186893
		53.409532	-3.000126
		54.892406	-2.923222
		54.980766	-1.615849
		55.862982	-4.263554
		
c	9 5 0 8 6 12 14 13 7 4 3 10 1 11 2 15	3394.23300358009	0.660576699641991	9	5	0	8	6	12	14	13	7	4	3	10	1	11	2	15		
		55.958426	-3.186893
		53.409532	-3.000126
		52.486125	-1.890507
		54.892406	-2.923222
		53.751959	-0.335941
		51.624837	-3.94495
		50.152266	-5.065556
		50.726024	-3.543949
		54.980766	-1.615849
		53.478239	-2.258549
		53.803895	-1.549931
		55.862982	-4.263554
		51.460852	-2.588139
		51.488224	-3.186893
		51.512161	-0.116215
		51.289406	1.075802
		
c	3 9 10 8 6 11 0 1 2 15 13 4 7 5 12 14	2923.3439524038	0.70766560475962	3	9	10	8	6	11	0	1	2	15	13	4	7	5	12	14		
		53.803895	-1.549931
		55.958426	-3.186893
		55.862982	-4.263554
		54.892406	-2.923222
		53.751959	-0.335941
		51.488224	-3.186893
		52.486125	-1.890507
		51.460852	-2.588139
		51.512161	-0.116215
		51.289406	1.075802
		50.726024	-3.543949
		53.478239	-2.258549
		54.980766	-1.615849
		53.409532	-3.000126
		51.624837	-3.94495
		50.152266	-5.065556
		
c	4 3 9 10 8 6 14 1 7 5 0 12 13 2 15 11	3108.99127422533	0.689100872577467	4	3	9	10	8	6	14	1	7	5	0	12	13	2	15	11		
		53.478239	-2.258549
		53.803895	-1.549931
		55.958426	-3.186893
		55.862982	-4.263554
		54.892406	-2.923222
		53.751959	-0.335941
		50.152266	-5.065556
		51.460852	-2.588139
		54.980766	-1.615849
		53.409532	-3.000126
		52.486125	-1.890507
		51.624837	-3.94495
		50.726024	-3.543949
		51.512161	-0.116215
		51.289406	1.075802
		51.488224	-3.186893
		
c	11 0 10 12 14 13 1 2 15 7 9 8 6 5 4 3	2903.41939650341	0.709658060349659	11	0	10	12	14	13	1	2	15	7	9	8	6	5	4	3		
		51.488224	-3.186893
		52.486125	-1.890507
		55.862982	-4.263554
		51.624837	-3.94495
		50.152266	-5.065556
		50.726024	-3.543949
		51.460852	-2.588139
		51.512161	-0.116215
		51.289406	1.075802
		54.980766	-1.615849
		55.958426	-3.186893
		54.892406	-2.923222
		53.751959	-0.335941
		53.409532	-3.000126
		53.478239	-2.258549
		53.803895	-1.549931
		
c	12 14 13 2 15 3 4 7 8 0 11 6 10 9 5 1	2943.55186775479	0.705644813224521	12	14	13	2	15	3	4	7	8	0	11	6	10	9	5	1		
		51.624837	-3.94495
		50.152266	-5.065556
		50.726024	-3.543949
		51.512161	-0.116215
		51.289406	1.075802
		53.803895	-1.549931
		53.478239	-2.258549
		54.980766	-1.615849
		54.892406	-2.923222
		52.486125	-1.890507
		51.488224	-3.186893
		53.751959	-0.335941
		55.862982	-4.263554
		55.958426	-3.186893
		53.409532	-3.000126
		51.460852	-2.588139
		
c	8 7 10 13 11 3 9 0 1 2 15 4 6 5 12 14	3290.0500789901	0.67099499210099	8	7	10	13	11	3	9	0	1	2	15	4	6	5	12	14		
		54.892406	-2.923222
		54.980766	-1.615849
		55.862982	-4.263554
		50.726024	-3.543949
		51.488224	-3.186893
		53.803895	-1.549931
		55.958426	-3.186893
		52.486125	-1.890507
		51.460852	-2.588139
		51.512161	-0.116215
		51.289406	1.075802
		53.478239	-2.258549
		53.751959	-0.335941
		53.409532	-3.000126
		51.624837	-3.94495
		50.152266	-5.065556
		
c	6 3 7 10 9 5 0 11 2 15 1 12 14 13 4 8	2462.87782672737	0.753712217327263	6	3	7	10	9	5	0	11	2	15	1	12	14	13	4	8		
		53.751959	-0.335941
		53.803895	-1.549931
		54.980766	-1.615849
		55.862982	-4.263554
		55.958426	-3.186893
		53.409532	-3.000126
		52.486125	-1.890507
		51.488224	-3.186893
		51.512161	-0.116215
		51.289406	1.075802
		51.460852	-2.588139
		51.624837	-3.94495
		50.152266	-5.065556
		50.726024	-3.543949
		53.478239	-2.258549
		54.892406	-2.923222
		
c	13 4 3 5 6 8 12 14 1 2 15 11 0 9 7 10	3083.25325246081	0.691674674753919	13	4	3	5	6	8	12	14	1	2	15	11	0	9	7	10		
		50.726024	-3.543949
		53.478239	-2.258549
		53.803895	-1.549931
		53.409532	-3.000126
		53.751959	-0.335941
		54.892406	-2.923222
		51.624837	-3.94495
		50.152266	-5.065556
		51.460852	-2.588139
		51.512161	-0.116215
		51.289406	1.075802
		51.488224	-3.186893
		52.486125	-1.890507
		55.958426	-3.186893
		54.980766	-1.615849
		55.862982	-4.263554
		
c	4 8 7 10 6 5 15 3 9 11 2 12 14 13 0 1	3552.59483727291	0.644740516272709	4	8	7	10	6	5	15	3	9	11	2	12	14	13	0	1		
		53.478239	-2.258549
		54.892406	-2.923222
		54.980766	-1.615849
		55.862982	-4.263554
		53.751959	-0.335941
		53.409532	-3.000126
		51.289406	1.075802
		53.803895	-1.549931
		55.958426	-3.186893
		51.488224	-3.186893
		51.512161	-0.116215
		51.624837	-3.94495
		50.152266	-5.065556
		50.726024	-3.543949
		52.486125	-1.890507
		51.460852	-2.588139
		
c	12 14 13 2 15 11 0 4 3 6 8 7 10 9 5 1	2396.85112543194	0.760314887456807	12	14	13	2	15	11	0	4	3	6	8	7	10	9	5	1		
		51.624837	-3.94495
		50.152266	-5.065556
		50.726024	-3.543949
		51.512161	-0.116215
		51.289406	1.075802
		51.488224	-3.186893
		52.486125	-1.890507
		53.478239	-2.258549
		53.803895	-1.549931
		53.751959	-0.335941
		54.892406	-2.923222
		54.980766	-1.615849
		55.862982	-4.263554
		55.958426	-3.186893
		53.409532	-3.000126
		51.460852	-2.588139
		
c	3 7 10 9 5 4 14 0 8 6 1 12 13 11 15 2	2937.23903298678	0.706276096701322	3	7	10	9	5	4	14	0	8	6	1	12	13	11	15	2		
		53.803895	-1.549931
		54.980766	-1.615849
		55.862982	-4.263554
		55.958426	-3.186893
		53.409532	-3.000126
		53.478239	-2.258549
		50.152266	-5.065556
		52.486125	-1.890507
		54.892406	-2.923222
		53.751959	-0.335941
		51.460852	-2.588139
		51.624837	-3.94495
		50.726024	-3.543949
		51.488224	-3.186893
		51.289406	1.075802
		51.512161	-0.116215
		
c	4 8 7 9 10 6 12 14 13 1 2 15 11 0 5 3	2486.02720515153	0.751397279484847	4	8	7	9	10	6	12	14	13	1	2	15	11	0	5	3		
		53.478239	-2.258549
		54.892406	-2.923222
		54.980766	-1.615849
		55.958426	-3.186893
		55.862982	-4.263554
		53.751959	-0.335941
		51.624837	-3.94495
		50.152266	-5.065556
		50.726024	-3.543949
		51.460852	-2.588139
		51.512161	-0.116215
		51.289406	1.075802
		51.488224	-3.186893
		52.486125	-1.890507
		53.409532	-3.000126
		53.803895	-1.549931
		
c	5 0 1 4 6 3 8 7 10 9 11 2 12 14 13 15	2792.73533397297	0.720726466602703	5	0	1	4	6	3	8	7	10	9	11	2	12	14	13	15		
		53.409532	-3.000126
		52.486125	-1.890507
		51.460852	-2.588139
		53.478239	-2.258549
		53.751959	-0.335941
		53.803895	-1.549931
		54.892406	-2.923222
		54.980766	-1.615849
		55.862982	-4.263554
		55.958426	-3.186893
		51.488224	-3.186893
		51.512161	-0.116215
		51.624837	-3.94495
		50.152266	-5.065556
		50.726024	-3.543949
		51.289406	1.075802
		
c	3 8 1 12 14 13 11 0 4 9 10 6 7 5 2 15	2702.72196154004	0.729727803845996	3	8	1	12	14	13	11	0	4	9	10	6	7	5	2	15		
		53.803895	-1.549931
		54.892406	-2.923222
		51.460852	-2.588139
		51.624837	-3.94495
		50.152266	-5.065556
		50.726024	-3.543949
		51.488224	-3.186893
		52.486125	-1.890507
		53.478239	-2.258549
		55.958426	-3.186893
		55.862982	-4.263554
		53.751959	-0.335941
		54.980766	-1.615849
		53.409532	-3.000126
		51.512161	-0.116215
		51.289406	1.075802
		
c	4 9 10 8 6 7 12 14 13 1 2 15 11 0 5 3	2601.89865093206	0.739810134906794	4	9	10	8	6	7	12	14	13	1	2	15	11	0	5	3		
		53.478239	-2.258549
		55.958426	-3.186893
		55.862982	-4.263554
		54.892406	-2.923222
		53.751959	-0.335941
		54.980766	-1.615849
		51.624837	-3.94495
		50.152266	-5.065556
		50.726024	-3.543949
		51.460852	-2.588139
		51.512161	-0.116215
		51.289406	1.075802
		51.488224	-3.186893
		52.486125	-1.890507
		53.409532	-3.000126
		53.803895	-1.549931
		
c	7 10 9 5 4 12 14 13 1 2 15 11 0 3 8 6	2447.96486411409	0.755203513588591	7	10	9	5	4	12	14	13	1	2	15	11	0	3	8	6		
		54.980766	-1.615849
		55.862982	-4.263554
		55.958426	-3.186893
		53.409532	-3.000126
		53.478239	-2.258549
		51.624837	-3.94495
		50.152266	-5.065556
		50.726024	-3.543949
		51.460852	-2.588139
		51.512161	-0.116215
		51.289406	1.075802
		51.488224	-3.186893
		52.486125	-1.890507
		53.803895	-1.549931
		54.892406	-2.923222
		53.751959	-0.335941
		
c	7 9 8 10 5 6 12 14 13 1 3 11 0 4 2 15	2773.79323463915	0.722620676536085	7	9	8	10	5	6	12	14	13	1	3	11	0	4	2	15		
		54.980766	-1.615849
		55.958426	-3.186893
		54.892406	-2.923222
		55.862982	-4.263554
		53.409532	-3.000126
		53.751959	-0.335941
		51.624837	-3.94495
		50.152266	-5.065556
		50.726024	-3.543949
		51.460852	-2.588139
		53.803895	-1.549931
		51.488224	-3.186893
		52.486125	-1.890507
		53.478239	-2.258549
		51.512161	-0.116215
		51.289406	1.075802
		
c	13 8 4 6 3 7 10 9 5 0 11 2 15 1 12 14	2614.85426337971	0.738514573662029	13	8	4	6	3	7	10	9	5	0	11	2	15	1	12	14		
		50.726024	-3.543949
		54.892406	-2.923222
		53.478239	-2.258549
		53.751959	-0.335941
		53.803895	-1.549931
		54.980766	-1.615849
		55.862982	-4.263554
		55.958426	-3.186893
		53.409532	-3.000126
		52.486125	-1.890507
		51.488224	-3.186893
		51.512161	-0.116215
		51.289406	1.075802
		51.460852	-2.588139
		51.624837	-3.94495
		50.152266	-5.065556
		
c	7 10 9 12 14 13 1 2 15 11 8 5 0 4 6 3	2706.68209372972	0.729331790627028	7	10	9	12	14	13	1	2	15	11	8	5	0	4	6	3		
		54.980766	-1.615849
		55.862982	-4.263554
		55.958426	-3.186893
		51.624837	-3.94495
		50.152266	-5.065556
		50.726024	-3.543949
		51.460852	-2.588139
		51.512161	-0.116215
		51.289406	1.075802
		51.488224	-3.186893
		54.892406	-2.923222
		53.409532	-3.000126
		52.486125	-1.890507
		53.478239	-2.258549
		53.751959	-0.335941
		53.803895	-1.549931
		
c	4 12 2 15 14 13 1 11 0 3 6 9 5 8 7 10	2711.86752786154	0.728813247213846	4	12	2	15	14	13	1	11	0	3	6	9	5	8	7	10		
		53.478239	-2.258549
		51.624837	-3.94495
		51.512161	-0.116215
		51.289406	1.075802
		50.152266	-5.065556
		50.726024	-3.543949
		51.460852	-2.588139
		51.488224	-3.186893
		52.486125	-1.890507
		53.803895	-1.549931
		53.751959	-0.335941
		55.958426	-3.186893
		53.409532	-3.000126
		54.892406	-2.923222
		54.980766	-1.615849
		55.862982	-4.263554
		
c	9 5 0 12 14 13 1 2 15 11 4 8 7 10 6 3	2641.92441387139	0.735807558612861	9	5	0	12	14	13	1	2	15	11	4	8	7	10	6	3		
		55.958426	-3.186893
		53.409532	-3.000126
		52.486125	-1.890507
		51.624837	-3.94495
		50.152266	-5.065556
		50.726024	-3.543949
		51.460852	-2.588139
		51.512161	-0.116215
		51.289406	1.075802
		51.488224	-3.186893
		53.478239	-2.258549
		54.892406	-2.923222
		54.980766	-1.615849
		55.862982	-4.263554
		53.751959	-0.335941
		53.803895	-1.549931
		
c	6 12 14 13 2 15 11 0 4 8 7 10 9 5 1 3	2819.54799008722	0.718045200991278	6	12	14	13	2	15	11	0	4	8	7	10	9	5	1	3		
		53.751959	-0.335941
		51.624837	-3.94495
		50.152266	-5.065556
		50.726024	-3.543949
		51.512161	-0.116215
		51.289406	1.075802
		51.488224	-3.186893
		52.486125	-1.890507
		53.478239	-2.258549
		54.892406	-2.923222
		54.980766	-1.615849
		55.862982	-4.263554
		55.958426	-3.186893
		53.409532	-3.000126
		51.460852	-2.588139
		53.803895	-1.549931
		
c	11 5 12 14 13 1 2 15 0 4 9 6 3 8 7 10	2544.54251598584	0.745545748401416	11	5	12	14	13	1	2	15	0	4	9	6	3	8	7	10		
		51.488224	-3.186893
		53.409532	-3.000126
		51.624837	-3.94495
		50.152266	-5.065556
		50.726024	-3.543949
		51.460852	-2.588139
		51.512161	-0.116215
		51.289406	1.075802
		52.486125	-1.890507
		53.478239	-2.258549
		55.958426	-3.186893
		53.751959	-0.335941
		53.803895	-1.549931
		54.892406	-2.923222
		54.980766	-1.615849
		55.862982	-4.263554
		
c	13 11 15 3 7 10 9 0 2 4 8 6 12 14 1 5	3268.45241707973	0.673154758292027	13	11	15	3	7	10	9	0	2	4	8	6	12	14	1	5		
		50.726024	-3.543949
		51.488224	-3.186893
		51.289406	1.075802
		53.803895	-1.549931
		54.980766	-1.615849
		55.862982	-4.263554
		55.958426	-3.186893
		52.486125	-1.890507
		51.512161	-0.116215
		53.478239	-2.258549
		54.892406	-2.923222
		53.751959	-0.335941
		51.624837	-3.94495
		50.152266	-5.065556
		51.460852	-2.588139
		53.409532	-3.000126
		
c	7 10 9 0 4 8 5 6 3 2 15 1 12 14 13 11	2462.4911394456	0.75375088605544	7	10	9	0	4	8	5	6	3	2	15	1	12	14	13	11		
		54.980766	-1.615849
		55.862982	-4.263554
		55.958426	-3.186893
		52.486125	-1.890507
		53.478239	-2.258549
		54.892406	-2.923222
		53.409532	-3.000126
		53.751959	-0.335941
		53.803895	-1.549931
		51.512161	-0.116215
		51.289406	1.075802
		51.460852	-2.588139
		51.624837	-3.94495
		50.152266	-5.065556
		50.726024	-3.543949
		51.488224	-3.186893
		
c	7 12 14 13 1 2 15 11 0 6 5 3 10 9 4 8	2773.11466515029	0.722688533484971	7	12	14	13	1	2	15	11	0	6	5	3	10	9	4	8		
		54.980766	-1.615849
		51.624837	-3.94495
		50.152266	-5.065556
		50.726024	-3.543949
		51.460852	-2.588139
		51.512161	-0.116215
		51.289406	1.075802
		51.488224	-3.186893
		52.486125	-1.890507
		53.751959	-0.335941
		53.409532	-3.000126
		53.803895	-1.549931
		55.862982	-4.263554
		55.958426	-3.186893
		53.478239	-2.258549
		54.892406	-2.923222
		
c	11 15 5 12 14 13 1 2 0 4 9 6 3 8 7 10	2823.84592987195	0.717615407012805	11	15	5	12	14	13	1	2	0	4	9	6	3	8	7	10		
		51.488224	-3.186893
		51.289406	1.075802
		53.409532	-3.000126
		51.624837	-3.94495
		50.152266	-5.065556
		50.726024	-3.543949
		51.460852	-2.588139
		51.512161	-0.116215
		52.486125	-1.890507
		53.478239	-2.258549
		55.958426	-3.186893
		53.751959	-0.335941
		53.803895	-1.549931
		54.892406	-2.923222
		54.980766	-1.615849
		55.862982	-4.263554
		
c	4 6 3 7 10 9 5 0 1 11 2 15 13 14 8 12	2848.11343755741	0.715188656244259	4	6	3	7	10	9	5	0	1	11	2	15	13	14	8	12		
		53.478239	-2.258549
		53.751959	-0.335941
		53.803895	-1.549931
		54.980766	-1.615849
		55.862982	-4.263554
		55.958426	-3.186893
		53.409532	-3.000126
		52.486125	-1.890507
		51.460852	-2.588139
		51.488224	-3.186893
		51.512161	-0.116215
		51.289406	1.075802
		50.726024	-3.543949
		50.152266	-5.065556
		54.892406	-2.923222
		51.624837	-3.94495
		
c	3 8 6 0 4 7 10 9 5 1 12 14 13 11 15 2	2458.11842211979	0.754188157788021	3	8	6	0	4	7	10	9	5	1	12	14	13	11	15	2		
		53.803895	-1.549931
		54.892406	-2.923222
		53.751959	-0.335941
		52.486125	-1.890507
		53.478239	-2.258549
		54.980766	-1.615849
		55.862982	-4.263554
		55.958426	-3.186893
		53.409532	-3.000126
		51.460852	-2.588139
		51.624837	-3.94495
		50.152266	-5.065556
		50.726024	-3.543949
		51.488224	-3.186893
		51.289406	1.075802
		51.512161	-0.116215
		
c	13 8 4 6 3 7 10 9 5 0 11 2 15 1 14 12	2746.13516999791	0.725386483000209	13	8	4	6	3	7	10	9	5	0	11	2	15	1	14	12		
		50.726024	-3.543949
		54.892406	-2.923222
		53.478239	-2.258549
		53.751959	-0.335941
		53.803895	-1.549931
		54.980766	-1.615849
		55.862982	-4.263554
		55.958426	-3.186893
		53.409532	-3.000126
		52.486125	-1.890507
		51.488224	-3.186893
		51.512161	-0.116215
		51.289406	1.075802
		51.460852	-2.588139
		50.152266	-5.065556
		51.624837	-3.94495
		
c	13 11 3 7 10 9 0 1 2 15 4 8 6 5 12 14	2813.16232056793	0.718683767943207	13	11	3	7	10	9	0	1	2	15	4	8	6	5	12	14		
		50.726024	-3.543949
		51.488224	-3.186893
		53.803895	-1.549931
		54.980766	-1.615849
		55.862982	-4.263554
		55.958426	-3.186893
		52.486125	-1.890507
		51.460852	-2.588139
		51.512161	-0.116215
		51.289406	1.075802
		53.478239	-2.258549
		54.892406	-2.923222
		53.751959	-0.335941
		53.409532	-3.000126
		51.624837	-3.94495
		50.152266	-5.065556
		
c	12 14 1 13 2 15 11 8 7 10 9 5 0 4 6 3	2610.13465668306	0.738986534331694	12	14	1	13	2	15	11	8	7	10	9	5	0	4	6	3		
		51.624837	-3.94495
		50.152266	-5.065556
		51.460852	-2.588139
		50.726024	-3.543949
		51.512161	-0.116215
		51.289406	1.075802
		51.488224	-3.186893
		54.892406	-2.923222
		54.980766	-1.615849
		55.862982	-4.263554
		55.958426	-3.186893
		53.409532	-3.000126
		52.486125	-1.890507
		53.478239	-2.258549
		53.751959	-0.335941
		53.803895	-1.549931
		
c	3 4 7 9 8 10 5 6 12 14 13 1 2 15 11 0	2547.62462370164	0.745237537629836	3	4	7	9	8	10	5	6	12	14	13	1	2	15	11	0		
		53.803895	-1.549931
		53.478239	-2.258549
		54.980766	-1.615849
		55.958426	-3.186893
		54.892406	-2.923222
		55.862982	-4.263554
		53.409532	-3.000126
		53.751959	-0.335941
		51.624837	-3.94495
		50.152266	-5.065556
		50.726024	-3.543949
		51.460852	-2.588139
		51.512161	-0.116215
		51.289406	1.075802
		51.488224	-3.186893
		52.486125	-1.890507
		
c	4 12 14 13 1 8 7 10 9 5 2 15 11 0 3 6	2700.28305050389	0.729971694949611	4	12	14	13	1	8	7	10	9	5	2	15	11	0	3	6		
		53.478239	-2.258549
		51.624837	-3.94495
		50.152266	-5.065556
		50.726024	-3.543949
		51.460852	-2.588139
		54.892406	-2.923222
		54.980766	-1.615849
		55.862982	-4.263554
		55.958426	-3.186893
		53.409532	-3.000126
		51.512161	-0.116215
		51.289406	1.075802
		51.488224	-3.186893
		52.486125	-1.890507
		53.803895	-1.549931
		53.751959	-0.335941
		
c	0 6 4 15 14 13 8 3 7 10 9 5 11 2 1 12	3198.10841787249	0.680189158212751	0	6	4	15	14	13	8	3	7	10	9	5	11	2	1	12		
		52.486125	-1.890507
		53.751959	-0.335941
		53.478239	-2.258549
		51.289406	1.075802
		50.152266	-5.065556
		50.726024	-3.543949
		54.892406	-2.923222
		53.803895	-1.549931
		54.980766	-1.615849
		55.862982	-4.263554
		55.958426	-3.186893
		53.409532	-3.000126
		51.488224	-3.186893
		51.512161	-0.116215
		51.460852	-2.588139
		51.624837	-3.94495
		
c	11 0 4 1 2 15 13 3 9 10 8 6 7 5 14 12	3039.29424959777	0.696070575040223	11	0	4	1	2	15	13	3	9	10	8	6	7	5	14	12		
		51.488224	-3.186893
		52.486125	-1.890507
		53.478239	-2.258549
		51.460852	-2.588139
		51.512161	-0.116215
		51.289406	1.075802
		50.726024	-3.543949
		53.803895	-1.549931
		55.958426	-3.186893
		55.862982	-4.263554
		54.892406	-2.923222
		53.751959	-0.335941
		54.980766	-1.615849
		53.409532	-3.000126
		50.152266	-5.065556
		51.624837	-3.94495
		
c	7 10 9 5 4 12 2 15 8 6 3 0 1 11 14 13	2590.75124250919	0.740924875749081	7	10	9	5	4	12	2	15	8	6	3	0	1	11	14	13		
		54.980766	-1.615849
		55.862982	-4.263554
		55.958426	-3.186893
		53.409532	-3.000126
		53.478239	-2.258549
		51.624837	-3.94495
		51.512161	-0.116215
		51.289406	1.075802
		54.892406	-2.923222
		53.751959	-0.335941
		53.803895	-1.549931
		52.486125	-1.890507
		51.460852	-2.588139
		51.488224	-3.186893
		50.152266	-5.065556
		50.726024	-3.543949
		
c	9 10 8 3 1 12 14 13 11 0 4 6 7 5 2 15	2231.6483639778	0.77683516360222	9	10	8	3	1	12	14	13	11	0	4	6	7	5	2	15		
		55.958426	-3.186893
		55.862982	-4.263554
		54.892406	-2.923222
		53.803895	-1.549931
		51.460852	-2.588139
		51.624837	-3.94495
		50.152266	-5.065556
		50.726024	-3.543949
		51.488224	-3.186893
		52.486125	-1.890507
		53.478239	-2.258549
		53.751959	-0.335941
		54.980766	-1.615849
		53.409532	-3.000126
		51.512161	-0.116215
		51.289406	1.075802
		
c	14 13 11 0 4 8 7 10 9 5 6 1 2 15 3 12	2617.61309780254	0.738238690219746	14	13	11	0	4	8	7	10	9	5	6	1	2	15	3	12		
		50.152266	-5.065556
		50.726024	-3.543949
		51.488224	-3.186893
		52.486125	-1.890507
		53.478239	-2.258549
		54.892406	-2.923222
		54.980766	-1.615849
		55.862982	-4.263554
		55.958426	-3.186893
		53.409532	-3.000126
		53.751959	-0.335941
		51.460852	-2.588139
		51.512161	-0.116215
		51.289406	1.075802
		53.803895	-1.549931
		51.624837	-3.94495
		
c	6 1 12 11 0 2 15 13 4 3 9 10 8 7 5 14	2680.81119393822	0.731918880606178	6	1	12	11	0	2	15	13	4	3	9	10	8	7	5	14		
		53.751959	-0.335941
		51.460852	-2.588139
		51.624837	-3.94495
		51.488224	-3.186893
		52.486125	-1.890507
		51.512161	-0.116215
		51.289406	1.075802
		50.726024	-3.543949
		53.478239	-2.258549
		53.803895	-1.549931
		55.958426	-3.186893
		55.862982	-4.263554
		54.892406	-2.923222
		54.980766	-1.615849
		53.409532	-3.000126
		50.152266	-5.065556
		
c	7 5 15 13 12 11 3 4 9 8 10 6 14 1 2 0	3345.59496710957	0.665440503289043	7	5	15	13	12	11	3	4	9	8	10	6	14	1	2	0		
		54.980766	-1.615849
		53.409532	-3.000126
		51.289406	1.075802
		50.726024	-3.543949
		51.624837	-3.94495
		51.488224	-3.186893
		53.803895	-1.549931
		53.478239	-2.258549
		55.958426	-3.186893
		54.892406	-2.923222
		55.862982	-4.263554
		53.751959	-0.335941
		50.152266	-5.065556
		51.460852	-2.588139
		51.512161	-0.116215
		52.486125	-1.890507
		
c	11 2 15 0 1 13 4 3 9 10 8 6 7 5 12 14	2571.96552522162	0.742803447477838	11	2	15	0	1	13	4	3	9	10	8	6	7	5	12	14		
		51.488224	-3.186893
		51.512161	-0.116215
		51.289406	1.075802
		52.486125	-1.890507
		51.460852	-2.588139
		50.726024	-3.543949
		53.478239	-2.258549
		53.803895	-1.549931
		55.958426	-3.186893
		55.862982	-4.263554
		54.892406	-2.923222
		53.751959	-0.335941
		54.980766	-1.615849
		53.409532	-3.000126
		51.624837	-3.94495
		50.152266	-5.065556
		
c	3 8 7 10 9 6 11 0 1 2 15 13 4 5 12 14	2729.15456924747	0.727084543075253	3	8	7	10	9	6	11	0	1	2	15	13	4	5	12	14		
		53.803895	-1.549931
		54.892406	-2.923222
		54.980766	-1.615849
		55.862982	-4.263554
		55.958426	-3.186893
		53.751959	-0.335941
		51.488224	-3.186893
		52.486125	-1.890507
		51.460852	-2.588139
		51.512161	-0.116215
		51.289406	1.075802
		50.726024	-3.543949
		53.478239	-2.258549
		53.409532	-3.000126
		51.624837	-3.94495
		50.152266	-5.065556
		
c	8 13 2 15 14 12 4 6 3 7 10 9 5 0 1 11	2852.21486653352	0.714778513346648	8	13	2	15	14	12	4	6	3	7	10	9	5	0	1	11		
		54.892406	-2.923222
		50.726024	-3.543949
		51.512161	-0.116215
		51.289406	1.075802
		50.152266	-5.065556
		51.624837	-3.94495
		53.478239	-2.258549
		53.751959	-0.335941
		53.803895	-1.549931
		54.980766	-1.615849
		55.862982	-4.263554
		55.958426	-3.186893
		53.409532	-3.000126
		52.486125	-1.890507
		51.460852	-2.588139
		51.488224	-3.186893
		
c	7 10 9 4 6 3 8 5 11 2 12 14 13 0 1 15	2672.91079139702	0.732708920860298	7	10	9	4	6	3	8	5	11	2	12	14	13	0	1	15		
		54.980766	-1.615849
		55.862982	-4.263554
		55.958426	-3.186893
		53.478239	-2.258549
		53.751959	-0.335941
		53.803895	-1.549931
		54.892406	-2.923222
		53.409532	-3.000126
		51.488224	-3.186893
		51.512161	-0.116215
		51.624837	-3.94495
		50.152266	-5.065556
		50.726024	-3.543949
		52.486125	-1.890507
		51.460852	-2.588139
		51.289406	1.075802
		
c	7 5 4 3 9 10 8 6 14 1 11 0 2 15 13 12	2589.56084354704	0.741043915645295	7	5	4	3	9	10	8	6	14	1	11	0	2	15	13	12		
		54.980766	-1.615849
		53.409532	-3.000126
		53.478239	-2.258549
		53.803895	-1.549931
		55.958426	-3.186893
		55.862982	-4.263554
		54.892406	-2.923222
		53.751959	-0.335941
		50.152266	-5.065556
		51.460852	-2.588139
		51.488224	-3.186893
		52.486125	-1.890507
		51.512161	-0.116215
		51.289406	1.075802
		50.726024	-3.543949
		51.624837	-3.94495
		
c	13 1 2 15 11 0 10 9 5 6 3 8 12 14 4 7	3109.98188980495	0.689001811019505	13	1	2	15	11	0	10	9	5	6	3	8	12	14	4	7		
		50.726024	-3.543949
		51.460852	-2.588139
		51.512161	-0.116215
		51.289406	1.075802
		51.488224	-3.186893
		52.486125	-1.890507
		55.862982	-4.263554
		55.958426	-3.186893
		53.409532	-3.000126
		53.751959	-0.335941
		53.803895	-1.549931
		54.892406	-2.923222
		51.624837	-3.94495
		50.152266	-5.065556
		53.478239	-2.258549
		54.980766	-1.615849
		
c	8 4 6 3 7 10 9 5 0 1 11 2 15 13 14 12	2276.62053323469	0.772337946676531	8	4	6	3	7	10	9	5	0	1	11	2	15	13	14	12		
		54.892406	-2.923222
		53.478239	-2.258549
		53.751959	-0.335941
		53.803895	-1.549931
		54.980766	-1.615849
		55.862982	-4.263554
		55.958426	-3.186893
		53.409532	-3.000126
		52.486125	-1.890507
		51.460852	-2.588139
		51.488224	-3.186893
		51.512161	-0.116215
		51.289406	1.075802
		50.726024	-3.543949
		50.152266	-5.065556
		51.624837	-3.94495
		
c	0 4 8 7 10 9 5 6 3 2 15 1 12 14 13 11	2270.11992578962	0.772988007421038	0	4	8	7	10	9	5	6	3	2	15	1	12	14	13	11		
		52.486125	-1.890507
		53.478239	-2.258549
		54.892406	-2.923222
		54.980766	-1.615849
		55.862982	-4.263554
		55.958426	-3.186893
		53.409532	-3.000126
		53.751959	-0.335941
		53.803895	-1.549931
		51.512161	-0.116215
		51.289406	1.075802
		51.460852	-2.588139
		51.624837	-3.94495
		50.152266	-5.065556
		50.726024	-3.543949
		51.488224	-3.186893
		
c	6 3 7 14 13 10 12 1 0 4 9 8 5 11 2 15	3378.15398748176	0.662184601251824	6	3	7	14	13	10	12	1	0	4	9	8	5	11	2	15		
		53.751959	-0.335941
		53.803895	-1.549931
		54.980766	-1.615849
		50.152266	-5.065556
		50.726024	-3.543949
		55.862982	-4.263554
		51.624837	-3.94495
		51.460852	-2.588139
		52.486125	-1.890507
		53.478239	-2.258549
		55.958426	-3.186893
		54.892406	-2.923222
		53.409532	-3.000126
		51.488224	-3.186893
		51.512161	-0.116215
		51.289406	1.075802
		
c	7 10 9 8 6 5 3 0 1 2 15 11 13 4 12 14	2526.72016550767	0.747327983449233	7	10	9	8	6	5	3	0	1	2	15	11	13	4	12	14		
		54.980766	-1.615849
		55.862982	-4.263554
		55.958426	-3.186893
		54.892406	-2.923222
		53.751959	-0.335941
		53.409532	-3.000126
		53.803895	-1.549931
		52.486125	-1.890507
		51.460852	-2.588139
		51.512161	-0.116215
		51.289406	1.075802
		51.488224	-3.186893
		50.726024	-3.543949
		53.478239	-2.258549
		51.624837	-3.94495
		50.152266	-5.065556
		
c	12 2 15 4 14 13 1 11 0 3 6 9 5 8 7 10	2775.39751843359	0.722460248156641	12	2	15	4	14	13	1	11	0	3	6	9	5	8	7	10		
		51.624837	-3.94495
		51.512161	-0.116215
		51.289406	1.075802
		53.478239	-2.258549
		50.152266	-5.065556
		50.726024	-3.543949
		51.460852	-2.588139
		51.488224	-3.186893
		52.486125	-1.890507
		53.803895	-1.549931
		53.751959	-0.335941
		55.958426	-3.186893
		53.409532	-3.000126
		54.892406	-2.923222
		54.980766	-1.615849
		55.862982	-4.263554
		
c	3 2 15 4 8 7 10 9 14 11 0 6 5 13 1 12	3054.99054938633	0.694500945061367	3	2	15	4	8	7	10	9	14	11	0	6	5	13	1	12		
		53.803895	-1.549931
		51.512161	-0.116215
		51.289406	1.075802
		53.478239	-2.258549
		54.892406	-2.923222
		54.980766	-1.615849
		55.862982	-4.263554
		55.958426	-3.186893
		50.152266	-5.065556
		51.488224	-3.186893
		52.486125	-1.890507
		53.751959	-0.335941
		53.409532	-3.000126
		50.726024	-3.543949
		51.460852	-2.588139
		51.624837	-3.94495
		
c	2 15 11 0 13 4 3 6 8 7 10 9 5 14 1 12	2760.21085090607	0.723978914909393	2	15	11	0	13	4	3	6	8	7	10	9	5	14	1	12		
		51.512161	-0.116215
		51.289406	1.075802
		51.488224	-3.186893
		52.486125	-1.890507
		50.726024	-3.543949
		53.478239	-2.258549
		53.803895	-1.549931
		53.751959	-0.335941
		54.892406	-2.923222
		54.980766	-1.615849
		55.862982	-4.263554
		55.958426	-3.186893
		53.409532	-3.000126
		50.152266	-5.065556
		51.460852	-2.588139
		51.624837	-3.94495
		
c	8 6 0 4 7 10 9 5 1 12 14 13 11 15 2 3	2580.43125470003	0.741956874529997	8	6	0	4	7	10	9	5	1	12	14	13	11	15	2	3		
		54.892406	-2.923222
		53.751959	-0.335941
		52.486125	-1.890507
		53.478239	-2.258549
		54.980766	-1.615849
		55.862982	-4.263554
		55.958426	-3.186893
		53.409532	-3.000126
		51.460852	-2.588139
		51.624837	-3.94495
		50.152266	-5.065556
		50.726024	-3.543949
		51.488224	-3.186893
		51.289406	1.075802
		51.512161	-0.116215
		53.803895	-1.549931
		
c	15 3 4 7 9 8 10 5 6 12 14 13 1 2 11 0	2708.44762752522	0.729155237247478	15	3	4	7	9	8	10	5	6	12	14	13	1	2	11	0		
		51.289406	1.075802
		53.803895	-1.549931
		53.478239	-2.258549
		54.980766	-1.615849
		55.958426	-3.186893
		54.892406	-2.923222
		55.862982	-4.263554
		53.409532	-3.000126
		53.751959	-0.335941
		51.624837	-3.94495
		50.152266	-5.065556
		50.726024	-3.543949
		51.460852	-2.588139
		51.512161	-0.116215
		51.488224	-3.186893
		52.486125	-1.890507
		
c	0 3 6 7 5 4 9 10 8 14 1 11 2 15 13 12	2668.43577749837	0.733156422250163	0	3	6	7	5	4	9	10	8	14	1	11	2	15	13	12		
		52.486125	-1.890507
		53.803895	-1.549931
		53.751959	-0.335941
		54.980766	-1.615849
		53.409532	-3.000126
		53.478239	-2.258549
		55.958426	-3.186893
		55.862982	-4.263554
		54.892406	-2.923222
		50.152266	-5.065556
		51.460852	-2.588139
		51.488224	-3.186893
		51.512161	-0.116215
		51.289406	1.075802
		50.726024	-3.543949
		51.624837	-3.94495
		
c	11 0 7 10 9 2 15 1 13 4 3 8 6 5 12 14	2970.55899429811	0.702944100570189	11	0	7	10	9	2	15	1	13	4	3	8	6	5	12	14		
		51.488224	-3.186893
		52.486125	-1.890507
		54.980766	-1.615849
		55.862982	-4.263554
		55.958426	-3.186893
		51.512161	-0.116215
		51.289406	1.075802
		51.460852	-2.588139
		50.726024	-3.543949
		53.478239	-2.258549
		53.803895	-1.549931
		54.892406	-2.923222
		53.751959	-0.335941
		53.409532	-3.000126
		51.624837	-3.94495
		50.152266	-5.065556
		
c	4 3 9 10 8 12 14 13 1 2 15 11 0 7 6 5	2621.60671383083	0.737839328616917	4	3	9	10	8	12	14	13	1	2	15	11	0	7	6	5		
		53.478239	-2.258549
		53.803895	-1.549931
		55.958426	-3.186893
		55.862982	-4.263554
		54.892406	-2.923222
		51.624837	-3.94495
		50.152266	-5.065556
		50.726024	-3.543949
		51.460852	-2.588139
		51.512161	-0.116215
		51.289406	1.075802
		51.488224	-3.186893
		52.486125	-1.890507
		54.980766	-1.615849
		53.751959	-0.335941
		53.409532	-3.000126
		
c	12 14 13 11 0 4 9 10 6 7 15 3 8 5 1 2	2988.31284113699	0.701168715886301	12	14	13	11	0	4	9	10	6	7	15	3	8	5	1	2		
		51.624837	-3.94495
		50.152266	-5.065556
		50.726024	-3.543949
		51.488224	-3.186893
		52.486125	-1.890507
		53.478239	-2.258549
		55.958426	-3.186893
		55.862982	-4.263554
		53.751959	-0.335941
		54.980766	-1.615849
		51.289406	1.075802
		53.803895	-1.549931
		54.892406	-2.923222
		53.409532	-3.000126
		51.460852	-2.588139
		51.512161	-0.116215
		
c	14 1 11 4 12 2 15 13 0 3 6 9 5 8 7 10	2901.39647695571	0.709860352304429	14	1	11	4	12	2	15	13	0	3	6	9	5	8	7	10		
		50.152266	-5.065556
		51.460852	-2.588139
		51.488224	-3.186893
		53.478239	-2.258549
		51.624837	-3.94495
		51.512161	-0.116215
		51.289406	1.075802
		50.726024	-3.543949
		52.486125	-1.890507
		53.803895	-1.549931
		53.751959	-0.335941
		55.958426	-3.186893
		53.409532	-3.000126
		54.892406	-2.923222
		54.980766	-1.615849
		55.862982	-4.263554
		
c	6 11 0 7 10 9 5 8 12 14 13 1 2 15 4 3	2878.12191167591	0.712187808832409	6	11	0	7	10	9	5	8	12	14	13	1	2	15	4	3		
		53.751959	-0.335941
		51.488224	-3.186893
		52.486125	-1.890507
		54.980766	-1.615849
		55.862982	-4.263554
		55.958426	-3.186893
		53.409532	-3.000126
		54.892406	-2.923222
		51.624837	-3.94495
		50.152266	-5.065556
		50.726024	-3.543949
		51.460852	-2.588139
		51.512161	-0.116215
		51.289406	1.075802
		53.478239	-2.258549
		53.803895	-1.549931
		
c	0 8 6 3 9 10 11 1 2 15 13 4 7 5 12 14	3092.84937825232	0.690715062174768	0	8	6	3	9	10	11	1	2	15	13	4	7	5	12	14		
		52.486125	-1.890507
		54.892406	-2.923222
		53.751959	-0.335941
		53.803895	-1.549931
		55.958426	-3.186893
		55.862982	-4.263554
		51.488224	-3.186893
		51.460852	-2.588139
		51.512161	-0.116215
		51.289406	1.075802
		50.726024	-3.543949
		53.478239	-2.258549
		54.980766	-1.615849
		53.409532	-3.000126
		51.624837	-3.94495
		50.152266	-5.065556
		
c	12 14 13 1 3 7 10 9 0 2 15 11 4 8 6 5	2798.88881395873	0.720111118604127	12	14	13	1	3	7	10	9	0	2	15	11	4	8	6	5		
		51.624837	-3.94495
		50.152266	-5.065556
		50.726024	-3.543949
		51.460852	-2.588139
		53.803895	-1.549931
		54.980766	-1.615849
		55.862982	-4.263554
		55.958426	-3.186893
		52.486125	-1.890507
		51.512161	-0.116215
		51.289406	1.075802
		51.488224	-3.186893
		53.478239	-2.258549
		54.892406	-2.923222
		53.751959	-0.335941
		53.409532	-3.000126
		
c	12 14 13 1 2 15 11 0 4 8 7 10 9 5 6 3	2274.0642827464	0.77259357172536	12	14	13	1	2	15	11	0	4	8	7	10	9	5	6	3		
		51.624837	-3.94495
		50.152266	-5.065556
		50.726024	-3.543949
		51.460852	-2.588139
		51.512161	-0.116215
		51.289406	1.075802
		51.488224	-3.186893
		52.486125	-1.890507
		53.478239	-2.258549
		54.892406	-2.923222
		54.980766	-1.615849
		55.862982	-4.263554
		55.958426	-3.186893
		53.409532	-3.000126
		53.751959	-0.335941
		53.803895	-1.549931
		
c	7 15 14 13 8 4 6 3 10 9 5 0 11 2 1 12	3249.33347984382	0.675066652015618	7	15	14	13	8	4	6	3	10	9	5	0	11	2	1	12		
		54.980766	-1.615849
		51.289406	1.075802
		50.152266	-5.065556
		50.726024	-3.543949
		54.892406	-2.923222
		53.478239	-2.258549
		53.751959	-0.335941
		53.803895	-1.549931
		55.862982	-4.263554
		55.958426	-3.186893
		53.409532	-3.000126
		52.486125	-1.890507
		51.488224	-3.186893
		51.512161	-0.116215
		51.460852	-2.588139
		51.624837	-3.94495
		
c	6 9 10 8 7 5 12 14 13 1 2 15 11 0 4 3	2280.6765377687	0.77193234622313	6	9	10	8	7	5	12	14	13	1	2	15	11	0	4	3		
		53.751959	-0.335941
		55.958426	-3.186893
		55.862982	-4.263554
		54.892406	-2.923222
		54.980766	-1.615849
		53.409532	-3.000126
		51.624837	-3.94495
		50.152266	-5.065556
		50.726024	-3.543949
		51.460852	-2.588139
		51.512161	-0.116215
		51.289406	1.075802
		51.488224	-3.186893
		52.486125	-1.890507
		53.478239	-2.258549
		53.803895	-1.549931
		
c	6 13 8 4 3 7 2 15 14 12 10 9 5 0 1 11	3451.23258164717	0.654876741835283	6	13	8	4	3	7	2	15	14	12	10	9	5	0	1	11		
		53.751959	-0.335941
		50.726024	-3.543949
		54.892406	-2.923222
		53.478239	-2.258549
		53.803895	-1.549931
		54.980766	-1.615849
		51.512161	-0.116215
		51.289406	1.075802
		50.152266	-5.065556
		51.624837	-3.94495
		55.862982	-4.263554
		55.958426	-3.186893
		53.409532	-3.000126
		52.486125	-1.890507
		51.460852	-2.588139
		51.488224	-3.186893
		
c	2 15 11 0 1 13 4 3 9 10 8 6 7 5 12 14	2554.89716848806	0.744510283151194	2	15	11	0	1	13	4	3	9	10	8	6	7	5	12	14		
		51.512161	-0.116215
		51.289406	1.075802
		51.488224	-3.186893
		52.486125	-1.890507
		51.460852	-2.588139
		50.726024	-3.543949
		53.478239	-2.258549
		53.803895	-1.549931
		55.958426	-3.186893
		55.862982	-4.263554
		54.892406	-2.923222
		53.751959	-0.335941
		54.980766	-1.615849
		53.409532	-3.000126
		51.624837	-3.94495
		50.152266	-5.065556
		
c	1 2 15 11 0 4 8 7 10 9 3 5 12 14 13 6	2601.2008739936	0.73987991260064	1	2	15	11	0	4	8	7	10	9	3	5	12	14	13	6		
		51.460852	-2.588139
		51.512161	-0.116215
		51.289406	1.075802
		51.488224	-3.186893
		52.486125	-1.890507
		53.478239	-2.258549
		54.892406	-2.923222
		54.980766	-1.615849
		55.862982	-4.263554
		55.958426	-3.186893
		53.803895	-1.549931
		53.409532	-3.000126
		51.624837	-3.94495
		50.152266	-5.065556
		50.726024	-3.543949
		53.751959	-0.335941
		
c	9 5 8 7 10 4 12 14 13 1 2 15 11 0 6 3	2620.2127913296	0.73797872086704	9	5	8	7	10	4	12	14	13	1	2	15	11	0	6	3		
		55.958426	-3.186893
		53.409532	-3.000126
		54.892406	-2.923222
		54.980766	-1.615849
		55.862982	-4.263554
		53.478239	-2.258549
		51.624837	-3.94495
		50.152266	-5.065556
		50.726024	-3.543949
		51.460852	-2.588139
		51.512161	-0.116215
		51.289406	1.075802
		51.488224	-3.186893
		52.486125	-1.890507
		53.751959	-0.335941
		53.803895	-1.549931
		
c	10 8 6 11 0 4 3 7 9 5 2 12 14 13 1 15	2759.93117836851	0.724006882163149	10	8	6	11	0	4	3	7	9	5	2	12	14	13	1	15		
		55.862982	-4.263554
		54.892406	-2.923222
		53.751959	-0.335941
		51.488224	-3.186893
		52.486125	-1.890507
		53.478239	-2.258549
		53.803895	-1.549931
		54.980766	-1.615849
		55.958426	-3.186893
		53.409532	-3.000126
		51.512161	-0.116215
		51.624837	-3.94495
		50.152266	-5.065556
		50.726024	-3.543949
		51.460852	-2.588139
		51.289406	1.075802
		
g19		2236.73750405863	0.776326249594137	0	3	8	7	10	9	5	0	1	11	12	14	13	2	15	4	6		
		53.803895	-1.549931
		54.892406	-2.923222
		54.980766	-1.615849
		55.862982	-4.263554
		55.958426	-3.186893
		53.409532	-3.000126
		52.486125	-1.890507
		51.460852	-2.588139
		51.488224	-3.186893
		51.624837	-3.94495
		50.152266	-5.065556
		50.726024	-3.543949
		51.512161	-0.116215
		51.289406	1.075802
		53.478239	-2.258549
		53.751959	-0.335941
		
g19		2251.49880491027	0.774850119508973	1	8	7	10	9	5	4	12	14	13	1	2	15	11	0	3	6		
		54.892406	-2.923222
		54.980766	-1.615849
		55.862982	-4.263554
		55.958426	-3.186893
		53.409532	-3.000126
		53.478239	-2.258549
		51.624837	-3.94495
		50.152266	-5.065556
		50.726024	-3.543949
		51.460852	-2.588139
		51.512161	-0.116215
		51.289406	1.075802
		51.488224	-3.186893
		52.486125	-1.890507
		53.803895	-1.549931
		53.751959	-0.335941
		
g19		2257.7194261139	0.77422805738861	2	10	9	5	0	1	11	12	14	13	2	15	4	3	8	6	7		
		55.862982	-4.263554
		55.958426	-3.186893
		53.409532	-3.000126
		52.486125	-1.890507
		51.460852	-2.588139
		51.488224	-3.186893
		51.624837	-3.94495
		50.152266	-5.065556
		50.726024	-3.543949
		51.512161	-0.116215
		51.289406	1.075802
		53.478239	-2.258549
		53.803895	-1.549931
		54.892406	-2.923222
		53.751959	-0.335941
		54.980766	-1.615849
		
g19		2260.82423546293	0.773917576453707	3	7	10	9	8	6	5	12	14	13	1	2	15	11	0	4	3		
		54.980766	-1.615849
		55.862982	-4.263554
		55.958426	-3.186893
		54.892406	-2.923222
		53.751959	-0.335941
		53.409532	-3.000126
		51.624837	-3.94495
		50.152266	-5.065556
		50.726024	-3.543949
		51.460852	-2.588139
		51.512161	-0.116215
		51.289406	1.075802
		51.488224	-3.186893
		52.486125	-1.890507
		53.478239	-2.258549
		53.803895	-1.549931
		
g19		2260.98868365819	0.773901131634181	4	9	10	8	6	7	5	12	14	13	1	2	15	11	0	4	3		
		55.958426	-3.186893
		55.862982	-4.263554
		54.892406	-2.923222
		53.751959	-0.335941
		54.980766	-1.615849
		53.409532	-3.000126
		51.624837	-3.94495
		50.152266	-5.065556
		50.726024	-3.543949
		51.460852	-2.588139
		51.512161	-0.116215
		51.289406	1.075802
		51.488224	-3.186893
		52.486125	-1.890507
		53.478239	-2.258549
		53.803895	-1.549931
		
g19		2266.98348044534	0.773301651955466	5	12	14	13	1	2	15	11	0	7	10	9	8	6	5	4	3		
		51.624837	-3.94495
		50.152266	-5.065556
		50.726024	-3.543949
		51.460852	-2.588139
		51.512161	-0.116215
		51.289406	1.075802
		51.488224	-3.186893
		52.486125	-1.890507
		54.980766	-1.615849
		55.862982	-4.263554
		55.958426	-3.186893
		54.892406	-2.923222
		53.751959	-0.335941
		53.409532	-3.000126
		53.478239	-2.258549
		53.803895	-1.549931
		
