c	9 10 8 3 14 13 0 6 7 4 5 1 11 12 2 15	2401.49651329585	0.759850348670415	9	10	8	3	14	13	0	6	7	4	5	1	11	12	2	15		
		55.958426	-3.186893
		55.862982	-4.263554
		54.892406	-2.923222
		53.803895	-1.549931
		50.152266	-5.065556
		50.726024	-3.543949
		52.486125	-1.890507
		53.751959	-0.335941
		54.980766	-1.615849
		53.478239	-2.258549
		53.409532	-3.000126
		51.460852	-2.588139
		51.488224	-3.186893
		51.624837	-3.94495
		51.512161	-0.116215
		51.289406	1.075802
		
c	0 1 11 13 2 15 6 7 9 10 8 5 3 4 12 14	2142.95379429447	0.785704620570553	0	1	11	13	2	15	6	7	9	10	8	5	3	4	12	14		
		52.486125	-1.890507
		51.460852	-2.588139
		51.488224	-3.186893
		50.726024	-3.543949
		51.512161	-0.116215
		51.289406	1.075802
		53.751959	-0.335941
		54.980766	-1.615849
		55.958426	-3.186893
		55.862982	-4.263554
		54.892406	-2.923222
		53.409532	-3.000126
		53.803895	-1.549931
		53.478239	-2.258549
		51.624837	-3.94495
		50.152266	-5.065556
		
c	12 14 13 7 6 8 9 10 3 4 5 0 1 11 2 15	2342.09373950134	0.765790626049866	12	14	13	7	6	8	9	10	3	4	5	0	1	11	2	15		
		51.624837	-3.94495
		50.152266	-5.065556
		50.726024	-3.543949
		54.980766	-1.615849
		53.751959	-0.335941
		54.892406	-2.923222
		55.958426	-3.186893
		55.862982	-4.263554
		53.803895	-1.549931
		53.478239	-2.258549
		53.409532	-3.000126
		52.486125	-1.890507
		51.460852	-2.588139
		51.488224	-3.186893
		51.512161	-0.116215
		51.289406	1.075802
		
c	13 2 3 6 7 9 10 8 5 4 0 1 11 12 14 15	2298.55737132333	0.770144262867667	13	2	3	6	7	9	10	8	5	4	0	1	11	12	14	15		
		50.726024	-3.543949
		51.512161	-0.116215
		53.803895	-1.549931
		53.751959	-0.335941
		54.980766	-1.615849
		55.958426	-3.186893
		55.862982	-4.263554
		54.892406	-2.923222
		53.409532	-3.000126
		53.478239	-2.258549
		52.486125	-1.890507
		51.460852	-2.588139
		51.488224	-3.186893
		51.624837	-3.94495
		50.152266	-5.065556
		51.289406	1.075802
		
c	10 0 1 11 12 3 4 9 7 8 5 6 14 13 2 15	2815.1041430534	0.71848958569466	10	0	1	11	12	3	4	9	7	8	5	6	14	13	2	15		
		55.862982	-4.263554
		52.486125	-1.890507
		51.460852	-2.588139
		51.488224	-3.186893
		51.624837	-3.94495
		53.803895	-1.549931
		53.478239	-2.258549
		55.958426	-3.186893
		54.980766	-1.615849
		54.892406	-2.923222
		53.409532	-3.000126
		53.751959	-0.335941
		50.152266	-5.065556
		50.726024	-3.543949
		51.512161	-0.116215
		51.289406	1.075802
		
c	10 9 5 8 7 6 3 4 0 1 11 12 14 13 2 15	1880.21985608789	0.811978014391211	10	9	5	8	7	6	3	4	0	1	11	12	14	13	2	15		
		55.862982	-4.263554
		55.958426	-3.186893
		53.409532	-3.000126
		54.892406	-2.923222
		54.980766	-1.615849
		53.751959	-0.335941
		53.803895	-1.549931
		53.478239	-2.258549
		52.486125	-1.890507
		51.460852	-2.588139
		51.488224	-3.186893
		51.624837	-3.94495
		50.152266	-5.065556
		50.726024	-3.543949
		51.512161	-0.116215
		51.289406	1.075802
		
c	2 10 9 8 5 7 6 3 4 0 1 11 12 14 13 15	2372.18544203679	0.762781455796321	2	10	9	8	5	7	6	3	4	0	1	11	12	14	13	15		
		51.512161	-0.116215
		55.862982	-4.263554
		55.958426	-3.186893
		54.892406	-2.923222
		53.409532	-3.000126
		54.980766	-1.615849
		53.751959	-0.335941
		53.803895	-1.549931
		53.478239	-2.258549
		52.486125	-1.890507
		51.460852	-2.588139
		51.488224	-3.186893
		51.624837	-3.94495
		50.152266	-5.065556
		50.726024	-3.543949
		51.289406	1.075802
		
c	5 9 10 8 3 4 6 7 0 1 11 12 14 13 2 15	2133.9542204422	0.78660457795578	5	9	10	8	3	4	6	7	0	1	11	12	14	13	2	15		
		53.409532	-3.000126
		55.958426	-3.186893
		55.862982	-4.263554
		54.892406	-2.923222
		53.803895	-1.549931
		53.478239	-2.258549
		53.751959	-0.335941
		54.980766	-1.615849
		52.486125	-1.890507
		51.460852	-2.588139
		51.488224	-3.186893
		51.624837	-3.94495
		50.152266	-5.065556
		50.726024	-3.543949
		51.512161	-0.116215
		51.289406	1.075802
		
c	6 7 8 1 11 12 14 13 2 0 3 10 9 4 5 15	2645.53405022296	0.735446594977704	6	7	8	1	11	12	14	13	2	0	3	10	9	4	5	15		
		53.751959	-0.335941
		54.980766	-1.615849
		54.892406	-2.923222
		51.460852	-2.588139
		51.488224	-3.186893
		51.624837	-3.94495
		50.152266	-5.065556
		50.726024	-3.543949
		51.512161	-0.116215
		52.486125	-1.890507
		53.803895	-1.549931
		55.862982	-4.263554
		55.958426	-3.186893
		53.478239	-2.258549
		53.409532	-3.000126
		51.289406	1.075802
		
c	13 2 15 6 7 9 10 8 5 3 4 0 1 11 12 14	1986.69999328589	0.801330000671411	13	2	15	6	7	9	10	8	5	3	4	0	1	11	12	14		
		50.726024	-3.543949
		51.512161	-0.116215
		51.289406	1.075802
		53.751959	-0.335941
		54.980766	-1.615849
		55.958426	-3.186893
		55.862982	-4.263554
		54.892406	-2.923222
		53.409532	-3.000126
		53.803895	-1.549931
		53.478239	-2.258549
		52.486125	-1.890507
		51.460852	-2.588139
		51.488224	-3.186893
		51.624837	-3.94495
		50.152266	-5.065556
		
c	3 4 6 0 1 5 7 9 10 8 11 12 14 13 2 15	2336.50670633637	0.766349329366363	3	4	6	0	1	5	7	9	10	8	11	12	14	13	2	15		
		53.803895	-1.549931
		53.478239	-2.258549
		53.751959	-0.335941
		52.486125	-1.890507
		51.460852	-2.588139
		53.409532	-3.000126
		54.980766	-1.615849
		55.958426	-3.186893
		55.862982	-4.263554
		54.892406	-2.923222
		51.488224	-3.186893
		51.624837	-3.94495
		50.152266	-5.065556
		50.726024	-3.543949
		51.512161	-0.116215
		51.289406	1.075802
		
c	13 0 6 14 9 10 8 7 5 3 4 1 11 12 2 15	2896.75885975082	0.710324114024918	13	0	6	14	9	10	8	7	5	3	4	1	11	12	2	15		
		50.726024	-3.543949
		52.486125	-1.890507
		53.751959	-0.335941
		50.152266	-5.065556
		55.958426	-3.186893
		55.862982	-4.263554
		54.892406	-2.923222
		54.980766	-1.615849
		53.409532	-3.000126
		53.803895	-1.549931
		53.478239	-2.258549
		51.460852	-2.588139
		51.488224	-3.186893
		51.624837	-3.94495
		51.512161	-0.116215
		51.289406	1.075802
		
c	13 5 4 3 6 7 9 10 8 2 0 11 12 14 1 15	2444.04854229506	0.755595145770494	13	5	4	3	6	7	9	10	8	2	0	11	12	14	1	15		
		50.726024	-3.543949
		53.409532	-3.000126
		53.478239	-2.258549
		53.803895	-1.549931
		53.751959	-0.335941
		54.980766	-1.615849
		55.958426	-3.186893
		55.862982	-4.263554
		54.892406	-2.923222
		51.512161	-0.116215
		52.486125	-1.890507
		51.488224	-3.186893
		51.624837	-3.94495
		50.152266	-5.065556
		51.460852	-2.588139
		51.289406	1.075802
		
c	3 9 10 8 7 4 0 1 6 5 11 12 14 13 2 15	2352.54401463886	0.764745598536114	3	9	10	8	7	4	0	1	6	5	11	12	14	13	2	15		
		53.803895	-1.549931
		55.958426	-3.186893
		55.862982	-4.263554
		54.892406	-2.923222
		54.980766	-1.615849
		53.478239	-2.258549
		52.486125	-1.890507
		51.460852	-2.588139
		53.751959	-0.335941
		53.409532	-3.000126
		51.488224	-3.186893
		51.624837	-3.94495
		50.152266	-5.065556
		50.726024	-3.543949
		51.512161	-0.116215
		51.289406	1.075802
		
c	1 11 12 14 9 10 8 5 4 3 6 7 0 13 2 15	2499.65242312125	0.750034757687875	1	11	12	14	9	10	8	5	4	3	6	7	0	13	2	15		
		51.460852	-2.588139
		51.488224	-3.186893
		51.624837	-3.94495
		50.152266	-5.065556
		55.958426	-3.186893
		55.862982	-4.263554
		54.892406	-2.923222
		53.409532	-3.000126
		53.478239	-2.258549
		53.803895	-1.549931
		53.751959	-0.335941
		54.980766	-1.615849
		52.486125	-1.890507
		50.726024	-3.543949
		51.512161	-0.116215
		51.289406	1.075802
		
c	4 0 1 11 12 3 6 7 10 9 5 8 14 13 2 15	2586.77213837524	0.741322786162476	4	0	1	11	12	3	6	7	10	9	5	8	14	13	2	15		
		53.478239	-2.258549
		52.486125	-1.890507
		51.460852	-2.588139
		51.488224	-3.186893
		51.624837	-3.94495
		53.803895	-1.549931
		53.751959	-0.335941
		54.980766	-1.615849
		55.862982	-4.263554
		55.958426	-3.186893
		53.409532	-3.000126
		54.892406	-2.923222
		50.152266	-5.065556
		50.726024	-3.543949
		51.512161	-0.116215
		51.289406	1.075802
		
c	3 7 9 10 8 5 4 0 1 11 12 14 13 6 2 15	2074.27715268087	0.792572284731913	3	7	9	10	8	5	4	0	1	11	12	14	13	6	2	15		
		53.803895	-1.549931
		54.980766	-1.615849
		55.958426	-3.186893
		55.862982	-4.263554
		54.892406	-2.923222
		53.409532	-3.000126
		53.478239	-2.258549
		52.486125	-1.890507
		51.460852	-2.588139
		51.488224	-3.186893
		51.624837	-3.94495
		50.152266	-5.065556
		50.726024	-3.543949
		53.751959	-0.335941
		51.512161	-0.116215
		51.289406	1.075802
		
c	8 10 5 6 3 4 7 9 11 12 14 13 1 0 2 15	2396.75602461693	0.760324397538307	8	10	5	6	3	4	7	9	11	12	14	13	1	0	2	15		
		54.892406	-2.923222
		55.862982	-4.263554
		53.409532	-3.000126
		53.751959	-0.335941
		53.803895	-1.549931
		53.478239	-2.258549
		54.980766	-1.615849
		55.958426	-3.186893
		51.488224	-3.186893
		51.624837	-3.94495
		50.152266	-5.065556
		50.726024	-3.543949
		51.460852	-2.588139
		52.486125	-1.890507
		51.512161	-0.116215
		51.289406	1.075802
		
c	9 10 5 6 3 7 8 4 0 1 11 12 14 13 2 15	1971.266963753	0.8028733036247	9	10	5	6	3	7	8	4	0	1	11	12	14	13	2	15		
		55.958426	-3.186893
		55.862982	-4.263554
		53.409532	-3.000126
		53.751959	-0.335941
		53.803895	-1.549931
		54.980766	-1.615849
		54.892406	-2.923222
		53.478239	-2.258549
		52.486125	-1.890507
		51.460852	-2.588139
		51.488224	-3.186893
		51.624837	-3.94495
		50.152266	-5.065556
		50.726024	-3.543949
		51.512161	-0.116215
		51.289406	1.075802
		
c	5 6 3 4 0 1 11 12 14 13 2 7 9 10 8 15	2445.1721485326	0.75548278514674	5	6	3	4	0	1	11	12	14	13	2	7	9	10	8	15		
		53.409532	-3.000126
		53.751959	-0.335941
		53.803895	-1.549931
		53.478239	-2.258549
		52.486125	-1.890507
		51.460852	-2.588139
		51.488224	-3.186893
		51.624837	-3.94495
		50.152266	-5.065556
		50.726024	-3.543949
		51.512161	-0.116215
		54.980766	-1.615849
		55.958426	-3.186893
		55.862982	-4.263554
		54.892406	-2.923222
		51.289406	1.075802
		
c	7 9 10 8 5 4 3 0 1 13 2 6 11 12 14 15	2510.78988047569	0.748921011952431	7	9	10	8	5	4	3	0	1	13	2	6	11	12	14	15		
		54.980766	-1.615849
		55.958426	-3.186893
		55.862982	-4.263554
		54.892406	-2.923222
		53.409532	-3.000126
		53.478239	-2.258549
		53.803895	-1.549931
		52.486125	-1.890507
		51.460852	-2.588139
		50.726024	-3.543949
		51.512161	-0.116215
		53.751959	-0.335941
		51.488224	-3.186893
		51.624837	-3.94495
		50.152266	-5.065556
		51.289406	1.075802
		
c	10 5 4 0 1 11 12 6 3 7 9 8 14 13 2 15	2496.81910493831	0.750318089506169	10	5	4	0	1	11	12	6	3	7	9	8	14	13	2	15		
		55.862982	-4.263554
		53.409532	-3.000126
		53.478239	-2.258549
		52.486125	-1.890507
		51.460852	-2.588139
		51.488224	-3.186893
		51.624837	-3.94495
		53.751959	-0.335941
		53.803895	-1.549931
		54.980766	-1.615849
		55.958426	-3.186893
		54.892406	-2.923222
		50.152266	-5.065556
		50.726024	-3.543949
		51.512161	-0.116215
		51.289406	1.075802
		
c	7 9 14 13 2 5 4 3 6 8 10 0 1 11 12 15	2983.86618635074	0.701613381364927	7	9	14	13	2	5	4	3	6	8	10	0	1	11	12	15		
		54.980766	-1.615849
		55.958426	-3.186893
		50.152266	-5.065556
		50.726024	-3.543949
		51.512161	-0.116215
		53.409532	-3.000126
		53.478239	-2.258549
		53.803895	-1.549931
		53.751959	-0.335941
		54.892406	-2.923222
		55.862982	-4.263554
		52.486125	-1.890507
		51.460852	-2.588139
		51.488224	-3.186893
		51.624837	-3.94495
		51.289406	1.075802
		
c	0 6 7 10 9 8 3 4 5 1 11 12 14 13 2 15	1937.55568769151	0.806244431230849	0	6	7	10	9	8	3	4	5	1	11	12	14	13	2	15		
		52.486125	-1.890507
		53.751959	-0.335941
		54.980766	-1.615849
		55.862982	-4.263554
		55.958426	-3.186893
		54.892406	-2.923222
		53.803895	-1.549931
		53.478239	-2.258549
		53.409532	-3.000126
		51.460852	-2.588139
		51.488224	-3.186893
		51.624837	-3.94495
		50.152266	-5.065556
		50.726024	-3.543949
		51.512161	-0.116215
		51.289406	1.075802
		
c	5 3 4 0 1 11 12 14 13 2 6 7 9 10 8 15	2301.45264473548	0.769854735526452	5	3	4	0	1	11	12	14	13	2	6	7	9	10	8	15		
		53.409532	-3.000126
		53.803895	-1.549931
		53.478239	-2.258549
		52.486125	-1.890507
		51.460852	-2.588139
		51.488224	-3.186893
		51.624837	-3.94495
		50.152266	-5.065556
		50.726024	-3.543949
		51.512161	-0.116215
		53.751959	-0.335941
		54.980766	-1.615849
		55.958426	-3.186893
		55.862982	-4.263554
		54.892406	-2.923222
		51.289406	1.075802
		
c	8 5 4 3 0 1 11 15 6 7 9 10 12 14 13 2	2581.86382642297	0.741813617357703	8	5	4	3	0	1	11	15	6	7	9	10	12	14	13	2		
		54.892406	-2.923222
		53.409532	-3.000126
		53.478239	-2.258549
		53.803895	-1.549931
		52.486125	-1.890507
		51.460852	-2.588139
		51.488224	-3.186893
		51.289406	1.075802
		53.751959	-0.335941
		54.980766	-1.615849
		55.958426	-3.186893
		55.862982	-4.263554
		51.624837	-3.94495
		50.152266	-5.065556
		50.726024	-3.543949
		51.512161	-0.116215
		
c	4 9 10 3 8 5 7 0 1 11 12 14 13 6 2 15	2690.69586705524	0.730930413294476	4	9	10	3	8	5	7	0	1	11	12	14	13	6	2	15		
		53.478239	-2.258549
		55.958426	-3.186893
		55.862982	-4.263554
		53.803895	-1.549931
		54.892406	-2.923222
		53.409532	-3.000126
		54.980766	-1.615849
		52.486125	-1.890507
		51.460852	-2.588139
		51.488224	-3.186893
		51.624837	-3.94495
		50.152266	-5.065556
		50.726024	-3.543949
		53.751959	-0.335941
		51.512161	-0.116215
		51.289406	1.075802
		
c	10 8 5 3 4 0 1 7 9 6 11 12 14 13 2 15	2571.82700329202	0.742817299670798	10	8	5	3	4	0	1	7	9	6	11	12	14	13	2	15		
		55.862982	-4.263554
		54.892406	-2.923222
		53.409532	-3.000126
		53.803895	-1.549931
		53.478239	-2.258549
		52.486125	-1.890507
		51.460852	-2.588139
		54.980766	-1.615849
		55.958426	-3.186893
		53.751959	-0.335941
		51.488224	-3.186893
		51.624837	-3.94495
		50.152266	-5.065556
		50.726024	-3.543949
		51.512161	-0.116215
		51.289406	1.075802
		
c	0 1 13 2 15 6 7 9 10 8 5 3 4 11 12 14	2167.62069331326	0.783237930668674	0	1	13	2	15	6	7	9	10	8	5	3	4	11	12	14		
		52.486125	-1.890507
		51.460852	-2.588139
		50.726024	-3.543949
		51.512161	-0.116215
		51.289406	1.075802
		53.751959	-0.335941
		54.980766	-1.615849
		55.958426	-3.186893
		55.862982	-4.263554
		54.892406	-2.923222
		53.409532	-3.000126
		53.803895	-1.549931
		53.478239	-2.258549
		51.488224	-3.186893
		51.624837	-3.94495
		50.152266	-5.065556
		
c	1 11 12 3 4 9 10 7 8 5 6 0 14 13 2 15	2400.76807176113	0.759923192823887	1	11	12	3	4	9	10	7	8	5	6	0	14	13	2	15		
		51.460852	-2.588139
		51.488224	-3.186893
		51.624837	-3.94495
		53.803895	-1.549931
		53.478239	-2.258549
		55.958426	-3.186893
		55.862982	-4.263554
		54.980766	-1.615849
		54.892406	-2.923222
		53.409532	-3.000126
		53.751959	-0.335941
		52.486125	-1.890507
		50.152266	-5.065556
		50.726024	-3.543949
		51.512161	-0.116215
		51.289406	1.075802
		
c	9 10 5 6 3 8 7 4 0 1 11 12 14 13 2 15	1999.69735806196	0.800030264193804	9	10	5	6	3	8	7	4	0	1	11	12	14	13	2	15		
		55.958426	-3.186893
		55.862982	-4.263554
		53.409532	-3.000126
		53.751959	-0.335941
		53.803895	-1.549931
		54.892406	-2.923222
		54.980766	-1.615849
		53.478239	-2.258549
		52.486125	-1.890507
		51.460852	-2.588139
		51.488224	-3.186893
		51.624837	-3.94495
		50.152266	-5.065556
		50.726024	-3.543949
		51.512161	-0.116215
		51.289406	1.075802
		
c	14 13 7 6 0 1 11 12 9 10 8 5 3 4 2 15	2537.59634828807	0.746240365171193	14	13	7	6	0	1	11	12	9	10	8	5	3	4	2	15		
		50.152266	-5.065556
		50.726024	-3.543949
		54.980766	-1.615849
		53.751959	-0.335941
		52.486125	-1.890507
		51.460852	-2.588139
		51.488224	-3.186893
		51.624837	-3.94495
		55.958426	-3.186893
		55.862982	-4.263554
		54.892406	-2.923222
		53.409532	-3.000126
		53.803895	-1.549931
		53.478239	-2.258549
		51.512161	-0.116215
		51.289406	1.075802
		
c	6 3 5 9 10 8 4 7 0 1 11 12 14 13 2 15	2154.90124854968	0.784509875145032	6	3	5	9	10	8	4	7	0	1	11	12	14	13	2	15		
		53.751959	-0.335941
		53.803895	-1.549931
		53.409532	-3.000126
		55.958426	-3.186893
		55.862982	-4.263554
		54.892406	-2.923222
		53.478239	-2.258549
		54.980766	-1.615849
		52.486125	-1.890507
		51.460852	-2.588139
		51.488224	-3.186893
		51.624837	-3.94495
		50.152266	-5.065556
		50.726024	-3.543949
		51.512161	-0.116215
		51.289406	1.075802
		
c	9 10 6 3 7 8 5 4 0 1 11 12 14 13 2 15	1902.32571254174	0.809767428745826	9	10	6	3	7	8	5	4	0	1	11	12	14	13	2	15		
		55.958426	-3.186893
		55.862982	-4.263554
		53.751959	-0.335941
		53.803895	-1.549931
		54.980766	-1.615849
		54.892406	-2.923222
		53.409532	-3.000126
		53.478239	-2.258549
		52.486125	-1.890507
		51.460852	-2.588139
		51.488224	-3.186893
		51.624837	-3.94495
		50.152266	-5.065556
		50.726024	-3.543949
		51.512161	-0.116215
		51.289406	1.075802
		
c	4 3 8 5 6 7 9 10 0 1 11 12 14 13 2 15	2202.6089775286	0.77973910224714	4	3	8	5	6	7	9	10	0	1	11	12	14	13	2	15		
		53.478239	-2.258549
		53.803895	-1.549931
		54.892406	-2.923222
		53.409532	-3.000126
		53.751959	-0.335941
		54.980766	-1.615849
		55.958426	-3.186893
		55.862982	-4.263554
		52.486125	-1.890507
		51.460852	-2.588139
		51.488224	-3.186893
		51.624837	-3.94495
		50.152266	-5.065556
		50.726024	-3.543949
		51.512161	-0.116215
		51.289406	1.075802
		
c	1 11 12 6 3 9 8 7 10 4 5 0 14 13 2 15	2452.37929866635	0.754762070133365	1	11	12	6	3	9	8	7	10	4	5	0	14	13	2	15		
		51.460852	-2.588139
		51.488224	-3.186893
		51.624837	-3.94495
		53.751959	-0.335941
		53.803895	-1.549931
		55.958426	-3.186893
		54.892406	-2.923222
		54.980766	-1.615849
		55.862982	-4.263554
		53.478239	-2.258549
		53.409532	-3.000126
		52.486125	-1.890507
		50.152266	-5.065556
		50.726024	-3.543949
		51.512161	-0.116215
		51.289406	1.075802
		
c	12 14 13 6 7 10 9 8 3 4 5 0 2 1 11 15	2307.03305101575	0.769296694898425	12	14	13	6	7	10	9	8	3	4	5	0	2	1	11	15		
		51.624837	-3.94495
		50.152266	-5.065556
		50.726024	-3.543949
		53.751959	-0.335941
		54.980766	-1.615849
		55.862982	-4.263554
		55.958426	-3.186893
		54.892406	-2.923222
		53.803895	-1.549931
		53.478239	-2.258549
		53.409532	-3.000126
		52.486125	-1.890507
		51.512161	-0.116215
		51.460852	-2.588139
		51.488224	-3.186893
		51.289406	1.075802
		
c	0 1 11 6 3 7 9 10 8 5 2 4 12 14 13 15	2631.4001090028	0.73685998909972	0	1	11	6	3	7	9	10	8	5	2	4	12	14	13	15		
		52.486125	-1.890507
		51.460852	-2.588139
		51.488224	-3.186893
		53.751959	-0.335941
		53.803895	-1.549931
		54.980766	-1.615849
		55.958426	-3.186893
		55.862982	-4.263554
		54.892406	-2.923222
		53.409532	-3.000126
		51.512161	-0.116215
		53.478239	-2.258549
		51.624837	-3.94495
		50.152266	-5.065556
		50.726024	-3.543949
		51.289406	1.075802
		
c	7 9 10 8 5 3 4 0 1 6 11 12 14 13 2 15	2234.00822310967	0.776599177689033	7	9	10	8	5	3	4	0	1	6	11	12	14	13	2	15		
		54.980766	-1.615849
		55.958426	-3.186893
		55.862982	-4.263554
		54.892406	-2.923222
		53.409532	-3.000126
		53.803895	-1.549931
		53.478239	-2.258549
		52.486125	-1.890507
		51.460852	-2.588139
		53.751959	-0.335941
		51.488224	-3.186893
		51.624837	-3.94495
		50.152266	-5.065556
		50.726024	-3.543949
		51.512161	-0.116215
		51.289406	1.075802
		
c	8 5 0 1 11 12 14 13 6 3 7 9 10 4 2 15	2288.75452519924	0.771124547480076	8	5	0	1	11	12	14	13	6	3	7	9	10	4	2	15		
		54.892406	-2.923222
		53.409532	-3.000126
		52.486125	-1.890507
		51.460852	-2.588139
		51.488224	-3.186893
		51.624837	-3.94495
		50.152266	-5.065556
		50.726024	-3.543949
		53.751959	-0.335941
		53.803895	-1.549931
		54.980766	-1.615849
		55.958426	-3.186893
		55.862982	-4.263554
		53.478239	-2.258549
		51.512161	-0.116215
		51.289406	1.075802
		
c	10 9 8 11 12 6 7 3 4 5 0 1 14 13 2 15	2303.37267384762	0.769662732615238	10	9	8	11	12	6	7	3	4	5	0	1	14	13	2	15		
		55.862982	-4.263554
		55.958426	-3.186893
		54.892406	-2.923222
		51.488224	-3.186893
		51.624837	-3.94495
		53.751959	-0.335941
		54.980766	-1.615849
		53.803895	-1.549931
		53.478239	-2.258549
		53.409532	-3.000126
		52.486125	-1.890507
		51.460852	-2.588139
		50.152266	-5.065556
		50.726024	-3.543949
		51.512161	-0.116215
		51.289406	1.075802
		
c	9 10 8 5 0 4 3 6 7 1 11 12 14 13 2 15	2049.47754033943	0.795052245966057	9	10	8	5	0	4	3	6	7	1	11	12	14	13	2	15		
		55.958426	-3.186893
		55.862982	-4.263554
		54.892406	-2.923222
		53.409532	-3.000126
		52.486125	-1.890507
		53.478239	-2.258549
		53.803895	-1.549931
		53.751959	-0.335941
		54.980766	-1.615849
		51.460852	-2.588139
		51.488224	-3.186893
		51.624837	-3.94495
		50.152266	-5.065556
		50.726024	-3.543949
		51.512161	-0.116215
		51.289406	1.075802
		
c	5 6 3 4 0 1 11 12 14 13 2 15 7 9 10 8	2099.756022625	0.7900243977375	5	6	3	4	0	1	11	12	14	13	2	15	7	9	10	8		
		53.409532	-3.000126
		53.751959	-0.335941
		53.803895	-1.549931
		53.478239	-2.258549
		52.486125	-1.890507
		51.460852	-2.588139
		51.488224	-3.186893
		51.624837	-3.94495
		50.152266	-5.065556
		50.726024	-3.543949
		51.512161	-0.116215
		51.289406	1.075802
		54.980766	-1.615849
		55.958426	-3.186893
		55.862982	-4.263554
		54.892406	-2.923222
		
c	0 1 11 12 2 6 3 7 10 9 5 8 4 14 13 15	2689.92156526844	0.731007843473156	0	1	11	12	2	6	3	7	10	9	5	8	4	14	13	15		
		52.486125	-1.890507
		51.460852	-2.588139
		51.488224	-3.186893
		51.624837	-3.94495
		51.512161	-0.116215
		53.751959	-0.335941
		53.803895	-1.549931
		54.980766	-1.615849
		55.862982	-4.263554
		55.958426	-3.186893
		53.409532	-3.000126
		54.892406	-2.923222
		53.478239	-2.258549
		50.152266	-5.065556
		50.726024	-3.543949
		51.289406	1.075802
		
c	14 13 7 9 10 8 4 12 6 5 3 0 11 1 2 15	2580.33421555261	0.741966578444739	14	13	7	9	10	8	4	12	6	5	3	0	11	1	2	15		
		50.152266	-5.065556
		50.726024	-3.543949
		54.980766	-1.615849
		55.958426	-3.186893
		55.862982	-4.263554
		54.892406	-2.923222
		53.478239	-2.258549
		51.624837	-3.94495
		53.751959	-0.335941
		53.409532	-3.000126
		53.803895	-1.549931
		52.486125	-1.890507
		51.488224	-3.186893
		51.460852	-2.588139
		51.512161	-0.116215
		51.289406	1.075802
		
c	13 6 7 9 4 3 10 8 5 2 0 1 11 12 14 15	2940.63307301468	0.705936692698532	13	6	7	9	4	3	10	8	5	2	0	1	11	12	14	15		
		50.726024	-3.543949
		53.751959	-0.335941
		54.980766	-1.615849
		55.958426	-3.186893
		53.478239	-2.258549
		53.803895	-1.549931
		55.862982	-4.263554
		54.892406	-2.923222
		53.409532	-3.000126
		51.512161	-0.116215
		52.486125	-1.890507
		51.460852	-2.588139
		51.488224	-3.186893
		51.624837	-3.94495
		50.152266	-5.065556
		51.289406	1.075802
		
c	0 1 11 12 14 13 2 8 9 10 7 5 6 3 4 15	2430.21574688434	0.756978425311566	0	1	11	12	14	13	2	8	9	10	7	5	6	3	4	15		
		52.486125	-1.890507
		51.460852	-2.588139
		51.488224	-3.186893
		51.624837	-3.94495
		50.152266	-5.065556
		50.726024	-3.543949
		51.512161	-0.116215
		54.892406	-2.923222
		55.958426	-3.186893
		55.862982	-4.263554
		54.980766	-1.615849
		53.409532	-3.000126
		53.751959	-0.335941
		53.803895	-1.549931
		53.478239	-2.258549
		51.289406	1.075802
		
c	0 1 11 12 14 13 2 9 10 5 6 3 7 8 4 15	2638.11353800887	0.736188646199113	0	1	11	12	14	13	2	9	10	5	6	3	7	8	4	15		
		52.486125	-1.890507
		51.460852	-2.588139
		51.488224	-3.186893
		51.624837	-3.94495
		50.152266	-5.065556
		50.726024	-3.543949
		51.512161	-0.116215
		55.958426	-3.186893
		55.862982	-4.263554
		53.409532	-3.000126
		53.751959	-0.335941
		53.803895	-1.549931
		54.980766	-1.615849
		54.892406	-2.923222
		53.478239	-2.258549
		51.289406	1.075802
		
c	9 10 8 6 7 5 4 3 0 1 11 12 14 13 2 15	1896.476587117	0.8103523412883	9	10	8	6	7	5	4	3	0	1	11	12	14	13	2	15		
		55.958426	-3.186893
		55.862982	-4.263554
		54.892406	-2.923222
		53.751959	-0.335941
		54.980766	-1.615849
		53.409532	-3.000126
		53.478239	-2.258549
		53.803895	-1.549931
		52.486125	-1.890507
		51.460852	-2.588139
		51.488224	-3.186893
		51.624837	-3.94495
		50.152266	-5.065556
		50.726024	-3.543949
		51.512161	-0.116215
		51.289406	1.075802
		
c	0 2 4 3 6 7 9 10 8 5 1 11 12 14 13 15	2191.71836679992	0.780828163320008	0	2	4	3	6	7	9	10	8	5	1	11	12	14	13	15		
		52.486125	-1.890507
		51.512161	-0.116215
		53.478239	-2.258549
		53.803895	-1.549931
		53.751959	-0.335941
		54.980766	-1.615849
		55.958426	-3.186893
		55.862982	-4.263554
		54.892406	-2.923222
		53.409532	-3.000126
		51.460852	-2.588139
		51.488224	-3.186893
		51.624837	-3.94495
		50.152266	-5.065556
		50.726024	-3.543949
		51.289406	1.075802
		
c	3 6 7 9 10 8 5 4 0 1 11 12 14 13 2 15	1787.2678443766	0.82127321556234	3	6	7	9	10	8	5	4	0	1	11	12	14	13	2	15		
		53.803895	-1.549931
		53.751959	-0.335941
		54.980766	-1.615849
		55.958426	-3.186893
		55.862982	-4.263554
		54.892406	-2.923222
		53.409532	-3.000126
		53.478239	-2.258549
		52.486125	-1.890507
		51.460852	-2.588139
		51.488224	-3.186893
		51.624837	-3.94495
		50.152266	-5.065556
		50.726024	-3.543949
		51.512161	-0.116215
		51.289406	1.075802
		
c	6 7 9 10 8 5 3 4 0 1 11 12 14 13 2 15	1821.93638973953	0.817806361026047	6	7	9	10	8	5	3	4	0	1	11	12	14	13	2	15		
		53.751959	-0.335941
		54.980766	-1.615849
		55.958426	-3.186893
		55.862982	-4.263554
		54.892406	-2.923222
		53.409532	-3.000126
		53.803895	-1.549931
		53.478239	-2.258549
		52.486125	-1.890507
		51.460852	-2.588139
		51.488224	-3.186893
		51.624837	-3.94495
		50.152266	-5.065556
		50.726024	-3.543949
		51.512161	-0.116215
		51.289406	1.075802
		
c	1 14 4 3 7 9 10 8 5 0 11 12 13 6 2 15	2515.16258008942	0.748483741991058	1	14	4	3	7	9	10	8	5	0	11	12	13	6	2	15		
		51.460852	-2.588139
		50.152266	-5.065556
		53.478239	-2.258549
		53.803895	-1.549931
		54.980766	-1.615849
		55.958426	-3.186893
		55.862982	-4.263554
		54.892406	-2.923222
		53.409532	-3.000126
		52.486125	-1.890507
		51.488224	-3.186893
		51.624837	-3.94495
		50.726024	-3.543949
		53.751959	-0.335941
		51.512161	-0.116215
		51.289406	1.075802
		
c	8 5 0 1 11 12 14 6 7 9 10 3 4 13 2 15	2588.59742773304	0.741140257226696	8	5	0	1	11	12	14	6	7	9	10	3	4	13	2	15		
		54.892406	-2.923222
		53.409532	-3.000126
		52.486125	-1.890507
		51.460852	-2.588139
		51.488224	-3.186893
		51.624837	-3.94495
		50.152266	-5.065556
		53.751959	-0.335941
		54.980766	-1.615849
		55.958426	-3.186893
		55.862982	-4.263554
		53.803895	-1.549931
		53.478239	-2.258549
		50.726024	-3.543949
		51.512161	-0.116215
		51.289406	1.075802
		
c	5 0 1 11 12 3 4 6 7 10 9 8 14 13 2 15	2381.09936816442	0.761890063183558	5	0	1	11	12	3	4	6	7	10	9	8	14	13	2	15		
		53.409532	-3.000126
		52.486125	-1.890507
		51.460852	-2.588139
		51.488224	-3.186893
		51.624837	-3.94495
		53.803895	-1.549931
		53.478239	-2.258549
		53.751959	-0.335941
		54.980766	-1.615849
		55.862982	-4.263554
		55.958426	-3.186893
		54.892406	-2.923222
		50.152266	-5.065556
		50.726024	-3.543949
		51.512161	-0.116215
		51.289406	1.075802
		
c	7 9 10 14 13 8 5 6 3 4 0 1 11 12 2 15	2610.59943295888	0.738940056704112	7	9	10	14	13	8	5	6	3	4	0	1	11	12	2	15		
		54.980766	-1.615849
		55.958426	-3.186893
		55.862982	-4.263554
		50.152266	-5.065556
		50.726024	-3.543949
		54.892406	-2.923222
		53.409532	-3.000126
		53.751959	-0.335941
		53.803895	-1.549931
		53.478239	-2.258549
		52.486125	-1.890507
		51.460852	-2.588139
		51.488224	-3.186893
		51.624837	-3.94495
		51.512161	-0.116215
		51.289406	1.075802
		
c	4 3 6 7 10 9 8 5 0 1 11 12 14 13 2 15	1839.6150761142	0.81603849238858	4	3	6	7	10	9	8	5	0	1	11	12	14	13	2	15		
		53.478239	-2.258549
		53.803895	-1.549931
		53.751959	-0.335941
		54.980766	-1.615849
		55.862982	-4.263554
		55.958426	-3.186893
		54.892406	-2.923222
		53.409532	-3.000126
		52.486125	-1.890507
		51.460852	-2.588139
		51.488224	-3.186893
		51.624837	-3.94495
		50.152266	-5.065556
		50.726024	-3.543949
		51.512161	-0.116215
		51.289406	1.075802
		
c	4 6 7 8 9 10 0 1 11 12 13 15 5 3 14 2	2940.28824319439	0.705971175680561	4	6	7	8	9	10	0	1	11	12	13	15	5	3	14	2		
		53.478239	-2.258549
		53.751959	-0.335941
		54.980766	-1.615849
		54.892406	-2.923222
		55.958426	-3.186893
		55.862982	-4.263554
		52.486125	-1.890507
		51.460852	-2.588139
		51.488224	-3.186893
		51.624837	-3.94495
		50.726024	-3.543949
		51.289406	1.075802
		53.409532	-3.000126
		53.803895	-1.549931
		50.152266	-5.065556
		51.512161	-0.116215
		
c	2 12 14 13 7 6 8 9 10 3 4 5 0 1 11 15	2604.68147146237	0.739531852853763	2	12	14	13	7	6	8	9	10	3	4	5	0	1	11	15		
		51.512161	-0.116215
		51.624837	-3.94495
		50.152266	-5.065556
		50.726024	-3.543949
		54.980766	-1.615849
		53.751959	-0.335941
		54.892406	-2.923222
		55.958426	-3.186893
		55.862982	-4.263554
		53.803895	-1.549931
		53.478239	-2.258549
		53.409532	-3.000126
		52.486125	-1.890507
		51.460852	-2.588139
		51.488224	-3.186893
		51.289406	1.075802
		
c	8 5 4 0 1 11 12 14 13 3 6 7 10 9 2 15	2344.16228668977	0.765583771331023	8	5	4	0	1	11	12	14	13	3	6	7	10	9	2	15		
		54.892406	-2.923222
		53.409532	-3.000126
		53.478239	-2.258549
		52.486125	-1.890507
		51.460852	-2.588139
		51.488224	-3.186893
		51.624837	-3.94495
		50.152266	-5.065556
		50.726024	-3.543949
		53.803895	-1.549931
		53.751959	-0.335941
		54.980766	-1.615849
		55.862982	-4.263554
		55.958426	-3.186893
		51.512161	-0.116215
		51.289406	1.075802
		
c	7 10 9 8 4 5 1 11 12 6 3 0 14 13 2 15	2283.03972733042	0.771696027266958	7	10	9	8	4	5	1	11	12	6	3	0	14	13	2	15		
		54.980766	-1.615849
		55.862982	-4.263554
		55.958426	-3.186893
		54.892406	-2.923222
		53.478239	-2.258549
		53.409532	-3.000126
		51.460852	-2.588139
		51.488224	-3.186893
		51.624837	-3.94495
		53.751959	-0.335941
		53.803895	-1.549931
		52.486125	-1.890507
		50.152266	-5.065556
		50.726024	-3.543949
		51.512161	-0.116215
		51.289406	1.075802
		
c	11 12 14 13 2 7 6 8 9 10 3 4 5 0 1 15	2473.80504466701	0.752619495533299	11	12	14	13	2	7	6	8	9	10	3	4	5	0	1	15		
		51.488224	-3.186893
		51.624837	-3.94495
		50.152266	-5.065556
		50.726024	-3.543949
		51.512161	-0.116215
		54.980766	-1.615849
		53.751959	-0.335941
		54.892406	-2.923222
		55.958426	-3.186893
		55.862982	-4.263554
		53.803895	-1.549931
		53.478239	-2.258549
		53.409532	-3.000126
		52.486125	-1.890507
		51.460852	-2.588139
		51.289406	1.075802
		
c	13 9 10 6 7 8 5 3 4 0 1 11 12 14 2 15	2547.226277551	0.7452773722449	13	9	10	6	7	8	5	3	4	0	1	11	12	14	2	15		
		50.726024	-3.543949
		55.958426	-3.186893
		55.862982	-4.263554
		53.751959	-0.335941
		54.980766	-1.615849
		54.892406	-2.923222
		53.409532	-3.000126
		53.803895	-1.549931
		53.478239	-2.258549
		52.486125	-1.890507
		51.460852	-2.588139
		51.488224	-3.186893
		51.624837	-3.94495
		50.152266	-5.065556
		51.512161	-0.116215
		51.289406	1.075802
		
c	12 14 13 2 6 7 9 10 8 5 4 3 0 1 11 15	2206.81730060066	0.779318269939934	12	14	13	2	6	7	9	10	8	5	4	3	0	1	11	15		
		51.624837	-3.94495
		50.152266	-5.065556
		50.726024	-3.543949
		51.512161	-0.116215
		53.751959	-0.335941
		54.980766	-1.615849
		55.958426	-3.186893
		55.862982	-4.263554
		54.892406	-2.923222
		53.409532	-3.000126
		53.478239	-2.258549
		53.803895	-1.549931
		52.486125	-1.890507
		51.460852	-2.588139
		51.488224	-3.186893
		51.289406	1.075802
		
c	0 1 11 12 14 13 2 6 7 8 9 10 3 4 5 15	2222.06579870683	0.777793420129317	0	1	11	12	14	13	2	6	7	8	9	10	3	4	5	15		
		52.486125	-1.890507
		51.460852	-2.588139
		51.488224	-3.186893
		51.624837	-3.94495
		50.152266	-5.065556
		50.726024	-3.543949
		51.512161	-0.116215
		53.751959	-0.335941
		54.980766	-1.615849
		54.892406	-2.923222
		55.958426	-3.186893
		55.862982	-4.263554
		53.803895	-1.549931
		53.478239	-2.258549
		53.409532	-3.000126
		51.289406	1.075802
		
c	3 4 0 1 11 12 14 6 7 10 9 8 5 13 2 15	2436.19537854307	0.756380462145693	3	4	0	1	11	12	14	6	7	10	9	8	5	13	2	15		
		53.803895	-1.549931
		53.478239	-2.258549
		52.486125	-1.890507
		51.460852	-2.588139
		51.488224	-3.186893
		51.624837	-3.94495
		50.152266	-5.065556
		53.751959	-0.335941
		54.980766	-1.615849
		55.862982	-4.263554
		55.958426	-3.186893
		54.892406	-2.923222
		53.409532	-3.000126
		50.726024	-3.543949
		51.512161	-0.116215
		51.289406	1.075802
		
c	1 11 12 14 13 7 6 8 9 10 3 4 5 0 2 15	2223.21865015435	0.777678134984565	1	11	12	14	13	7	6	8	9	10	3	4	5	0	2	15		
		51.460852	-2.588139
		51.488224	-3.186893
		51.624837	-3.94495
		50.152266	-5.065556
		50.726024	-3.543949
		54.980766	-1.615849
		53.751959	-0.335941
		54.892406	-2.923222
		55.958426	-3.186893
		55.862982	-4.263554
		53.803895	-1.549931
		53.478239	-2.258549
		53.409532	-3.000126
		52.486125	-1.890507
		51.512161	-0.116215
		51.289406	1.075802
		
c	9 10 8 5 0 1 11 12 14 13 7 4 3 6 2 15	2161.00557800673	0.783899442199327	9	10	8	5	0	1	11	12	14	13	7	4	3	6	2	15		
		55.958426	-3.186893
		55.862982	-4.263554
		54.892406	-2.923222
		53.409532	-3.000126
		52.486125	-1.890507
		51.460852	-2.588139
		51.488224	-3.186893
		51.624837	-3.94495
		50.152266	-5.065556
		50.726024	-3.543949
		54.980766	-1.615849
		53.478239	-2.258549
		53.803895	-1.549931
		53.751959	-0.335941
		51.512161	-0.116215
		51.289406	1.075802
		
c	11 12 14 13 1 6 7 9 10 8 5 3 4 0 2 15	1966.95687568384	0.803304312431616	11	12	14	13	1	6	7	9	10	8	5	3	4	0	2	15		
		51.488224	-3.186893
		51.624837	-3.94495
		50.152266	-5.065556
		50.726024	-3.543949
		51.460852	-2.588139
		53.751959	-0.335941
		54.980766	-1.615849
		55.958426	-3.186893
		55.862982	-4.263554
		54.892406	-2.923222
		53.409532	-3.000126
		53.803895	-1.549931
		53.478239	-2.258549
		52.486125	-1.890507
		51.512161	-0.116215
		51.289406	1.075802
		
c	7 10 9 8 1 11 12 14 13 5 6 3 4 0 2 15	2148.38939871749	0.785161060128251	7	10	9	8	1	11	12	14	13	5	6	3	4	0	2	15		
		54.980766	-1.615849
		55.862982	-4.263554
		55.958426	-3.186893
		54.892406	-2.923222
		51.460852	-2.588139
		51.488224	-3.186893
		51.624837	-3.94495
		50.152266	-5.065556
		50.726024	-3.543949
		53.409532	-3.000126
		53.751959	-0.335941
		53.803895	-1.549931
		53.478239	-2.258549
		52.486125	-1.890507
		51.512161	-0.116215
		51.289406	1.075802
		
c	12 14 13 2 6 3 9 8 7 10 4 5 0 1 11 15	2483.02290111421	0.751697709888579	12	14	13	2	6	3	9	8	7	10	4	5	0	1	11	15		
		51.624837	-3.94495
		50.152266	-5.065556
		50.726024	-3.543949
		51.512161	-0.116215
		53.751959	-0.335941
		53.803895	-1.549931
		55.958426	-3.186893
		54.892406	-2.923222
		54.980766	-1.615849
		55.862982	-4.263554
		53.478239	-2.258549
		53.409532	-3.000126
		52.486125	-1.890507
		51.460852	-2.588139
		51.488224	-3.186893
		51.289406	1.075802
		
c	4 0 11 12 14 6 7 9 10 8 5 3 1 13 2 15	2504.6127051008	0.74953872948992	4	0	11	12	14	6	7	9	10	8	5	3	1	13	2	15		
		53.478239	-2.258549
		52.486125	-1.890507
		51.488224	-3.186893
		51.624837	-3.94495
		50.152266	-5.065556
		53.751959	-0.335941
		54.980766	-1.615849
		55.958426	-3.186893
		55.862982	-4.263554
		54.892406	-2.923222
		53.409532	-3.000126
		53.803895	-1.549931
		51.460852	-2.588139
		50.726024	-3.543949
		51.512161	-0.116215
		51.289406	1.075802
		
c	5 4 0 1 11 12 14 13 7 10 9 8 6 3 2 15	2210.30938372233	0.778969061627767	5	4	0	1	11	12	14	13	7	10	9	8	6	3	2	15		
		53.409532	-3.000126
		53.478239	-2.258549
		52.486125	-1.890507
		51.460852	-2.588139
		51.488224	-3.186893
		51.624837	-3.94495
		50.152266	-5.065556
		50.726024	-3.543949
		54.980766	-1.615849
		55.862982	-4.263554
		55.958426	-3.186893
		54.892406	-2.923222
		53.751959	-0.335941
		53.803895	-1.549931
		51.512161	-0.116215
		51.289406	1.075802
		
c	8 5 3 6 7 9 10 4 0 1 11 12 14 13 2 15	2000.45627750196	0.799954372249804	8	5	3	6	7	9	10	4	0	1	11	12	14	13	2	15		
		54.892406	-2.923222
		53.409532	-3.000126
		53.803895	-1.549931
		53.751959	-0.335941
		54.980766	-1.615849
		55.958426	-3.186893
		55.862982	-4.263554
		53.478239	-2.258549
		52.486125	-1.890507
		51.460852	-2.588139
		51.488224	-3.186893
		51.624837	-3.94495
		50.152266	-5.065556
		50.726024	-3.543949
		51.512161	-0.116215
		51.289406	1.075802
		
c	12 14 13 5 6 3 4 0 7 9 10 8 1 11 2 15	2392.40955365413	0.760759044634587	12	14	13	5	6	3	4	0	7	9	10	8	1	11	2	15		
		51.624837	-3.94495
		50.152266	-5.065556
		50.726024	-3.543949
		53.409532	-3.000126
		53.751959	-0.335941
		53.803895	-1.549931
		53.478239	-2.258549
		52.486125	-1.890507
		54.980766	-1.615849
		55.958426	-3.186893
		55.862982	-4.263554
		54.892406	-2.923222
		51.460852	-2.588139
		51.488224	-3.186893
		51.512161	-0.116215
		51.289406	1.075802
		
c	3 6 7 9 10 5 8 4 0 1 11 12 14 13 2 15	2048.1337641565	0.79518662358435	3	6	7	9	10	5	8	4	0	1	11	12	14	13	2	15		
		53.803895	-1.549931
		53.751959	-0.335941
		54.980766	-1.615849
		55.958426	-3.186893
		55.862982	-4.263554
		53.409532	-3.000126
		54.892406	-2.923222
		53.478239	-2.258549
		52.486125	-1.890507
		51.460852	-2.588139
		51.488224	-3.186893
		51.624837	-3.94495
		50.152266	-5.065556
		50.726024	-3.543949
		51.512161	-0.116215
		51.289406	1.075802
		
c	6 7 9 10 3 8 4 5 0 1 11 12 14 13 2 15	2019.60145349187	0.798039854650813	6	7	9	10	3	8	4	5	0	1	11	12	14	13	2	15		
		53.751959	-0.335941
		54.980766	-1.615849
		55.958426	-3.186893
		55.862982	-4.263554
		53.803895	-1.549931
		54.892406	-2.923222
		53.478239	-2.258549
		53.409532	-3.000126
		52.486125	-1.890507
		51.460852	-2.588139
		51.488224	-3.186893
		51.624837	-3.94495
		50.152266	-5.065556
		50.726024	-3.543949
		51.512161	-0.116215
		51.289406	1.075802
		
c	7 9 10 8 0 1 11 12 14 13 3 6 5 4 2 15	2181.2151482765	0.78187848517235	7	9	10	8	0	1	11	12	14	13	3	6	5	4	2	15		
		54.980766	-1.615849
		55.958426	-3.186893
		55.862982	-4.263554
		54.892406	-2.923222
		52.486125	-1.890507
		51.460852	-2.588139
		51.488224	-3.186893
		51.624837	-3.94495
		50.152266	-5.065556
		50.726024	-3.543949
		53.803895	-1.549931
		53.751959	-0.335941
		53.409532	-3.000126
		53.478239	-2.258549
		51.512161	-0.116215
		51.289406	1.075802
		
c	1 11 12 14 13 3 6 7 9 10 8 5 4 0 2 15	1939.82177115653	0.806017822884348	1	11	12	14	13	3	6	7	9	10	8	5	4	0	2	15		
		51.460852	-2.588139
		51.488224	-3.186893
		51.624837	-3.94495
		50.152266	-5.065556
		50.726024	-3.543949
		53.803895	-1.549931
		53.751959	-0.335941
		54.980766	-1.615849
		55.958426	-3.186893
		55.862982	-4.263554
		54.892406	-2.923222
		53.409532	-3.000126
		53.478239	-2.258549
		52.486125	-1.890507
		51.512161	-0.116215
		51.289406	1.075802
		
c	5 3 7 9 10 8 4 0 1 11 12 14 13 6 2 15	2127.93809493938	0.787206190506062	5	3	7	9	10	8	4	0	1	11	12	14	13	6	2	15		
		53.409532	-3.000126
		53.803895	-1.549931
		54.980766	-1.615849
		55.958426	-3.186893
		55.862982	-4.263554
		54.892406	-2.923222
		53.478239	-2.258549
		52.486125	-1.890507
		51.460852	-2.588139
		51.488224	-3.186893
		51.624837	-3.94495
		50.152266	-5.065556
		50.726024	-3.543949
		53.751959	-0.335941
		51.512161	-0.116215
		51.289406	1.075802
		
c	11 12 7 10 9 8 1 14 13 5 6 3 4 0 2 15	2555.97363738674	0.744402636261326	11	12	7	10	9	8	1	14	13	5	6	3	4	0	2	15		
		51.488224	-3.186893
		51.624837	-3.94495
		54.980766	-1.615849
		55.862982	-4.263554
		55.958426	-3.186893
		54.892406	-2.923222
		51.460852	-2.588139
		50.152266	-5.065556
		50.726024	-3.543949
		53.409532	-3.000126
		53.751959	-0.335941
		53.803895	-1.549931
		53.478239	-2.258549
		52.486125	-1.890507
		51.512161	-0.116215
		51.289406	1.075802
		
c	8 5 0 3 14 13 6 7 10 9 4 1 11 12 2 15	2814.66533670088	0.718533466329912	8	5	0	3	14	13	6	7	10	9	4	1	11	12	2	15		
		54.892406	-2.923222
		53.409532	-3.000126
		52.486125	-1.890507
		53.803895	-1.549931
		50.152266	-5.065556
		50.726024	-3.543949
		53.751959	-0.335941
		54.980766	-1.615849
		55.862982	-4.263554
		55.958426	-3.186893
		53.478239	-2.258549
		51.460852	-2.588139
		51.488224	-3.186893
		51.624837	-3.94495
		51.512161	-0.116215
		51.289406	1.075802
		
c	1 13 2 3 6 7 9 10 8 5 4 0 11 12 14 15	2380.96724107431	0.761903275892569	1	13	2	3	6	7	9	10	8	5	4	0	11	12	14	15		
		51.460852	-2.588139
		50.726024	-3.543949
		51.512161	-0.116215
		53.803895	-1.549931
		53.751959	-0.335941
		54.980766	-1.615849
		55.958426	-3.186893
		55.862982	-4.263554
		54.892406	-2.923222
		53.409532	-3.000126
		53.478239	-2.258549
		52.486125	-1.890507
		51.488224	-3.186893
		51.624837	-3.94495
		50.152266	-5.065556
		51.289406	1.075802
		
c	9 8 5 6 12 3 4 7 10 0 1 11 14 13 2 15	2755.99393845893	0.724400606154107	9	8	5	6	12	3	4	7	10	0	1	11	14	13	2	15		
		55.958426	-3.186893
		54.892406	-2.923222
		53.409532	-3.000126
		53.751959	-0.335941
		51.624837	-3.94495
		53.803895	-1.549931
		53.478239	-2.258549
		54.980766	-1.615849
		55.862982	-4.263554
		52.486125	-1.890507
		51.460852	-2.588139
		51.488224	-3.186893
		50.152266	-5.065556
		50.726024	-3.543949
		51.512161	-0.116215
		51.289406	1.075802
		
c	13 2 0 1 11 15 6 7 9 10 8 5 3 4 12 14	2427.58670045032	0.757241329954968	13	2	0	1	11	15	6	7	9	10	8	5	3	4	12	14		
		50.726024	-3.543949
		51.512161	-0.116215
		52.486125	-1.890507
		51.460852	-2.588139
		51.488224	-3.186893
		51.289406	1.075802
		53.751959	-0.335941
		54.980766	-1.615849
		55.958426	-3.186893
		55.862982	-4.263554
		54.892406	-2.923222
		53.409532	-3.000126
		53.803895	-1.549931
		53.478239	-2.258549
		51.624837	-3.94495
		50.152266	-5.065556
		
c	10 9 8 4 3 6 7 5 0 1 11 12 14 13 2 15	1840.54467549567	0.815945532450433	10	9	8	4	3	6	7	5	0	1	11	12	14	13	2	15		
		55.862982	-4.263554
		55.958426	-3.186893
		54.892406	-2.923222
		53.478239	-2.258549
		53.803895	-1.549931
		53.751959	-0.335941
		54.980766	-1.615849
		53.409532	-3.000126
		52.486125	-1.890507
		51.460852	-2.588139
		51.488224	-3.186893
		51.624837	-3.94495
		50.152266	-5.065556
		50.726024	-3.543949
		51.512161	-0.116215
		51.289406	1.075802
		
c	4 12 0 1 11 9 8 5 10 7 6 3 14 13 2 15	3008.79201969887	0.699120798030113	4	12	0	1	11	9	8	5	10	7	6	3	14	13	2	15		
		53.478239	-2.258549
		51.624837	-3.94495
		52.486125	-1.890507
		51.460852	-2.588139
		51.488224	-3.186893
		55.958426	-3.186893
		54.892406	-2.923222
		53.409532	-3.000126
		55.862982	-4.263554
		54.980766	-1.615849
		53.751959	-0.335941
		53.803895	-1.549931
		50.152266	-5.065556
		50.726024	-3.543949
		51.512161	-0.116215
		51.289406	1.075802
		
c	8 1 11 12 14 13 15 6 3 7 10 9 5 4 0 2	2486.11404178613	0.751388595821387	8	1	11	12	14	13	15	6	3	7	10	9	5	4	0	2		
		54.892406	-2.923222
		51.460852	-2.588139
		51.488224	-3.186893
		51.624837	-3.94495
		50.152266	-5.065556
		50.726024	-3.543949
		51.289406	1.075802
		53.751959	-0.335941
		53.803895	-1.549931
		54.980766	-1.615849
		55.862982	-4.263554
		55.958426	-3.186893
		53.409532	-3.000126
		53.478239	-2.258549
		52.486125	-1.890507
		51.512161	-0.116215
		
c	1 11 12 14 6 7 9 10 8 5 4 3 0 13 2 15	2294.18721827729	0.770581278172271	1	11	12	14	6	7	9	10	8	5	4	3	0	13	2	15		
		51.460852	-2.588139
		51.488224	-3.186893
		51.624837	-3.94495
		50.152266	-5.065556
		53.751959	-0.335941
		54.980766	-1.615849
		55.958426	-3.186893
		55.862982	-4.263554
		54.892406	-2.923222
		53.409532	-3.000126
		53.478239	-2.258549
		53.803895	-1.549931
		52.486125	-1.890507
		50.726024	-3.543949
		51.512161	-0.116215
		51.289406	1.075802
		
c	2 6 7 8 9 10 3 4 5 0 1 11 12 14 13 15	2059.79996746136	0.794020003253864	2	6	7	8	9	10	3	4	5	0	1	11	12	14	13	15		
		51.512161	-0.116215
		53.751959	-0.335941
		54.980766	-1.615849
		54.892406	-2.923222
		55.958426	-3.186893
		55.862982	-4.263554
		53.803895	-1.549931
		53.478239	-2.258549
		53.409532	-3.000126
		52.486125	-1.890507
		51.460852	-2.588139
		51.488224	-3.186893
		51.624837	-3.94495
		50.152266	-5.065556
		50.726024	-3.543949
		51.289406	1.075802
		
c	4 5 0 1 11 12 14 13 2 6 7 8 9 10 3 15	2257.35986415894	0.774264013584106	4	5	0	1	11	12	14	13	2	6	7	8	9	10	3	15		
		53.478239	-2.258549
		53.409532	-3.000126
		52.486125	-1.890507
		51.460852	-2.588139
		51.488224	-3.186893
		51.624837	-3.94495
		50.152266	-5.065556
		50.726024	-3.543949
		51.512161	-0.116215
		53.751959	-0.335941
		54.980766	-1.615849
		54.892406	-2.923222
		55.958426	-3.186893
		55.862982	-4.263554
		53.803895	-1.549931
		51.289406	1.075802
		
c	6 3 9 8 7 10 4 5 0 1 11 12 14 13 2 15	2077.84543838467	0.792215456161533	6	3	9	8	7	10	4	5	0	1	11	12	14	13	2	15		
		53.751959	-0.335941
		53.803895	-1.549931
		55.958426	-3.186893
		54.892406	-2.923222
		54.980766	-1.615849
		55.862982	-4.263554
		53.478239	-2.258549
		53.409532	-3.000126
		52.486125	-1.890507
		51.460852	-2.588139
		51.488224	-3.186893
		51.624837	-3.94495
		50.152266	-5.065556
		50.726024	-3.543949
		51.512161	-0.116215
		51.289406	1.075802
		
c	9 10 4 0 1 11 12 14 13 2 6 7 3 8 5 15	2476.05575984226	0.752394424015774	9	10	4	0	1	11	12	14	13	2	6	7	3	8	5	15		
		55.958426	-3.186893
		55.862982	-4.263554
		53.478239	-2.258549
		52.486125	-1.890507
		51.460852	-2.588139
		51.488224	-3.186893
		51.624837	-3.94495
		50.152266	-5.065556
		50.726024	-3.543949
		51.512161	-0.116215
		53.751959	-0.335941
		54.980766	-1.615849
		53.803895	-1.549931
		54.892406	-2.923222
		53.409532	-3.000126
		51.289406	1.075802
		
c	10 9 1 11 12 14 13 6 7 8 3 4 5 0 2 15	2252.41216920829	0.774758783079171	10	9	1	11	12	14	13	6	7	8	3	4	5	0	2	15		
		55.862982	-4.263554
		55.958426	-3.186893
		51.460852	-2.588139
		51.488224	-3.186893
		51.624837	-3.94495
		50.152266	-5.065556
		50.726024	-3.543949
		53.751959	-0.335941
		54.980766	-1.615849
		54.892406	-2.923222
		53.803895	-1.549931
		53.478239	-2.258549
		53.409532	-3.000126
		52.486125	-1.890507
		51.512161	-0.116215
		51.289406	1.075802
		
g71		1758.37881581719	0.824162118418281	0	6	3	7	9	10	8	5	4	0	1	11	12	14	13	2	15		
		53.751959	-0.335941
		53.803895	-1.549931
		54.980766	-1.615849
		55.958426	-3.186893
		55.862982	-4.263554
		54.892406	-2.923222
		53.409532	-3.000126
		53.478239	-2.258549
		52.486125	-1.890507
		51.460852	-2.588139
		51.488224	-3.186893
		51.624837	-3.94495
		50.152266	-5.065556
		50.726024	-3.543949
		51.512161	-0.116215
		51.289406	1.075802
		
g71		1785.41447966156	0.821458552033844	1	9	10	8	7	5	6	3	4	0	1	11	12	14	13	2	15		
		55.958426	-3.186893
		55.862982	-4.263554
		54.892406	-2.923222
		54.980766	-1.615849
		53.409532	-3.000126
		53.751959	-0.335941
		53.803895	-1.549931
		53.478239	-2.258549
		52.486125	-1.890507
		51.460852	-2.588139
		51.488224	-3.186893
		51.624837	-3.94495
		50.152266	-5.065556
		50.726024	-3.543949
		51.512161	-0.116215
		51.289406	1.075802
		
g71		1794.61235065558	0.820538764934442	2	6	7	10	9	8	3	4	5	0	1	11	12	14	13	2	15		
		53.751959	-0.335941
		54.980766	-1.615849
		55.862982	-4.263554
		55.958426	-3.186893
		54.892406	-2.923222
		53.803895	-1.549931
		53.478239	-2.258549
		53.409532	-3.000126
		52.486125	-1.890507
		51.460852	-2.588139
		51.488224	-3.186893
		51.624837	-3.94495
		50.152266	-5.065556
		50.726024	-3.543949
		51.512161	-0.116215
		51.289406	1.075802
		
g71		1799.11680105574	0.820088319894426	3	3	6	7	9	10	8	4	5	0	1	11	12	14	13	2	15		
		53.803895	-1.549931
		53.751959	-0.335941
		54.980766	-1.615849
		55.958426	-3.186893
		55.862982	-4.263554
		54.892406	-2.923222
		53.478239	-2.258549
		53.409532	-3.000126
		52.486125	-1.890507
		51.460852	-2.588139
		51.488224	-3.186893
		51.624837	-3.94495
		50.152266	-5.065556
		50.726024	-3.543949
		51.512161	-0.116215
		51.289406	1.075802
		
g71		1801.63983787112	0.819836016212888	4	6	7	9	10	8	5	4	3	0	1	11	12	14	13	2	15		
		53.751959	-0.335941
		54.980766	-1.615849
		55.958426	-3.186893
		55.862982	-4.263554
		54.892406	-2.923222
		53.409532	-3.000126
		53.478239	-2.258549
		53.803895	-1.549931
		52.486125	-1.890507
		51.460852	-2.588139
		51.488224	-3.186893
		51.624837	-3.94495
		50.152266	-5.065556
		50.726024	-3.543949
		51.512161	-0.116215
		51.289406	1.075802
		
g71		1810.39557088752	0.818960442911248	5	4	3	6	7	9	10	8	5	0	1	11	12	14	13	2	15		
		53.478239	-2.258549
		53.803895	-1.549931
		53.751959	-0.335941
		54.980766	-1.615849
		55.958426	-3.186893
		55.862982	-4.263554
		54.892406	-2.923222
		53.409532	-3.000126
		52.486125	-1.890507
		51.460852	-2.588139
		51.488224	-3.186893
		51.624837	-3.94495
		50.152266	-5.065556
		50.726024	-3.543949
		51.512161	-0.116215
		51.289406	1.075802
		
