c	8 11 9 10 7 3 6 4 5 0 12 14 13 1 2 15	2495.38412177697	0.750461587822304	8	11	9	10	7	3	6	4	5	0	12	14	13	1	2	15		
		54.892406	-2.923222
		51.488224	-3.186893
		55.958426	-3.186893
		55.862982	-4.263554
		54.980766	-1.615849
		53.803895	-1.549931
		53.751959	-0.335941
		53.478239	-2.258549
		53.409532	-3.000126
		52.486125	-1.890507
		51.624837	-3.94495
		50.152266	-5.065556
		50.726024	-3.543949
		51.460852	-2.588139
		51.512161	-0.116215
		51.289406	1.075802
		
c	1 11 12 14 13 2 5 10 9 8 3 7 6 4 0 15	2345.10032609407	0.765489967390593	1	11	12	14	13	2	5	10	9	8	3	7	6	4	0	15		
		51.460852	-2.588139
		51.488224	-3.186893
		51.624837	-3.94495
		50.152266	-5.065556
		50.726024	-3.543949
		51.512161	-0.116215
		53.409532	-3.000126
		55.862982	-4.263554
		55.958426	-3.186893
		54.892406	-2.923222
		53.803895	-1.549931
		54.980766	-1.615849
		53.751959	-0.335941
		53.478239	-2.258549
		52.486125	-1.890507
		51.289406	1.075802
		
c	6 7 11 12 14 13 1 10 9 8 3 4 5 0 2 15	2353.13241711335	0.764686758288665	6	7	11	12	14	13	1	10	9	8	3	4	5	0	2	15		
		53.751959	-0.335941
		54.980766	-1.615849
		51.488224	-3.186893
		51.624837	-3.94495
		50.152266	-5.065556
		50.726024	-3.543949
		51.460852	-2.588139
		55.862982	-4.263554
		55.958426	-3.186893
		54.892406	-2.923222
		53.803895	-1.549931
		53.478239	-2.258549
		53.409532	-3.000126
		52.486125	-1.890507
		51.512161	-0.116215
		51.289406	1.075802
		
c	14 13 1 11 12 6 7 9 10 8 4 5 0 3 2 15	2024.7503747945	0.79752496252055	14	13	1	11	12	6	7	9	10	8	4	5	0	3	2	15		
		50.152266	-5.065556
		50.726024	-3.543949
		51.460852	-2.588139
		51.488224	-3.186893
		51.624837	-3.94495
		53.751959	-0.335941
		54.980766	-1.615849
		55.958426	-3.186893
		55.862982	-4.263554
		54.892406	-2.923222
		53.478239	-2.258549
		53.409532	-3.000126
		52.486125	-1.890507
		53.803895	-1.549931
		51.512161	-0.116215
		51.289406	1.075802
		
c	4 11 12 10 9 8 7 3 6 5 0 1 14 13 2 15	2362.3629252146	0.76376370747854	4	11	12	10	9	8	7	3	6	5	0	1	14	13	2	15		
		53.478239	-2.258549
		51.488224	-3.186893
		51.624837	-3.94495
		55.862982	-4.263554
		55.958426	-3.186893
		54.892406	-2.923222
		54.980766	-1.615849
		53.803895	-1.549931
		53.751959	-0.335941
		53.409532	-3.000126
		52.486125	-1.890507
		51.460852	-2.588139
		50.152266	-5.065556
		50.726024	-3.543949
		51.512161	-0.116215
		51.289406	1.075802
		
c	13 2 5 10 9 8 3 7 6 4 0 1 11 12 14 15	2550.59846989099	0.744940153010901	13	2	5	10	9	8	3	7	6	4	0	1	11	12	14	15		
		50.726024	-3.543949
		51.512161	-0.116215
		53.409532	-3.000126
		55.862982	-4.263554
		55.958426	-3.186893
		54.892406	-2.923222
		53.803895	-1.549931
		54.980766	-1.615849
		53.751959	-0.335941
		53.478239	-2.258549
		52.486125	-1.890507
		51.460852	-2.588139
		51.488224	-3.186893
		51.624837	-3.94495
		50.152266	-5.065556
		51.289406	1.075802
		
c	1 14 10 9 7 8 3 6 5 4 0 11 12 13 2 15	2377.52083097502	0.762247916902498	1	14	10	9	7	8	3	6	5	4	0	11	12	13	2	15		
		51.460852	-2.588139
		50.152266	-5.065556
		55.862982	-4.263554
		55.958426	-3.186893
		54.980766	-1.615849
		54.892406	-2.923222
		53.803895	-1.549931
		53.751959	-0.335941
		53.409532	-3.000126
		53.478239	-2.258549
		52.486125	-1.890507
		51.488224	-3.186893
		51.624837	-3.94495
		50.726024	-3.543949
		51.512161	-0.116215
		51.289406	1.075802
		
c	3 10 6 4 5 0 1 11 12 14 13 2 9 8 7 15	2905.3070888406	0.70946929111594	3	10	6	4	5	0	1	11	12	14	13	2	9	8	7	15		
		53.803895	-1.549931
		55.862982	-4.263554
		53.751959	-0.335941
		53.478239	-2.258549
		53.409532	-3.000126
		52.486125	-1.890507
		51.460852	-2.588139
		51.488224	-3.186893
		51.624837	-3.94495
		50.152266	-5.065556
		50.726024	-3.543949
		51.512161	-0.116215
		55.958426	-3.186893
		54.892406	-2.923222
		54.980766	-1.615849
		51.289406	1.075802
		
c	8 5 1 7 4 0 6 3 14 10 9 11 12 13 2 15	3493.75195420029	0.650624804579971	8	5	1	7	4	0	6	3	14	10	9	11	12	13	2	15		
		54.892406	-2.923222
		53.409532	-3.000126
		51.460852	-2.588139
		54.980766	-1.615849
		53.478239	-2.258549
		52.486125	-1.890507
		53.751959	-0.335941
		53.803895	-1.549931
		50.152266	-5.065556
		55.862982	-4.263554
		55.958426	-3.186893
		51.488224	-3.186893
		51.624837	-3.94495
		50.726024	-3.543949
		51.512161	-0.116215
		51.289406	1.075802
		
c	4 5 11 1 12 14 13 0 10 9 7 8 6 3 2 15	2288.46811938343	0.771153188061657	4	5	11	1	12	14	13	0	10	9	7	8	6	3	2	15		
		53.478239	-2.258549
		53.409532	-3.000126
		51.488224	-3.186893
		51.460852	-2.588139
		51.624837	-3.94495
		50.152266	-5.065556
		50.726024	-3.543949
		52.486125	-1.890507
		55.862982	-4.263554
		55.958426	-3.186893
		54.980766	-1.615849
		54.892406	-2.923222
		53.751959	-0.335941
		53.803895	-1.549931
		51.512161	-0.116215
		51.289406	1.075802
		
c	6 4 5 0 11 12 1 14 13 10 9 7 8 3 2 15	2332.57935406836	0.766742064593164	6	4	5	0	11	12	1	14	13	10	9	7	8	3	2	15		
		53.751959	-0.335941
		53.478239	-2.258549
		53.409532	-3.000126
		52.486125	-1.890507
		51.488224	-3.186893
		51.624837	-3.94495
		51.460852	-2.588139
		50.152266	-5.065556
		50.726024	-3.543949
		55.862982	-4.263554
		55.958426	-3.186893
		54.980766	-1.615849
		54.892406	-2.923222
		53.803895	-1.549931
		51.512161	-0.116215
		51.289406	1.075802
		
c	13 4 0 1 11 12 8 5 14 10 9 7 6 3 2 15	3025.66395613637	0.697433604386363	13	4	0	1	11	12	8	5	14	10	9	7	6	3	2	15		
		50.726024	-3.543949
		53.478239	-2.258549
		52.486125	-1.890507
		51.460852	-2.588139
		51.488224	-3.186893
		51.624837	-3.94495
		54.892406	-2.923222
		53.409532	-3.000126
		50.152266	-5.065556
		55.862982	-4.263554
		55.958426	-3.186893
		54.980766	-1.615849
		53.751959	-0.335941
		53.803895	-1.549931
		51.512161	-0.116215
		51.289406	1.075802
		
c	14 13 1 11 12 2 6 10 9 8 7 3 4 5 0 15	2066.74418178751	0.793325581821249	14	13	1	11	12	2	6	10	9	8	7	3	4	5	0	15		
		50.152266	-5.065556
		50.726024	-3.543949
		51.460852	-2.588139
		51.488224	-3.186893
		51.624837	-3.94495
		51.512161	-0.116215
		53.751959	-0.335941
		55.862982	-4.263554
		55.958426	-3.186893
		54.892406	-2.923222
		54.980766	-1.615849
		53.803895	-1.549931
		53.478239	-2.258549
		53.409532	-3.000126
		52.486125	-1.890507
		51.289406	1.075802
		
c	3 9 8 6 10 7 4 5 11 0 1 12 14 13 2 15	2574.33320184622	0.742566679815378	3	9	8	6	10	7	4	5	11	0	1	12	14	13	2	15		
		53.803895	-1.549931
		55.958426	-3.186893
		54.892406	-2.923222
		53.751959	-0.335941
		55.862982	-4.263554
		54.980766	-1.615849
		53.478239	-2.258549
		53.409532	-3.000126
		51.488224	-3.186893
		52.486125	-1.890507
		51.460852	-2.588139
		51.624837	-3.94495
		50.152266	-5.065556
		50.726024	-3.543949
		51.512161	-0.116215
		51.289406	1.075802
		
c	13 1 10 9 8 7 3 6 4 5 0 11 12 14 2 15	2240.33332872931	0.775966667127069	13	1	10	9	8	7	3	6	4	5	0	11	12	14	2	15		
		50.726024	-3.543949
		51.460852	-2.588139
		55.862982	-4.263554
		55.958426	-3.186893
		54.892406	-2.923222
		54.980766	-1.615849
		53.803895	-1.549931
		53.751959	-0.335941
		53.478239	-2.258549
		53.409532	-3.000126
		52.486125	-1.890507
		51.488224	-3.186893
		51.624837	-3.94495
		50.152266	-5.065556
		51.512161	-0.116215
		51.289406	1.075802
		
c	10 7 13 14 3 9 8 6 4 5 0 11 12 1 2 15	2729.47943142457	0.727052056857543	10	7	13	14	3	9	8	6	4	5	0	11	12	1	2	15		
		55.862982	-4.263554
		54.980766	-1.615849
		50.726024	-3.543949
		50.152266	-5.065556
		53.803895	-1.549931
		55.958426	-3.186893
		54.892406	-2.923222
		53.751959	-0.335941
		53.478239	-2.258549
		53.409532	-3.000126
		52.486125	-1.890507
		51.488224	-3.186893
		51.624837	-3.94495
		51.460852	-2.588139
		51.512161	-0.116215
		51.289406	1.075802
		
c	3 6 4 5 0 7 11 12 14 13 1 10 9 8 2 15	2729.33073529784	0.727066926470216	3	6	4	5	0	7	11	12	14	13	1	10	9	8	2	15		
		53.803895	-1.549931
		53.751959	-0.335941
		53.478239	-2.258549
		53.409532	-3.000126
		52.486125	-1.890507
		54.980766	-1.615849
		51.488224	-3.186893
		51.624837	-3.94495
		50.152266	-5.065556
		50.726024	-3.543949
		51.460852	-2.588139
		55.862982	-4.263554
		55.958426	-3.186893
		54.892406	-2.923222
		51.512161	-0.116215
		51.289406	1.075802
		
c	11 12 14 13 1 10 9 8 7 3 6 4 5 0 2 15	2007.23093499378	0.799276906500622	11	12	14	13	1	10	9	8	7	3	6	4	5	0	2	15		
		51.488224	-3.186893
		51.624837	-3.94495
		50.152266	-5.065556
		50.726024	-3.543949
		51.460852	-2.588139
		55.862982	-4.263554
		55.958426	-3.186893
		54.892406	-2.923222
		54.980766	-1.615849
		53.803895	-1.549931
		53.751959	-0.335941
		53.478239	-2.258549
		53.409532	-3.000126
		52.486125	-1.890507
		51.512161	-0.116215
		51.289406	1.075802
		
c	7 3 6 12 8 11 14 13 1 4 2 0 9 10 5 15	3489.87184094769	0.651012815905231	7	3	6	12	8	11	14	13	1	4	2	0	9	10	5	15		
		54.980766	-1.615849
		53.803895	-1.549931
		53.751959	-0.335941
		51.624837	-3.94495
		54.892406	-2.923222
		51.488224	-3.186893
		50.152266	-5.065556
		50.726024	-3.543949
		51.460852	-2.588139
		53.478239	-2.258549
		51.512161	-0.116215
		52.486125	-1.890507
		55.958426	-3.186893
		55.862982	-4.263554
		53.409532	-3.000126
		51.289406	1.075802
		
c	8 7 3 10 6 4 5 9 0 11 12 14 13 1 2 15	2572.05255712608	0.742794744287392	8	7	3	10	6	4	5	9	0	11	12	14	13	1	2	15		
		54.892406	-2.923222
		54.980766	-1.615849
		53.803895	-1.549931
		55.862982	-4.263554
		53.751959	-0.335941
		53.478239	-2.258549
		53.409532	-3.000126
		55.958426	-3.186893
		52.486125	-1.890507
		51.488224	-3.186893
		51.624837	-3.94495
		50.152266	-5.065556
		50.726024	-3.543949
		51.460852	-2.588139
		51.512161	-0.116215
		51.289406	1.075802
		
c	2 0 3 11 1 12 13 14 10 9 7 6 4 8 5 15	2791.3714473211	0.72086285526789	2	0	3	11	1	12	13	14	10	9	7	6	4	8	5	15		
		51.512161	-0.116215
		52.486125	-1.890507
		53.803895	-1.549931
		51.488224	-3.186893
		51.460852	-2.588139
		51.624837	-3.94495
		50.726024	-3.543949
		50.152266	-5.065556
		55.862982	-4.263554
		55.958426	-3.186893
		54.980766	-1.615849
		53.751959	-0.335941
		53.478239	-2.258549
		54.892406	-2.923222
		53.409532	-3.000126
		51.289406	1.075802
		
c	9 8 7 3 6 4 5 10 0 1 11 12 14 13 2 15	2153.04204502494	0.784695795497506	9	8	7	3	6	4	5	10	0	1	11	12	14	13	2	15		
		55.958426	-3.186893
		54.892406	-2.923222
		54.980766	-1.615849
		53.803895	-1.549931
		53.751959	-0.335941
		53.478239	-2.258549
		53.409532	-3.000126
		55.862982	-4.263554
		52.486125	-1.890507
		51.460852	-2.588139
		51.488224	-3.186893
		51.624837	-3.94495
		50.152266	-5.065556
		50.726024	-3.543949
		51.512161	-0.116215
		51.289406	1.075802
		
c	1 11 12 14 2 6 3 7 8 13 10 9 0 4 5 15	3228.93621102601	0.677106378897399	1	11	12	14	2	6	3	7	8	13	10	9	0	4	5	15		
		51.460852	-2.588139
		51.488224	-3.186893
		51.624837	-3.94495
		50.152266	-5.065556
		51.512161	-0.116215
		53.751959	-0.335941
		53.803895	-1.549931
		54.980766	-1.615849
		54.892406	-2.923222
		50.726024	-3.543949
		55.862982	-4.263554
		55.958426	-3.186893
		52.486125	-1.890507
		53.478239	-2.258549
		53.409532	-3.000126
		51.289406	1.075802
		
c	9 8 7 3 10 6 4 5 0 1 11 12 14 13 2 15	2140.69274489429	0.785930725510571	9	8	7	3	10	6	4	5	0	1	11	12	14	13	2	15		
		55.958426	-3.186893
		54.892406	-2.923222
		54.980766	-1.615849
		53.803895	-1.549931
		55.862982	-4.263554
		53.751959	-0.335941
		53.478239	-2.258549
		53.409532	-3.000126
		52.486125	-1.890507
		51.460852	-2.588139
		51.488224	-3.186893
		51.624837	-3.94495
		50.152266	-5.065556
		50.726024	-3.543949
		51.512161	-0.116215
		51.289406	1.075802
		
c	7 6 11 1 12 13 14 10 2 3 9 8 5 0 4 15	3426.08270090391	0.657391729909609	7	6	11	1	12	13	14	10	2	3	9	8	5	0	4	15		
		54.980766	-1.615849
		53.751959	-0.335941
		51.488224	-3.186893
		51.460852	-2.588139
		51.624837	-3.94495
		50.726024	-3.543949
		50.152266	-5.065556
		55.862982	-4.263554
		51.512161	-0.116215
		53.803895	-1.549931
		55.958426	-3.186893
		54.892406	-2.923222
		53.409532	-3.000126
		52.486125	-1.890507
		53.478239	-2.258549
		51.289406	1.075802
		
c	14 0 4 10 9 7 8 3 6 5 11 12 1 13 2 15	2268.31530810493	0.773168469189507	14	0	4	10	9	7	8	3	6	5	11	12	1	13	2	15		
		50.152266	-5.065556
		52.486125	-1.890507
		53.478239	-2.258549
		55.862982	-4.263554
		55.958426	-3.186893
		54.980766	-1.615849
		54.892406	-2.923222
		53.803895	-1.549931
		53.751959	-0.335941
		53.409532	-3.000126
		51.488224	-3.186893
		51.624837	-3.94495
		51.460852	-2.588139
		50.726024	-3.543949
		51.512161	-0.116215
		51.289406	1.075802
		
c	3 6 7 9 10 8 4 5 11 0 1 12 14 13 2 15	2027.90478347933	0.797209521652067	3	6	7	9	10	8	4	5	11	0	1	12	14	13	2	15		
		53.803895	-1.549931
		53.751959	-0.335941
		54.980766	-1.615849
		55.958426	-3.186893
		55.862982	-4.263554
		54.892406	-2.923222
		53.478239	-2.258549
		53.409532	-3.000126
		51.488224	-3.186893
		52.486125	-1.890507
		51.460852	-2.588139
		51.624837	-3.94495
		50.152266	-5.065556
		50.726024	-3.543949
		51.512161	-0.116215
		51.289406	1.075802
		
c	12 1 13 10 9 7 8 6 3 5 11 14 0 4 2 15	2683.82473826274	0.731617526173726	12	1	13	10	9	7	8	6	3	5	11	14	0	4	2	15		
		51.624837	-3.94495
		51.460852	-2.588139
		50.726024	-3.543949
		55.862982	-4.263554
		55.958426	-3.186893
		54.980766	-1.615849
		54.892406	-2.923222
		53.751959	-0.335941
		53.803895	-1.549931
		53.409532	-3.000126
		51.488224	-3.186893
		50.152266	-5.065556
		52.486125	-1.890507
		53.478239	-2.258549
		51.512161	-0.116215
		51.289406	1.075802
		
c	7 4 0 8 11 9 10 3 6 5 12 14 13 1 2 15	2930.97378851806	0.706902621148194	7	4	0	8	11	9	10	3	6	5	12	14	13	1	2	15		
		54.980766	-1.615849
		53.478239	-2.258549
		52.486125	-1.890507
		54.892406	-2.923222
		51.488224	-3.186893
		55.958426	-3.186893
		55.862982	-4.263554
		53.803895	-1.549931
		53.751959	-0.335941
		53.409532	-3.000126
		51.624837	-3.94495
		50.152266	-5.065556
		50.726024	-3.543949
		51.460852	-2.588139
		51.512161	-0.116215
		51.289406	1.075802
		
c	9 10 8 7 0 6 3 4 5 1 11 12 14 13 2 15	1893.28358692288	0.810671641307712	9	10	8	7	0	6	3	4	5	1	11	12	14	13	2	15		
		55.958426	-3.186893
		55.862982	-4.263554
		54.892406	-2.923222
		54.980766	-1.615849
		52.486125	-1.890507
		53.751959	-0.335941
		53.803895	-1.549931
		53.478239	-2.258549
		53.409532	-3.000126
		51.460852	-2.588139
		51.488224	-3.186893
		51.624837	-3.94495
		50.152266	-5.065556
		50.726024	-3.543949
		51.512161	-0.116215
		51.289406	1.075802
		
c	3 6 4 9 10 8 5 1 7 0 11 12 14 13 2 15	2600.28835470286	0.739971164529714	3	6	4	9	10	8	5	1	7	0	11	12	14	13	2	15		
		53.803895	-1.549931
		53.751959	-0.335941
		53.478239	-2.258549
		55.958426	-3.186893
		55.862982	-4.263554
		54.892406	-2.923222
		53.409532	-3.000126
		51.460852	-2.588139
		54.980766	-1.615849
		52.486125	-1.890507
		51.488224	-3.186893
		51.624837	-3.94495
		50.152266	-5.065556
		50.726024	-3.543949
		51.512161	-0.116215
		51.289406	1.075802
		
c	4 5 0 1 11 12 14 13 9 10 8 7 6 3 2 15	2173.23451960786	0.782676548039214	4	5	0	1	11	12	14	13	9	10	8	7	6	3	2	15		
		53.478239	-2.258549
		53.409532	-3.000126
		52.486125	-1.890507
		51.460852	-2.588139
		51.488224	-3.186893
		51.624837	-3.94495
		50.152266	-5.065556
		50.726024	-3.543949
		55.958426	-3.186893
		55.862982	-4.263554
		54.892406	-2.923222
		54.980766	-1.615849
		53.751959	-0.335941
		53.803895	-1.549931
		51.512161	-0.116215
		51.289406	1.075802
		
c	7 6 4 8 3 5 0 9 10 1 11 12 14 13 2 15	2544.42219222406	0.745557780777594	7	6	4	8	3	5	0	9	10	1	11	12	14	13	2	15		
		54.980766	-1.615849
		53.751959	-0.335941
		53.478239	-2.258549
		54.892406	-2.923222
		53.803895	-1.549931
		53.409532	-3.000126
		52.486125	-1.890507
		55.958426	-3.186893
		55.862982	-4.263554
		51.460852	-2.588139
		51.488224	-3.186893
		51.624837	-3.94495
		50.152266	-5.065556
		50.726024	-3.543949
		51.512161	-0.116215
		51.289406	1.075802
		
c	9 10 8 5 1 7 4 0 6 3 11 12 14 13 2 15	2507.9007014254	0.74920992985746	9	10	8	5	1	7	4	0	6	3	11	12	14	13	2	15		
		55.958426	-3.186893
		55.862982	-4.263554
		54.892406	-2.923222
		53.409532	-3.000126
		51.460852	-2.588139
		54.980766	-1.615849
		53.478239	-2.258549
		52.486125	-1.890507
		53.751959	-0.335941
		53.803895	-1.549931
		51.488224	-3.186893
		51.624837	-3.94495
		50.152266	-5.065556
		50.726024	-3.543949
		51.512161	-0.116215
		51.289406	1.075802
		
c	0 9 10 5 3 8 7 6 4 11 12 14 13 1 2 15	2332.08740403391	0.766791259596609	0	9	10	5	3	8	7	6	4	11	12	14	13	1	2	15		
		52.486125	-1.890507
		55.958426	-3.186893
		55.862982	-4.263554
		53.409532	-3.000126
		53.803895	-1.549931
		54.892406	-2.923222
		54.980766	-1.615849
		53.751959	-0.335941
		53.478239	-2.258549
		51.488224	-3.186893
		51.624837	-3.94495
		50.152266	-5.065556
		50.726024	-3.543949
		51.460852	-2.588139
		51.512161	-0.116215
		51.289406	1.075802
		
c	11 1 12 14 13 0 10 9 7 3 6 8 4 5 2 15	2299.34701374481	0.770065298625519	11	1	12	14	13	0	10	9	7	3	6	8	4	5	2	15		
		51.488224	-3.186893
		51.460852	-2.588139
		51.624837	-3.94495
		50.152266	-5.065556
		50.726024	-3.543949
		52.486125	-1.890507
		55.862982	-4.263554
		55.958426	-3.186893
		54.980766	-1.615849
		53.803895	-1.549931
		53.751959	-0.335941
		54.892406	-2.923222
		53.478239	-2.258549
		53.409532	-3.000126
		51.512161	-0.116215
		51.289406	1.075802
		
c	1 11 12 10 9 7 8 6 3 5 13 14 0 4 2 15	2490.62501453498	0.750937498546502	1	11	12	10	9	7	8	6	3	5	13	14	0	4	2	15		
		51.460852	-2.588139
		51.488224	-3.186893
		51.624837	-3.94495
		55.862982	-4.263554
		55.958426	-3.186893
		54.980766	-1.615849
		54.892406	-2.923222
		53.751959	-0.335941
		53.803895	-1.549931
		53.409532	-3.000126
		50.726024	-3.543949
		50.152266	-5.065556
		52.486125	-1.890507
		53.478239	-2.258549
		51.512161	-0.116215
		51.289406	1.075802
		
c	8 3 4 5 0 1 11 12 14 13 6 10 9 7 2 15	2357.21527673555	0.764278472326445	8	3	4	5	0	1	11	12	14	13	6	10	9	7	2	15		
		54.892406	-2.923222
		53.803895	-1.549931
		53.478239	-2.258549
		53.409532	-3.000126
		52.486125	-1.890507
		51.460852	-2.588139
		51.488224	-3.186893
		51.624837	-3.94495
		50.152266	-5.065556
		50.726024	-3.543949
		53.751959	-0.335941
		55.862982	-4.263554
		55.958426	-3.186893
		54.980766	-1.615849
		51.512161	-0.116215
		51.289406	1.075802
		
c	10 9 7 13 1 11 12 14 2 6 3 8 5 0 4 15	2684.39871352708	0.731560128647292	10	9	7	13	1	11	12	14	2	6	3	8	5	0	4	15		
		55.862982	-4.263554
		55.958426	-3.186893
		54.980766	-1.615849
		50.726024	-3.543949
		51.460852	-2.588139
		51.488224	-3.186893
		51.624837	-3.94495
		50.152266	-5.065556
		51.512161	-0.116215
		53.751959	-0.335941
		53.803895	-1.549931
		54.892406	-2.923222
		53.409532	-3.000126
		52.486125	-1.890507
		53.478239	-2.258549
		51.289406	1.075802
		
c	13 1 10 9 8 7 6 3 4 5 0 11 12 14 2 15	2197.91144282024	0.780208855717976	13	1	10	9	8	7	6	3	4	5	0	11	12	14	2	15		
		50.726024	-3.543949
		51.460852	-2.588139
		55.862982	-4.263554
		55.958426	-3.186893
		54.892406	-2.923222
		54.980766	-1.615849
		53.751959	-0.335941
		53.803895	-1.549931
		53.478239	-2.258549
		53.409532	-3.000126
		52.486125	-1.890507
		51.488224	-3.186893
		51.624837	-3.94495
		50.152266	-5.065556
		51.512161	-0.116215
		51.289406	1.075802
		
c	3 4 0 11 12 14 13 1 9 10 8 7 2 5 6 15	2727.81402971788	0.727218597028212	3	4	0	11	12	14	13	1	9	10	8	7	2	5	6	15		
		53.803895	-1.549931
		53.478239	-2.258549
		52.486125	-1.890507
		51.488224	-3.186893
		51.624837	-3.94495
		50.152266	-5.065556
		50.726024	-3.543949
		51.460852	-2.588139
		55.958426	-3.186893
		55.862982	-4.263554
		54.892406	-2.923222
		54.980766	-1.615849
		51.512161	-0.116215
		53.409532	-3.000126
		53.751959	-0.335941
		51.289406	1.075802
		
c	9 10 8 4 5 12 11 14 13 1 7 3 6 0 2 15	2141.87800742371	0.785812199257629	9	10	8	4	5	12	11	14	13	1	7	3	6	0	2	15		
		55.958426	-3.186893
		55.862982	-4.263554
		54.892406	-2.923222
		53.478239	-2.258549
		53.409532	-3.000126
		51.624837	-3.94495
		51.488224	-3.186893
		50.152266	-5.065556
		50.726024	-3.543949
		51.460852	-2.588139
		54.980766	-1.615849
		53.803895	-1.549931
		53.751959	-0.335941
		52.486125	-1.890507
		51.512161	-0.116215
		51.289406	1.075802
		
c	9 10 0 8 7 6 14 4 5 11 12 3 13 1 2 15	3266.27535513197	0.673372464486803	9	10	0	8	7	6	14	4	5	11	12	3	13	1	2	15		
		55.958426	-3.186893
		55.862982	-4.263554
		52.486125	-1.890507
		54.892406	-2.923222
		54.980766	-1.615849
		53.751959	-0.335941
		50.152266	-5.065556
		53.478239	-2.258549
		53.409532	-3.000126
		51.488224	-3.186893
		51.624837	-3.94495
		53.803895	-1.549931
		50.726024	-3.543949
		51.460852	-2.588139
		51.512161	-0.116215
		51.289406	1.075802
		
c	10 9 8 7 3 6 1 11 4 5 12 0 14 13 2 15	2285.90081623235	0.771409918376765	10	9	8	7	3	6	1	11	4	5	12	0	14	13	2	15		
		55.862982	-4.263554
		55.958426	-3.186893
		54.892406	-2.923222
		54.980766	-1.615849
		53.803895	-1.549931
		53.751959	-0.335941
		51.460852	-2.588139
		51.488224	-3.186893
		53.478239	-2.258549
		53.409532	-3.000126
		51.624837	-3.94495
		52.486125	-1.890507
		50.152266	-5.065556
		50.726024	-3.543949
		51.512161	-0.116215
		51.289406	1.075802
		
c	7 3 6 4 5 0 11 1 12 14 13 2 10 9 8 15	2582.84678137736	0.741715321862264	7	3	6	4	5	0	11	1	12	14	13	2	10	9	8	15		
		54.980766	-1.615849
		53.803895	-1.549931
		53.751959	-0.335941
		53.478239	-2.258549
		53.409532	-3.000126
		52.486125	-1.890507
		51.488224	-3.186893
		51.460852	-2.588139
		51.624837	-3.94495
		50.152266	-5.065556
		50.726024	-3.543949
		51.512161	-0.116215
		55.862982	-4.263554
		55.958426	-3.186893
		54.892406	-2.923222
		51.289406	1.075802
		
c	11 12 1 3 6 9 10 8 14 13 4 5 7 0 2 15	2774.17454462441	0.722582545537559	11	12	1	3	6	9	10	8	14	13	4	5	7	0	2	15		
		51.488224	-3.186893
		51.624837	-3.94495
		51.460852	-2.588139
		53.803895	-1.549931
		53.751959	-0.335941
		55.958426	-3.186893
		55.862982	-4.263554
		54.892406	-2.923222
		50.152266	-5.065556
		50.726024	-3.543949
		53.478239	-2.258549
		53.409532	-3.000126
		54.980766	-1.615849
		52.486125	-1.890507
		51.512161	-0.116215
		51.289406	1.075802
		
c	7 6 10 9 8 3 4 5 0 1 11 12 14 13 2 15	1944.94835383902	0.805505164616098	7	6	10	9	8	3	4	5	0	1	11	12	14	13	2	15		
		54.980766	-1.615849
		53.751959	-0.335941
		55.862982	-4.263554
		55.958426	-3.186893
		54.892406	-2.923222
		53.803895	-1.549931
		53.478239	-2.258549
		53.409532	-3.000126
		52.486125	-1.890507
		51.460852	-2.588139
		51.488224	-3.186893
		51.624837	-3.94495
		50.152266	-5.065556
		50.726024	-3.543949
		51.512161	-0.116215
		51.289406	1.075802
		
c	4 5 0 1 14 7 3 6 10 9 8 13 11 12 2 15	2814.00041676411	0.718599958323589	4	5	0	1	14	7	3	6	10	9	8	13	11	12	2	15		
		53.478239	-2.258549
		53.409532	-3.000126
		52.486125	-1.890507
		51.460852	-2.588139
		50.152266	-5.065556
		54.980766	-1.615849
		53.803895	-1.549931
		53.751959	-0.335941
		55.862982	-4.263554
		55.958426	-3.186893
		54.892406	-2.923222
		50.726024	-3.543949
		51.488224	-3.186893
		51.624837	-3.94495
		51.512161	-0.116215
		51.289406	1.075802
		
c	10 9 7 6 3 4 5 0 11 12 14 13 1 8 2 15	2187.62450940818	0.781237549059182	10	9	7	6	3	4	5	0	11	12	14	13	1	8	2	15		
		55.862982	-4.263554
		55.958426	-3.186893
		54.980766	-1.615849
		53.751959	-0.335941
		53.803895	-1.549931
		53.478239	-2.258549
		53.409532	-3.000126
		52.486125	-1.890507
		51.488224	-3.186893
		51.624837	-3.94495
		50.152266	-5.065556
		50.726024	-3.543949
		51.460852	-2.588139
		54.892406	-2.923222
		51.512161	-0.116215
		51.289406	1.075802
		
c	10 9 8 13 1 7 3 6 4 5 0 14 11 12 2 15	2617.82244161853	0.738217755838147	10	9	8	13	1	7	3	6	4	5	0	14	11	12	2	15		
		55.862982	-4.263554
		55.958426	-3.186893
		54.892406	-2.923222
		50.726024	-3.543949
		51.460852	-2.588139
		54.980766	-1.615849
		53.803895	-1.549931
		53.751959	-0.335941
		53.478239	-2.258549
		53.409532	-3.000126
		52.486125	-1.890507
		50.152266	-5.065556
		51.488224	-3.186893
		51.624837	-3.94495
		51.512161	-0.116215
		51.289406	1.075802
		
c	13 1 10 9 8 4 5 11 12 14 0 7 6 3 2 15	2675.09066940534	0.732490933059466	13	1	10	9	8	4	5	11	12	14	0	7	6	3	2	15		
		50.726024	-3.543949
		51.460852	-2.588139
		55.862982	-4.263554
		55.958426	-3.186893
		54.892406	-2.923222
		53.478239	-2.258549
		53.409532	-3.000126
		51.488224	-3.186893
		51.624837	-3.94495
		50.152266	-5.065556
		52.486125	-1.890507
		54.980766	-1.615849
		53.751959	-0.335941
		53.803895	-1.549931
		51.512161	-0.116215
		51.289406	1.075802
		
c	10 9 8 7 6 3 0 1 12 14 13 4 5 11 2 15	2066.80268579521	0.793319731420479	10	9	8	7	6	3	0	1	12	14	13	4	5	11	2	15		
		55.862982	-4.263554
		55.958426	-3.186893
		54.892406	-2.923222
		54.980766	-1.615849
		53.751959	-0.335941
		53.803895	-1.549931
		52.486125	-1.890507
		51.460852	-2.588139
		51.624837	-3.94495
		50.152266	-5.065556
		50.726024	-3.543949
		53.478239	-2.258549
		53.409532	-3.000126
		51.488224	-3.186893
		51.512161	-0.116215
		51.289406	1.075802
		
c	3 4 5 11 12 14 13 8 7 6 0 9 10 1 2 15	2790.56812649467	0.720943187350533	3	4	5	11	12	14	13	8	7	6	0	9	10	1	2	15		
		53.803895	-1.549931
		53.478239	-2.258549
		53.409532	-3.000126
		51.488224	-3.186893
		51.624837	-3.94495
		50.152266	-5.065556
		50.726024	-3.543949
		54.892406	-2.923222
		54.980766	-1.615849
		53.751959	-0.335941
		52.486125	-1.890507
		55.958426	-3.186893
		55.862982	-4.263554
		51.460852	-2.588139
		51.512161	-0.116215
		51.289406	1.075802
		
c	7 3 6 4 5 9 10 8 0 1 11 12 14 13 2 15	2023.49325923213	0.797650674076787	7	3	6	4	5	9	10	8	0	1	11	12	14	13	2	15		
		54.980766	-1.615849
		53.803895	-1.549931
		53.751959	-0.335941
		53.478239	-2.258549
		53.409532	-3.000126
		55.958426	-3.186893
		55.862982	-4.263554
		54.892406	-2.923222
		52.486125	-1.890507
		51.460852	-2.588139
		51.488224	-3.186893
		51.624837	-3.94495
		50.152266	-5.065556
		50.726024	-3.543949
		51.512161	-0.116215
		51.289406	1.075802
		
c	11 4 7 9 10 8 5 1 12 14 13 2 6 3 0 15	2515.88665431397	0.748411334568603	11	4	7	9	10	8	5	1	12	14	13	2	6	3	0	15		
		51.488224	-3.186893
		53.478239	-2.258549
		54.980766	-1.615849
		55.958426	-3.186893
		55.862982	-4.263554
		54.892406	-2.923222
		53.409532	-3.000126
		51.460852	-2.588139
		51.624837	-3.94495
		50.152266	-5.065556
		50.726024	-3.543949
		51.512161	-0.116215
		53.751959	-0.335941
		53.803895	-1.549931
		52.486125	-1.890507
		51.289406	1.075802
		
c	3 4 5 0 1 11 12 10 9 8 7 6 14 13 2 15	2339.64267425608	0.766035732574392	3	4	5	0	1	11	12	10	9	8	7	6	14	13	2	15		
		53.803895	-1.549931
		53.478239	-2.258549
		53.409532	-3.000126
		52.486125	-1.890507
		51.460852	-2.588139
		51.488224	-3.186893
		51.624837	-3.94495
		55.862982	-4.263554
		55.958426	-3.186893
		54.892406	-2.923222
		54.980766	-1.615849
		53.751959	-0.335941
		50.152266	-5.065556
		50.726024	-3.543949
		51.512161	-0.116215
		51.289406	1.075802
		
c	5 14 13 4 0 1 11 12 10 9 7 8 6 3 2 15	2585.33493150483	0.741466506849517	5	14	13	4	0	1	11	12	10	9	7	8	6	3	2	15		
		53.409532	-3.000126
		50.152266	-5.065556
		50.726024	-3.543949
		53.478239	-2.258549
		52.486125	-1.890507
		51.460852	-2.588139
		51.488224	-3.186893
		51.624837	-3.94495
		55.862982	-4.263554
		55.958426	-3.186893
		54.980766	-1.615849
		54.892406	-2.923222
		53.751959	-0.335941
		53.803895	-1.549931
		51.512161	-0.116215
		51.289406	1.075802
		
c	6 9 10 8 0 11 12 1 3 7 4 5 14 13 2 15	2557.0241914977	0.74429758085023	6	9	10	8	0	11	12	1	3	7	4	5	14	13	2	15		
		53.751959	-0.335941
		55.958426	-3.186893
		55.862982	-4.263554
		54.892406	-2.923222
		52.486125	-1.890507
		51.488224	-3.186893
		51.624837	-3.94495
		51.460852	-2.588139
		53.803895	-1.549931
		54.980766	-1.615849
		53.478239	-2.258549
		53.409532	-3.000126
		50.152266	-5.065556
		50.726024	-3.543949
		51.512161	-0.116215
		51.289406	1.075802
		
c	11 12 10 9 8 7 3 6 4 5 0 1 14 13 2 15	2132.51176151027	0.786748823848973	11	12	10	9	8	7	3	6	4	5	0	1	14	13	2	15		
		51.488224	-3.186893
		51.624837	-3.94495
		55.862982	-4.263554
		55.958426	-3.186893
		54.892406	-2.923222
		54.980766	-1.615849
		53.803895	-1.549931
		53.751959	-0.335941
		53.478239	-2.258549
		53.409532	-3.000126
		52.486125	-1.890507
		51.460852	-2.588139
		50.152266	-5.065556
		50.726024	-3.543949
		51.512161	-0.116215
		51.289406	1.075802
		
c	8 7 3 9 10 6 4 5 0 1 11 12 14 13 2 15	2062.96793940204	0.793703206059796	8	7	3	9	10	6	4	5	0	1	11	12	14	13	2	15		
		54.892406	-2.923222
		54.980766	-1.615849
		53.803895	-1.549931
		55.958426	-3.186893
		55.862982	-4.263554
		53.751959	-0.335941
		53.478239	-2.258549
		53.409532	-3.000126
		52.486125	-1.890507
		51.460852	-2.588139
		51.488224	-3.186893
		51.624837	-3.94495
		50.152266	-5.065556
		50.726024	-3.543949
		51.512161	-0.116215
		51.289406	1.075802
		
c	10 9 7 8 6 3 4 5 14 13 2 11 12 0 1 15	2282.81568994531	0.771718431005469	10	9	7	8	6	3	4	5	14	13	2	11	12	0	1	15		
		55.862982	-4.263554
		55.958426	-3.186893
		54.980766	-1.615849
		54.892406	-2.923222
		53.751959	-0.335941
		53.803895	-1.549931
		53.478239	-2.258549
		53.409532	-3.000126
		50.152266	-5.065556
		50.726024	-3.543949
		51.512161	-0.116215
		51.488224	-3.186893
		51.624837	-3.94495
		52.486125	-1.890507
		51.460852	-2.588139
		51.289406	1.075802
		
c	1 11 12 0 14 13 2 10 9 8 7 3 6 4 5 15	2568.21403951595	0.743178596048405	1	11	12	0	14	13	2	10	9	8	7	3	6	4	5	15		
		51.460852	-2.588139
		51.488224	-3.186893
		51.624837	-3.94495
		52.486125	-1.890507
		50.152266	-5.065556
		50.726024	-3.543949
		51.512161	-0.116215
		55.862982	-4.263554
		55.958426	-3.186893
		54.892406	-2.923222
		54.980766	-1.615849
		53.803895	-1.549931
		53.751959	-0.335941
		53.478239	-2.258549
		53.409532	-3.000126
		51.289406	1.075802
		
c	3 6 7 9 10 14 13 2 5 8 4 1 11 12 0 15	2822.25584582461	0.717774415417539	3	6	7	9	10	14	13	2	5	8	4	1	11	12	0	15		
		53.803895	-1.549931
		53.751959	-0.335941
		54.980766	-1.615849
		55.958426	-3.186893
		55.862982	-4.263554
		50.152266	-5.065556
		50.726024	-3.543949
		51.512161	-0.116215
		53.409532	-3.000126
		54.892406	-2.923222
		53.478239	-2.258549
		51.460852	-2.588139
		51.488224	-3.186893
		51.624837	-3.94495
		52.486125	-1.890507
		51.289406	1.075802
		
c	2 1 12 14 10 9 8 7 3 6 0 11 13 5 4 15	2656.29580339523	0.734370419660477	2	1	12	14	10	9	8	7	3	6	0	11	13	5	4	15		
		51.512161	-0.116215
		51.460852	-2.588139
		51.624837	-3.94495
		50.152266	-5.065556
		55.862982	-4.263554
		55.958426	-3.186893
		54.892406	-2.923222
		54.980766	-1.615849
		53.803895	-1.549931
		53.751959	-0.335941
		52.486125	-1.890507
		51.488224	-3.186893
		50.726024	-3.543949
		53.409532	-3.000126
		53.478239	-2.258549
		51.289406	1.075802
		
c	7 3 6 4 5 0 1 14 10 9 8 11 12 13 2 15	2571.43960861692	0.742856039138308	7	3	6	4	5	0	1	14	10	9	8	11	12	13	2	15		
		54.980766	-1.615849
		53.803895	-1.549931
		53.751959	-0.335941
		53.478239	-2.258549
		53.409532	-3.000126
		52.486125	-1.890507
		51.460852	-2.588139
		50.152266	-5.065556
		55.862982	-4.263554
		55.958426	-3.186893
		54.892406	-2.923222
		51.488224	-3.186893
		51.624837	-3.94495
		50.726024	-3.543949
		51.512161	-0.116215
		51.289406	1.075802
		
c	0 9 10 1 11 12 14 8 7 6 3 4 5 13 2 15	2863.60240554274	0.713639759445726	0	9	10	1	11	12	14	8	7	6	3	4	5	13	2	15		
		52.486125	-1.890507
		55.958426	-3.186893
		55.862982	-4.263554
		51.460852	-2.588139
		51.488224	-3.186893
		51.624837	-3.94495
		50.152266	-5.065556
		54.892406	-2.923222
		54.980766	-1.615849
		53.751959	-0.335941
		53.803895	-1.549931
		53.478239	-2.258549
		53.409532	-3.000126
		50.726024	-3.543949
		51.512161	-0.116215
		51.289406	1.075802
		
c	14 10 9 7 3 6 0 1 11 12 13 2 8 4 5 15	2812.23449098731	0.718776550901269	14	10	9	7	3	6	0	1	11	12	13	2	8	4	5	15		
		50.152266	-5.065556
		55.862982	-4.263554
		55.958426	-3.186893
		54.980766	-1.615849
		53.803895	-1.549931
		53.751959	-0.335941
		52.486125	-1.890507
		51.460852	-2.588139
		51.488224	-3.186893
		51.624837	-3.94495
		50.726024	-3.543949
		51.512161	-0.116215
		54.892406	-2.923222
		53.478239	-2.258549
		53.409532	-3.000126
		51.289406	1.075802
		
c	10 9 8 7 6 4 11 12 3 5 0 1 14 13 2 15	2186.33011213274	0.781366988786726	10	9	8	7	6	4	11	12	3	5	0	1	14	13	2	15		
		55.862982	-4.263554
		55.958426	-3.186893
		54.892406	-2.923222
		54.980766	-1.615849
		53.751959	-0.335941
		53.478239	-2.258549
		51.488224	-3.186893
		51.624837	-3.94495
		53.803895	-1.549931
		53.409532	-3.000126
		52.486125	-1.890507
		51.460852	-2.588139
		50.152266	-5.065556
		50.726024	-3.543949
		51.512161	-0.116215
		51.289406	1.075802
		
c	14 13 2 10 9 7 11 1 12 3 6 0 4 8 5 15	3040.01330754261	0.695998669245739	14	13	2	10	9	7	11	1	12	3	6	0	4	8	5	15		
		50.152266	-5.065556
		50.726024	-3.543949
		51.512161	-0.116215
		55.862982	-4.263554
		55.958426	-3.186893
		54.980766	-1.615849
		51.488224	-3.186893
		51.460852	-2.588139
		51.624837	-3.94495
		53.803895	-1.549931
		53.751959	-0.335941
		52.486125	-1.890507
		53.478239	-2.258549
		54.892406	-2.923222
		53.409532	-3.000126
		51.289406	1.075802
		
c	10 9 8 7 3 6 4 5 0 12 11 1 14 13 2 15	1748.75481216177	0.825124518783823	10	9	8	7	3	6	4	5	0	12	11	1	14	13	2	15		
		55.862982	-4.263554
		55.958426	-3.186893
		54.892406	-2.923222
		54.980766	-1.615849
		53.803895	-1.549931
		53.751959	-0.335941
		53.478239	-2.258549
		53.409532	-3.000126
		52.486125	-1.890507
		51.624837	-3.94495
		51.488224	-3.186893
		51.460852	-2.588139
		50.152266	-5.065556
		50.726024	-3.543949
		51.512161	-0.116215
		51.289406	1.075802
		
c	2 5 10 1 11 3 6 7 9 8 4 12 0 14 13 15	3265.76167853216	0.673423832146784	2	5	10	1	11	3	6	7	9	8	4	12	0	14	13	15		
		51.512161	-0.116215
		53.409532	-3.000126
		55.862982	-4.263554
		51.460852	-2.588139
		51.488224	-3.186893
		53.803895	-1.549931
		53.751959	-0.335941
		54.980766	-1.615849
		55.958426	-3.186893
		54.892406	-2.923222
		53.478239	-2.258549
		51.624837	-3.94495
		52.486125	-1.890507
		50.152266	-5.065556
		50.726024	-3.543949
		51.289406	1.075802
		
c	13 2 5 10 9 1 11 3 6 7 8 4 12 0 14 15	3401.52045638766	0.659847954361234	13	2	5	10	9	1	11	3	6	7	8	4	12	0	14	15		
		50.726024	-3.543949
		51.512161	-0.116215
		53.409532	-3.000126
		55.862982	-4.263554
		55.958426	-3.186893
		51.460852	-2.588139
		51.488224	-3.186893
		53.803895	-1.549931
		53.751959	-0.335941
		54.980766	-1.615849
		54.892406	-2.923222
		53.478239	-2.258549
		51.624837	-3.94495
		52.486125	-1.890507
		50.152266	-5.065556
		51.289406	1.075802
		
c	1 11 3 6 7 9 10 8 4 5 12 0 14 13 2 15	2311.76180262378	0.768823819737622	1	11	3	6	7	9	10	8	4	5	12	0	14	13	2	15		
		51.460852	-2.588139
		51.488224	-3.186893
		53.803895	-1.549931
		53.751959	-0.335941
		54.980766	-1.615849
		55.958426	-3.186893
		55.862982	-4.263554
		54.892406	-2.923222
		53.478239	-2.258549
		53.409532	-3.000126
		51.624837	-3.94495
		52.486125	-1.890507
		50.152266	-5.065556
		50.726024	-3.543949
		51.512161	-0.116215
		51.289406	1.075802
		
c	5 0 1 11 12 14 13 2 10 9 7 8 6 3 4 15	2444.09173310599	0.755590826689401	5	0	1	11	12	14	13	2	10	9	7	8	6	3	4	15		
		53.409532	-3.000126
		52.486125	-1.890507
		51.460852	-2.588139
		51.488224	-3.186893
		51.624837	-3.94495
		50.152266	-5.065556
		50.726024	-3.543949
		51.512161	-0.116215
		55.862982	-4.263554
		55.958426	-3.186893
		54.980766	-1.615849
		54.892406	-2.923222
		53.751959	-0.335941
		53.803895	-1.549931
		53.478239	-2.258549
		51.289406	1.075802
		
c	1 11 4 7 3 6 5 0 12 14 13 10 9 8 2 15	2705.15044776875	0.729484955223125	1	11	4	7	3	6	5	0	12	14	13	10	9	8	2	15		
		51.460852	-2.588139
		51.488224	-3.186893
		53.478239	-2.258549
		54.980766	-1.615849
		53.803895	-1.549931
		53.751959	-0.335941
		53.409532	-3.000126
		52.486125	-1.890507
		51.624837	-3.94495
		50.152266	-5.065556
		50.726024	-3.543949
		55.862982	-4.263554
		55.958426	-3.186893
		54.892406	-2.923222
		51.512161	-0.116215
		51.289406	1.075802
		
c	8 11 12 14 13 10 9 7 3 6 4 5 0 1 2 15	2427.49160061796	0.757250839938204	8	11	12	14	13	10	9	7	3	6	4	5	0	1	2	15		
		54.892406	-2.923222
		51.488224	-3.186893
		51.624837	-3.94495
		50.152266	-5.065556
		50.726024	-3.543949
		55.862982	-4.263554
		55.958426	-3.186893
		54.980766	-1.615849
		53.803895	-1.549931
		53.751959	-0.335941
		53.478239	-2.258549
		53.409532	-3.000126
		52.486125	-1.890507
		51.460852	-2.588139
		51.512161	-0.116215
		51.289406	1.075802
		
c	5 0 11 12 14 13 1 2 10 9 8 7 6 3 4 15	2365.23867886091	0.763476132113909	5	0	11	12	14	13	1	2	10	9	8	7	6	3	4	15		
		53.409532	-3.000126
		52.486125	-1.890507
		51.488224	-3.186893
		51.624837	-3.94495
		50.152266	-5.065556
		50.726024	-3.543949
		51.460852	-2.588139
		51.512161	-0.116215
		55.862982	-4.263554
		55.958426	-3.186893
		54.892406	-2.923222
		54.980766	-1.615849
		53.751959	-0.335941
		53.803895	-1.549931
		53.478239	-2.258549
		51.289406	1.075802
		
c	7 3 6 4 5 0 10 9 8 13 1 11 12 14 2 15	2425.08158338908	0.757491841661092	7	3	6	4	5	0	10	9	8	13	1	11	12	14	2	15		
		54.980766	-1.615849
		53.803895	-1.549931
		53.751959	-0.335941
		53.478239	-2.258549
		53.409532	-3.000126
		52.486125	-1.890507
		55.862982	-4.263554
		55.958426	-3.186893
		54.892406	-2.923222
		50.726024	-3.543949
		51.460852	-2.588139
		51.488224	-3.186893
		51.624837	-3.94495
		50.152266	-5.065556
		51.512161	-0.116215
		51.289406	1.075802
		
c	6 5 0 11 12 14 13 1 4 3 10 9 7 8 2 15	2292.76072369239	0.770723927630761	6	5	0	11	12	14	13	1	4	3	10	9	7	8	2	15		
		53.751959	-0.335941
		53.409532	-3.000126
		52.486125	-1.890507
		51.488224	-3.186893
		51.624837	-3.94495
		50.152266	-5.065556
		50.726024	-3.543949
		51.460852	-2.588139
		53.478239	-2.258549
		53.803895	-1.549931
		55.862982	-4.263554
		55.958426	-3.186893
		54.980766	-1.615849
		54.892406	-2.923222
		51.512161	-0.116215
		51.289406	1.075802
		
c	13 9 10 8 7 6 3 4 5 0 1 11 12 14 2 15	2213.5254091031	0.77864745908969	13	9	10	8	7	6	3	4	5	0	1	11	12	14	2	15		
		50.726024	-3.543949
		55.958426	-3.186893
		55.862982	-4.263554
		54.892406	-2.923222
		54.980766	-1.615849
		53.751959	-0.335941
		53.803895	-1.549931
		53.478239	-2.258549
		53.409532	-3.000126
		52.486125	-1.890507
		51.460852	-2.588139
		51.488224	-3.186893
		51.624837	-3.94495
		50.152266	-5.065556
		51.512161	-0.116215
		51.289406	1.075802
		
c	0 12 14 13 1 3 10 9 4 7 6 5 11 8 2 15	3100.58489239137	0.689941510760863	0	12	14	13	1	3	10	9	4	7	6	5	11	8	2	15		
		52.486125	-1.890507
		51.624837	-3.94495
		50.152266	-5.065556
		50.726024	-3.543949
		51.460852	-2.588139
		53.803895	-1.549931
		55.862982	-4.263554
		55.958426	-3.186893
		53.478239	-2.258549
		54.980766	-1.615849
		53.751959	-0.335941
		53.409532	-3.000126
		51.488224	-3.186893
		54.892406	-2.923222
		51.512161	-0.116215
		51.289406	1.075802
		
c	0 1 11 12 14 13 4 5 10 9 8 7 3 6 2 15	1997.7798390242	0.80022201609758	0	1	11	12	14	13	4	5	10	9	8	7	3	6	2	15		
		52.486125	-1.890507
		51.460852	-2.588139
		51.488224	-3.186893
		51.624837	-3.94495
		50.152266	-5.065556
		50.726024	-3.543949
		53.478239	-2.258549
		53.409532	-3.000126
		55.862982	-4.263554
		55.958426	-3.186893
		54.892406	-2.923222
		54.980766	-1.615849
		53.803895	-1.549931
		53.751959	-0.335941
		51.512161	-0.116215
		51.289406	1.075802
		
c	3 6 7 14 13 2 5 10 9 8 4 1 11 12 0 15	2862.52023391447	0.713747976608553	3	6	7	14	13	2	5	10	9	8	4	1	11	12	0	15		
		53.803895	-1.549931
		53.751959	-0.335941
		54.980766	-1.615849
		50.152266	-5.065556
		50.726024	-3.543949
		51.512161	-0.116215
		53.409532	-3.000126
		55.862982	-4.263554
		55.958426	-3.186893
		54.892406	-2.923222
		53.478239	-2.258549
		51.460852	-2.588139
		51.488224	-3.186893
		51.624837	-3.94495
		52.486125	-1.890507
		51.289406	1.075802
		
c	9 8 7 3 6 0 2 10 4 5 11 12 14 13 1 15	2588.04876386518	0.741195123613482	9	8	7	3	6	0	2	10	4	5	11	12	14	13	1	15		
		55.958426	-3.186893
		54.892406	-2.923222
		54.980766	-1.615849
		53.803895	-1.549931
		53.751959	-0.335941
		52.486125	-1.890507
		51.512161	-0.116215
		55.862982	-4.263554
		53.478239	-2.258549
		53.409532	-3.000126
		51.488224	-3.186893
		51.624837	-3.94495
		50.152266	-5.065556
		50.726024	-3.543949
		51.460852	-2.588139
		51.289406	1.075802
		
c	0 11 12 14 13 1 2 4 5 10 9 8 7 3 6 15	2149.57137808242	0.785042862191758	0	11	12	14	13	1	2	4	5	10	9	8	7	3	6	15		
		52.486125	-1.890507
		51.488224	-3.186893
		51.624837	-3.94495
		50.152266	-5.065556
		50.726024	-3.543949
		51.460852	-2.588139
		51.512161	-0.116215
		53.478239	-2.258549
		53.409532	-3.000126
		55.862982	-4.263554
		55.958426	-3.186893
		54.892406	-2.923222
		54.980766	-1.615849
		53.803895	-1.549931
		53.751959	-0.335941
		51.289406	1.075802
		
c	7 9 10 8 5 1 4 3 6 12 0 11 14 13 2 15	2416.32838690989	0.758367161309011	7	9	10	8	5	1	4	3	6	12	0	11	14	13	2	15		
		54.980766	-1.615849
		55.958426	-3.186893
		55.862982	-4.263554
		54.892406	-2.923222
		53.409532	-3.000126
		51.460852	-2.588139
		53.478239	-2.258549
		53.803895	-1.549931
		53.751959	-0.335941
		51.624837	-3.94495
		52.486125	-1.890507
		51.488224	-3.186893
		50.152266	-5.065556
		50.726024	-3.543949
		51.512161	-0.116215
		51.289406	1.075802
		
c	0 1 11 12 14 13 2 10 9 7 8 6 3 4 5 15	2398.28508900372	0.760171491099628	0	1	11	12	14	13	2	10	9	7	8	6	3	4	5	15		
		52.486125	-1.890507
		51.460852	-2.588139
		51.488224	-3.186893
		51.624837	-3.94495
		50.152266	-5.065556
		50.726024	-3.543949
		51.512161	-0.116215
		55.862982	-4.263554
		55.958426	-3.186893
		54.980766	-1.615849
		54.892406	-2.923222
		53.751959	-0.335941
		53.803895	-1.549931
		53.478239	-2.258549
		53.409532	-3.000126
		51.289406	1.075802
		
c	4 5 0 2 10 8 7 3 6 9 11 1 12 14 13 15	2902.65998241222	0.709734001758778	4	5	0	2	10	8	7	3	6	9	11	1	12	14	13	15		
		53.478239	-2.258549
		53.409532	-3.000126
		52.486125	-1.890507
		51.512161	-0.116215
		55.862982	-4.263554
		54.892406	-2.923222
		54.980766	-1.615849
		53.803895	-1.549931
		53.751959	-0.335941
		55.958426	-3.186893
		51.488224	-3.186893
		51.460852	-2.588139
		51.624837	-3.94495
		50.152266	-5.065556
		50.726024	-3.543949
		51.289406	1.075802
		
c	13 1 4 11 12 14 0 10 9 2 8 7 3 6 5 15	3403.72110453014	0.659627889546986	13	1	4	11	12	14	0	10	9	2	8	7	3	6	5	15		
		50.726024	-3.543949
		51.460852	-2.588139
		53.478239	-2.258549
		51.488224	-3.186893
		51.624837	-3.94495
		50.152266	-5.065556
		52.486125	-1.890507
		55.862982	-4.263554
		55.958426	-3.186893
		51.512161	-0.116215
		54.892406	-2.923222
		54.980766	-1.615849
		53.803895	-1.549931
		53.751959	-0.335941
		53.409532	-3.000126
		51.289406	1.075802
		
c	12 14 13 2 11 1 10 9 7 8 6 3 4 5 0 15	2385.51278774648	0.761448721225352	12	14	13	2	11	1	10	9	7	8	6	3	4	5	0	15		
		51.624837	-3.94495
		50.152266	-5.065556
		50.726024	-3.543949
		51.512161	-0.116215
		51.488224	-3.186893
		51.460852	-2.588139
		55.862982	-4.263554
		55.958426	-3.186893
		54.980766	-1.615849
		54.892406	-2.923222
		53.751959	-0.335941
		53.803895	-1.549931
		53.478239	-2.258549
		53.409532	-3.000126
		52.486125	-1.890507
		51.289406	1.075802
		
c	7 3 10 0 8 6 9 4 5 11 12 14 13 1 2 15	2886.72016294069	0.711327983705931	7	3	10	0	8	6	9	4	5	11	12	14	13	1	2	15		
		54.980766	-1.615849
		53.803895	-1.549931
		55.862982	-4.263554
		52.486125	-1.890507
		54.892406	-2.923222
		53.751959	-0.335941
		55.958426	-3.186893
		53.478239	-2.258549
		53.409532	-3.000126
		51.488224	-3.186893
		51.624837	-3.94495
		50.152266	-5.065556
		50.726024	-3.543949
		51.460852	-2.588139
		51.512161	-0.116215
		51.289406	1.075802
		
c	7 3 10 6 4 5 0 11 9 8 1 12 14 13 2 15	2953.81394212258	0.704618605787742	7	3	10	6	4	5	0	11	9	8	1	12	14	13	2	15		
		54.980766	-1.615849
		53.803895	-1.549931
		55.862982	-4.263554
		53.751959	-0.335941
		53.478239	-2.258549
		53.409532	-3.000126
		52.486125	-1.890507
		51.488224	-3.186893
		55.958426	-3.186893
		54.892406	-2.923222
		51.460852	-2.588139
		51.624837	-3.94495
		50.152266	-5.065556
		50.726024	-3.543949
		51.512161	-0.116215
		51.289406	1.075802
		
c	4 5 0 1 11 12 14 13 8 9 10 7 3 6 2 15	2096.32099189897	0.790367900810103	4	5	0	1	11	12	14	13	8	9	10	7	3	6	2	15		
		53.478239	-2.258549
		53.409532	-3.000126
		52.486125	-1.890507
		51.460852	-2.588139
		51.488224	-3.186893
		51.624837	-3.94495
		50.152266	-5.065556
		50.726024	-3.543949
		54.892406	-2.923222
		55.958426	-3.186893
		55.862982	-4.263554
		54.980766	-1.615849
		53.803895	-1.549931
		53.751959	-0.335941
		51.512161	-0.116215
		51.289406	1.075802
		
c	6 4 5 0 12 14 13 1 10 9 8 7 3 11 2 15	2372.67398132376	0.762732601867624	6	4	5	0	12	14	13	1	10	9	8	7	3	11	2	15		
		53.751959	-0.335941
		53.478239	-2.258549
		53.409532	-3.000126
		52.486125	-1.890507
		51.624837	-3.94495
		50.152266	-5.065556
		50.726024	-3.543949
		51.460852	-2.588139
		55.862982	-4.263554
		55.958426	-3.186893
		54.892406	-2.923222
		54.980766	-1.615849
		53.803895	-1.549931
		51.488224	-3.186893
		51.512161	-0.116215
		51.289406	1.075802
		
g142		1614.70757855554	0.838529242144446	0	10	9	8	7	6	3	4	5	0	1	11	12	14	13	2	15		
		55.862982	-4.263554
		55.958426	-3.186893
		54.892406	-2.923222
		54.980766	-1.615849
		53.751959	-0.335941
		53.803895	-1.549931
		53.478239	-2.258549
		53.409532	-3.000126
		52.486125	-1.890507
		51.460852	-2.588139
		51.488224	-3.186893
		51.624837	-3.94495
		50.152266	-5.065556
		50.726024	-3.543949
		51.512161	-0.116215
		51.289406	1.075802
		
g142		1632.18241801618	0.836781758198382	1	9	10	8	7	6	3	4	5	0	1	11	12	14	13	2	15		
		55.958426	-3.186893
		55.862982	-4.263554
		54.892406	-2.923222
		54.980766	-1.615849
		53.751959	-0.335941
		53.803895	-1.549931
		53.478239	-2.258549
		53.409532	-3.000126
		52.486125	-1.890507
		51.460852	-2.588139
		51.488224	-3.186893
		51.624837	-3.94495
		50.152266	-5.065556
		50.726024	-3.543949
		51.512161	-0.116215
		51.289406	1.075802
		
g142		1656.09836620198	0.834390163379802	2	10	9	8	7	3	6	4	5	0	11	12	14	13	1	2	15		
		55.862982	-4.263554
		55.958426	-3.186893
		54.892406	-2.923222
		54.980766	-1.615849
		53.803895	-1.549931
		53.751959	-0.335941
		53.478239	-2.258549
		53.409532	-3.000126
		52.486125	-1.890507
		51.488224	-3.186893
		51.624837	-3.94495
		50.152266	-5.065556
		50.726024	-3.543949
		51.460852	-2.588139
		51.512161	-0.116215
		51.289406	1.075802
		
g142		1657.12946446462	0.834287053553538	3	10	9	8	7	3	6	4	5	0	1	11	12	14	13	2	15		
		55.862982	-4.263554
		55.958426	-3.186893
		54.892406	-2.923222
		54.980766	-1.615849
		53.803895	-1.549931
		53.751959	-0.335941
		53.478239	-2.258549
		53.409532	-3.000126
		52.486125	-1.890507
		51.460852	-2.588139
		51.488224	-3.186893
		51.624837	-3.94495
		50.152266	-5.065556
		50.726024	-3.543949
		51.512161	-0.116215
		51.289406	1.075802
		
g142		1673.57320566262	0.832642679433738	4	9	10	8	7	3	6	4	5	0	11	12	14	13	1	2	15		
		55.958426	-3.186893
		55.862982	-4.263554
		54.892406	-2.923222
		54.980766	-1.615849
		53.803895	-1.549931
		53.751959	-0.335941
		53.478239	-2.258549
		53.409532	-3.000126
		52.486125	-1.890507
		51.488224	-3.186893
		51.624837	-3.94495
		50.152266	-5.065556
		50.726024	-3.543949
		51.460852	-2.588139
		51.512161	-0.116215
		51.289406	1.075802
		
g142		1691.49843627536	0.830850156372464	5	10	9	7	8	6	3	4	5	0	11	12	14	13	1	2	15		
		55.862982	-4.263554
		55.958426	-3.186893
		54.980766	-1.615849
		54.892406	-2.923222
		53.751959	-0.335941
		53.803895	-1.549931
		53.478239	-2.258549
		53.409532	-3.000126
		52.486125	-1.890507
		51.488224	-3.186893
		51.624837	-3.94495
		50.152266	-5.065556
		50.726024	-3.543949
		51.460852	-2.588139
		51.512161	-0.116215
		51.289406	1.075802
		
