c	14 13 2 15 0 4 3 6 10 9 8 5 11 12 1 7	2419.06267341342	0.758093732658658	14	13	2	15	0	4	3	6	10	9	8	5	11	12	1	7		
		50.152266	-5.065556
		50.726024	-3.543949
		51.512161	-0.116215
		51.289406	1.075802
		52.486125	-1.890507
		53.478239	-2.258549
		53.803895	-1.549931
		53.751959	-0.335941
		55.862982	-4.263554
		55.958426	-3.186893
		54.892406	-2.923222
		53.409532	-3.000126
		51.488224	-3.186893
		51.624837	-3.94495
		51.460852	-2.588139
		54.980766	-1.615849
		
c	8 5 6 3 4 7 10 9 1 11 12 0 2 15 14 13	2510.23182078724	0.748976817921276	8	5	6	3	4	7	10	9	1	11	12	0	2	15	14	13		
		54.892406	-2.923222
		53.409532	-3.000126
		53.751959	-0.335941
		53.803895	-1.549931
		53.478239	-2.258549
		54.980766	-1.615849
		55.862982	-4.263554
		55.958426	-3.186893
		51.460852	-2.588139
		51.488224	-3.186893
		51.624837	-3.94495
		52.486125	-1.890507
		51.512161	-0.116215
		51.289406	1.075802
		50.152266	-5.065556
		50.726024	-3.543949
		
c	5 0 1 11 12 14 6 7 10 9 8 4 3 13 2 15	2515.47397244687	0.748452602755313	5	0	1	11	12	14	6	7	10	9	8	4	3	13	2	15		
		53.409532	-3.000126
		52.486125	-1.890507
		51.460852	-2.588139
		51.488224	-3.186893
		51.624837	-3.94495
		50.152266	-5.065556
		53.751959	-0.335941
		54.980766	-1.615849
		55.862982	-4.263554
		55.958426	-3.186893
		54.892406	-2.923222
		53.478239	-2.258549
		53.803895	-1.549931
		50.726024	-3.543949
		51.512161	-0.116215
		51.289406	1.075802
		
c	8 4 5 0 1 11 12 14 13 2 15 3 6 7 10 9	2039.7956191424	0.796020438085761	8	4	5	0	1	11	12	14	13	2	15	3	6	7	10	9		
		54.892406	-2.923222
		53.478239	-2.258549
		53.409532	-3.000126
		52.486125	-1.890507
		51.460852	-2.588139
		51.488224	-3.186893
		51.624837	-3.94495
		50.152266	-5.065556
		50.726024	-3.543949
		51.512161	-0.116215
		51.289406	1.075802
		53.803895	-1.549931
		53.751959	-0.335941
		54.980766	-1.615849
		55.862982	-4.263554
		55.958426	-3.186893
		
c	11 12 0 5 3 1 14 13 2 15 6 4 7 10 9 8	2393.44252146	0.760655747854	11	12	0	5	3	1	14	13	2	15	6	4	7	10	9	8		
		51.488224	-3.186893
		51.624837	-3.94495
		52.486125	-1.890507
		53.409532	-3.000126
		53.803895	-1.549931
		51.460852	-2.588139
		50.152266	-5.065556
		50.726024	-3.543949
		51.512161	-0.116215
		51.289406	1.075802
		53.751959	-0.335941
		53.478239	-2.258549
		54.980766	-1.615849
		55.862982	-4.263554
		55.958426	-3.186893
		54.892406	-2.923222
		
c	4 5 0 2 15 11 12 14 13 6 3 7 10 9 8 1	2459.06506607695	0.754093493392305	4	5	0	2	15	11	12	14	13	6	3	7	10	9	8	1		
		53.478239	-2.258549
		53.409532	-3.000126
		52.486125	-1.890507
		51.512161	-0.116215
		51.289406	1.075802
		51.488224	-3.186893
		51.624837	-3.94495
		50.152266	-5.065556
		50.726024	-3.543949
		53.751959	-0.335941
		53.803895	-1.549931
		54.980766	-1.615849
		55.862982	-4.263554
		55.958426	-3.186893
		54.892406	-2.923222
		51.460852	-2.588139
		
c	3 4 7 10 9 8 5 6 0 12 14 13 11 1 2 15	1996.77924367755	0.800322075632245	3	4	7	10	9	8	5	6	0	12	14	13	11	1	2	15		
		53.803895	-1.549931
		53.478239	-2.258549
		54.980766	-1.615849
		55.862982	-4.263554
		55.958426	-3.186893
		54.892406	-2.923222
		53.409532	-3.000126
		53.751959	-0.335941
		52.486125	-1.890507
		51.624837	-3.94495
		50.152266	-5.065556
		50.726024	-3.543949
		51.488224	-3.186893
		51.460852	-2.588139
		51.512161	-0.116215
		51.289406	1.075802
		
c	6 7 10 5 4 9 8 0 1 11 12 14 13 2 3 15	2750.83019054159	0.724916980945841	6	7	10	5	4	9	8	0	1	11	12	14	13	2	3	15		
		53.751959	-0.335941
		54.980766	-1.615849
		55.862982	-4.263554
		53.409532	-3.000126
		53.478239	-2.258549
		55.958426	-3.186893
		54.892406	-2.923222
		52.486125	-1.890507
		51.460852	-2.588139
		51.488224	-3.186893
		51.624837	-3.94495
		50.152266	-5.065556
		50.726024	-3.543949
		51.512161	-0.116215
		53.803895	-1.549931
		51.289406	1.075802
		
c	9 8 5 11 12 7 10 0 1 14 3 6 4 13 2 15	3249.03206672444	0.675096793327556	9	8	5	11	12	7	10	0	1	14	3	6	4	13	2	15		
		55.958426	-3.186893
		54.892406	-2.923222
		53.409532	-3.000126
		51.488224	-3.186893
		51.624837	-3.94495
		54.980766	-1.615849
		55.862982	-4.263554
		52.486125	-1.890507
		51.460852	-2.588139
		50.152266	-5.065556
		53.803895	-1.549931
		53.751959	-0.335941
		53.478239	-2.258549
		50.726024	-3.543949
		51.512161	-0.116215
		51.289406	1.075802
		
c	3 4 5 0 2 15 6 7 10 9 8 1 11 12 14 13	2101.02035605189	0.789897964394811	3	4	5	0	2	15	6	7	10	9	8	1	11	12	14	13		
		53.803895	-1.549931
		53.478239	-2.258549
		53.409532	-3.000126
		52.486125	-1.890507
		51.512161	-0.116215
		51.289406	1.075802
		53.751959	-0.335941
		54.980766	-1.615849
		55.862982	-4.263554
		55.958426	-3.186893
		54.892406	-2.923222
		51.460852	-2.588139
		51.488224	-3.186893
		51.624837	-3.94495
		50.152266	-5.065556
		50.726024	-3.543949
		
c	4 3 0 11 12 14 13 15 1 7 6 10 9 8 5 2	2835.78148313509	0.716421851686491	4	3	0	11	12	14	13	15	1	7	6	10	9	8	5	2		
		53.478239	-2.258549
		53.803895	-1.549931
		52.486125	-1.890507
		51.488224	-3.186893
		51.624837	-3.94495
		50.152266	-5.065556
		50.726024	-3.543949
		51.289406	1.075802
		51.460852	-2.588139
		54.980766	-1.615849
		53.751959	-0.335941
		55.862982	-4.263554
		55.958426	-3.186893
		54.892406	-2.923222
		53.409532	-3.000126
		51.512161	-0.116215
		
c	11 12 14 13 1 2 15 0 3 6 7 10 9 8 4 5	1949.90272602798	0.805009727397202	11	12	14	13	1	2	15	0	3	6	7	10	9	8	4	5		
		51.488224	-3.186893
		51.624837	-3.94495
		50.152266	-5.065556
		50.726024	-3.543949
		51.460852	-2.588139
		51.512161	-0.116215
		51.289406	1.075802
		52.486125	-1.890507
		53.803895	-1.549931
		53.751959	-0.335941
		54.980766	-1.615849
		55.862982	-4.263554
		55.958426	-3.186893
		54.892406	-2.923222
		53.478239	-2.258549
		53.409532	-3.000126
		
c	13 1 2 15 6 5 11 12 14 0 3 7 10 9 8 4	2447.44037043487	0.755255962956513	13	1	2	15	6	5	11	12	14	0	3	7	10	9	8	4		
		50.726024	-3.543949
		51.460852	-2.588139
		51.512161	-0.116215
		51.289406	1.075802
		53.751959	-0.335941
		53.409532	-3.000126
		51.488224	-3.186893
		51.624837	-3.94495
		50.152266	-5.065556
		52.486125	-1.890507
		53.803895	-1.549931
		54.980766	-1.615849
		55.862982	-4.263554
		55.958426	-3.186893
		54.892406	-2.923222
		53.478239	-2.258549
		
c	8 4 11 12 14 13 1 2 15 0 3 6 7 10 9 5	2294.20951699393	0.770579048300607	8	4	11	12	14	13	1	2	15	0	3	6	7	10	9	5		
		54.892406	-2.923222
		53.478239	-2.258549
		51.488224	-3.186893
		51.624837	-3.94495
		50.152266	-5.065556
		50.726024	-3.543949
		51.460852	-2.588139
		51.512161	-0.116215
		51.289406	1.075802
		52.486125	-1.890507
		53.803895	-1.549931
		53.751959	-0.335941
		54.980766	-1.615849
		55.862982	-4.263554
		55.958426	-3.186893
		53.409532	-3.000126
		
c	6 5 11 12 0 3 7 14 4 8 10 9 1 13 2 15	3216.31893288501	0.678368106711499	6	5	11	12	0	3	7	14	4	8	10	9	1	13	2	15		
		53.751959	-0.335941
		53.409532	-3.000126
		51.488224	-3.186893
		51.624837	-3.94495
		52.486125	-1.890507
		53.803895	-1.549931
		54.980766	-1.615849
		50.152266	-5.065556
		53.478239	-2.258549
		54.892406	-2.923222
		55.862982	-4.263554
		55.958426	-3.186893
		51.460852	-2.588139
		50.726024	-3.543949
		51.512161	-0.116215
		51.289406	1.075802
		
c	8 7 10 9 0 1 11 14 13 2 15 6 5 12 3 4	2599.63402157591	0.740036597842409	8	7	10	9	0	1	11	14	13	2	15	6	5	12	3	4		
		54.892406	-2.923222
		54.980766	-1.615849
		55.862982	-4.263554
		55.958426	-3.186893
		52.486125	-1.890507
		51.460852	-2.588139
		51.488224	-3.186893
		50.152266	-5.065556
		50.726024	-3.543949
		51.512161	-0.116215
		51.289406	1.075802
		53.751959	-0.335941
		53.409532	-3.000126
		51.624837	-3.94495
		53.803895	-1.549931
		53.478239	-2.258549
		
c	2 15 6 4 3 7 10 9 8 5 0 1 11 12 14 13	1896.46906377163	0.810353093622837	2	15	6	4	3	7	10	9	8	5	0	1	11	12	14	13		
		51.512161	-0.116215
		51.289406	1.075802
		53.751959	-0.335941
		53.478239	-2.258549
		53.803895	-1.549931
		54.980766	-1.615849
		55.862982	-4.263554
		55.958426	-3.186893
		54.892406	-2.923222
		53.409532	-3.000126
		52.486125	-1.890507
		51.460852	-2.588139
		51.488224	-3.186893
		51.624837	-3.94495
		50.152266	-5.065556
		50.726024	-3.543949
		
c	3 10 1 6 7 9 8 5 4 0 11 12 14 13 15 2	2759.09548315674	0.724090451684326	3	10	1	6	7	9	8	5	4	0	11	12	14	13	15	2		
		53.803895	-1.549931
		55.862982	-4.263554
		51.460852	-2.588139
		53.751959	-0.335941
		54.980766	-1.615849
		55.958426	-3.186893
		54.892406	-2.923222
		53.409532	-3.000126
		53.478239	-2.258549
		52.486125	-1.890507
		51.488224	-3.186893
		51.624837	-3.94495
		50.152266	-5.065556
		50.726024	-3.543949
		51.289406	1.075802
		51.512161	-0.116215
		
c	9 10 8 4 1 11 6 13 2 15 3 7 5 0 12 14	2831.10588218365	0.716889411781635	9	10	8	4	1	11	6	13	2	15	3	7	5	0	12	14		
		55.958426	-3.186893
		55.862982	-4.263554
		54.892406	-2.923222
		53.478239	-2.258549
		51.460852	-2.588139
		51.488224	-3.186893
		53.751959	-0.335941
		50.726024	-3.543949
		51.512161	-0.116215
		51.289406	1.075802
		53.803895	-1.549931
		54.980766	-1.615849
		53.409532	-3.000126
		52.486125	-1.890507
		51.624837	-3.94495
		50.152266	-5.065556
		
c	11 12 7 9 10 8 5 6 3 4 0 1 14 13 2 15	2224.37084352449	0.777562915647551	11	12	7	9	10	8	5	6	3	4	0	1	14	13	2	15		
		51.488224	-3.186893
		51.624837	-3.94495
		54.980766	-1.615849
		55.958426	-3.186893
		55.862982	-4.263554
		54.892406	-2.923222
		53.409532	-3.000126
		53.751959	-0.335941
		53.803895	-1.549931
		53.478239	-2.258549
		52.486125	-1.890507
		51.460852	-2.588139
		50.152266	-5.065556
		50.726024	-3.543949
		51.512161	-0.116215
		51.289406	1.075802
		
c	12 14 13 1 2 15 0 6 5 11 3 7 10 9 8 4	2437.44660120456	0.756255339879544	12	14	13	1	2	15	0	6	5	11	3	7	10	9	8	4		
		51.624837	-3.94495
		50.152266	-5.065556
		50.726024	-3.543949
		51.460852	-2.588139
		51.512161	-0.116215
		51.289406	1.075802
		52.486125	-1.890507
		53.751959	-0.335941
		53.409532	-3.000126
		51.488224	-3.186893
		53.803895	-1.549931
		54.980766	-1.615849
		55.862982	-4.263554
		55.958426	-3.186893
		54.892406	-2.923222
		53.478239	-2.258549
		
c	8 5 11 12 14 13 1 2 15 0 4 3 6 7 9 10	1973.56024416932	0.802643975583068	8	5	11	12	14	13	1	2	15	0	4	3	6	7	9	10		
		54.892406	-2.923222
		53.409532	-3.000126
		51.488224	-3.186893
		51.624837	-3.94495
		50.152266	-5.065556
		50.726024	-3.543949
		51.460852	-2.588139
		51.512161	-0.116215
		51.289406	1.075802
		52.486125	-1.890507
		53.478239	-2.258549
		53.803895	-1.549931
		53.751959	-0.335941
		54.980766	-1.615849
		55.958426	-3.186893
		55.862982	-4.263554
		
c	1 11 12 13 14 7 4 3 6 10 9 8 5 0 2 15	2294.09453733904	0.770590546266096	1	11	12	13	14	7	4	3	6	10	9	8	5	0	2	15		
		51.460852	-2.588139
		51.488224	-3.186893
		51.624837	-3.94495
		50.726024	-3.543949
		50.152266	-5.065556
		54.980766	-1.615849
		53.478239	-2.258549
		53.803895	-1.549931
		53.751959	-0.335941
		55.862982	-4.263554
		55.958426	-3.186893
		54.892406	-2.923222
		53.409532	-3.000126
		52.486125	-1.890507
		51.512161	-0.116215
		51.289406	1.075802
		
c	13 2 15 6 4 3 8 9 10 7 5 0 1 11 12 14	2076.81127579948	0.792318872420053	13	2	15	6	4	3	8	9	10	7	5	0	1	11	12	14		
		50.726024	-3.543949
		51.512161	-0.116215
		51.289406	1.075802
		53.751959	-0.335941
		53.478239	-2.258549
		53.803895	-1.549931
		54.892406	-2.923222
		55.958426	-3.186893
		55.862982	-4.263554
		54.980766	-1.615849
		53.409532	-3.000126
		52.486125	-1.890507
		51.460852	-2.588139
		51.488224	-3.186893
		51.624837	-3.94495
		50.152266	-5.065556
		
c	9 8 5 0 1 11 12 14 6 7 10 4 3 13 2 15	2744.23990136085	0.725576009863915	9	8	5	0	1	11	12	14	6	7	10	4	3	13	2	15		
		55.958426	-3.186893
		54.892406	-2.923222
		53.409532	-3.000126
		52.486125	-1.890507
		51.460852	-2.588139
		51.488224	-3.186893
		51.624837	-3.94495
		50.152266	-5.065556
		53.751959	-0.335941
		54.980766	-1.615849
		55.862982	-4.263554
		53.478239	-2.258549
		53.803895	-1.549931
		50.726024	-3.543949
		51.512161	-0.116215
		51.289406	1.075802
		
c	0 4 3 6 7 9 8 5 10 1 11 12 2 15 14 13	2652.92201442536	0.734707798557464	0	4	3	6	7	9	8	5	10	1	11	12	2	15	14	13		
		52.486125	-1.890507
		53.478239	-2.258549
		53.803895	-1.549931
		53.751959	-0.335941
		54.980766	-1.615849
		55.958426	-3.186893
		54.892406	-2.923222
		53.409532	-3.000126
		55.862982	-4.263554
		51.460852	-2.588139
		51.488224	-3.186893
		51.624837	-3.94495
		51.512161	-0.116215
		51.289406	1.075802
		50.152266	-5.065556
		50.726024	-3.543949
		
c	4 7 10 2 15 3 6 9 8 5 1 11 12 0 14 13	2959.51634772929	0.704048365227071	4	7	10	2	15	3	6	9	8	5	1	11	12	0	14	13		
		53.478239	-2.258549
		54.980766	-1.615849
		55.862982	-4.263554
		51.512161	-0.116215
		51.289406	1.075802
		53.803895	-1.549931
		53.751959	-0.335941
		55.958426	-3.186893
		54.892406	-2.923222
		53.409532	-3.000126
		51.460852	-2.588139
		51.488224	-3.186893
		51.624837	-3.94495
		52.486125	-1.890507
		50.152266	-5.065556
		50.726024	-3.543949
		
c	2 15 3 0 6 7 10 9 8 5 4 1 11 12 14 13	2124.88886675905	0.787511113324095	2	15	3	0	6	7	10	9	8	5	4	1	11	12	14	13		
		51.512161	-0.116215
		51.289406	1.075802
		53.803895	-1.549931
		52.486125	-1.890507
		53.751959	-0.335941
		54.980766	-1.615849
		55.862982	-4.263554
		55.958426	-3.186893
		54.892406	-2.923222
		53.409532	-3.000126
		53.478239	-2.258549
		51.460852	-2.588139
		51.488224	-3.186893
		51.624837	-3.94495
		50.152266	-5.065556
		50.726024	-3.543949
		
c	8 0 1 11 12 14 13 7 10 9 5 6 3 4 2 15	2506.13831469334	0.749386168530666	8	0	1	11	12	14	13	7	10	9	5	6	3	4	2	15		
		54.892406	-2.923222
		52.486125	-1.890507
		51.460852	-2.588139
		51.488224	-3.186893
		51.624837	-3.94495
		50.152266	-5.065556
		50.726024	-3.543949
		54.980766	-1.615849
		55.862982	-4.263554
		55.958426	-3.186893
		53.409532	-3.000126
		53.751959	-0.335941
		53.803895	-1.549931
		53.478239	-2.258549
		51.512161	-0.116215
		51.289406	1.075802
		
c	1 11 6 7 10 9 8 4 3 2 5 0 12 14 13 15	2614.61762215519	0.738538237784481	1	11	6	7	10	9	8	4	3	2	5	0	12	14	13	15		
		51.460852	-2.588139
		51.488224	-3.186893
		53.751959	-0.335941
		54.980766	-1.615849
		55.862982	-4.263554
		55.958426	-3.186893
		54.892406	-2.923222
		53.478239	-2.258549
		53.803895	-1.549931
		51.512161	-0.116215
		53.409532	-3.000126
		52.486125	-1.890507
		51.624837	-3.94495
		50.152266	-5.065556
		50.726024	-3.543949
		51.289406	1.075802
		
c	4 0 1 11 12 14 13 3 7 10 5 6 9 8 2 15	2728.48963643814	0.727151036356186	4	0	1	11	12	14	13	3	7	10	5	6	9	8	2	15		
		53.478239	-2.258549
		52.486125	-1.890507
		51.460852	-2.588139
		51.488224	-3.186893
		51.624837	-3.94495
		50.152266	-5.065556
		50.726024	-3.543949
		53.803895	-1.549931
		54.980766	-1.615849
		55.862982	-4.263554
		53.409532	-3.000126
		53.751959	-0.335941
		55.958426	-3.186893
		54.892406	-2.923222
		51.512161	-0.116215
		51.289406	1.075802
		
c	0 2 15 7 1 5 4 3 6 9 10 8 11 12 14 13	2752.11899924689	0.724788100075311	0	2	15	7	1	5	4	3	6	9	10	8	11	12	14	13		
		52.486125	-1.890507
		51.512161	-0.116215
		51.289406	1.075802
		54.980766	-1.615849
		51.460852	-2.588139
		53.409532	-3.000126
		53.478239	-2.258549
		53.803895	-1.549931
		53.751959	-0.335941
		55.958426	-3.186893
		55.862982	-4.263554
		54.892406	-2.923222
		51.488224	-3.186893
		51.624837	-3.94495
		50.152266	-5.065556
		50.726024	-3.543949
		
c	8 0 1 11 12 10 9 5 6 3 4 2 15 7 14 13	3145.15243503011	0.685484756496989	8	0	1	11	12	10	9	5	6	3	4	2	15	7	14	13		
		54.892406	-2.923222
		52.486125	-1.890507
		51.460852	-2.588139
		51.488224	-3.186893
		51.624837	-3.94495
		55.862982	-4.263554
		55.958426	-3.186893
		53.409532	-3.000126
		53.751959	-0.335941
		53.803895	-1.549931
		53.478239	-2.258549
		51.512161	-0.116215
		51.289406	1.075802
		54.980766	-1.615849
		50.152266	-5.065556
		50.726024	-3.543949
		
c	12 14 3 6 4 1 2 0 7 10 9 8 5 11 13 15	2879.20491102163	0.712079508897837	12	14	3	6	4	1	2	0	7	10	9	8	5	11	13	15		
		51.624837	-3.94495
		50.152266	-5.065556
		53.803895	-1.549931
		53.751959	-0.335941
		53.478239	-2.258549
		51.460852	-2.588139
		51.512161	-0.116215
		52.486125	-1.890507
		54.980766	-1.615849
		55.862982	-4.263554
		55.958426	-3.186893
		54.892406	-2.923222
		53.409532	-3.000126
		51.488224	-3.186893
		50.726024	-3.543949
		51.289406	1.075802
		
c	9 8 4 3 2 7 10 5 11 12 14 13 1 6 15 0	3001.96578186903	0.699803421813097	9	8	4	3	2	7	10	5	11	12	14	13	1	6	15	0		
		55.958426	-3.186893
		54.892406	-2.923222
		53.478239	-2.258549
		53.803895	-1.549931
		51.512161	-0.116215
		54.980766	-1.615849
		55.862982	-4.263554
		53.409532	-3.000126
		51.488224	-3.186893
		51.624837	-3.94495
		50.152266	-5.065556
		50.726024	-3.543949
		51.460852	-2.588139
		53.751959	-0.335941
		51.289406	1.075802
		52.486125	-1.890507
		
c	2 15 6 7 9 10 8 5 11 12 14 13 1 0 4 3	2029.93549305109	0.797006450694892	2	15	6	7	9	10	8	5	11	12	14	13	1	0	4	3		
		51.512161	-0.116215
		51.289406	1.075802
		53.751959	-0.335941
		54.980766	-1.615849
		55.958426	-3.186893
		55.862982	-4.263554
		54.892406	-2.923222
		53.409532	-3.000126
		51.488224	-3.186893
		51.624837	-3.94495
		50.152266	-5.065556
		50.726024	-3.543949
		51.460852	-2.588139
		52.486125	-1.890507
		53.478239	-2.258549
		53.803895	-1.549931
		
c	4 3 6 5 0 1 11 12 14 13 7 10 9 8 2 15	2350.24805873221	0.764975194126779	4	3	6	5	0	1	11	12	14	13	7	10	9	8	2	15		
		53.478239	-2.258549
		53.803895	-1.549931
		53.751959	-0.335941
		53.409532	-3.000126
		52.486125	-1.890507
		51.460852	-2.588139
		51.488224	-3.186893
		51.624837	-3.94495
		50.152266	-5.065556
		50.726024	-3.543949
		54.980766	-1.615849
		55.862982	-4.263554
		55.958426	-3.186893
		54.892406	-2.923222
		51.512161	-0.116215
		51.289406	1.075802
		
c	2 15 0 4 3 6 7 9 10 8 5 1 11 12 14 13	1880.02258956848	0.811997741043152	2	15	0	4	3	6	7	9	10	8	5	1	11	12	14	13		
		51.512161	-0.116215
		51.289406	1.075802
		52.486125	-1.890507
		53.478239	-2.258549
		53.803895	-1.549931
		53.751959	-0.335941
		54.980766	-1.615849
		55.958426	-3.186893
		55.862982	-4.263554
		54.892406	-2.923222
		53.409532	-3.000126
		51.460852	-2.588139
		51.488224	-3.186893
		51.624837	-3.94495
		50.152266	-5.065556
		50.726024	-3.543949
		
c	3 7 10 5 6 9 8 0 1 11 12 14 13 2 4 15	2866.63708745634	0.713336291254366	3	7	10	5	6	9	8	0	1	11	12	14	13	2	4	15		
		53.803895	-1.549931
		54.980766	-1.615849
		55.862982	-4.263554
		53.409532	-3.000126
		53.751959	-0.335941
		55.958426	-3.186893
		54.892406	-2.923222
		52.486125	-1.890507
		51.460852	-2.588139
		51.488224	-3.186893
		51.624837	-3.94495
		50.152266	-5.065556
		50.726024	-3.543949
		51.512161	-0.116215
		53.478239	-2.258549
		51.289406	1.075802
		
c	8 0 1 11 12 5 2 14 13 15 4 3 6 7 10 9	2718.02564603223	0.728197435396777	8	0	1	11	12	5	2	14	13	15	4	3	6	7	10	9		
		54.892406	-2.923222
		52.486125	-1.890507
		51.460852	-2.588139
		51.488224	-3.186893
		51.624837	-3.94495
		53.409532	-3.000126
		51.512161	-0.116215
		50.152266	-5.065556
		50.726024	-3.543949
		51.289406	1.075802
		53.478239	-2.258549
		53.803895	-1.549931
		53.751959	-0.335941
		54.980766	-1.615849
		55.862982	-4.263554
		55.958426	-3.186893
		
c	7 10 4 3 9 8 6 5 0 1 13 12 14 11 15 2	2541.90679184944	0.745809320815056	7	10	4	3	9	8	6	5	0	1	13	12	14	11	15	2		
		54.980766	-1.615849
		55.862982	-4.263554
		53.478239	-2.258549
		53.803895	-1.549931
		55.958426	-3.186893
		54.892406	-2.923222
		53.751959	-0.335941
		53.409532	-3.000126
		52.486125	-1.890507
		51.460852	-2.588139
		50.726024	-3.543949
		51.624837	-3.94495
		50.152266	-5.065556
		51.488224	-3.186893
		51.289406	1.075802
		51.512161	-0.116215
		
c	7 10 9 8 5 6 3 4 0 1 11 12 14 13 2 15	1846.00611008192	0.815399388991808	7	10	9	8	5	6	3	4	0	1	11	12	14	13	2	15		
		54.980766	-1.615849
		55.862982	-4.263554
		55.958426	-3.186893
		54.892406	-2.923222
		53.409532	-3.000126
		53.751959	-0.335941
		53.803895	-1.549931
		53.478239	-2.258549
		52.486125	-1.890507
		51.460852	-2.588139
		51.488224	-3.186893
		51.624837	-3.94495
		50.152266	-5.065556
		50.726024	-3.543949
		51.512161	-0.116215
		51.289406	1.075802
		
c	1 2 15 0 4 3 6 7 9 10 8 5 11 12 14 13	2005.22658957209	0.799477341042791	1	2	15	0	4	3	6	7	9	10	8	5	11	12	14	13		
		51.460852	-2.588139
		51.512161	-0.116215
		51.289406	1.075802
		52.486125	-1.890507
		53.478239	-2.258549
		53.803895	-1.549931
		53.751959	-0.335941
		54.980766	-1.615849
		55.958426	-3.186893
		55.862982	-4.263554
		54.892406	-2.923222
		53.409532	-3.000126
		51.488224	-3.186893
		51.624837	-3.94495
		50.152266	-5.065556
		50.726024	-3.543949
		
c	14 5 1 13 2 15 6 4 3 7 9 10 8 0 11 12	2489.32579359388	0.751067420640612	14	5	1	13	2	15	6	4	3	7	9	10	8	0	11	12		
		50.152266	-5.065556
		53.409532	-3.000126
		51.460852	-2.588139
		50.726024	-3.543949
		51.512161	-0.116215
		51.289406	1.075802
		53.751959	-0.335941
		53.478239	-2.258549
		53.803895	-1.549931
		54.980766	-1.615849
		55.958426	-3.186893
		55.862982	-4.263554
		54.892406	-2.923222
		52.486125	-1.890507
		51.488224	-3.186893
		51.624837	-3.94495
		
c	7 10 9 8 2 15 6 4 3 5 0 1 11 12 14 13	2125.5320909714	0.78744679090286	7	10	9	8	2	15	6	4	3	5	0	1	11	12	14	13		
		54.980766	-1.615849
		55.862982	-4.263554
		55.958426	-3.186893
		54.892406	-2.923222
		51.512161	-0.116215
		51.289406	1.075802
		53.751959	-0.335941
		53.478239	-2.258549
		53.803895	-1.549931
		53.409532	-3.000126
		52.486125	-1.890507
		51.460852	-2.588139
		51.488224	-3.186893
		51.624837	-3.94495
		50.152266	-5.065556
		50.726024	-3.543949
		
c	10 9 8 5 14 7 6 3 4 0 1 11 12 13 2 15	2403.26834736061	0.759673165263939	10	9	8	5	14	7	6	3	4	0	1	11	12	13	2	15		
		55.862982	-4.263554
		55.958426	-3.186893
		54.892406	-2.923222
		53.409532	-3.000126
		50.152266	-5.065556
		54.980766	-1.615849
		53.751959	-0.335941
		53.803895	-1.549931
		53.478239	-2.258549
		52.486125	-1.890507
		51.460852	-2.588139
		51.488224	-3.186893
		51.624837	-3.94495
		50.726024	-3.543949
		51.512161	-0.116215
		51.289406	1.075802
		
c	14 13 11 1 2 15 0 4 3 7 10 5 6 9 8 12	2512.34291384114	0.748765708615886	14	13	11	1	2	15	0	4	3	7	10	5	6	9	8	12		
		50.152266	-5.065556
		50.726024	-3.543949
		51.488224	-3.186893
		51.460852	-2.588139
		51.512161	-0.116215
		51.289406	1.075802
		52.486125	-1.890507
		53.478239	-2.258549
		53.803895	-1.549931
		54.980766	-1.615849
		55.862982	-4.263554
		53.409532	-3.000126
		53.751959	-0.335941
		55.958426	-3.186893
		54.892406	-2.923222
		51.624837	-3.94495
		
c	7 10 5 4 6 9 8 0 12 14 13 11 1 2 15 3	2555.49143267293	0.744450856732707	7	10	5	4	6	9	8	0	12	14	13	11	1	2	15	3		
		54.980766	-1.615849
		55.862982	-4.263554
		53.409532	-3.000126
		53.478239	-2.258549
		53.751959	-0.335941
		55.958426	-3.186893
		54.892406	-2.923222
		52.486125	-1.890507
		51.624837	-3.94495
		50.152266	-5.065556
		50.726024	-3.543949
		51.488224	-3.186893
		51.460852	-2.588139
		51.512161	-0.116215
		51.289406	1.075802
		53.803895	-1.549931
		
c	9 8 6 5 0 1 11 12 14 13 3 7 10 4 2 15	2499.57169319488	0.750042830680512	9	8	6	5	0	1	11	12	14	13	3	7	10	4	2	15		
		55.958426	-3.186893
		54.892406	-2.923222
		53.751959	-0.335941
		53.409532	-3.000126
		52.486125	-1.890507
		51.460852	-2.588139
		51.488224	-3.186893
		51.624837	-3.94495
		50.152266	-5.065556
		50.726024	-3.543949
		53.803895	-1.549931
		54.980766	-1.615849
		55.862982	-4.263554
		53.478239	-2.258549
		51.512161	-0.116215
		51.289406	1.075802
		
c	4 2 10 9 8 5 11 12 14 13 1 15 6 0 3 7	2850.22244858512	0.714977755141488	4	2	10	9	8	5	11	12	14	13	1	15	6	0	3	7		
		53.478239	-2.258549
		51.512161	-0.116215
		55.862982	-4.263554
		55.958426	-3.186893
		54.892406	-2.923222
		53.409532	-3.000126
		51.488224	-3.186893
		51.624837	-3.94495
		50.152266	-5.065556
		50.726024	-3.543949
		51.460852	-2.588139
		51.289406	1.075802
		53.751959	-0.335941
		52.486125	-1.890507
		53.803895	-1.549931
		54.980766	-1.615849
		
c	11 12 7 10 9 8 3 4 5 0 1 6 14 13 2 15	2626.99052989864	0.737300947010136	11	12	7	10	9	8	3	4	5	0	1	6	14	13	2	15		
		51.488224	-3.186893
		51.624837	-3.94495
		54.980766	-1.615849
		55.862982	-4.263554
		55.958426	-3.186893
		54.892406	-2.923222
		53.803895	-1.549931
		53.478239	-2.258549
		53.409532	-3.000126
		52.486125	-1.890507
		51.460852	-2.588139
		53.751959	-0.335941
		50.152266	-5.065556
		50.726024	-3.543949
		51.512161	-0.116215
		51.289406	1.075802
		
c	4 3 11 12 14 13 1 2 15 6 7 10 9 8 5 0	2186.65663848308	0.781334336151692	4	3	11	12	14	13	1	2	15	6	7	10	9	8	5	0		
		53.478239	-2.258549
		53.803895	-1.549931
		51.488224	-3.186893
		51.624837	-3.94495
		50.152266	-5.065556
		50.726024	-3.543949
		51.460852	-2.588139
		51.512161	-0.116215
		51.289406	1.075802
		53.751959	-0.335941
		54.980766	-1.615849
		55.862982	-4.263554
		55.958426	-3.186893
		54.892406	-2.923222
		53.409532	-3.000126
		52.486125	-1.890507
		
c	7 10 9 8 4 3 11 12 14 13 1 2 15 6 5 0	2204.89662912994	0.779510337087006	7	10	9	8	4	3	11	12	14	13	1	2	15	6	5	0		
		54.980766	-1.615849
		55.862982	-4.263554
		55.958426	-3.186893
		54.892406	-2.923222
		53.478239	-2.258549
		53.803895	-1.549931
		51.488224	-3.186893
		51.624837	-3.94495
		50.152266	-5.065556
		50.726024	-3.543949
		51.460852	-2.588139
		51.512161	-0.116215
		51.289406	1.075802
		53.751959	-0.335941
		53.409532	-3.000126
		52.486125	-1.890507
		
c	12 14 13 11 1 2 15 0 4 3 6 7 9 10 8 5	1866.57074517762	0.813342925482238	12	14	13	11	1	2	15	0	4	3	6	7	9	10	8	5		
		51.624837	-3.94495
		50.152266	-5.065556
		50.726024	-3.543949
		51.488224	-3.186893
		51.460852	-2.588139
		51.512161	-0.116215
		51.289406	1.075802
		52.486125	-1.890507
		53.478239	-2.258549
		53.803895	-1.549931
		53.751959	-0.335941
		54.980766	-1.615849
		55.958426	-3.186893
		55.862982	-4.263554
		54.892406	-2.923222
		53.409532	-3.000126
		
c	14 6 7 10 8 5 1 11 12 0 2 13 15 4 3 9	3054.53417222003	0.694546582777997	14	6	7	10	8	5	1	11	12	0	2	13	15	4	3	9		
		50.152266	-5.065556
		53.751959	-0.335941
		54.980766	-1.615849
		55.862982	-4.263554
		54.892406	-2.923222
		53.409532	-3.000126
		51.460852	-2.588139
		51.488224	-3.186893
		51.624837	-3.94495
		52.486125	-1.890507
		51.512161	-0.116215
		50.726024	-3.543949
		51.289406	1.075802
		53.478239	-2.258549
		53.803895	-1.549931
		55.958426	-3.186893
		
c	7 10 9 3 4 0 1 11 12 14 13 2 15 6 8 5	2228.1199817455	0.77718800182545	7	10	9	3	4	0	1	11	12	14	13	2	15	6	8	5		
		54.980766	-1.615849
		55.862982	-4.263554
		55.958426	-3.186893
		53.803895	-1.549931
		53.478239	-2.258549
		52.486125	-1.890507
		51.460852	-2.588139
		51.488224	-3.186893
		51.624837	-3.94495
		50.152266	-5.065556
		50.726024	-3.543949
		51.512161	-0.116215
		51.289406	1.075802
		53.751959	-0.335941
		54.892406	-2.923222
		53.409532	-3.000126
		
c	3 4 0 1 11 12 14 13 2 10 9 8 5 15 6 7	2674.68390723258	0.732531609276742	3	4	0	1	11	12	14	13	2	10	9	8	5	15	6	7		
		53.803895	-1.549931
		53.478239	-2.258549
		52.486125	-1.890507
		51.460852	-2.588139
		51.488224	-3.186893
		51.624837	-3.94495
		50.152266	-5.065556
		50.726024	-3.543949
		51.512161	-0.116215
		55.862982	-4.263554
		55.958426	-3.186893
		54.892406	-2.923222
		53.409532	-3.000126
		51.289406	1.075802
		53.751959	-0.335941
		54.980766	-1.615849
		
c	11 1 2 15 0 4 3 6 7 9 10 8 5 12 14 13	1986.71606103606	0.801328393896394	11	1	2	15	0	4	3	6	7	9	10	8	5	12	14	13		
		51.488224	-3.186893
		51.460852	-2.588139
		51.512161	-0.116215
		51.289406	1.075802
		52.486125	-1.890507
		53.478239	-2.258549
		53.803895	-1.549931
		53.751959	-0.335941
		54.980766	-1.615849
		55.958426	-3.186893
		55.862982	-4.263554
		54.892406	-2.923222
		53.409532	-3.000126
		51.624837	-3.94495
		50.152266	-5.065556
		50.726024	-3.543949
		
c	9 10 3 4 5 0 2 15 6 7 8 1 11 12 14 13	2159.07507584862	0.784092492415138	9	10	3	4	5	0	2	15	6	7	8	1	11	12	14	13		
		55.958426	-3.186893
		55.862982	-4.263554
		53.803895	-1.549931
		53.478239	-2.258549
		53.409532	-3.000126
		52.486125	-1.890507
		51.512161	-0.116215
		51.289406	1.075802
		53.751959	-0.335941
		54.980766	-1.615849
		54.892406	-2.923222
		51.460852	-2.588139
		51.488224	-3.186893
		51.624837	-3.94495
		50.152266	-5.065556
		50.726024	-3.543949
		
c	3 7 10 5 4 6 9 8 0 1 11 12 14 13 2 15	2358.54258119874	0.764145741880126	3	7	10	5	4	6	9	8	0	1	11	12	14	13	2	15		
		53.803895	-1.549931
		54.980766	-1.615849
		55.862982	-4.263554
		53.409532	-3.000126
		53.478239	-2.258549
		53.751959	-0.335941
		55.958426	-3.186893
		54.892406	-2.923222
		52.486125	-1.890507
		51.460852	-2.588139
		51.488224	-3.186893
		51.624837	-3.94495
		50.152266	-5.065556
		50.726024	-3.543949
		51.512161	-0.116215
		51.289406	1.075802
		
c	0 1 11 12 14 13 2 15 3 6 7 10 9 8 5 4	2034.60873726612	0.796539126273388	0	1	11	12	14	13	2	15	3	6	7	10	9	8	5	4		
		52.486125	-1.890507
		51.460852	-2.588139
		51.488224	-3.186893
		51.624837	-3.94495
		50.152266	-5.065556
		50.726024	-3.543949
		51.512161	-0.116215
		51.289406	1.075802
		53.803895	-1.549931
		53.751959	-0.335941
		54.980766	-1.615849
		55.862982	-4.263554
		55.958426	-3.186893
		54.892406	-2.923222
		53.409532	-3.000126
		53.478239	-2.258549
		
c	3 6 10 9 8 5 0 2 1 7 4 11 12 14 13 15	2726.92595265685	0.727307404734315	3	6	10	9	8	5	0	2	1	7	4	11	12	14	13	15		
		53.803895	-1.549931
		53.751959	-0.335941
		55.862982	-4.263554
		55.958426	-3.186893
		54.892406	-2.923222
		53.409532	-3.000126
		52.486125	-1.890507
		51.512161	-0.116215
		51.460852	-2.588139
		54.980766	-1.615849
		53.478239	-2.258549
		51.488224	-3.186893
		51.624837	-3.94495
		50.152266	-5.065556
		50.726024	-3.543949
		51.289406	1.075802
		
c	1 11 12 14 13 2 15 3 6 7 5 0 10 9 8 4	2394.93648721348	0.760506351278652	1	11	12	14	13	2	15	3	6	7	5	0	10	9	8	4		
		51.460852	-2.588139
		51.488224	-3.186893
		51.624837	-3.94495
		50.152266	-5.065556
		50.726024	-3.543949
		51.512161	-0.116215
		51.289406	1.075802
		53.803895	-1.549931
		53.751959	-0.335941
		54.980766	-1.615849
		53.409532	-3.000126
		52.486125	-1.890507
		55.862982	-4.263554
		55.958426	-3.186893
		54.892406	-2.923222
		53.478239	-2.258549
		
c	0 2 14 13 5 1 11 12 6 7 10 9 8 4 3 15	2715.97001526286	0.728402998473714	0	2	14	13	5	1	11	12	6	7	10	9	8	4	3	15		
		52.486125	-1.890507
		51.512161	-0.116215
		50.152266	-5.065556
		50.726024	-3.543949
		53.409532	-3.000126
		51.460852	-2.588139
		51.488224	-3.186893
		51.624837	-3.94495
		53.751959	-0.335941
		54.980766	-1.615849
		55.862982	-4.263554
		55.958426	-3.186893
		54.892406	-2.923222
		53.478239	-2.258549
		53.803895	-1.549931
		51.289406	1.075802
		
c	15 6 3 4 0 1 11 12 14 13 2 7 10 9 8 5	2268.10009848881	0.773189990151119	15	6	3	4	0	1	11	12	14	13	2	7	10	9	8	5		
		51.289406	1.075802
		53.751959	-0.335941
		53.803895	-1.549931
		53.478239	-2.258549
		52.486125	-1.890507
		51.460852	-2.588139
		51.488224	-3.186893
		51.624837	-3.94495
		50.152266	-5.065556
		50.726024	-3.543949
		51.512161	-0.116215
		54.980766	-1.615849
		55.862982	-4.263554
		55.958426	-3.186893
		54.892406	-2.923222
		53.409532	-3.000126
		
c	10 9 8 5 6 3 4 1 2 15 0 7 11 12 14 13	2439.34306876146	0.756065693123854	10	9	8	5	6	3	4	1	2	15	0	7	11	12	14	13		
		55.862982	-4.263554
		55.958426	-3.186893
		54.892406	-2.923222
		53.409532	-3.000126
		53.751959	-0.335941
		53.803895	-1.549931
		53.478239	-2.258549
		51.460852	-2.588139
		51.512161	-0.116215
		51.289406	1.075802
		52.486125	-1.890507
		54.980766	-1.615849
		51.488224	-3.186893
		51.624837	-3.94495
		50.152266	-5.065556
		50.726024	-3.543949
		
c	14 13 1 2 15 6 7 10 9 8 3 4 5 0 11 12	1901.94397324279	0.809805602675721	14	13	1	2	15	6	7	10	9	8	3	4	5	0	11	12		
		50.152266	-5.065556
		50.726024	-3.543949
		51.460852	-2.588139
		51.512161	-0.116215
		51.289406	1.075802
		53.751959	-0.335941
		54.980766	-1.615849
		55.862982	-4.263554
		55.958426	-3.186893
		54.892406	-2.923222
		53.803895	-1.549931
		53.478239	-2.258549
		53.409532	-3.000126
		52.486125	-1.890507
		51.488224	-3.186893
		51.624837	-3.94495
		
c	6 4 3 7 9 10 8 14 5 1 11 0 12 13 2 15	2625.13898540735	0.737486101459266	6	4	3	7	9	10	8	14	5	1	11	0	12	13	2	15		
		53.751959	-0.335941
		53.478239	-2.258549
		53.803895	-1.549931
		54.980766	-1.615849
		55.958426	-3.186893
		55.862982	-4.263554
		54.892406	-2.923222
		50.152266	-5.065556
		53.409532	-3.000126
		51.460852	-2.588139
		51.488224	-3.186893
		52.486125	-1.890507
		51.624837	-3.94495
		50.726024	-3.543949
		51.512161	-0.116215
		51.289406	1.075802
		
c	15 6 0 4 3 7 10 9 8 5 11 13 2 1 12 14	2319.73925513588	0.768026074486412	15	6	0	4	3	7	10	9	8	5	11	13	2	1	12	14		
		51.289406	1.075802
		53.751959	-0.335941
		52.486125	-1.890507
		53.478239	-2.258549
		53.803895	-1.549931
		54.980766	-1.615849
		55.862982	-4.263554
		55.958426	-3.186893
		54.892406	-2.923222
		53.409532	-3.000126
		51.488224	-3.186893
		50.726024	-3.543949
		51.512161	-0.116215
		51.460852	-2.588139
		51.624837	-3.94495
		50.152266	-5.065556
		
c	3 4 7 10 9 1 8 2 15 0 6 5 11 12 14 13	3056.29767453697	0.694370232546303	3	4	7	10	9	1	8	2	15	0	6	5	11	12	14	13		
		53.803895	-1.549931
		53.478239	-2.258549
		54.980766	-1.615849
		55.862982	-4.263554
		55.958426	-3.186893
		51.460852	-2.588139
		54.892406	-2.923222
		51.512161	-0.116215
		51.289406	1.075802
		52.486125	-1.890507
		53.751959	-0.335941
		53.409532	-3.000126
		51.488224	-3.186893
		51.624837	-3.94495
		50.152266	-5.065556
		50.726024	-3.543949
		
c	12 14 13 2 6 3 4 5 0 15 7 10 9 8 1 11	2622.86719522525	0.737713280477475	12	14	13	2	6	3	4	5	0	15	7	10	9	8	1	11		
		51.624837	-3.94495
		50.152266	-5.065556
		50.726024	-3.543949
		51.512161	-0.116215
		53.751959	-0.335941
		53.803895	-1.549931
		53.478239	-2.258549
		53.409532	-3.000126
		52.486125	-1.890507
		51.289406	1.075802
		54.980766	-1.615849
		55.862982	-4.263554
		55.958426	-3.186893
		54.892406	-2.923222
		51.460852	-2.588139
		51.488224	-3.186893
		
c	0 2 15 7 1 11 12 14 13 4 3 6 9 10 8 5	2629.91306553089	0.737008693446911	0	2	15	7	1	11	12	14	13	4	3	6	9	10	8	5		
		52.486125	-1.890507
		51.512161	-0.116215
		51.289406	1.075802
		54.980766	-1.615849
		51.460852	-2.588139
		51.488224	-3.186893
		51.624837	-3.94495
		50.152266	-5.065556
		50.726024	-3.543949
		53.478239	-2.258549
		53.803895	-1.549931
		53.751959	-0.335941
		55.958426	-3.186893
		55.862982	-4.263554
		54.892406	-2.923222
		53.409532	-3.000126
		
c	8 10 9 5 11 12 14 13 1 2 15 6 0 4 3 7	2195.19531863405	0.780480468136595	8	10	9	5	11	12	14	13	1	2	15	6	0	4	3	7		
		54.892406	-2.923222
		55.862982	-4.263554
		55.958426	-3.186893
		53.409532	-3.000126
		51.488224	-3.186893
		51.624837	-3.94495
		50.152266	-5.065556
		50.726024	-3.543949
		51.460852	-2.588139
		51.512161	-0.116215
		51.289406	1.075802
		53.751959	-0.335941
		52.486125	-1.890507
		53.478239	-2.258549
		53.803895	-1.549931
		54.980766	-1.615849
		
c	0 4 3 6 7 9 10 8 5 2 15 1 11 12 14 13	1960.87878988075	0.803912121011925	0	4	3	6	7	9	10	8	5	2	15	1	11	12	14	13		
		52.486125	-1.890507
		53.478239	-2.258549
		53.803895	-1.549931
		53.751959	-0.335941
		54.980766	-1.615849
		55.958426	-3.186893
		55.862982	-4.263554
		54.892406	-2.923222
		53.409532	-3.000126
		51.512161	-0.116215
		51.289406	1.075802
		51.460852	-2.588139
		51.488224	-3.186893
		51.624837	-3.94495
		50.152266	-5.065556
		50.726024	-3.543949
		
c	15 6 4 3 7 9 10 8 5 0 1 2 11 12 14 13	2123.14789177666	0.787685210822334	15	6	4	3	7	9	10	8	5	0	1	2	11	12	14	13		
		51.289406	1.075802
		53.751959	-0.335941
		53.478239	-2.258549
		53.803895	-1.549931
		54.980766	-1.615849
		55.958426	-3.186893
		55.862982	-4.263554
		54.892406	-2.923222
		53.409532	-3.000126
		52.486125	-1.890507
		51.460852	-2.588139
		51.512161	-0.116215
		51.488224	-3.186893
		51.624837	-3.94495
		50.152266	-5.065556
		50.726024	-3.543949
		
c	3 2 15 6 4 7 10 9 8 5 0 1 11 12 14 13	2151.19343105194	0.784880656894806	3	2	15	6	4	7	10	9	8	5	0	1	11	12	14	13		
		53.803895	-1.549931
		51.512161	-0.116215
		51.289406	1.075802
		53.751959	-0.335941
		53.478239	-2.258549
		54.980766	-1.615849
		55.862982	-4.263554
		55.958426	-3.186893
		54.892406	-2.923222
		53.409532	-3.000126
		52.486125	-1.890507
		51.460852	-2.588139
		51.488224	-3.186893
		51.624837	-3.94495
		50.152266	-5.065556
		50.726024	-3.543949
		
c	6 9 8 3 4 5 0 1 11 12 14 13 2 15 7 10	2320.50844318037	0.767949155681963	6	9	8	3	4	5	0	1	11	12	14	13	2	15	7	10		
		53.751959	-0.335941
		55.958426	-3.186893
		54.892406	-2.923222
		53.803895	-1.549931
		53.478239	-2.258549
		53.409532	-3.000126
		52.486125	-1.890507
		51.460852	-2.588139
		51.488224	-3.186893
		51.624837	-3.94495
		50.152266	-5.065556
		50.726024	-3.543949
		51.512161	-0.116215
		51.289406	1.075802
		54.980766	-1.615849
		55.862982	-4.263554
		
c	3 4 7 10 6 9 8 5 0 1 11 12 14 13 2 15	2353.88975013507	0.764611024986493	3	4	7	10	6	9	8	5	0	1	11	12	14	13	2	15		
		53.803895	-1.549931
		53.478239	-2.258549
		54.980766	-1.615849
		55.862982	-4.263554
		53.751959	-0.335941
		55.958426	-3.186893
		54.892406	-2.923222
		53.409532	-3.000126
		52.486125	-1.890507
		51.460852	-2.588139
		51.488224	-3.186893
		51.624837	-3.94495
		50.152266	-5.065556
		50.726024	-3.543949
		51.512161	-0.116215
		51.289406	1.075802
		
c	5 0 1 11 12 14 13 15 3 6 7 9 10 8 4 2	2331.06712066141	0.766893287933859	5	0	1	11	12	14	13	15	3	6	7	9	10	8	4	2		
		53.409532	-3.000126
		52.486125	-1.890507
		51.460852	-2.588139
		51.488224	-3.186893
		51.624837	-3.94495
		50.152266	-5.065556
		50.726024	-3.543949
		51.289406	1.075802
		53.803895	-1.549931
		53.751959	-0.335941
		54.980766	-1.615849
		55.958426	-3.186893
		55.862982	-4.263554
		54.892406	-2.923222
		53.478239	-2.258549
		51.512161	-0.116215
		
c	7 10 9 8 3 4 5 0 1 6 11 12 14 13 2 15	2206.68418402572	0.779331581597428	7	10	9	8	3	4	5	0	1	6	11	12	14	13	2	15		
		54.980766	-1.615849
		55.862982	-4.263554
		55.958426	-3.186893
		54.892406	-2.923222
		53.803895	-1.549931
		53.478239	-2.258549
		53.409532	-3.000126
		52.486125	-1.890507
		51.460852	-2.588139
		53.751959	-0.335941
		51.488224	-3.186893
		51.624837	-3.94495
		50.152266	-5.065556
		50.726024	-3.543949
		51.512161	-0.116215
		51.289406	1.075802
		
c	15 6 7 10 9 8 12 14 13 5 0 1 11 4 3 2	2661.99429725365	0.733800570274635	15	6	7	10	9	8	12	14	13	5	0	1	11	4	3	2		
		51.289406	1.075802
		53.751959	-0.335941
		54.980766	-1.615849
		55.862982	-4.263554
		55.958426	-3.186893
		54.892406	-2.923222
		51.624837	-3.94495
		50.152266	-5.065556
		50.726024	-3.543949
		53.409532	-3.000126
		52.486125	-1.890507
		51.460852	-2.588139
		51.488224	-3.186893
		53.478239	-2.258549
		53.803895	-1.549931
		51.512161	-0.116215
		
c	0 3 6 7 10 9 8 4 5 11 12 14 13 1 2 15	1920.73655751263	0.807926344248737	0	3	6	7	10	9	8	4	5	11	12	14	13	1	2	15		
		52.486125	-1.890507
		53.803895	-1.549931
		53.751959	-0.335941
		54.980766	-1.615849
		55.862982	-4.263554
		55.958426	-3.186893
		54.892406	-2.923222
		53.478239	-2.258549
		53.409532	-3.000126
		51.488224	-3.186893
		51.624837	-3.94495
		50.152266	-5.065556
		50.726024	-3.543949
		51.460852	-2.588139
		51.512161	-0.116215
		51.289406	1.075802
		
c	6 3 4 7 10 9 1 11 2 15 0 5 12 14 13 8	2765.50686891293	0.723449313108707	6	3	4	7	10	9	1	11	2	15	0	5	12	14	13	8		
		53.751959	-0.335941
		53.803895	-1.549931
		53.478239	-2.258549
		54.980766	-1.615849
		55.862982	-4.263554
		55.958426	-3.186893
		51.460852	-2.588139
		51.488224	-3.186893
		51.512161	-0.116215
		51.289406	1.075802
		52.486125	-1.890507
		53.409532	-3.000126
		51.624837	-3.94495
		50.152266	-5.065556
		50.726024	-3.543949
		54.892406	-2.923222
		
c	2 15 0 3 6 7 10 9 8 5 4 1 11 12 14 13	1942.04145701306	0.805795854298694	2	15	0	3	6	7	10	9	8	5	4	1	11	12	14	13		
		51.512161	-0.116215
		51.289406	1.075802
		52.486125	-1.890507
		53.803895	-1.549931
		53.751959	-0.335941
		54.980766	-1.615849
		55.862982	-4.263554
		55.958426	-3.186893
		54.892406	-2.923222
		53.409532	-3.000126
		53.478239	-2.258549
		51.460852	-2.588139
		51.488224	-3.186893
		51.624837	-3.94495
		50.152266	-5.065556
		50.726024	-3.543949
		
c	1 2 0 3 6 7 10 9 8 5 11 12 14 13 15 4	2505.2618455558	0.74947381544442	1	2	0	3	6	7	10	9	8	5	11	12	14	13	15	4		
		51.460852	-2.588139
		51.512161	-0.116215
		52.486125	-1.890507
		53.803895	-1.549931
		53.751959	-0.335941
		54.980766	-1.615849
		55.862982	-4.263554
		55.958426	-3.186893
		54.892406	-2.923222
		53.409532	-3.000126
		51.488224	-3.186893
		51.624837	-3.94495
		50.152266	-5.065556
		50.726024	-3.543949
		51.289406	1.075802
		53.478239	-2.258549
		
c	2 15 0 4 3 6 7 9 10 8 14 5 1 11 12 13	2447.58395975776	0.755241604024224	2	15	0	4	3	6	7	9	10	8	14	5	1	11	12	13		
		51.512161	-0.116215
		51.289406	1.075802
		52.486125	-1.890507
		53.478239	-2.258549
		53.803895	-1.549931
		53.751959	-0.335941
		54.980766	-1.615849
		55.958426	-3.186893
		55.862982	-4.263554
		54.892406	-2.923222
		50.152266	-5.065556
		53.409532	-3.000126
		51.460852	-2.588139
		51.488224	-3.186893
		51.624837	-3.94495
		50.726024	-3.543949
		
c	4 3 1 2 15 0 6 7 10 9 8 5 11 12 14 13	2286.06459115429	0.771393540884571	4	3	1	2	15	0	6	7	10	9	8	5	11	12	14	13		
		53.478239	-2.258549
		53.803895	-1.549931
		51.460852	-2.588139
		51.512161	-0.116215
		51.289406	1.075802
		52.486125	-1.890507
		53.751959	-0.335941
		54.980766	-1.615849
		55.862982	-4.263554
		55.958426	-3.186893
		54.892406	-2.923222
		53.409532	-3.000126
		51.488224	-3.186893
		51.624837	-3.94495
		50.152266	-5.065556
		50.726024	-3.543949
		
c	2 10 9 8 5 15 6 7 3 4 0 1 11 12 14 13	2550.92927386443	0.744907072613557	2	10	9	8	5	15	6	7	3	4	0	1	11	12	14	13		
		51.512161	-0.116215
		55.862982	-4.263554
		55.958426	-3.186893
		54.892406	-2.923222
		53.409532	-3.000126
		51.289406	1.075802
		53.751959	-0.335941
		54.980766	-1.615849
		53.803895	-1.549931
		53.478239	-2.258549
		52.486125	-1.890507
		51.460852	-2.588139
		51.488224	-3.186893
		51.624837	-3.94495
		50.152266	-5.065556
		50.726024	-3.543949
		
c	6 0 4 5 3 1 11 12 8 7 10 9 2 15 14 13	2719.91610770588	0.728008389229412	6	0	4	5	3	1	11	12	8	7	10	9	2	15	14	13		
		53.751959	-0.335941
		52.486125	-1.890507
		53.478239	-2.258549
		53.409532	-3.000126
		53.803895	-1.549931
		51.460852	-2.588139
		51.488224	-3.186893
		51.624837	-3.94495
		54.892406	-2.923222
		54.980766	-1.615849
		55.862982	-4.263554
		55.958426	-3.186893
		51.512161	-0.116215
		51.289406	1.075802
		50.152266	-5.065556
		50.726024	-3.543949
		
c	10 8 5 0 4 3 6 7 9 14 1 11 12 13 2 15	2413.32032272729	0.758667967727271	10	8	5	0	4	3	6	7	9	14	1	11	12	13	2	15		
		55.862982	-4.263554
		54.892406	-2.923222
		53.409532	-3.000126
		52.486125	-1.890507
		53.478239	-2.258549
		53.803895	-1.549931
		53.751959	-0.335941
		54.980766	-1.615849
		55.958426	-3.186893
		50.152266	-5.065556
		51.460852	-2.588139
		51.488224	-3.186893
		51.624837	-3.94495
		50.726024	-3.543949
		51.512161	-0.116215
		51.289406	1.075802
		
c	14 13 15 4 3 5 6 7 10 9 8 0 1 11 12 2	2432.8692467975	0.75671307532025	14	13	15	4	3	5	6	7	10	9	8	0	1	11	12	2		
		50.152266	-5.065556
		50.726024	-3.543949
		51.289406	1.075802
		53.478239	-2.258549
		53.803895	-1.549931
		53.409532	-3.000126
		53.751959	-0.335941
		54.980766	-1.615849
		55.862982	-4.263554
		55.958426	-3.186893
		54.892406	-2.923222
		52.486125	-1.890507
		51.460852	-2.588139
		51.488224	-3.186893
		51.624837	-3.94495
		51.512161	-0.116215
		
c	14 13 1 2 15 6 4 3 7 10 9 8 5 0 11 12	1968.49729767332	0.803150270232668	14	13	1	2	15	6	4	3	7	10	9	8	5	0	11	12		
		50.152266	-5.065556
		50.726024	-3.543949
		51.460852	-2.588139
		51.512161	-0.116215
		51.289406	1.075802
		53.751959	-0.335941
		53.478239	-2.258549
		53.803895	-1.549931
		54.980766	-1.615849
		55.862982	-4.263554
		55.958426	-3.186893
		54.892406	-2.923222
		53.409532	-3.000126
		52.486125	-1.890507
		51.488224	-3.186893
		51.624837	-3.94495
		
c	7 10 9 8 4 5 11 12 14 13 1 3 6 0 15 2	2129.20140723939	0.787079859276061	7	10	9	8	4	5	11	12	14	13	1	3	6	0	15	2		
		54.980766	-1.615849
		55.862982	-4.263554
		55.958426	-3.186893
		54.892406	-2.923222
		53.478239	-2.258549
		53.409532	-3.000126
		51.488224	-3.186893
		51.624837	-3.94495
		50.152266	-5.065556
		50.726024	-3.543949
		51.460852	-2.588139
		53.803895	-1.549931
		53.751959	-0.335941
		52.486125	-1.890507
		51.289406	1.075802
		51.512161	-0.116215
		
c	13 11 1 2 7 10 9 8 4 3 5 6 0 12 14 15	2565.03801371107	0.743496198628893	13	11	1	2	7	10	9	8	4	3	5	6	0	12	14	15		
		50.726024	-3.543949
		51.488224	-3.186893
		51.460852	-2.588139
		51.512161	-0.116215
		54.980766	-1.615849
		55.862982	-4.263554
		55.958426	-3.186893
		54.892406	-2.923222
		53.478239	-2.258549
		53.803895	-1.549931
		53.409532	-3.000126
		53.751959	-0.335941
		52.486125	-1.890507
		51.624837	-3.94495
		50.152266	-5.065556
		51.289406	1.075802
		
g60		1794.61235065558	0.820538764934442	0	6	7	10	9	8	3	4	5	0	1	11	12	14	13	2	15		
		53.751959	-0.335941
		54.980766	-1.615849
		55.862982	-4.263554
		55.958426	-3.186893
		54.892406	-2.923222
		53.803895	-1.549931
		53.478239	-2.258549
		53.409532	-3.000126
		52.486125	-1.890507
		51.460852	-2.588139
		51.488224	-3.186893
		51.624837	-3.94495
		50.152266	-5.065556
		50.726024	-3.543949
		51.512161	-0.116215
		51.289406	1.075802
		
g60		1816.78660485524	0.818321339514476	1	7	9	10	8	5	6	3	4	0	1	11	12	14	13	2	15		
		54.980766	-1.615849
		55.958426	-3.186893
		55.862982	-4.263554
		54.892406	-2.923222
		53.409532	-3.000126
		53.751959	-0.335941
		53.803895	-1.549931
		53.478239	-2.258549
		52.486125	-1.890507
		51.460852	-2.588139
		51.488224	-3.186893
		51.624837	-3.94495
		50.152266	-5.065556
		50.726024	-3.543949
		51.512161	-0.116215
		51.289406	1.075802
		
g60		1821.93638973953	0.817806361026047	2	6	7	9	10	8	5	3	4	0	1	11	12	14	13	2	15		
		53.751959	-0.335941
		54.980766	-1.615849
		55.958426	-3.186893
		55.862982	-4.263554
		54.892406	-2.923222
		53.409532	-3.000126
		53.803895	-1.549931
		53.478239	-2.258549
		52.486125	-1.890507
		51.460852	-2.588139
		51.488224	-3.186893
		51.624837	-3.94495
		50.152266	-5.065556
		50.726024	-3.543949
		51.512161	-0.116215
		51.289406	1.075802
		
g60		1828.33630628242	0.817166369371758	3	3	6	7	10	9	8	4	5	0	1	11	12	14	13	2	15		
		53.803895	-1.549931
		53.751959	-0.335941
		54.980766	-1.615849
		55.862982	-4.263554
		55.958426	-3.186893
		54.892406	-2.923222
		53.478239	-2.258549
		53.409532	-3.000126
		52.486125	-1.890507
		51.460852	-2.588139
		51.488224	-3.186893
		51.624837	-3.94495
		50.152266	-5.065556
		50.726024	-3.543949
		51.512161	-0.116215
		51.289406	1.075802
		
g60		1844.43579025575	0.815556420974425	4	5	4	3	6	7	9	10	8	0	1	11	12	14	13	2	15		
		53.409532	-3.000126
		53.478239	-2.258549
		53.803895	-1.549931
		53.751959	-0.335941
		54.980766	-1.615849
		55.958426	-3.186893
		55.862982	-4.263554
		54.892406	-2.923222
		52.486125	-1.890507
		51.460852	-2.588139
		51.488224	-3.186893
		51.624837	-3.94495
		50.152266	-5.065556
		50.726024	-3.543949
		51.512161	-0.116215
		51.289406	1.075802
		
g60		1845.90090033943	0.815409909966057	5	6	7	9	10	8	4	5	3	0	1	11	12	14	13	2	15		
		53.751959	-0.335941
		54.980766	-1.615849
		55.958426	-3.186893
		55.862982	-4.263554
		54.892406	-2.923222
		53.478239	-2.258549
		53.409532	-3.000126
		53.803895	-1.549931
		52.486125	-1.890507
		51.460852	-2.588139
		51.488224	-3.186893
		51.624837	-3.94495
		50.152266	-5.065556
		50.726024	-3.543949
		51.512161	-0.116215
		51.289406	1.075802
		
