c	11 12 14 13 1 2 15 0 3 6 7 10 9 8 4 5	1949.90272602798	0.805009727397202	11	12	14	13	1	2	15	0	3	6	7	10	9	8	4	5		
		51.488224	-3.186893
		51.624837	-3.94495
		50.152266	-5.065556
		50.726024	-3.543949
		51.460852	-2.588139
		51.512161	-0.116215
		51.289406	1.075802
		52.486125	-1.890507
		53.803895	-1.549931
		53.751959	-0.335941
		54.980766	-1.615849
		55.862982	-4.263554
		55.958426	-3.186893
		54.892406	-2.923222
		53.478239	-2.258549
		53.409532	-3.000126
		
c	6 7 10 9 8 5 4 0 15 11 12 3 1 14 13 2	2630.82561738891	0.736917438261109	6	7	10	9	8	5	4	0	15	11	12	3	1	14	13	2		
		53.751959	-0.335941
		54.980766	-1.615849
		55.862982	-4.263554
		55.958426	-3.186893
		54.892406	-2.923222
		53.409532	-3.000126
		53.478239	-2.258549
		52.486125	-1.890507
		51.289406	1.075802
		51.488224	-3.186893
		51.624837	-3.94495
		53.803895	-1.549931
		51.460852	-2.588139
		50.152266	-5.065556
		50.726024	-3.543949
		51.512161	-0.116215
		
c	4 3 6 7 9 10 8 0 1 11 12 14 13 2 5 15	2359.44438434733	0.764055561565267	4	3	6	7	9	10	8	0	1	11	12	14	13	2	5	15		
		53.478239	-2.258549
		53.803895	-1.549931
		53.751959	-0.335941
		54.980766	-1.615849
		55.958426	-3.186893
		55.862982	-4.263554
		54.892406	-2.923222
		52.486125	-1.890507
		51.460852	-2.588139
		51.488224	-3.186893
		51.624837	-3.94495
		50.152266	-5.065556
		50.726024	-3.543949
		51.512161	-0.116215
		53.409532	-3.000126
		51.289406	1.075802
		
c	7 10 9 8 4 5 0 1 11 12 14 13 2 15 3 6	1999.67268140799	0.800032731859201	7	10	9	8	4	5	0	1	11	12	14	13	2	15	3	6		
		54.980766	-1.615849
		55.862982	-4.263554
		55.958426	-3.186893
		54.892406	-2.923222
		53.478239	-2.258549
		53.409532	-3.000126
		52.486125	-1.890507
		51.460852	-2.588139
		51.488224	-3.186893
		51.624837	-3.94495
		50.152266	-5.065556
		50.726024	-3.543949
		51.512161	-0.116215
		51.289406	1.075802
		53.803895	-1.549931
		53.751959	-0.335941
		
c	4 5 12 14 6 7 10 9 8 11 13 1 2 15 0 3	2717.62900262918	0.728237099737082	4	5	12	14	6	7	10	9	8	11	13	1	2	15	0	3		
		53.478239	-2.258549
		53.409532	-3.000126
		51.624837	-3.94495
		50.152266	-5.065556
		53.751959	-0.335941
		54.980766	-1.615849
		55.862982	-4.263554
		55.958426	-3.186893
		54.892406	-2.923222
		51.488224	-3.186893
		50.726024	-3.543949
		51.460852	-2.588139
		51.512161	-0.116215
		51.289406	1.075802
		52.486125	-1.890507
		53.803895	-1.549931
		
c	15 0 5 4 3 6 7 9 10 8 1 11 12 14 13 2	2110.60476904577	0.788939523095423	15	0	5	4	3	6	7	9	10	8	1	11	12	14	13	2		
		51.289406	1.075802
		52.486125	-1.890507
		53.409532	-3.000126
		53.478239	-2.258549
		53.803895	-1.549931
		53.751959	-0.335941
		54.980766	-1.615849
		55.958426	-3.186893
		55.862982	-4.263554
		54.892406	-2.923222
		51.460852	-2.588139
		51.488224	-3.186893
		51.624837	-3.94495
		50.152266	-5.065556
		50.726024	-3.543949
		51.512161	-0.116215
		
c	10 9 7 8 4 5 0 1 11 12 14 13 2 15 3 6	1917.3697250351	0.80826302749649	10	9	7	8	4	5	0	1	11	12	14	13	2	15	3	6		
		55.862982	-4.263554
		55.958426	-3.186893
		54.980766	-1.615849
		54.892406	-2.923222
		53.478239	-2.258549
		53.409532	-3.000126
		52.486125	-1.890507
		51.460852	-2.588139
		51.488224	-3.186893
		51.624837	-3.94495
		50.152266	-5.065556
		50.726024	-3.543949
		51.512161	-0.116215
		51.289406	1.075802
		53.803895	-1.549931
		53.751959	-0.335941
		
c	2 15 0 3 6 1 14 13 11 12 4 7 10 9 8 5	2303.47988228371	0.769652011771629	2	15	0	3	6	1	14	13	11	12	4	7	10	9	8	5		
		51.512161	-0.116215
		51.289406	1.075802
		52.486125	-1.890507
		53.803895	-1.549931
		53.751959	-0.335941
		51.460852	-2.588139
		50.152266	-5.065556
		50.726024	-3.543949
		51.488224	-3.186893
		51.624837	-3.94495
		53.478239	-2.258549
		54.980766	-1.615849
		55.862982	-4.263554
		55.958426	-3.186893
		54.892406	-2.923222
		53.409532	-3.000126
		
c	7 9 10 8 4 14 13 1 11 12 6 5 3 0 2 15	2280.89082590849	0.771910917409151	7	9	10	8	4	14	13	1	11	12	6	5	3	0	2	15		
		54.980766	-1.615849
		55.958426	-3.186893
		55.862982	-4.263554
		54.892406	-2.923222
		53.478239	-2.258549
		50.152266	-5.065556
		50.726024	-3.543949
		51.460852	-2.588139
		51.488224	-3.186893
		51.624837	-3.94495
		53.751959	-0.335941
		53.409532	-3.000126
		53.803895	-1.549931
		52.486125	-1.890507
		51.512161	-0.116215
		51.289406	1.075802
		
c	4 3 6 7 10 8 5 12 14 13 11 1 2 15 0 9	2335.95726845761	0.766404273154239	4	3	6	7	10	8	5	12	14	13	11	1	2	15	0	9		
		53.478239	-2.258549
		53.803895	-1.549931
		53.751959	-0.335941
		54.980766	-1.615849
		55.862982	-4.263554
		54.892406	-2.923222
		53.409532	-3.000126
		51.624837	-3.94495
		50.152266	-5.065556
		50.726024	-3.543949
		51.488224	-3.186893
		51.460852	-2.588139
		51.512161	-0.116215
		51.289406	1.075802
		52.486125	-1.890507
		55.958426	-3.186893
		
c	12 4 3 6 0 1 14 13 11 7 9 10 8 5 2 15	2406.58446484843	0.759341553515157	12	4	3	6	0	1	14	13	11	7	9	10	8	5	2	15		
		51.624837	-3.94495
		53.478239	-2.258549
		53.803895	-1.549931
		53.751959	-0.335941
		52.486125	-1.890507
		51.460852	-2.588139
		50.152266	-5.065556
		50.726024	-3.543949
		51.488224	-3.186893
		54.980766	-1.615849
		55.958426	-3.186893
		55.862982	-4.263554
		54.892406	-2.923222
		53.409532	-3.000126
		51.512161	-0.116215
		51.289406	1.075802
		
c	8 5 6 3 4 7 9 10 0 1 12 14 13 11 2 15	2190.39515222901	0.780960484777099	8	5	6	3	4	7	9	10	0	1	12	14	13	11	2	15		
		54.892406	-2.923222
		53.409532	-3.000126
		53.751959	-0.335941
		53.803895	-1.549931
		53.478239	-2.258549
		54.980766	-1.615849
		55.958426	-3.186893
		55.862982	-4.263554
		52.486125	-1.890507
		51.460852	-2.588139
		51.624837	-3.94495
		50.152266	-5.065556
		50.726024	-3.543949
		51.488224	-3.186893
		51.512161	-0.116215
		51.289406	1.075802
		
c	5 6 7 10 9 8 11 12 4 3 0 1 14 13 2 15	2414.234826979	0.7585765173021	5	6	7	10	9	8	11	12	4	3	0	1	14	13	2	15		
		53.409532	-3.000126
		53.751959	-0.335941
		54.980766	-1.615849
		55.862982	-4.263554
		55.958426	-3.186893
		54.892406	-2.923222
		51.488224	-3.186893
		51.624837	-3.94495
		53.478239	-2.258549
		53.803895	-1.549931
		52.486125	-1.890507
		51.460852	-2.588139
		50.152266	-5.065556
		50.726024	-3.543949
		51.512161	-0.116215
		51.289406	1.075802
		
c	7 10 9 8 5 11 14 13 6 3 4 0 1 12 2 15	2307.8593035965	0.76921406964035	7	10	9	8	5	11	14	13	6	3	4	0	1	12	2	15		
		54.980766	-1.615849
		55.862982	-4.263554
		55.958426	-3.186893
		54.892406	-2.923222
		53.409532	-3.000126
		51.488224	-3.186893
		50.152266	-5.065556
		50.726024	-3.543949
		53.751959	-0.335941
		53.803895	-1.549931
		53.478239	-2.258549
		52.486125	-1.890507
		51.460852	-2.588139
		51.624837	-3.94495
		51.512161	-0.116215
		51.289406	1.075802
		
c	8 5 11 3 4 6 7 9 10 0 1 12 14 13 2 15	2496.46168974006	0.750353831025994	8	5	11	3	4	6	7	9	10	0	1	12	14	13	2	15		
		54.892406	-2.923222
		53.409532	-3.000126
		51.488224	-3.186893
		53.803895	-1.549931
		53.478239	-2.258549
		53.751959	-0.335941
		54.980766	-1.615849
		55.958426	-3.186893
		55.862982	-4.263554
		52.486125	-1.890507
		51.460852	-2.588139
		51.624837	-3.94495
		50.152266	-5.065556
		50.726024	-3.543949
		51.512161	-0.116215
		51.289406	1.075802
		
c	3 2 5 4 10 9 8 0 1 11 12 14 13 7 6 15	2835.14915610324	0.716485084389676	3	2	5	4	10	9	8	0	1	11	12	14	13	7	6	15		
		53.803895	-1.549931
		51.512161	-0.116215
		53.409532	-3.000126
		53.478239	-2.258549
		55.862982	-4.263554
		55.958426	-3.186893
		54.892406	-2.923222
		52.486125	-1.890507
		51.460852	-2.588139
		51.488224	-3.186893
		51.624837	-3.94495
		50.152266	-5.065556
		50.726024	-3.543949
		54.980766	-1.615849
		53.751959	-0.335941
		51.289406	1.075802
		
c	7 10 9 8 13 1 11 12 14 6 4 3 5 0 2 15	2415.18522437924	0.758481477562076	7	10	9	8	13	1	11	12	14	6	4	3	5	0	2	15		
		54.980766	-1.615849
		55.862982	-4.263554
		55.958426	-3.186893
		54.892406	-2.923222
		50.726024	-3.543949
		51.460852	-2.588139
		51.488224	-3.186893
		51.624837	-3.94495
		50.152266	-5.065556
		53.751959	-0.335941
		53.478239	-2.258549
		53.803895	-1.549931
		53.409532	-3.000126
		52.486125	-1.890507
		51.512161	-0.116215
		51.289406	1.075802
		
c	4 12 3 6 0 1 14 13 11 7 9 10 8 5 2 15	2638.53882966387	0.736146117033613	4	12	3	6	0	1	14	13	11	7	9	10	8	5	2	15		
		53.478239	-2.258549
		51.624837	-3.94495
		53.803895	-1.549931
		53.751959	-0.335941
		52.486125	-1.890507
		51.460852	-2.588139
		50.152266	-5.065556
		50.726024	-3.543949
		51.488224	-3.186893
		54.980766	-1.615849
		55.958426	-3.186893
		55.862982	-4.263554
		54.892406	-2.923222
		53.409532	-3.000126
		51.512161	-0.116215
		51.289406	1.075802
		
c	11 12 4 14 13 1 2 15 0 3 6 7 10 9 8 5	2373.02492245421	0.762697507754579	11	12	4	14	13	1	2	15	0	3	6	7	10	9	8	5		
		51.488224	-3.186893
		51.624837	-3.94495
		53.478239	-2.258549
		50.152266	-5.065556
		50.726024	-3.543949
		51.460852	-2.588139
		51.512161	-0.116215
		51.289406	1.075802
		52.486125	-1.890507
		53.803895	-1.549931
		53.751959	-0.335941
		54.980766	-1.615849
		55.862982	-4.263554
		55.958426	-3.186893
		54.892406	-2.923222
		53.409532	-3.000126
		
c	8 3 4 6 7 10 9 5 12 1 0 2 11 14 13 15	2500.98790242389	0.749901209757611	8	3	4	6	7	10	9	5	12	1	0	2	11	14	13	15		
		54.892406	-2.923222
		53.803895	-1.549931
		53.478239	-2.258549
		53.751959	-0.335941
		54.980766	-1.615849
		55.862982	-4.263554
		55.958426	-3.186893
		53.409532	-3.000126
		51.624837	-3.94495
		51.460852	-2.588139
		52.486125	-1.890507
		51.512161	-0.116215
		51.488224	-3.186893
		50.152266	-5.065556
		50.726024	-3.543949
		51.289406	1.075802
		
c	10 9 8 5 12 11 14 13 1 2 15 6 7 4 3 0	2132.04767114453	0.786795232885547	10	9	8	5	12	11	14	13	1	2	15	6	7	4	3	0		
		55.862982	-4.263554
		55.958426	-3.186893
		54.892406	-2.923222
		53.409532	-3.000126
		51.624837	-3.94495
		51.488224	-3.186893
		50.152266	-5.065556
		50.726024	-3.543949
		51.460852	-2.588139
		51.512161	-0.116215
		51.289406	1.075802
		53.751959	-0.335941
		54.980766	-1.615849
		53.478239	-2.258549
		53.803895	-1.549931
		52.486125	-1.890507
		
c	9 8 5 12 11 14 13 1 2 15 0 4 3 6 7 10	2083.5582076141	0.79164417923859	9	8	5	12	11	14	13	1	2	15	0	4	3	6	7	10		
		55.958426	-3.186893
		54.892406	-2.923222
		53.409532	-3.000126
		51.624837	-3.94495
		51.488224	-3.186893
		50.152266	-5.065556
		50.726024	-3.543949
		51.460852	-2.588139
		51.512161	-0.116215
		51.289406	1.075802
		52.486125	-1.890507
		53.478239	-2.258549
		53.803895	-1.549931
		53.751959	-0.335941
		54.980766	-1.615849
		55.862982	-4.263554
		
c	13 1 11 6 7 9 10 8 4 3 0 5 12 14 2 15	2328.4874861566	0.76715125138434	13	1	11	6	7	9	10	8	4	3	0	5	12	14	2	15		
		50.726024	-3.543949
		51.460852	-2.588139
		51.488224	-3.186893
		53.751959	-0.335941
		54.980766	-1.615849
		55.958426	-3.186893
		55.862982	-4.263554
		54.892406	-2.923222
		53.478239	-2.258549
		53.803895	-1.549931
		52.486125	-1.890507
		53.409532	-3.000126
		51.624837	-3.94495
		50.152266	-5.065556
		51.512161	-0.116215
		51.289406	1.075802
		
c	3 6 7 10 9 8 4 0 1 11 12 14 13 2 5 15	2329.61705365328	0.767038294634672	3	6	7	10	9	8	4	0	1	11	12	14	13	2	5	15		
		53.803895	-1.549931
		53.751959	-0.335941
		54.980766	-1.615849
		55.862982	-4.263554
		55.958426	-3.186893
		54.892406	-2.923222
		53.478239	-2.258549
		52.486125	-1.890507
		51.460852	-2.588139
		51.488224	-3.186893
		51.624837	-3.94495
		50.152266	-5.065556
		50.726024	-3.543949
		51.512161	-0.116215
		53.409532	-3.000126
		51.289406	1.075802
		
c	14 13 1 2 0 11 12 5 6 3 7 10 9 8 15 4	2555.64686106533	0.744435313893467	14	13	1	2	0	11	12	5	6	3	7	10	9	8	15	4		
		50.152266	-5.065556
		50.726024	-3.543949
		51.460852	-2.588139
		51.512161	-0.116215
		52.486125	-1.890507
		51.488224	-3.186893
		51.624837	-3.94495
		53.409532	-3.000126
		53.751959	-0.335941
		53.803895	-1.549931
		54.980766	-1.615849
		55.862982	-4.263554
		55.958426	-3.186893
		54.892406	-2.923222
		51.289406	1.075802
		53.478239	-2.258549
		
c	14 13 6 4 0 1 5 11 12 3 7 10 9 8 2 15	2689.80297712896	0.731019702287104	14	13	6	4	0	1	5	11	12	3	7	10	9	8	2	15		
		50.152266	-5.065556
		50.726024	-3.543949
		53.751959	-0.335941
		53.478239	-2.258549
		52.486125	-1.890507
		51.460852	-2.588139
		53.409532	-3.000126
		51.488224	-3.186893
		51.624837	-3.94495
		53.803895	-1.549931
		54.980766	-1.615849
		55.862982	-4.263554
		55.958426	-3.186893
		54.892406	-2.923222
		51.512161	-0.116215
		51.289406	1.075802
		
c	14 13 2 5 10 8 11 12 1 15 0 3 6 7 9 4	2933.78383555357	0.706621616444643	14	13	2	5	10	8	11	12	1	15	0	3	6	7	9	4		
		50.152266	-5.065556
		50.726024	-3.543949
		51.512161	-0.116215
		53.409532	-3.000126
		55.862982	-4.263554
		54.892406	-2.923222
		51.488224	-3.186893
		51.624837	-3.94495
		51.460852	-2.588139
		51.289406	1.075802
		52.486125	-1.890507
		53.803895	-1.549931
		53.751959	-0.335941
		54.980766	-1.615849
		55.958426	-3.186893
		53.478239	-2.258549
		
c	12 14 13 6 4 3 8 5 11 0 1 2 15 7 10 9	2659.52976820962	0.734047023179038	12	14	13	6	4	3	8	5	11	0	1	2	15	7	10	9		
		51.624837	-3.94495
		50.152266	-5.065556
		50.726024	-3.543949
		53.751959	-0.335941
		53.478239	-2.258549
		53.803895	-1.549931
		54.892406	-2.923222
		53.409532	-3.000126
		51.488224	-3.186893
		52.486125	-1.890507
		51.460852	-2.588139
		51.512161	-0.116215
		51.289406	1.075802
		54.980766	-1.615849
		55.862982	-4.263554
		55.958426	-3.186893
		
c	15 6 10 9 8 5 12 11 14 13 1 2 0 4 3 7	2316.18104502879	0.768381895497121	15	6	10	9	8	5	12	11	14	13	1	2	0	4	3	7		
		51.289406	1.075802
		53.751959	-0.335941
		55.862982	-4.263554
		55.958426	-3.186893
		54.892406	-2.923222
		53.409532	-3.000126
		51.624837	-3.94495
		51.488224	-3.186893
		50.152266	-5.065556
		50.726024	-3.543949
		51.460852	-2.588139
		51.512161	-0.116215
		52.486125	-1.890507
		53.478239	-2.258549
		53.803895	-1.549931
		54.980766	-1.615849
		
c	11 1 2 15 0 4 3 6 7 9 10 8 5 12 14 13	1986.71606103606	0.801328393896394	11	1	2	15	0	4	3	6	7	9	10	8	5	12	14	13		
		51.488224	-3.186893
		51.460852	-2.588139
		51.512161	-0.116215
		51.289406	1.075802
		52.486125	-1.890507
		53.478239	-2.258549
		53.803895	-1.549931
		53.751959	-0.335941
		54.980766	-1.615849
		55.958426	-3.186893
		55.862982	-4.263554
		54.892406	-2.923222
		53.409532	-3.000126
		51.624837	-3.94495
		50.152266	-5.065556
		50.726024	-3.543949
		
c	14 7 10 9 8 3 4 5 12 13 11 1 2 15 0 6	2343.36052135204	0.765663947864797	14	7	10	9	8	3	4	5	12	13	11	1	2	15	0	6		
		50.152266	-5.065556
		54.980766	-1.615849
		55.862982	-4.263554
		55.958426	-3.186893
		54.892406	-2.923222
		53.803895	-1.549931
		53.478239	-2.258549
		53.409532	-3.000126
		51.624837	-3.94495
		50.726024	-3.543949
		51.488224	-3.186893
		51.460852	-2.588139
		51.512161	-0.116215
		51.289406	1.075802
		52.486125	-1.890507
		53.751959	-0.335941
		
c	10 9 8 4 5 0 1 11 12 14 13 2 15 3 6 7	1965.7566434922	0.80342433565078	10	9	8	4	5	0	1	11	12	14	13	2	15	3	6	7		
		55.862982	-4.263554
		55.958426	-3.186893
		54.892406	-2.923222
		53.478239	-2.258549
		53.409532	-3.000126
		52.486125	-1.890507
		51.460852	-2.588139
		51.488224	-3.186893
		51.624837	-3.94495
		50.152266	-5.065556
		50.726024	-3.543949
		51.512161	-0.116215
		51.289406	1.075802
		53.803895	-1.549931
		53.751959	-0.335941
		54.980766	-1.615849
		
c	12 14 13 11 1 2 15 0 3 6 7 10 9 8 5 4	1921.63365104579	0.807836634895421	12	14	13	11	1	2	15	0	3	6	7	10	9	8	5	4		
		51.624837	-3.94495
		50.152266	-5.065556
		50.726024	-3.543949
		51.488224	-3.186893
		51.460852	-2.588139
		51.512161	-0.116215
		51.289406	1.075802
		52.486125	-1.890507
		53.803895	-1.549931
		53.751959	-0.335941
		54.980766	-1.615849
		55.862982	-4.263554
		55.958426	-3.186893
		54.892406	-2.923222
		53.409532	-3.000126
		53.478239	-2.258549
		
c	8 3 4 5 6 7 9 10 0 1 11 12 14 13 2 15	2087.34906730571	0.791265093269429	8	3	4	5	6	7	9	10	0	1	11	12	14	13	2	15		
		54.892406	-2.923222
		53.803895	-1.549931
		53.478239	-2.258549
		53.409532	-3.000126
		53.751959	-0.335941
		54.980766	-1.615849
		55.958426	-3.186893
		55.862982	-4.263554
		52.486125	-1.890507
		51.460852	-2.588139
		51.488224	-3.186893
		51.624837	-3.94495
		50.152266	-5.065556
		50.726024	-3.543949
		51.512161	-0.116215
		51.289406	1.075802
		
c	8 0 3 6 7 10 9 4 5 1 11 12 14 13 2 15	2220.14217579384	0.777985782420616	8	0	3	6	7	10	9	4	5	1	11	12	14	13	2	15		
		54.892406	-2.923222
		52.486125	-1.890507
		53.803895	-1.549931
		53.751959	-0.335941
		54.980766	-1.615849
		55.862982	-4.263554
		55.958426	-3.186893
		53.478239	-2.258549
		53.409532	-3.000126
		51.460852	-2.588139
		51.488224	-3.186893
		51.624837	-3.94495
		50.152266	-5.065556
		50.726024	-3.543949
		51.512161	-0.116215
		51.289406	1.075802
		
c	7 4 3 10 9 8 6 5 0 1 11 12 14 13 15 2	2165.46367044773	0.783453632955227	7	4	3	10	9	8	6	5	0	1	11	12	14	13	15	2		
		54.980766	-1.615849
		53.478239	-2.258549
		53.803895	-1.549931
		55.862982	-4.263554
		55.958426	-3.186893
		54.892406	-2.923222
		53.751959	-0.335941
		53.409532	-3.000126
		52.486125	-1.890507
		51.460852	-2.588139
		51.488224	-3.186893
		51.624837	-3.94495
		50.152266	-5.065556
		50.726024	-3.543949
		51.289406	1.075802
		51.512161	-0.116215
		
c	5 0 4 3 6 7 9 10 8 1 11 12 14 13 2 15	2017.07629637613	0.798292370362387	5	0	4	3	6	7	9	10	8	1	11	12	14	13	2	15		
		53.409532	-3.000126
		52.486125	-1.890507
		53.478239	-2.258549
		53.803895	-1.549931
		53.751959	-0.335941
		54.980766	-1.615849
		55.958426	-3.186893
		55.862982	-4.263554
		54.892406	-2.923222
		51.460852	-2.588139
		51.488224	-3.186893
		51.624837	-3.94495
		50.152266	-5.065556
		50.726024	-3.543949
		51.512161	-0.116215
		51.289406	1.075802
		
c	12 14 13 11 1 2 15 0 4 3 6 7 9 10 8 5	1866.57074517762	0.813342925482238	12	14	13	11	1	2	15	0	4	3	6	7	9	10	8	5		
		51.624837	-3.94495
		50.152266	-5.065556
		50.726024	-3.543949
		51.488224	-3.186893
		51.460852	-2.588139
		51.512161	-0.116215
		51.289406	1.075802
		52.486125	-1.890507
		53.478239	-2.258549
		53.803895	-1.549931
		53.751959	-0.335941
		54.980766	-1.615849
		55.958426	-3.186893
		55.862982	-4.263554
		54.892406	-2.923222
		53.409532	-3.000126
		
c	6 7 10 9 8 4 5 0 12 14 13 11 1 2 15 3	2076.24146280866	0.792375853719134	6	7	10	9	8	4	5	0	12	14	13	11	1	2	15	3		
		53.751959	-0.335941
		54.980766	-1.615849
		55.862982	-4.263554
		55.958426	-3.186893
		54.892406	-2.923222
		53.478239	-2.258549
		53.409532	-3.000126
		52.486125	-1.890507
		51.624837	-3.94495
		50.152266	-5.065556
		50.726024	-3.543949
		51.488224	-3.186893
		51.460852	-2.588139
		51.512161	-0.116215
		51.289406	1.075802
		53.803895	-1.549931
		
c	5 12 10 9 8 4 6 7 11 14 13 1 2 15 0 3	2801.77043304511	0.719822956695489	5	12	10	9	8	4	6	7	11	14	13	1	2	15	0	3		
		53.409532	-3.000126
		51.624837	-3.94495
		55.862982	-4.263554
		55.958426	-3.186893
		54.892406	-2.923222
		53.478239	-2.258549
		53.751959	-0.335941
		54.980766	-1.615849
		51.488224	-3.186893
		50.152266	-5.065556
		50.726024	-3.543949
		51.460852	-2.588139
		51.512161	-0.116215
		51.289406	1.075802
		52.486125	-1.890507
		53.803895	-1.549931
		
c	14 13 11 1 2 15 0 4 3 6 7 10 9 8 5 12	1922.6510768467	0.80773489231533	14	13	11	1	2	15	0	4	3	6	7	10	9	8	5	12		
		50.152266	-5.065556
		50.726024	-3.543949
		51.488224	-3.186893
		51.460852	-2.588139
		51.512161	-0.116215
		51.289406	1.075802
		52.486125	-1.890507
		53.478239	-2.258549
		53.803895	-1.549931
		53.751959	-0.335941
		54.980766	-1.615849
		55.862982	-4.263554
		55.958426	-3.186893
		54.892406	-2.923222
		53.409532	-3.000126
		51.624837	-3.94495
		
c	5 6 0 3 7 8 12 14 13 1 2 15 11 4 10 9	2646.99149265979	0.735300850734021	5	6	0	3	7	8	12	14	13	1	2	15	11	4	10	9		
		53.409532	-3.000126
		53.751959	-0.335941
		52.486125	-1.890507
		53.803895	-1.549931
		54.980766	-1.615849
		54.892406	-2.923222
		51.624837	-3.94495
		50.152266	-5.065556
		50.726024	-3.543949
		51.460852	-2.588139
		51.512161	-0.116215
		51.289406	1.075802
		51.488224	-3.186893
		53.478239	-2.258549
		55.862982	-4.263554
		55.958426	-3.186893
		
c	1 11 12 14 13 2 15 3 0 6 7 10 9 8 5 4	2154.14438293602	0.784585561706398	1	11	12	14	13	2	15	3	0	6	7	10	9	8	5	4		
		51.460852	-2.588139
		51.488224	-3.186893
		51.624837	-3.94495
		50.152266	-5.065556
		50.726024	-3.543949
		51.512161	-0.116215
		51.289406	1.075802
		53.803895	-1.549931
		52.486125	-1.890507
		53.751959	-0.335941
		54.980766	-1.615849
		55.862982	-4.263554
		55.958426	-3.186893
		54.892406	-2.923222
		53.409532	-3.000126
		53.478239	-2.258549
		
c	12 14 2 15 8 3 4 5 6 7 9 10 0 1 11 13	2601.47838010363	0.739852161989637	12	14	2	15	8	3	4	5	6	7	9	10	0	1	11	13		
		51.624837	-3.94495
		50.152266	-5.065556
		51.512161	-0.116215
		51.289406	1.075802
		54.892406	-2.923222
		53.803895	-1.549931
		53.478239	-2.258549
		53.409532	-3.000126
		53.751959	-0.335941
		54.980766	-1.615849
		55.958426	-3.186893
		55.862982	-4.263554
		52.486125	-1.890507
		51.460852	-2.588139
		51.488224	-3.186893
		50.726024	-3.543949
		
c	4 3 5 0 1 11 12 14 13 2 15 6 7 10 9 8	1989.90932529712	0.801009067470288	4	3	5	0	1	11	12	14	13	2	15	6	7	10	9	8		
		53.478239	-2.258549
		53.803895	-1.549931
		53.409532	-3.000126
		52.486125	-1.890507
		51.460852	-2.588139
		51.488224	-3.186893
		51.624837	-3.94495
		50.152266	-5.065556
		50.726024	-3.543949
		51.512161	-0.116215
		51.289406	1.075802
		53.751959	-0.335941
		54.980766	-1.615849
		55.862982	-4.263554
		55.958426	-3.186893
		54.892406	-2.923222
		
c	3 4 5 6 11 12 14 2 15 0 7 10 9 8 1 13	2697.28068769907	0.730271931230093	3	4	5	6	11	12	14	2	15	0	7	10	9	8	1	13		
		53.803895	-1.549931
		53.478239	-2.258549
		53.409532	-3.000126
		53.751959	-0.335941
		51.488224	-3.186893
		51.624837	-3.94495
		50.152266	-5.065556
		51.512161	-0.116215
		51.289406	1.075802
		52.486125	-1.890507
		54.980766	-1.615849
		55.862982	-4.263554
		55.958426	-3.186893
		54.892406	-2.923222
		51.460852	-2.588139
		50.726024	-3.543949
		
c	7 10 9 8 4 0 1 11 12 14 13 2 5 15 6 3	2459.78604714753	0.754021395285247	7	10	9	8	4	0	1	11	12	14	13	2	5	15	6	3		
		54.980766	-1.615849
		55.862982	-4.263554
		55.958426	-3.186893
		54.892406	-2.923222
		53.478239	-2.258549
		52.486125	-1.890507
		51.460852	-2.588139
		51.488224	-3.186893
		51.624837	-3.94495
		50.152266	-5.065556
		50.726024	-3.543949
		51.512161	-0.116215
		53.409532	-3.000126
		51.289406	1.075802
		53.751959	-0.335941
		53.803895	-1.549931
		
c	5 4 3 6 7 14 10 8 1 11 12 9 13 2 15 0	3837.48367329995	0.616251632670005	5	4	3	6	7	14	10	8	1	11	12	9	13	2	15	0		
		53.409532	-3.000126
		53.478239	-2.258549
		53.803895	-1.549931
		53.751959	-0.335941
		54.980766	-1.615849
		50.152266	-5.065556
		55.862982	-4.263554
		54.892406	-2.923222
		51.460852	-2.588139
		51.488224	-3.186893
		51.624837	-3.94495
		55.958426	-3.186893
		50.726024	-3.543949
		51.512161	-0.116215
		51.289406	1.075802
		52.486125	-1.890507
		
c	0 3 7 8 5 12 14 13 1 2 15 11 4 6 10 9	2475.6965541623	0.75243034458377	0	3	7	8	5	12	14	13	1	2	15	11	4	6	10	9		
		52.486125	-1.890507
		53.803895	-1.549931
		54.980766	-1.615849
		54.892406	-2.923222
		53.409532	-3.000126
		51.624837	-3.94495
		50.152266	-5.065556
		50.726024	-3.543949
		51.460852	-2.588139
		51.512161	-0.116215
		51.289406	1.075802
		51.488224	-3.186893
		53.478239	-2.258549
		53.751959	-0.335941
		55.862982	-4.263554
		55.958426	-3.186893
		
c	8 5 11 14 13 6 3 4 0 1 12 2 15 7 10 9	2636.09506898473	0.736390493101527	8	5	11	14	13	6	3	4	0	1	12	2	15	7	10	9		
		54.892406	-2.923222
		53.409532	-3.000126
		51.488224	-3.186893
		50.152266	-5.065556
		50.726024	-3.543949
		53.751959	-0.335941
		53.803895	-1.549931
		53.478239	-2.258549
		52.486125	-1.890507
		51.460852	-2.588139
		51.624837	-3.94495
		51.512161	-0.116215
		51.289406	1.075802
		54.980766	-1.615849
		55.862982	-4.263554
		55.958426	-3.186893
		
c	3 7 10 6 9 8 4 5 0 12 14 1 11 13 2 15	2483.13179356771	0.751686820643229	3	7	10	6	9	8	4	5	0	12	14	1	11	13	2	15		
		53.803895	-1.549931
		54.980766	-1.615849
		55.862982	-4.263554
		53.751959	-0.335941
		55.958426	-3.186893
		54.892406	-2.923222
		53.478239	-2.258549
		53.409532	-3.000126
		52.486125	-1.890507
		51.624837	-3.94495
		50.152266	-5.065556
		51.460852	-2.588139
		51.488224	-3.186893
		50.726024	-3.543949
		51.512161	-0.116215
		51.289406	1.075802
		
c	5 12 11 14 13 1 2 15 6 0 4 3 9 8 7 10	2245.98143891705	0.775401856108295	5	12	11	14	13	1	2	15	6	0	4	3	9	8	7	10		
		53.409532	-3.000126
		51.624837	-3.94495
		51.488224	-3.186893
		50.152266	-5.065556
		50.726024	-3.543949
		51.460852	-2.588139
		51.512161	-0.116215
		51.289406	1.075802
		53.751959	-0.335941
		52.486125	-1.890507
		53.478239	-2.258549
		53.803895	-1.549931
		55.958426	-3.186893
		54.892406	-2.923222
		54.980766	-1.615849
		55.862982	-4.263554
		
c	10 9 8 6 4 3 7 5 0 1 11 12 14 13 2 15	1909.30807964467	0.809069192035533	10	9	8	6	4	3	7	5	0	1	11	12	14	13	2	15		
		55.862982	-4.263554
		55.958426	-3.186893
		54.892406	-2.923222
		53.751959	-0.335941
		53.478239	-2.258549
		53.803895	-1.549931
		54.980766	-1.615849
		53.409532	-3.000126
		52.486125	-1.890507
		51.460852	-2.588139
		51.488224	-3.186893
		51.624837	-3.94495
		50.152266	-5.065556
		50.726024	-3.543949
		51.512161	-0.116215
		51.289406	1.075802
		
c	4 5 0 3 10 9 8 12 11 14 13 2 15 6 1 7	2872.25631447776	0.712774368552224	4	5	0	3	10	9	8	12	11	14	13	2	15	6	1	7		
		53.478239	-2.258549
		53.409532	-3.000126
		52.486125	-1.890507
		53.803895	-1.549931
		55.862982	-4.263554
		55.958426	-3.186893
		54.892406	-2.923222
		51.624837	-3.94495
		51.488224	-3.186893
		50.152266	-5.065556
		50.726024	-3.543949
		51.512161	-0.116215
		51.289406	1.075802
		53.751959	-0.335941
		51.460852	-2.588139
		54.980766	-1.615849
		
c	12 14 13 7 1 5 0 11 6 4 3 10 9 8 2 15	3168.73373429313	0.683126626570687	12	14	13	7	1	5	0	11	6	4	3	10	9	8	2	15		
		51.624837	-3.94495
		50.152266	-5.065556
		50.726024	-3.543949
		54.980766	-1.615849
		51.460852	-2.588139
		53.409532	-3.000126
		52.486125	-1.890507
		51.488224	-3.186893
		53.751959	-0.335941
		53.478239	-2.258549
		53.803895	-1.549931
		55.862982	-4.263554
		55.958426	-3.186893
		54.892406	-2.923222
		51.512161	-0.116215
		51.289406	1.075802
		
c	1 2 15 6 14 13 7 10 9 8 3 4 5 0 11 12	2641.8798269998	0.73581201730002	1	2	15	6	14	13	7	10	9	8	3	4	5	0	11	12		
		51.460852	-2.588139
		51.512161	-0.116215
		51.289406	1.075802
		53.751959	-0.335941
		50.152266	-5.065556
		50.726024	-3.543949
		54.980766	-1.615849
		55.862982	-4.263554
		55.958426	-3.186893
		54.892406	-2.923222
		53.803895	-1.549931
		53.478239	-2.258549
		53.409532	-3.000126
		52.486125	-1.890507
		51.488224	-3.186893
		51.624837	-3.94495
		
c	7 10 9 8 2 5 4 3 0 1 11 12 14 13 6 15	2563.34810521263	0.743665189478737	7	10	9	8	2	5	4	3	0	1	11	12	14	13	6	15		
		54.980766	-1.615849
		55.862982	-4.263554
		55.958426	-3.186893
		54.892406	-2.923222
		51.512161	-0.116215
		53.409532	-3.000126
		53.478239	-2.258549
		53.803895	-1.549931
		52.486125	-1.890507
		51.460852	-2.588139
		51.488224	-3.186893
		51.624837	-3.94495
		50.152266	-5.065556
		50.726024	-3.543949
		53.751959	-0.335941
		51.289406	1.075802
		
c	10 8 1 2 15 0 3 6 7 9 5 12 14 13 4 11	2902.67098036883	0.709732901963117	10	8	1	2	15	0	3	6	7	9	5	12	14	13	4	11		
		55.862982	-4.263554
		54.892406	-2.923222
		51.460852	-2.588139
		51.512161	-0.116215
		51.289406	1.075802
		52.486125	-1.890507
		53.803895	-1.549931
		53.751959	-0.335941
		54.980766	-1.615849
		55.958426	-3.186893
		53.409532	-3.000126
		51.624837	-3.94495
		50.152266	-5.065556
		50.726024	-3.543949
		53.478239	-2.258549
		51.488224	-3.186893
		
c	11 12 14 13 10 9 8 5 1 2 15 6 0 4 3 7	2531.15487921117	0.746884512078883	11	12	14	13	10	9	8	5	1	2	15	6	0	4	3	7		
		51.488224	-3.186893
		51.624837	-3.94495
		50.152266	-5.065556
		50.726024	-3.543949
		55.862982	-4.263554
		55.958426	-3.186893
		54.892406	-2.923222
		53.409532	-3.000126
		51.460852	-2.588139
		51.512161	-0.116215
		51.289406	1.075802
		53.751959	-0.335941
		52.486125	-1.890507
		53.478239	-2.258549
		53.803895	-1.549931
		54.980766	-1.615849
		
c	9 8 11 14 13 1 12 6 7 10 4 5 3 0 2 15	2563.50176127555	0.743649823872445	9	8	11	14	13	1	12	6	7	10	4	5	3	0	2	15		
		55.958426	-3.186893
		54.892406	-2.923222
		51.488224	-3.186893
		50.152266	-5.065556
		50.726024	-3.543949
		51.460852	-2.588139
		51.624837	-3.94495
		53.751959	-0.335941
		54.980766	-1.615849
		55.862982	-4.263554
		53.478239	-2.258549
		53.409532	-3.000126
		53.803895	-1.549931
		52.486125	-1.890507
		51.512161	-0.116215
		51.289406	1.075802
		
c	15 6 0 4 7 9 10 8 5 3 1 11 12 14 13 2	2299.91128363567	0.770008871636433	15	6	0	4	7	9	10	8	5	3	1	11	12	14	13	2		
		51.289406	1.075802
		53.751959	-0.335941
		52.486125	-1.890507
		53.478239	-2.258549
		54.980766	-1.615849
		55.958426	-3.186893
		55.862982	-4.263554
		54.892406	-2.923222
		53.409532	-3.000126
		53.803895	-1.549931
		51.460852	-2.588139
		51.488224	-3.186893
		51.624837	-3.94495
		50.152266	-5.065556
		50.726024	-3.543949
		51.512161	-0.116215
		
c	2 15 6 0 4 11 12 14 13 1 3 7 10 9 8 5	2308.19412032212	0.769180587967788	2	15	6	0	4	11	12	14	13	1	3	7	10	9	8	5		
		51.512161	-0.116215
		51.289406	1.075802
		53.751959	-0.335941
		52.486125	-1.890507
		53.478239	-2.258549
		51.488224	-3.186893
		51.624837	-3.94495
		50.152266	-5.065556
		50.726024	-3.543949
		51.460852	-2.588139
		53.803895	-1.549931
		54.980766	-1.615849
		55.862982	-4.263554
		55.958426	-3.186893
		54.892406	-2.923222
		53.409532	-3.000126
		
c	10 9 8 5 11 12 14 13 1 2 15 6 0 4 3 7	2059.00661276171	0.794099338723829	10	9	8	5	11	12	14	13	1	2	15	6	0	4	3	7		
		55.862982	-4.263554
		55.958426	-3.186893
		54.892406	-2.923222
		53.409532	-3.000126
		51.488224	-3.186893
		51.624837	-3.94495
		50.152266	-5.065556
		50.726024	-3.543949
		51.460852	-2.588139
		51.512161	-0.116215
		51.289406	1.075802
		53.751959	-0.335941
		52.486125	-1.890507
		53.478239	-2.258549
		53.803895	-1.549931
		54.980766	-1.615849
		
c	6 7 10 9 8 5 12 11 14 13 1 2 15 0 4 3	2071.51700490467	0.792848299509533	6	7	10	9	8	5	12	11	14	13	1	2	15	0	4	3		
		53.751959	-0.335941
		54.980766	-1.615849
		55.862982	-4.263554
		55.958426	-3.186893
		54.892406	-2.923222
		53.409532	-3.000126
		51.624837	-3.94495
		51.488224	-3.186893
		50.152266	-5.065556
		50.726024	-3.543949
		51.460852	-2.588139
		51.512161	-0.116215
		51.289406	1.075802
		52.486125	-1.890507
		53.478239	-2.258549
		53.803895	-1.549931
		
c	13 1 2 15 6 0 4 3 7 10 9 8 5 11 12 14	2127.51726072961	0.787248273927039	13	1	2	15	6	0	4	3	7	10	9	8	5	11	12	14		
		50.726024	-3.543949
		51.460852	-2.588139
		51.512161	-0.116215
		51.289406	1.075802
		53.751959	-0.335941
		52.486125	-1.890507
		53.478239	-2.258549
		53.803895	-1.549931
		54.980766	-1.615849
		55.862982	-4.263554
		55.958426	-3.186893
		54.892406	-2.923222
		53.409532	-3.000126
		51.488224	-3.186893
		51.624837	-3.94495
		50.152266	-5.065556
		
c	7 10 9 8 5 12 11 14 13 1 2 15 0 3 6 4	2098.22586619338	0.790177413380663	7	10	9	8	5	12	11	14	13	1	2	15	0	3	6	4		
		54.980766	-1.615849
		55.862982	-4.263554
		55.958426	-3.186893
		54.892406	-2.923222
		53.409532	-3.000126
		51.624837	-3.94495
		51.488224	-3.186893
		50.152266	-5.065556
		50.726024	-3.543949
		51.460852	-2.588139
		51.512161	-0.116215
		51.289406	1.075802
		52.486125	-1.890507
		53.803895	-1.549931
		53.751959	-0.335941
		53.478239	-2.258549
		
c	9 8 5 12 11 14 13 1 2 15 6 0 4 3 7 10	2196.34920716937	0.780365079283063	9	8	5	12	11	14	13	1	2	15	6	0	4	3	7	10		
		55.958426	-3.186893
		54.892406	-2.923222
		53.409532	-3.000126
		51.624837	-3.94495
		51.488224	-3.186893
		50.152266	-5.065556
		50.726024	-3.543949
		51.460852	-2.588139
		51.512161	-0.116215
		51.289406	1.075802
		53.751959	-0.335941
		52.486125	-1.890507
		53.478239	-2.258549
		53.803895	-1.549931
		54.980766	-1.615849
		55.862982	-4.263554
		
c	8 5 0 1 11 12 14 13 15 4 3 6 7 9 10 2	2548.98246636708	0.745101753363292	8	5	0	1	11	12	14	13	15	4	3	6	7	9	10	2		
		54.892406	-2.923222
		53.409532	-3.000126
		52.486125	-1.890507
		51.460852	-2.588139
		51.488224	-3.186893
		51.624837	-3.94495
		50.152266	-5.065556
		50.726024	-3.543949
		51.289406	1.075802
		53.478239	-2.258549
		53.803895	-1.549931
		53.751959	-0.335941
		54.980766	-1.615849
		55.958426	-3.186893
		55.862982	-4.263554
		51.512161	-0.116215
		
c	7 9 10 8 1 11 12 14 6 4 3 5 0 13 2 15	2516.06490986659	0.748393509013341	7	9	10	8	1	11	12	14	6	4	3	5	0	13	2	15		
		54.980766	-1.615849
		55.958426	-3.186893
		55.862982	-4.263554
		54.892406	-2.923222
		51.460852	-2.588139
		51.488224	-3.186893
		51.624837	-3.94495
		50.152266	-5.065556
		53.751959	-0.335941
		53.478239	-2.258549
		53.803895	-1.549931
		53.409532	-3.000126
		52.486125	-1.890507
		50.726024	-3.543949
		51.512161	-0.116215
		51.289406	1.075802
		
c	0 4 3 6 7 10 9 8 5 15 11 12 14 13 1 2	2256.52774505468	0.774347225494532	0	4	3	6	7	10	9	8	5	15	11	12	14	13	1	2		
		52.486125	-1.890507
		53.478239	-2.258549
		53.803895	-1.549931
		53.751959	-0.335941
		54.980766	-1.615849
		55.862982	-4.263554
		55.958426	-3.186893
		54.892406	-2.923222
		53.409532	-3.000126
		51.289406	1.075802
		51.488224	-3.186893
		51.624837	-3.94495
		50.152266	-5.065556
		50.726024	-3.543949
		51.460852	-2.588139
		51.512161	-0.116215
		
c	10 9 6 7 8 3 4 5 0 1 11 12 14 13 2 15	1870.98442960428	0.812901557039572	10	9	6	7	8	3	4	5	0	1	11	12	14	13	2	15		
		55.862982	-4.263554
		55.958426	-3.186893
		53.751959	-0.335941
		54.980766	-1.615849
		54.892406	-2.923222
		53.803895	-1.549931
		53.478239	-2.258549
		53.409532	-3.000126
		52.486125	-1.890507
		51.460852	-2.588139
		51.488224	-3.186893
		51.624837	-3.94495
		50.152266	-5.065556
		50.726024	-3.543949
		51.512161	-0.116215
		51.289406	1.075802
		
c	12 14 5 6 7 9 10 8 3 4 0 1 11 13 2 15	2179.47421197604	0.782052578802396	12	14	5	6	7	9	10	8	3	4	0	1	11	13	2	15		
		51.624837	-3.94495
		50.152266	-5.065556
		53.409532	-3.000126
		53.751959	-0.335941
		54.980766	-1.615849
		55.958426	-3.186893
		55.862982	-4.263554
		54.892406	-2.923222
		53.803895	-1.549931
		53.478239	-2.258549
		52.486125	-1.890507
		51.460852	-2.588139
		51.488224	-3.186893
		50.726024	-3.543949
		51.512161	-0.116215
		51.289406	1.075802
		
c	14 13 9 8 5 4 3 6 7 10 0 1 11 12 2 15	2511.45252781213	0.748854747218787	14	13	9	8	5	4	3	6	7	10	0	1	11	12	2	15		
		50.152266	-5.065556
		50.726024	-3.543949
		55.958426	-3.186893
		54.892406	-2.923222
		53.409532	-3.000126
		53.478239	-2.258549
		53.803895	-1.549931
		53.751959	-0.335941
		54.980766	-1.615849
		55.862982	-4.263554
		52.486125	-1.890507
		51.460852	-2.588139
		51.488224	-3.186893
		51.624837	-3.94495
		51.512161	-0.116215
		51.289406	1.075802
		
c	3 6 7 14 13 1 11 9 10 8 4 0 2 5 12 15	3084.08521486498	0.691591478513502	3	6	7	14	13	1	11	9	10	8	4	0	2	5	12	15		
		53.803895	-1.549931
		53.751959	-0.335941
		54.980766	-1.615849
		50.152266	-5.065556
		50.726024	-3.543949
		51.460852	-2.588139
		51.488224	-3.186893
		55.958426	-3.186893
		55.862982	-4.263554
		54.892406	-2.923222
		53.478239	-2.258549
		52.486125	-1.890507
		51.512161	-0.116215
		53.409532	-3.000126
		51.624837	-3.94495
		51.289406	1.075802
		
c	9 8 4 3 6 7 10 5 11 12 14 13 1 2 15 0	2241.76111126363	0.775823888873637	9	8	4	3	6	7	10	5	11	12	14	13	1	2	15	0		
		55.958426	-3.186893
		54.892406	-2.923222
		53.478239	-2.258549
		53.803895	-1.549931
		53.751959	-0.335941
		54.980766	-1.615849
		55.862982	-4.263554
		53.409532	-3.000126
		51.488224	-3.186893
		51.624837	-3.94495
		50.152266	-5.065556
		50.726024	-3.543949
		51.460852	-2.588139
		51.512161	-0.116215
		51.289406	1.075802
		52.486125	-1.890507
		
c	1 11 12 14 13 2 9 10 8 6 4 3 7 5 0 15	2493.96174999343	0.750603825000657	1	11	12	14	13	2	9	10	8	6	4	3	7	5	0	15		
		51.460852	-2.588139
		51.488224	-3.186893
		51.624837	-3.94495
		50.152266	-5.065556
		50.726024	-3.543949
		51.512161	-0.116215
		55.958426	-3.186893
		55.862982	-4.263554
		54.892406	-2.923222
		53.751959	-0.335941
		53.478239	-2.258549
		53.803895	-1.549931
		54.980766	-1.615849
		53.409532	-3.000126
		52.486125	-1.890507
		51.289406	1.075802
		
c	6 4 3 7 10 9 8 5 1 11 12 0 2 15 14 13	2175.96905729184	0.782403094270816	6	4	3	7	10	9	8	5	1	11	12	0	2	15	14	13		
		53.751959	-0.335941
		53.478239	-2.258549
		53.803895	-1.549931
		54.980766	-1.615849
		55.862982	-4.263554
		55.958426	-3.186893
		54.892406	-2.923222
		53.409532	-3.000126
		51.460852	-2.588139
		51.488224	-3.186893
		51.624837	-3.94495
		52.486125	-1.890507
		51.512161	-0.116215
		51.289406	1.075802
		50.152266	-5.065556
		50.726024	-3.543949
		
c	12 14 6 7 10 9 8 5 11 13 1 2 15 0 4 3	2483.34161067642	0.751665838932358	12	14	6	7	10	9	8	5	11	13	1	2	15	0	4	3		
		51.624837	-3.94495
		50.152266	-5.065556
		53.751959	-0.335941
		54.980766	-1.615849
		55.862982	-4.263554
		55.958426	-3.186893
		54.892406	-2.923222
		53.409532	-3.000126
		51.488224	-3.186893
		50.726024	-3.543949
		51.460852	-2.588139
		51.512161	-0.116215
		51.289406	1.075802
		52.486125	-1.890507
		53.478239	-2.258549
		53.803895	-1.549931
		
c	13 3 6 7 10 9 8 4 5 0 1 11 12 14 2 15	2195.50836794005	0.780449163205995	13	3	6	7	10	9	8	4	5	0	1	11	12	14	2	15		
		50.726024	-3.543949
		53.803895	-1.549931
		53.751959	-0.335941
		54.980766	-1.615849
		55.862982	-4.263554
		55.958426	-3.186893
		54.892406	-2.923222
		53.478239	-2.258549
		53.409532	-3.000126
		52.486125	-1.890507
		51.460852	-2.588139
		51.488224	-3.186893
		51.624837	-3.94495
		50.152266	-5.065556
		51.512161	-0.116215
		51.289406	1.075802
		
c	12 6 1 11 14 13 2 15 3 0 7 10 9 8 5 4	2695.83042065229	0.730416957934771	12	6	1	11	14	13	2	15	3	0	7	10	9	8	5	4		
		51.624837	-3.94495
		53.751959	-0.335941
		51.460852	-2.588139
		51.488224	-3.186893
		50.152266	-5.065556
		50.726024	-3.543949
		51.512161	-0.116215
		51.289406	1.075802
		53.803895	-1.549931
		52.486125	-1.890507
		54.980766	-1.615849
		55.862982	-4.263554
		55.958426	-3.186893
		54.892406	-2.923222
		53.409532	-3.000126
		53.478239	-2.258549
		
c	6 7 10 5 11 12 14 13 1 2 15 0 9 8 4 3	2556.9599755228	0.744304002447721	6	7	10	5	11	12	14	13	1	2	15	0	9	8	4	3		
		53.751959	-0.335941
		54.980766	-1.615849
		55.862982	-4.263554
		53.409532	-3.000126
		51.488224	-3.186893
		51.624837	-3.94495
		50.152266	-5.065556
		50.726024	-3.543949
		51.460852	-2.588139
		51.512161	-0.116215
		51.289406	1.075802
		52.486125	-1.890507
		55.958426	-3.186893
		54.892406	-2.923222
		53.478239	-2.258549
		53.803895	-1.549931
		
c	13 2 11 14 1 12 6 7 9 10 8 4 5 3 0 15	2549.05143428451	0.745094856571549	13	2	11	14	1	12	6	7	9	10	8	4	5	3	0	15		
		50.726024	-3.543949
		51.512161	-0.116215
		51.488224	-3.186893
		50.152266	-5.065556
		51.460852	-2.588139
		51.624837	-3.94495
		53.751959	-0.335941
		54.980766	-1.615849
		55.958426	-3.186893
		55.862982	-4.263554
		54.892406	-2.923222
		53.478239	-2.258549
		53.409532	-3.000126
		53.803895	-1.549931
		52.486125	-1.890507
		51.289406	1.075802
		
c	4 9 8 5 12 11 14 13 1 2 15 6 0 3 7 10	2454.63729628272	0.754536270371728	4	9	8	5	12	11	14	13	1	2	15	6	0	3	7	10		
		53.478239	-2.258549
		55.958426	-3.186893
		54.892406	-2.923222
		53.409532	-3.000126
		51.624837	-3.94495
		51.488224	-3.186893
		50.152266	-5.065556
		50.726024	-3.543949
		51.460852	-2.588139
		51.512161	-0.116215
		51.289406	1.075802
		53.751959	-0.335941
		52.486125	-1.890507
		53.803895	-1.549931
		54.980766	-1.615849
		55.862982	-4.263554
		
c	2 15 13 6 14 12 3 7 9 8 4 5 10 0 1 11	3270.32891056826	0.672967108943174	2	15	13	6	14	12	3	7	9	8	4	5	10	0	1	11		
		51.512161	-0.116215
		51.289406	1.075802
		50.726024	-3.543949
		53.751959	-0.335941
		50.152266	-5.065556
		51.624837	-3.94495
		53.803895	-1.549931
		54.980766	-1.615849
		55.958426	-3.186893
		54.892406	-2.923222
		53.478239	-2.258549
		53.409532	-3.000126
		55.862982	-4.263554
		52.486125	-1.890507
		51.460852	-2.588139
		51.488224	-3.186893
		
c	3 0 12 14 5 6 7 9 10 8 4 1 11 13 2 15	2440.28364021124	0.755971635978876	3	0	12	14	5	6	7	9	10	8	4	1	11	13	2	15		
		53.803895	-1.549931
		52.486125	-1.890507
		51.624837	-3.94495
		50.152266	-5.065556
		53.409532	-3.000126
		53.751959	-0.335941
		54.980766	-1.615849
		55.958426	-3.186893
		55.862982	-4.263554
		54.892406	-2.923222
		53.478239	-2.258549
		51.460852	-2.588139
		51.488224	-3.186893
		50.726024	-3.543949
		51.512161	-0.116215
		51.289406	1.075802
		
c	7 9 10 0 1 11 12 14 13 4 5 2 15 6 3 8	2409.63691081434	0.759036308918566	7	9	10	0	1	11	12	14	13	4	5	2	15	6	3	8		
		54.980766	-1.615849
		55.958426	-3.186893
		55.862982	-4.263554
		52.486125	-1.890507
		51.460852	-2.588139
		51.488224	-3.186893
		51.624837	-3.94495
		50.152266	-5.065556
		50.726024	-3.543949
		53.478239	-2.258549
		53.409532	-3.000126
		51.512161	-0.116215
		51.289406	1.075802
		53.751959	-0.335941
		53.803895	-1.549931
		54.892406	-2.923222
		
c	11 13 14 1 12 6 7 9 10 8 4 5 3 0 2 15	2102.55444710657	0.789744555289343	11	13	14	1	12	6	7	9	10	8	4	5	3	0	2	15		
		51.488224	-3.186893
		50.726024	-3.543949
		50.152266	-5.065556
		51.460852	-2.588139
		51.624837	-3.94495
		53.751959	-0.335941
		54.980766	-1.615849
		55.958426	-3.186893
		55.862982	-4.263554
		54.892406	-2.923222
		53.478239	-2.258549
		53.409532	-3.000126
		53.803895	-1.549931
		52.486125	-1.890507
		51.512161	-0.116215
		51.289406	1.075802
		
c	11 1 12 14 13 2 15 3 0 6 7 10 9 8 5 4	2195.16418936695	0.780483581063305	11	1	12	14	13	2	15	3	0	6	7	10	9	8	5	4		
		51.488224	-3.186893
		51.460852	-2.588139
		51.624837	-3.94495
		50.152266	-5.065556
		50.726024	-3.543949
		51.512161	-0.116215
		51.289406	1.075802
		53.803895	-1.549931
		52.486125	-1.890507
		53.751959	-0.335941
		54.980766	-1.615849
		55.862982	-4.263554
		55.958426	-3.186893
		54.892406	-2.923222
		53.409532	-3.000126
		53.478239	-2.258549
		
c	14 13 6 7 10 9 8 3 4 5 0 1 11 12 2 15	2024.25849874109	0.797574150125891	14	13	6	7	10	9	8	3	4	5	0	1	11	12	2	15		
		50.152266	-5.065556
		50.726024	-3.543949
		53.751959	-0.335941
		54.980766	-1.615849
		55.862982	-4.263554
		55.958426	-3.186893
		54.892406	-2.923222
		53.803895	-1.549931
		53.478239	-2.258549
		53.409532	-3.000126
		52.486125	-1.890507
		51.460852	-2.588139
		51.488224	-3.186893
		51.624837	-3.94495
		51.512161	-0.116215
		51.289406	1.075802
		
c	6 7 9 0 15 2 4 3 5 11 12 14 13 10 8 1	3126.23181725058	0.687376818274942	6	7	9	0	15	2	4	3	5	11	12	14	13	10	8	1		
		53.751959	-0.335941
		54.980766	-1.615849
		55.958426	-3.186893
		52.486125	-1.890507
		51.289406	1.075802
		51.512161	-0.116215
		53.478239	-2.258549
		53.803895	-1.549931
		53.409532	-3.000126
		51.488224	-3.186893
		51.624837	-3.94495
		50.152266	-5.065556
		50.726024	-3.543949
		55.862982	-4.263554
		54.892406	-2.923222
		51.460852	-2.588139
		
c	15 6 7 9 8 5 12 11 14 13 1 2 0 4 3 10	2367.50563143643	0.763249436856357	15	6	7	9	8	5	12	11	14	13	1	2	0	4	3	10		
		51.289406	1.075802
		53.751959	-0.335941
		54.980766	-1.615849
		55.958426	-3.186893
		54.892406	-2.923222
		53.409532	-3.000126
		51.624837	-3.94495
		51.488224	-3.186893
		50.152266	-5.065556
		50.726024	-3.543949
		51.460852	-2.588139
		51.512161	-0.116215
		52.486125	-1.890507
		53.478239	-2.258549
		53.803895	-1.549931
		55.862982	-4.263554
		
c	4 3 10 9 8 6 7 5 0 1 11 12 14 13 15 2	2169.67528265892	0.783032471734109	4	3	10	9	8	6	7	5	0	1	11	12	14	13	15	2		
		53.478239	-2.258549
		53.803895	-1.549931
		55.862982	-4.263554
		55.958426	-3.186893
		54.892406	-2.923222
		53.751959	-0.335941
		54.980766	-1.615849
		53.409532	-3.000126
		52.486125	-1.890507
		51.460852	-2.588139
		51.488224	-3.186893
		51.624837	-3.94495
		50.152266	-5.065556
		50.726024	-3.543949
		51.289406	1.075802
		51.512161	-0.116215
		
c	4 11 12 14 13 1 2 15 3 6 7 10 9 8 5 0	2198.56953021044	0.780143046978956	4	11	12	14	13	1	2	15	3	6	7	10	9	8	5	0		
		53.478239	-2.258549
		51.488224	-3.186893
		51.624837	-3.94495
		50.152266	-5.065556
		50.726024	-3.543949
		51.460852	-2.588139
		51.512161	-0.116215
		51.289406	1.075802
		53.803895	-1.549931
		53.751959	-0.335941
		54.980766	-1.615849
		55.862982	-4.263554
		55.958426	-3.186893
		54.892406	-2.923222
		53.409532	-3.000126
		52.486125	-1.890507
		
c	9 8 3 6 7 10 5 11 12 14 13 1 2 15 0 4	2282.84005058531	0.771715994941469	9	8	3	6	7	10	5	11	12	14	13	1	2	15	0	4		
		55.958426	-3.186893
		54.892406	-2.923222
		53.803895	-1.549931
		53.751959	-0.335941
		54.980766	-1.615849
		55.862982	-4.263554
		53.409532	-3.000126
		51.488224	-3.186893
		51.624837	-3.94495
		50.152266	-5.065556
		50.726024	-3.543949
		51.460852	-2.588139
		51.512161	-0.116215
		51.289406	1.075802
		52.486125	-1.890507
		53.478239	-2.258549
		
g56		1794.61235065558	0.820538764934442	0	6	7	10	9	8	3	4	5	0	1	11	12	14	13	2	15		
		53.751959	-0.335941
		54.980766	-1.615849
		55.862982	-4.263554
		55.958426	-3.186893
		54.892406	-2.923222
		53.803895	-1.549931
		53.478239	-2.258549
		53.409532	-3.000126
		52.486125	-1.890507
		51.460852	-2.588139
		51.488224	-3.186893
		51.624837	-3.94495
		50.152266	-5.065556
		50.726024	-3.543949
		51.512161	-0.116215
		51.289406	1.075802
		
g56		1816.78660485524	0.818321339514476	1	7	9	10	8	5	6	3	4	0	1	11	12	14	13	2	15		
		54.980766	-1.615849
		55.958426	-3.186893
		55.862982	-4.263554
		54.892406	-2.923222
		53.409532	-3.000126
		53.751959	-0.335941
		53.803895	-1.549931
		53.478239	-2.258549
		52.486125	-1.890507
		51.460852	-2.588139
		51.488224	-3.186893
		51.624837	-3.94495
		50.152266	-5.065556
		50.726024	-3.543949
		51.512161	-0.116215
		51.289406	1.075802
		
g56		1828.33630628242	0.817166369371758	2	3	6	7	10	9	8	4	5	0	1	11	12	14	13	2	15		
		53.803895	-1.549931
		53.751959	-0.335941
		54.980766	-1.615849
		55.862982	-4.263554
		55.958426	-3.186893
		54.892406	-2.923222
		53.478239	-2.258549
		53.409532	-3.000126
		52.486125	-1.890507
		51.460852	-2.588139
		51.488224	-3.186893
		51.624837	-3.94495
		50.152266	-5.065556
		50.726024	-3.543949
		51.512161	-0.116215
		51.289406	1.075802
		
g56		1844.43579025575	0.815556420974425	3	5	4	3	6	7	9	10	8	0	1	11	12	14	13	2	15		
		53.409532	-3.000126
		53.478239	-2.258549
		53.803895	-1.549931
		53.751959	-0.335941
		54.980766	-1.615849
		55.958426	-3.186893
		55.862982	-4.263554
		54.892406	-2.923222
		52.486125	-1.890507
		51.460852	-2.588139
		51.488224	-3.186893
		51.624837	-3.94495
		50.152266	-5.065556
		50.726024	-3.543949
		51.512161	-0.116215
		51.289406	1.075802
		
g56		1846.00611008192	0.815399388991808	4	7	10	9	8	5	6	3	4	0	1	11	12	14	13	2	15		
		54.980766	-1.615849
		55.862982	-4.263554
		55.958426	-3.186893
		54.892406	-2.923222
		53.409532	-3.000126
		53.751959	-0.335941
		53.803895	-1.549931
		53.478239	-2.258549
		52.486125	-1.890507
		51.460852	-2.588139
		51.488224	-3.186893
		51.624837	-3.94495
		50.152266	-5.065556
		50.726024	-3.543949
		51.512161	-0.116215
		51.289406	1.075802
		
g56		1861.16567508612	0.813883432491388	5	6	4	3	7	10	9	8	5	0	1	11	12	14	13	2	15		
		53.751959	-0.335941
		53.478239	-2.258549
		53.803895	-1.549931
		54.980766	-1.615849
		55.862982	-4.263554
		55.958426	-3.186893
		54.892406	-2.923222
		53.409532	-3.000126
		52.486125	-1.890507
		51.460852	-2.588139
		51.488224	-3.186893
		51.624837	-3.94495
		50.152266	-5.065556
		50.726024	-3.543949
		51.512161	-0.116215
		51.289406	1.075802
		
