c	6 1 11 15 2 14 13 0 12 7 9 5 4 3 8 10	2852.7548645609	0.71472451354391	6	1	11	15	2	14	13	0	12	7	9	5	4	3	8	10		
		53.751959	-0.335941
		51.460852	-2.588139
		51.488224	-3.186893
		51.289406	1.075802
		51.512161	-0.116215
		50.152266	-5.065556
		50.726024	-3.543949
		52.486125	-1.890507
		51.624837	-3.94495
		54.980766	-1.615849
		55.958426	-3.186893
		53.409532	-3.000126
		53.478239	-2.258549
		53.803895	-1.549931
		54.892406	-2.923222
		55.862982	-4.263554
		
c	11 0 3 5 14 12 13 2 1 15 6 4 9 8 7 10	2851.05842606468	0.714894157393533	11	0	3	5	14	12	13	2	1	15	6	4	9	8	7	10		
		51.488224	-3.186893
		52.486125	-1.890507
		53.803895	-1.549931
		53.409532	-3.000126
		50.152266	-5.065556
		51.624837	-3.94495
		50.726024	-3.543949
		51.512161	-0.116215
		51.460852	-2.588139
		51.289406	1.075802
		53.751959	-0.335941
		53.478239	-2.258549
		55.958426	-3.186893
		54.892406	-2.923222
		54.980766	-1.615849
		55.862982	-4.263554
		
c	9 7 5 14 12 13 2 1 15 11 0 3 6 4 8 10	2796.54068340815	0.720345931659185	9	7	5	14	12	13	2	1	15	11	0	3	6	4	8	10		
		55.958426	-3.186893
		54.980766	-1.615849
		53.409532	-3.000126
		50.152266	-5.065556
		51.624837	-3.94495
		50.726024	-3.543949
		51.512161	-0.116215
		51.460852	-2.588139
		51.289406	1.075802
		51.488224	-3.186893
		52.486125	-1.890507
		53.803895	-1.549931
		53.751959	-0.335941
		53.478239	-2.258549
		54.892406	-2.923222
		55.862982	-4.263554
		
c	13 14 11 0 3 6 2 7 12 5 8 4 15 1 10 9	3439.54672777737	0.656045327222263	13	14	11	0	3	6	2	7	12	5	8	4	15	1	10	9		
		50.726024	-3.543949
		50.152266	-5.065556
		51.488224	-3.186893
		52.486125	-1.890507
		53.803895	-1.549931
		53.751959	-0.335941
		51.512161	-0.116215
		54.980766	-1.615849
		51.624837	-3.94495
		53.409532	-3.000126
		54.892406	-2.923222
		53.478239	-2.258549
		51.289406	1.075802
		51.460852	-2.588139
		55.862982	-4.263554
		55.958426	-3.186893
		
c	1 11 0 10 5 4 12 13 8 6 15 3 7 14 9 2	4467.5586379972	0.55324413620028	1	11	0	10	5	4	12	13	8	6	15	3	7	14	9	2		
		51.460852	-2.588139
		51.488224	-3.186893
		52.486125	-1.890507
		55.862982	-4.263554
		53.409532	-3.000126
		53.478239	-2.258549
		51.624837	-3.94495
		50.726024	-3.543949
		54.892406	-2.923222
		53.751959	-0.335941
		51.289406	1.075802
		53.803895	-1.549931
		54.980766	-1.615849
		50.152266	-5.065556
		55.958426	-3.186893
		51.512161	-0.116215
		
c	13 1 11 15 2 14 9 8 5 12 0 6 4 7 3 10	3125.53632411833	0.687446367588167	13	1	11	15	2	14	9	8	5	12	0	6	4	7	3	10		
		50.726024	-3.543949
		51.460852	-2.588139
		51.488224	-3.186893
		51.289406	1.075802
		51.512161	-0.116215
		50.152266	-5.065556
		55.958426	-3.186893
		54.892406	-2.923222
		53.409532	-3.000126
		51.624837	-3.94495
		52.486125	-1.890507
		53.751959	-0.335941
		53.478239	-2.258549
		54.980766	-1.615849
		53.803895	-1.549931
		55.862982	-4.263554
		
c	7 1 12 14 13 11 0 4 9 8 15 2 10 5 3 6	3137.28284037477	0.686271715962523	7	1	12	14	13	11	0	4	9	8	15	2	10	5	3	6		
		54.980766	-1.615849
		51.460852	-2.588139
		51.624837	-3.94495
		50.152266	-5.065556
		50.726024	-3.543949
		51.488224	-3.186893
		52.486125	-1.890507
		53.478239	-2.258549
		55.958426	-3.186893
		54.892406	-2.923222
		51.289406	1.075802
		51.512161	-0.116215
		55.862982	-4.263554
		53.409532	-3.000126
		53.803895	-1.549931
		53.751959	-0.335941
		
c	4 9 3 12 8 6 1 11 15 2 14 13 0 5 7 10	3383.51153910022	0.661648846089978	4	9	3	12	8	6	1	11	15	2	14	13	0	5	7	10		
		53.478239	-2.258549
		55.958426	-3.186893
		53.803895	-1.549931
		51.624837	-3.94495
		54.892406	-2.923222
		53.751959	-0.335941
		51.460852	-2.588139
		51.488224	-3.186893
		51.289406	1.075802
		51.512161	-0.116215
		50.152266	-5.065556
		50.726024	-3.543949
		52.486125	-1.890507
		53.409532	-3.000126
		54.980766	-1.615849
		55.862982	-4.263554
		
c	11 10 8 6 15 3 1 5 12 14 13 0 4 9 7 2	3630.95823679028	0.636904176320972	11	10	8	6	15	3	1	5	12	14	13	0	4	9	7	2		
		51.488224	-3.186893
		55.862982	-4.263554
		54.892406	-2.923222
		53.751959	-0.335941
		51.289406	1.075802
		53.803895	-1.549931
		51.460852	-2.588139
		53.409532	-3.000126
		51.624837	-3.94495
		50.152266	-5.065556
		50.726024	-3.543949
		52.486125	-1.890507
		53.478239	-2.258549
		55.958426	-3.186893
		54.980766	-1.615849
		51.512161	-0.116215
		
c	13 0 12 5 15 14 7 10 8 4 9 3 6 1 2 11	3802.06919858009	0.619793080141991	13	0	12	5	15	14	7	10	8	4	9	3	6	1	2	11		
		50.726024	-3.543949
		52.486125	-1.890507
		51.624837	-3.94495
		53.409532	-3.000126
		51.289406	1.075802
		50.152266	-5.065556
		54.980766	-1.615849
		55.862982	-4.263554
		54.892406	-2.923222
		53.478239	-2.258549
		55.958426	-3.186893
		53.803895	-1.549931
		53.751959	-0.335941
		51.460852	-2.588139
		51.512161	-0.116215
		51.488224	-3.186893
		
c	1 4 12 3 13 11 15 2 14 9 8 5 0 7 10 6	3855.1746943612	0.61448253056388	1	4	12	3	13	11	15	2	14	9	8	5	0	7	10	6		
		51.460852	-2.588139
		53.478239	-2.258549
		51.624837	-3.94495
		53.803895	-1.549931
		50.726024	-3.543949
		51.488224	-3.186893
		51.289406	1.075802
		51.512161	-0.116215
		50.152266	-5.065556
		55.958426	-3.186893
		54.892406	-2.923222
		53.409532	-3.000126
		52.486125	-1.890507
		54.980766	-1.615849
		55.862982	-4.263554
		53.751959	-0.335941
		
c	0 3 6 4 2 8 1 11 15 14 13 12 7 9 5 10	3559.67953619438	0.644032046380562	0	3	6	4	2	8	1	11	15	14	13	12	7	9	5	10		
		52.486125	-1.890507
		53.803895	-1.549931
		53.751959	-0.335941
		53.478239	-2.258549
		51.512161	-0.116215
		54.892406	-2.923222
		51.460852	-2.588139
		51.488224	-3.186893
		51.289406	1.075802
		50.152266	-5.065556
		50.726024	-3.543949
		51.624837	-3.94495
		54.980766	-1.615849
		55.958426	-3.186893
		53.409532	-3.000126
		55.862982	-4.263554
		
c	13 1 15 11 0 6 4 9 2 12 3 14 8 5 7 10	4050.22784132577	0.594977215867423	13	1	15	11	0	6	4	9	2	12	3	14	8	5	7	10		
		50.726024	-3.543949
		51.460852	-2.588139
		51.289406	1.075802
		51.488224	-3.186893
		52.486125	-1.890507
		53.751959	-0.335941
		53.478239	-2.258549
		55.958426	-3.186893
		51.512161	-0.116215
		51.624837	-3.94495
		53.803895	-1.549931
		50.152266	-5.065556
		54.892406	-2.923222
		53.409532	-3.000126
		54.980766	-1.615849
		55.862982	-4.263554
		
c	15 8 5 14 13 12 2 1 11 0 3 6 4 9 7 10	2865.7125827941	0.71342874172059	15	8	5	14	13	12	2	1	11	0	3	6	4	9	7	10		
		51.289406	1.075802
		54.892406	-2.923222
		53.409532	-3.000126
		50.152266	-5.065556
		50.726024	-3.543949
		51.624837	-3.94495
		51.512161	-0.116215
		51.460852	-2.588139
		51.488224	-3.186893
		52.486125	-1.890507
		53.803895	-1.549931
		53.751959	-0.335941
		53.478239	-2.258549
		55.958426	-3.186893
		54.980766	-1.615849
		55.862982	-4.263554
		
c	2 1 11 0 10 5 4 12 13 14 3 8 7 15 6 9	3309.6540321336	0.66903459678664	2	1	11	0	10	5	4	12	13	14	3	8	7	15	6	9		
		51.512161	-0.116215
		51.460852	-2.588139
		51.488224	-3.186893
		52.486125	-1.890507
		55.862982	-4.263554
		53.409532	-3.000126
		53.478239	-2.258549
		51.624837	-3.94495
		50.726024	-3.543949
		50.152266	-5.065556
		53.803895	-1.549931
		54.892406	-2.923222
		54.980766	-1.615849
		51.289406	1.075802
		53.751959	-0.335941
		55.958426	-3.186893
		
c	13 2 1 15 11 14 9 8 6 5 12 0 3 4 7 10	3295.59696552812	0.670440303447188	13	2	1	15	11	14	9	8	6	5	12	0	3	4	7	10		
		50.726024	-3.543949
		51.512161	-0.116215
		51.460852	-2.588139
		51.289406	1.075802
		51.488224	-3.186893
		50.152266	-5.065556
		55.958426	-3.186893
		54.892406	-2.923222
		53.751959	-0.335941
		53.409532	-3.000126
		51.624837	-3.94495
		52.486125	-1.890507
		53.803895	-1.549931
		53.478239	-2.258549
		54.980766	-1.615849
		55.862982	-4.263554
		
c	12 13 2 4 15 11 0 6 3 9 10 7 8 1 5 14	3243.46563032067	0.675653436967933	12	13	2	4	15	11	0	6	3	9	10	7	8	1	5	14		
		51.624837	-3.94495
		50.726024	-3.543949
		51.512161	-0.116215
		53.478239	-2.258549
		51.289406	1.075802
		51.488224	-3.186893
		52.486125	-1.890507
		53.751959	-0.335941
		53.803895	-1.549931
		55.958426	-3.186893
		55.862982	-4.263554
		54.980766	-1.615849
		54.892406	-2.923222
		51.460852	-2.588139
		53.409532	-3.000126
		50.152266	-5.065556
		
c	10 8 6 15 3 1 5 12 14 13 11 0 4 9 7 2	3143.24798775586	0.685675201224414	10	8	6	15	3	1	5	12	14	13	11	0	4	9	7	2		
		55.862982	-4.263554
		54.892406	-2.923222
		53.751959	-0.335941
		51.289406	1.075802
		53.803895	-1.549931
		51.460852	-2.588139
		53.409532	-3.000126
		51.624837	-3.94495
		50.152266	-5.065556
		50.726024	-3.543949
		51.488224	-3.186893
		52.486125	-1.890507
		53.478239	-2.258549
		55.958426	-3.186893
		54.980766	-1.615849
		51.512161	-0.116215
		
c	7 8 3 6 1 11 15 2 14 13 0 12 5 4 9 10	2544.46687539071	0.745553312460929	7	8	3	6	1	11	15	2	14	13	0	12	5	4	9	10		
		54.980766	-1.615849
		54.892406	-2.923222
		53.803895	-1.549931
		53.751959	-0.335941
		51.460852	-2.588139
		51.488224	-3.186893
		51.289406	1.075802
		51.512161	-0.116215
		50.152266	-5.065556
		50.726024	-3.543949
		52.486125	-1.890507
		51.624837	-3.94495
		53.409532	-3.000126
		53.478239	-2.258549
		55.958426	-3.186893
		55.862982	-4.263554
		
c	6 4 9 8 7 10 13 14 15 1 5 3 2 12 11 0	3271.61980508517	0.672838019491483	6	4	9	8	7	10	13	14	15	1	5	3	2	12	11	0		
		53.751959	-0.335941
		53.478239	-2.258549
		55.958426	-3.186893
		54.892406	-2.923222
		54.980766	-1.615849
		55.862982	-4.263554
		50.726024	-3.543949
		50.152266	-5.065556
		51.289406	1.075802
		51.460852	-2.588139
		53.409532	-3.000126
		53.803895	-1.549931
		51.512161	-0.116215
		51.624837	-3.94495
		51.488224	-3.186893
		52.486125	-1.890507
		
c	14 9 5 2 0 11 12 7 10 8 6 15 3 1 13 4	3848.15794811608	0.615184205188392	14	9	5	2	0	11	12	7	10	8	6	15	3	1	13	4		
		50.152266	-5.065556
		55.958426	-3.186893
		53.409532	-3.000126
		51.512161	-0.116215
		52.486125	-1.890507
		51.488224	-3.186893
		51.624837	-3.94495
		54.980766	-1.615849
		55.862982	-4.263554
		54.892406	-2.923222
		53.751959	-0.335941
		51.289406	1.075802
		53.803895	-1.549931
		51.460852	-2.588139
		50.726024	-3.543949
		53.478239	-2.258549
		
c	9 8 3 6 1 11 15 2 14 13 0 12 7 5 4 10	2916.79737240352	0.708320262759648	9	8	3	6	1	11	15	2	14	13	0	12	7	5	4	10		
		55.958426	-3.186893
		54.892406	-2.923222
		53.803895	-1.549931
		53.751959	-0.335941
		51.460852	-2.588139
		51.488224	-3.186893
		51.289406	1.075802
		51.512161	-0.116215
		50.152266	-5.065556
		50.726024	-3.543949
		52.486125	-1.890507
		51.624837	-3.94495
		54.980766	-1.615849
		53.409532	-3.000126
		53.478239	-2.258549
		55.862982	-4.263554
		
c	4 7 9 10 8 15 5 1 13 14 11 0 3 6 2 12	2901.83393854039	0.709816606145961	4	7	9	10	8	15	5	1	13	14	11	0	3	6	2	12		
		53.478239	-2.258549
		54.980766	-1.615849
		55.958426	-3.186893
		55.862982	-4.263554
		54.892406	-2.923222
		51.289406	1.075802
		53.409532	-3.000126
		51.460852	-2.588139
		50.726024	-3.543949
		50.152266	-5.065556
		51.488224	-3.186893
		52.486125	-1.890507
		53.803895	-1.549931
		53.751959	-0.335941
		51.512161	-0.116215
		51.624837	-3.94495
		
c	14 2 0 11 4 6 10 7 9 8 1 15 5 12 13 3	3529.91856318355	0.647008143681645	14	2	0	11	4	6	10	7	9	8	1	15	5	12	13	3		
		50.152266	-5.065556
		51.512161	-0.116215
		52.486125	-1.890507
		51.488224	-3.186893
		53.478239	-2.258549
		53.751959	-0.335941
		55.862982	-4.263554
		54.980766	-1.615849
		55.958426	-3.186893
		54.892406	-2.923222
		51.460852	-2.588139
		51.289406	1.075802
		53.409532	-3.000126
		51.624837	-3.94495
		50.726024	-3.543949
		53.803895	-1.549931
		
c	11 15 6 13 3 4 9 8 7 10 0 14 1 5 2 12	3838.79214154388	0.616120785845612	11	15	6	13	3	4	9	8	7	10	0	14	1	5	2	12		
		51.488224	-3.186893
		51.289406	1.075802
		53.751959	-0.335941
		50.726024	-3.543949
		53.803895	-1.549931
		53.478239	-2.258549
		55.958426	-3.186893
		54.892406	-2.923222
		54.980766	-1.615849
		55.862982	-4.263554
		52.486125	-1.890507
		50.152266	-5.065556
		51.460852	-2.588139
		53.409532	-3.000126
		51.512161	-0.116215
		51.624837	-3.94495
		
c	2 13 7 10 8 5 6 0 3 4 15 14 12 1 11 9	3401.59402674547	0.659840597325453	2	13	7	10	8	5	6	0	3	4	15	14	12	1	11	9		
		51.512161	-0.116215
		50.726024	-3.543949
		54.980766	-1.615849
		55.862982	-4.263554
		54.892406	-2.923222
		53.409532	-3.000126
		53.751959	-0.335941
		52.486125	-1.890507
		53.803895	-1.549931
		53.478239	-2.258549
		51.289406	1.075802
		50.152266	-5.065556
		51.624837	-3.94495
		51.460852	-2.588139
		51.488224	-3.186893
		55.958426	-3.186893
		
c	11 0 6 4 9 8 7 10 14 15 13 3 5 2 12 1	3665.11512663342	0.633488487336658	11	0	6	4	9	8	7	10	14	15	13	3	5	2	12	1		
		51.488224	-3.186893
		52.486125	-1.890507
		53.751959	-0.335941
		53.478239	-2.258549
		55.958426	-3.186893
		54.892406	-2.923222
		54.980766	-1.615849
		55.862982	-4.263554
		50.152266	-5.065556
		51.289406	1.075802
		50.726024	-3.543949
		53.803895	-1.549931
		53.409532	-3.000126
		51.512161	-0.116215
		51.624837	-3.94495
		51.460852	-2.588139
		
c	4 2 15 8 14 13 11 1 0 9 7 10 5 12 3 6	3355.42323326536	0.664457676673464	4	2	15	8	14	13	11	1	0	9	7	10	5	12	3	6		
		53.478239	-2.258549
		51.512161	-0.116215
		51.289406	1.075802
		54.892406	-2.923222
		50.152266	-5.065556
		50.726024	-3.543949
		51.488224	-3.186893
		51.460852	-2.588139
		52.486125	-1.890507
		55.958426	-3.186893
		54.980766	-1.615849
		55.862982	-4.263554
		53.409532	-3.000126
		51.624837	-3.94495
		53.803895	-1.549931
		53.751959	-0.335941
		
c	13 5 12 3 7 9 10 8 15 1 14 11 0 6 4 2	3154.87230049238	0.684512769950762	13	5	12	3	7	9	10	8	15	1	14	11	0	6	4	2		
		50.726024	-3.543949
		53.409532	-3.000126
		51.624837	-3.94495
		53.803895	-1.549931
		54.980766	-1.615849
		55.958426	-3.186893
		55.862982	-4.263554
		54.892406	-2.923222
		51.289406	1.075802
		51.460852	-2.588139
		50.152266	-5.065556
		51.488224	-3.186893
		52.486125	-1.890507
		53.751959	-0.335941
		53.478239	-2.258549
		51.512161	-0.116215
		
c	5 3 6 15 8 14 13 12 2 1 11 0 4 9 7 10	3087.87895047544	0.691212104952456	5	3	6	15	8	14	13	12	2	1	11	0	4	9	7	10		
		53.409532	-3.000126
		53.803895	-1.549931
		53.751959	-0.335941
		51.289406	1.075802
		54.892406	-2.923222
		50.152266	-5.065556
		50.726024	-3.543949
		51.624837	-3.94495
		51.512161	-0.116215
		51.460852	-2.588139
		51.488224	-3.186893
		52.486125	-1.890507
		53.478239	-2.258549
		55.958426	-3.186893
		54.980766	-1.615849
		55.862982	-4.263554
		
c	5 1 13 14 11 0 3 6 4 9 8 10 15 7 2 12	3417.27355548783	0.658272644451217	5	1	13	14	11	0	3	6	4	9	8	10	15	7	2	12		
		53.409532	-3.000126
		51.460852	-2.588139
		50.726024	-3.543949
		50.152266	-5.065556
		51.488224	-3.186893
		52.486125	-1.890507
		53.803895	-1.549931
		53.751959	-0.335941
		53.478239	-2.258549
		55.958426	-3.186893
		54.892406	-2.923222
		55.862982	-4.263554
		51.289406	1.075802
		54.980766	-1.615849
		51.512161	-0.116215
		51.624837	-3.94495
		
c	5 14 13 0 7 3 6 4 2 15 8 12 1 11 9 10	3261.86463515275	0.673813536484726	5	14	13	0	7	3	6	4	2	15	8	12	1	11	9	10		
		53.409532	-3.000126
		50.152266	-5.065556
		50.726024	-3.543949
		52.486125	-1.890507
		54.980766	-1.615849
		53.803895	-1.549931
		53.751959	-0.335941
		53.478239	-2.258549
		51.512161	-0.116215
		51.289406	1.075802
		54.892406	-2.923222
		51.624837	-3.94495
		51.460852	-2.588139
		51.488224	-3.186893
		55.958426	-3.186893
		55.862982	-4.263554
		
c	10 5 14 13 1 15 11 4 7 9 8 0 3 6 2 12	3143.67290632033	0.685632709367967	10	5	14	13	1	15	11	4	7	9	8	0	3	6	2	12		
		55.862982	-4.263554
		53.409532	-3.000126
		50.152266	-5.065556
		50.726024	-3.543949
		51.460852	-2.588139
		51.289406	1.075802
		51.488224	-3.186893
		53.478239	-2.258549
		54.980766	-1.615849
		55.958426	-3.186893
		54.892406	-2.923222
		52.486125	-1.890507
		53.803895	-1.549931
		53.751959	-0.335941
		51.512161	-0.116215
		51.624837	-3.94495
		
c	7 9 10 8 15 5 1 13 14 11 0 3 6 4 2 12	2872.86395626606	0.712713604373394	7	9	10	8	15	5	1	13	14	11	0	3	6	4	2	12		
		54.980766	-1.615849
		55.958426	-3.186893
		55.862982	-4.263554
		54.892406	-2.923222
		51.289406	1.075802
		53.409532	-3.000126
		51.460852	-2.588139
		50.726024	-3.543949
		50.152266	-5.065556
		51.488224	-3.186893
		52.486125	-1.890507
		53.803895	-1.549931
		53.751959	-0.335941
		53.478239	-2.258549
		51.512161	-0.116215
		51.624837	-3.94495
		
c	9 15 3 0 8 5 7 1 11 2 10 4 12 13 14 6	4187.4457089892	0.58125542910108	9	15	3	0	8	5	7	1	11	2	10	4	12	13	14	6		
		55.958426	-3.186893
		51.289406	1.075802
		53.803895	-1.549931
		52.486125	-1.890507
		54.892406	-2.923222
		53.409532	-3.000126
		54.980766	-1.615849
		51.460852	-2.588139
		51.488224	-3.186893
		51.512161	-0.116215
		55.862982	-4.263554
		53.478239	-2.258549
		51.624837	-3.94495
		50.726024	-3.543949
		50.152266	-5.065556
		53.751959	-0.335941
		
c	5 14 12 8 6 3 13 1 15 11 0 4 9 7 10 2	3689.12959707153	0.631087040292847	5	14	12	8	6	3	13	1	15	11	0	4	9	7	10	2		
		53.409532	-3.000126
		50.152266	-5.065556
		51.624837	-3.94495
		54.892406	-2.923222
		53.751959	-0.335941
		53.803895	-1.549931
		50.726024	-3.543949
		51.460852	-2.588139
		51.289406	1.075802
		51.488224	-3.186893
		52.486125	-1.890507
		53.478239	-2.258549
		55.958426	-3.186893
		54.980766	-1.615849
		55.862982	-4.263554
		51.512161	-0.116215
		
c	9 8 15 2 1 11 0 10 5 3 7 13 14 12 4 6	3132.26317446321	0.686773682553679	9	8	15	2	1	11	0	10	5	3	7	13	14	12	4	6		
		55.958426	-3.186893
		54.892406	-2.923222
		51.289406	1.075802
		51.512161	-0.116215
		51.460852	-2.588139
		51.488224	-3.186893
		52.486125	-1.890507
		55.862982	-4.263554
		53.409532	-3.000126
		53.803895	-1.549931
		54.980766	-1.615849
		50.726024	-3.543949
		50.152266	-5.065556
		51.624837	-3.94495
		53.478239	-2.258549
		53.751959	-0.335941
		
c	3 9 12 2 13 11 1 6 15 7 0 5 14 4 8 10	3941.04813610992	0.605895186389008	3	9	12	2	13	11	1	6	15	7	0	5	14	4	8	10		
		53.803895	-1.549931
		55.958426	-3.186893
		51.624837	-3.94495
		51.512161	-0.116215
		50.726024	-3.543949
		51.488224	-3.186893
		51.460852	-2.588139
		53.751959	-0.335941
		51.289406	1.075802
		54.980766	-1.615849
		52.486125	-1.890507
		53.409532	-3.000126
		50.152266	-5.065556
		53.478239	-2.258549
		54.892406	-2.923222
		55.862982	-4.263554
		
c	8 6 15 3 1 5 12 14 13 11 0 4 9 2 7 10	3586.70256218832	0.641329743781168	8	6	15	3	1	5	12	14	13	11	0	4	9	2	7	10		
		54.892406	-2.923222
		53.751959	-0.335941
		51.289406	1.075802
		53.803895	-1.549931
		51.460852	-2.588139
		53.409532	-3.000126
		51.624837	-3.94495
		50.152266	-5.065556
		50.726024	-3.543949
		51.488224	-3.186893
		52.486125	-1.890507
		53.478239	-2.258549
		55.958426	-3.186893
		51.512161	-0.116215
		54.980766	-1.615849
		55.862982	-4.263554
		
c	13 1 15 11 4 7 0 8 6 9 10 5 3 12 2 14	3522.12402869075	0.647787597130925	13	1	15	11	4	7	0	8	6	9	10	5	3	12	2	14		
		50.726024	-3.543949
		51.460852	-2.588139
		51.289406	1.075802
		51.488224	-3.186893
		53.478239	-2.258549
		54.980766	-1.615849
		52.486125	-1.890507
		54.892406	-2.923222
		53.751959	-0.335941
		55.958426	-3.186893
		55.862982	-4.263554
		53.409532	-3.000126
		53.803895	-1.549931
		51.624837	-3.94495
		51.512161	-0.116215
		50.152266	-5.065556
		
c	3 5 14 12 13 2 1 0 6 4 9 8 7 10 15 11	3229.11325572031	0.677088674427969	3	5	14	12	13	2	1	0	6	4	9	8	7	10	15	11		
		53.803895	-1.549931
		53.409532	-3.000126
		50.152266	-5.065556
		51.624837	-3.94495
		50.726024	-3.543949
		51.512161	-0.116215
		51.460852	-2.588139
		52.486125	-1.890507
		53.751959	-0.335941
		53.478239	-2.258549
		55.958426	-3.186893
		54.892406	-2.923222
		54.980766	-1.615849
		55.862982	-4.263554
		51.289406	1.075802
		51.488224	-3.186893
		
c	8 7 10 5 12 14 13 2 1 15 11 0 3 6 4 9	2838.24016837539	0.716175983162461	8	7	10	5	12	14	13	2	1	15	11	0	3	6	4	9		
		54.892406	-2.923222
		54.980766	-1.615849
		55.862982	-4.263554
		53.409532	-3.000126
		51.624837	-3.94495
		50.152266	-5.065556
		50.726024	-3.543949
		51.512161	-0.116215
		51.460852	-2.588139
		51.289406	1.075802
		51.488224	-3.186893
		52.486125	-1.890507
		53.803895	-1.549931
		53.751959	-0.335941
		53.478239	-2.258549
		55.958426	-3.186893
		
c	9 5 15 11 0 4 6 8 1 2 14 13 12 3 7 10	3316.77318416918	0.668322681583082	9	5	15	11	0	4	6	8	1	2	14	13	12	3	7	10		
		55.958426	-3.186893
		53.409532	-3.000126
		51.289406	1.075802
		51.488224	-3.186893
		52.486125	-1.890507
		53.478239	-2.258549
		53.751959	-0.335941
		54.892406	-2.923222
		51.460852	-2.588139
		51.512161	-0.116215
		50.152266	-5.065556
		50.726024	-3.543949
		51.624837	-3.94495
		53.803895	-1.549931
		54.980766	-1.615849
		55.862982	-4.263554
		
c	3 5 14 12 13 2 1 15 6 4 9 8 7 11 0 10	3317.15083119692	0.668284916880308	3	5	14	12	13	2	1	15	6	4	9	8	7	11	0	10		
		53.803895	-1.549931
		53.409532	-3.000126
		50.152266	-5.065556
		51.624837	-3.94495
		50.726024	-3.543949
		51.512161	-0.116215
		51.460852	-2.588139
		51.289406	1.075802
		53.751959	-0.335941
		53.478239	-2.258549
		55.958426	-3.186893
		54.892406	-2.923222
		54.980766	-1.615849
		51.488224	-3.186893
		52.486125	-1.890507
		55.862982	-4.263554
		
c	2 1 15 11 0 3 6 4 9 8 7 10 5 12 14 13	2703.25162583225	0.729674837416775	2	1	15	11	0	3	6	4	9	8	7	10	5	12	14	13		
		51.512161	-0.116215
		51.460852	-2.588139
		51.289406	1.075802
		51.488224	-3.186893
		52.486125	-1.890507
		53.803895	-1.549931
		53.751959	-0.335941
		53.478239	-2.258549
		55.958426	-3.186893
		54.892406	-2.923222
		54.980766	-1.615849
		55.862982	-4.263554
		53.409532	-3.000126
		51.624837	-3.94495
		50.152266	-5.065556
		50.726024	-3.543949
		
c	9 10 8 6 15 3 7 1 12 14 13 11 0 4 5 2	2647.31430385289	0.735268569614711	9	10	8	6	15	3	7	1	12	14	13	11	0	4	5	2		
		55.958426	-3.186893
		55.862982	-4.263554
		54.892406	-2.923222
		53.751959	-0.335941
		51.289406	1.075802
		53.803895	-1.549931
		54.980766	-1.615849
		51.460852	-2.588139
		51.624837	-3.94495
		50.152266	-5.065556
		50.726024	-3.543949
		51.488224	-3.186893
		52.486125	-1.890507
		53.478239	-2.258549
		53.409532	-3.000126
		51.512161	-0.116215
		
c	1 15 11 0 3 6 2 13 14 9 8 5 12 7 10 4	3594.60737440187	0.640539262559813	1	15	11	0	3	6	2	13	14	9	8	5	12	7	10	4		
		51.460852	-2.588139
		51.289406	1.075802
		51.488224	-3.186893
		52.486125	-1.890507
		53.803895	-1.549931
		53.751959	-0.335941
		51.512161	-0.116215
		50.726024	-3.543949
		50.152266	-5.065556
		55.958426	-3.186893
		54.892406	-2.923222
		53.409532	-3.000126
		51.624837	-3.94495
		54.980766	-1.615849
		55.862982	-4.263554
		53.478239	-2.258549
		
c	13 14 12 2 11 1 15 0 7 9 8 10 6 4 5 3	2635.38972756036	0.736461027243964	13	14	12	2	11	1	15	0	7	9	8	10	6	4	5	3		
		50.726024	-3.543949
		50.152266	-5.065556
		51.624837	-3.94495
		51.512161	-0.116215
		51.488224	-3.186893
		51.460852	-2.588139
		51.289406	1.075802
		52.486125	-1.890507
		54.980766	-1.615849
		55.958426	-3.186893
		54.892406	-2.923222
		55.862982	-4.263554
		53.751959	-0.335941
		53.478239	-2.258549
		53.409532	-3.000126
		53.803895	-1.549931
		
c	4 6 10 7 9 8 2 1 11 15 0 5 12 13 14 3	3143.44589574511	0.685655410425489	4	6	10	7	9	8	2	1	11	15	0	5	12	13	14	3		
		53.478239	-2.258549
		53.751959	-0.335941
		55.862982	-4.263554
		54.980766	-1.615849
		55.958426	-3.186893
		54.892406	-2.923222
		51.512161	-0.116215
		51.460852	-2.588139
		51.488224	-3.186893
		51.289406	1.075802
		52.486125	-1.890507
		53.409532	-3.000126
		51.624837	-3.94495
		50.726024	-3.543949
		50.152266	-5.065556
		53.803895	-1.549931
		
c	14 13 0 12 7 9 2 5 11 8 6 15 10 4 3 1	4229.55266281569	0.577044733718431	14	13	0	12	7	9	2	5	11	8	6	15	10	4	3	1		
		50.152266	-5.065556
		50.726024	-3.543949
		52.486125	-1.890507
		51.624837	-3.94495
		54.980766	-1.615849
		55.958426	-3.186893
		51.512161	-0.116215
		53.409532	-3.000126
		51.488224	-3.186893
		54.892406	-2.923222
		53.751959	-0.335941
		51.289406	1.075802
		55.862982	-4.263554
		53.478239	-2.258549
		53.803895	-1.549931
		51.460852	-2.588139
		
c	3 1 2 0 13 11 10 4 7 9 8 15 5 14 6 12	4231.89505637871	0.576810494362129	3	1	2	0	13	11	10	4	7	9	8	15	5	14	6	12		
		53.803895	-1.549931
		51.460852	-2.588139
		51.512161	-0.116215
		52.486125	-1.890507
		50.726024	-3.543949
		51.488224	-3.186893
		55.862982	-4.263554
		53.478239	-2.258549
		54.980766	-1.615849
		55.958426	-3.186893
		54.892406	-2.923222
		51.289406	1.075802
		53.409532	-3.000126
		50.152266	-5.065556
		53.751959	-0.335941
		51.624837	-3.94495
		
c	15 13 14 7 10 4 8 3 6 1 11 2 0 12 9 5	3573.06507928337	0.642693492071663	15	13	14	7	10	4	8	3	6	1	11	2	0	12	9	5		
		51.289406	1.075802
		50.726024	-3.543949
		50.152266	-5.065556
		54.980766	-1.615849
		55.862982	-4.263554
		53.478239	-2.258549
		54.892406	-2.923222
		53.803895	-1.549931
		53.751959	-0.335941
		51.460852	-2.588139
		51.488224	-3.186893
		51.512161	-0.116215
		52.486125	-1.890507
		51.624837	-3.94495
		55.958426	-3.186893
		53.409532	-3.000126
		
c	0 6 3 5 14 12 13 2 11 1 15 7 9 8 10 4	2944.98216522244	0.705501783477756	0	6	3	5	14	12	13	2	11	1	15	7	9	8	10	4		
		52.486125	-1.890507
		53.751959	-0.335941
		53.803895	-1.549931
		53.409532	-3.000126
		50.152266	-5.065556
		51.624837	-3.94495
		50.726024	-3.543949
		51.512161	-0.116215
		51.488224	-3.186893
		51.460852	-2.588139
		51.289406	1.075802
		54.980766	-1.615849
		55.958426	-3.186893
		54.892406	-2.923222
		55.862982	-4.263554
		53.478239	-2.258549
		
c	11 0 14 13 1 15 3 6 4 9 8 7 10 5 2 12	3026.68241220941	0.697331758779059	11	0	14	13	1	15	3	6	4	9	8	7	10	5	2	12		
		51.488224	-3.186893
		52.486125	-1.890507
		50.152266	-5.065556
		50.726024	-3.543949
		51.460852	-2.588139
		51.289406	1.075802
		53.803895	-1.549931
		53.751959	-0.335941
		53.478239	-2.258549
		55.958426	-3.186893
		54.892406	-2.923222
		54.980766	-1.615849
		55.862982	-4.263554
		53.409532	-3.000126
		51.512161	-0.116215
		51.624837	-3.94495
		
c	1 13 14 15 8 7 10 9 5 0 4 6 3 11 2 12	2999.56066609898	0.700043933390102	1	13	14	15	8	7	10	9	5	0	4	6	3	11	2	12		
		51.460852	-2.588139
		50.726024	-3.543949
		50.152266	-5.065556
		51.289406	1.075802
		54.892406	-2.923222
		54.980766	-1.615849
		55.862982	-4.263554
		55.958426	-3.186893
		53.409532	-3.000126
		52.486125	-1.890507
		53.478239	-2.258549
		53.751959	-0.335941
		53.803895	-1.549931
		51.488224	-3.186893
		51.512161	-0.116215
		51.624837	-3.94495
		
c	3 5 12 14 13 1 15 11 4 7 0 8 6 9 10 2	3373.2132808997	0.66267867191003	3	5	12	14	13	1	15	11	4	7	0	8	6	9	10	2		
		53.803895	-1.549931
		53.409532	-3.000126
		51.624837	-3.94495
		50.152266	-5.065556
		50.726024	-3.543949
		51.460852	-2.588139
		51.289406	1.075802
		51.488224	-3.186893
		53.478239	-2.258549
		54.980766	-1.615849
		52.486125	-1.890507
		54.892406	-2.923222
		53.751959	-0.335941
		55.958426	-3.186893
		55.862982	-4.263554
		51.512161	-0.116215
		
c	12 7 9 5 4 10 8 15 1 13 14 11 0 3 6 2	3101.92374416142	0.689807625583858	12	7	9	5	4	10	8	15	1	13	14	11	0	3	6	2		
		51.624837	-3.94495
		54.980766	-1.615849
		55.958426	-3.186893
		53.409532	-3.000126
		53.478239	-2.258549
		55.862982	-4.263554
		54.892406	-2.923222
		51.289406	1.075802
		51.460852	-2.588139
		50.726024	-3.543949
		50.152266	-5.065556
		51.488224	-3.186893
		52.486125	-1.890507
		53.803895	-1.549931
		53.751959	-0.335941
		51.512161	-0.116215
		
c	14 10 3 11 15 2 12 13 8 1 7 9 5 0 4 6	4001.38214828229	0.599861785171771	14	10	3	11	15	2	12	13	8	1	7	9	5	0	4	6		
		50.152266	-5.065556
		55.862982	-4.263554
		53.803895	-1.549931
		51.488224	-3.186893
		51.289406	1.075802
		51.512161	-0.116215
		51.624837	-3.94495
		50.726024	-3.543949
		54.892406	-2.923222
		51.460852	-2.588139
		54.980766	-1.615849
		55.958426	-3.186893
		53.409532	-3.000126
		52.486125	-1.890507
		53.478239	-2.258549
		53.751959	-0.335941
		
c	9 8 1 11 0 3 6 4 7 10 5 13 14 15 2 12	2922.3054000049	0.70776945999951	9	8	1	11	0	3	6	4	7	10	5	13	14	15	2	12		
		55.958426	-3.186893
		54.892406	-2.923222
		51.460852	-2.588139
		51.488224	-3.186893
		52.486125	-1.890507
		53.803895	-1.549931
		53.751959	-0.335941
		53.478239	-2.258549
		54.980766	-1.615849
		55.862982	-4.263554
		53.409532	-3.000126
		50.726024	-3.543949
		50.152266	-5.065556
		51.289406	1.075802
		51.512161	-0.116215
		51.624837	-3.94495
		
c	11 1 4 2 15 13 14 0 6 9 8 7 10 5 3 12	2969.6777131792	0.70303222868208	11	1	4	2	15	13	14	0	6	9	8	7	10	5	3	12		
		51.488224	-3.186893
		51.460852	-2.588139
		53.478239	-2.258549
		51.512161	-0.116215
		51.289406	1.075802
		50.726024	-3.543949
		50.152266	-5.065556
		52.486125	-1.890507
		53.751959	-0.335941
		55.958426	-3.186893
		54.892406	-2.923222
		54.980766	-1.615849
		55.862982	-4.263554
		53.409532	-3.000126
		53.803895	-1.549931
		51.624837	-3.94495
		
c	8 7 10 9 5 0 4 6 3 11 2 15 13 14 1 12	2435.51364850131	0.756448635149869	8	7	10	9	5	0	4	6	3	11	2	15	13	14	1	12		
		54.892406	-2.923222
		54.980766	-1.615849
		55.862982	-4.263554
		55.958426	-3.186893
		53.409532	-3.000126
		52.486125	-1.890507
		53.478239	-2.258549
		53.751959	-0.335941
		53.803895	-1.549931
		51.488224	-3.186893
		51.512161	-0.116215
		51.289406	1.075802
		50.726024	-3.543949
		50.152266	-5.065556
		51.460852	-2.588139
		51.624837	-3.94495
		
c	0 3 4 2 15 8 14 13 12 1 11 9 6 5 7 10	3323.0837643039	0.66769162356961	0	3	4	2	15	8	14	13	12	1	11	9	6	5	7	10		
		52.486125	-1.890507
		53.803895	-1.549931
		53.478239	-2.258549
		51.512161	-0.116215
		51.289406	1.075802
		54.892406	-2.923222
		50.152266	-5.065556
		50.726024	-3.543949
		51.624837	-3.94495
		51.460852	-2.588139
		51.488224	-3.186893
		55.958426	-3.186893
		53.751959	-0.335941
		53.409532	-3.000126
		54.980766	-1.615849
		55.862982	-4.263554
		
c	10 8 6 15 3 7 1 12 14 13 11 0 4 9 5 2	3095.50280494142	0.690449719505858	10	8	6	15	3	7	1	12	14	13	11	0	4	9	5	2		
		55.862982	-4.263554
		54.892406	-2.923222
		53.751959	-0.335941
		51.289406	1.075802
		53.803895	-1.549931
		54.980766	-1.615849
		51.460852	-2.588139
		51.624837	-3.94495
		50.152266	-5.065556
		50.726024	-3.543949
		51.488224	-3.186893
		52.486125	-1.890507
		53.478239	-2.258549
		55.958426	-3.186893
		53.409532	-3.000126
		51.512161	-0.116215
		
c	1 15 11 14 9 8 6 5 12 0 3 4 2 13 7 10	3704.91132325599	0.629508867674401	1	15	11	14	9	8	6	5	12	0	3	4	2	13	7	10		
		51.460852	-2.588139
		51.289406	1.075802
		51.488224	-3.186893
		50.152266	-5.065556
		55.958426	-3.186893
		54.892406	-2.923222
		53.751959	-0.335941
		53.409532	-3.000126
		51.624837	-3.94495
		52.486125	-1.890507
		53.803895	-1.549931
		53.478239	-2.258549
		51.512161	-0.116215
		50.726024	-3.543949
		54.980766	-1.615849
		55.862982	-4.263554
		
c	0 6 4 9 8 7 10 13 14 15 1 5 11 3 2 12	3638.72941020333	0.636127058979667	0	6	4	9	8	7	10	13	14	15	1	5	11	3	2	12		
		52.486125	-1.890507
		53.751959	-0.335941
		53.478239	-2.258549
		55.958426	-3.186893
		54.892406	-2.923222
		54.980766	-1.615849
		55.862982	-4.263554
		50.726024	-3.543949
		50.152266	-5.065556
		51.289406	1.075802
		51.460852	-2.588139
		53.409532	-3.000126
		51.488224	-3.186893
		53.803895	-1.549931
		51.512161	-0.116215
		51.624837	-3.94495
		
c	9 8 15 2 1 11 0 10 5 4 3 14 12 13 6 7	3159.89446161587	0.684010553838413	9	8	15	2	1	11	0	10	5	4	3	14	12	13	6	7		
		55.958426	-3.186893
		54.892406	-2.923222
		51.289406	1.075802
		51.512161	-0.116215
		51.460852	-2.588139
		51.488224	-3.186893
		52.486125	-1.890507
		55.862982	-4.263554
		53.409532	-3.000126
		53.478239	-2.258549
		53.803895	-1.549931
		50.152266	-5.065556
		51.624837	-3.94495
		50.726024	-3.543949
		53.751959	-0.335941
		54.980766	-1.615849
		
c	12 8 6 3 1 15 11 0 5 4 2 14 13 9 7 10	3489.40381904473	0.651059618095527	12	8	6	3	1	15	11	0	5	4	2	14	13	9	7	10		
		51.624837	-3.94495
		54.892406	-2.923222
		53.751959	-0.335941
		53.803895	-1.549931
		51.460852	-2.588139
		51.289406	1.075802
		51.488224	-3.186893
		52.486125	-1.890507
		53.409532	-3.000126
		53.478239	-2.258549
		51.512161	-0.116215
		50.152266	-5.065556
		50.726024	-3.543949
		55.958426	-3.186893
		54.980766	-1.615849
		55.862982	-4.263554
		
c	3 5 14 12 13 2 1 0 6 4 7 9 8 15 11 10	3342.88328550093	0.665711671449907	3	5	14	12	13	2	1	0	6	4	7	9	8	15	11	10		
		53.803895	-1.549931
		53.409532	-3.000126
		50.152266	-5.065556
		51.624837	-3.94495
		50.726024	-3.543949
		51.512161	-0.116215
		51.460852	-2.588139
		52.486125	-1.890507
		53.751959	-0.335941
		53.478239	-2.258549
		54.980766	-1.615849
		55.958426	-3.186893
		54.892406	-2.923222
		51.289406	1.075802
		51.488224	-3.186893
		55.862982	-4.263554
		
c	11 0 6 4 9 8 7 10 13 14 15 1 5 3 2 12	3391.90097294464	0.660809902705536	11	0	6	4	9	8	7	10	13	14	15	1	5	3	2	12		
		51.488224	-3.186893
		52.486125	-1.890507
		53.751959	-0.335941
		53.478239	-2.258549
		55.958426	-3.186893
		54.892406	-2.923222
		54.980766	-1.615849
		55.862982	-4.263554
		50.726024	-3.543949
		50.152266	-5.065556
		51.289406	1.075802
		51.460852	-2.588139
		53.409532	-3.000126
		53.803895	-1.549931
		51.512161	-0.116215
		51.624837	-3.94495
		
c	2 0 11 4 6 10 7 9 8 1 15 5 12 13 14 3	3379.99683371908	0.662000316628092	2	0	11	4	6	10	7	9	8	1	15	5	12	13	14	3		
		51.512161	-0.116215
		52.486125	-1.890507
		51.488224	-3.186893
		53.478239	-2.258549
		53.751959	-0.335941
		55.862982	-4.263554
		54.980766	-1.615849
		55.958426	-3.186893
		54.892406	-2.923222
		51.460852	-2.588139
		51.289406	1.075802
		53.409532	-3.000126
		51.624837	-3.94495
		50.726024	-3.543949
		50.152266	-5.065556
		53.803895	-1.549931
		
c	4 2 15 8 14 13 12 1 5 6 3 11 0 9 7 10	3337.71518732382	0.666228481267618	4	2	15	8	14	13	12	1	5	6	3	11	0	9	7	10		
		53.478239	-2.258549
		51.512161	-0.116215
		51.289406	1.075802
		54.892406	-2.923222
		50.152266	-5.065556
		50.726024	-3.543949
		51.624837	-3.94495
		51.460852	-2.588139
		53.409532	-3.000126
		53.751959	-0.335941
		53.803895	-1.549931
		51.488224	-3.186893
		52.486125	-1.890507
		55.958426	-3.186893
		54.980766	-1.615849
		55.862982	-4.263554
		
c	10 5 6 15 3 14 8 4 7 12 13 2 1 11 0 9	3952.04721955639	0.604795278044361	10	5	6	15	3	14	8	4	7	12	13	2	1	11	0	9		
		55.862982	-4.263554
		53.409532	-3.000126
		53.751959	-0.335941
		51.289406	1.075802
		53.803895	-1.549931
		50.152266	-5.065556
		54.892406	-2.923222
		53.478239	-2.258549
		54.980766	-1.615849
		51.624837	-3.94495
		50.726024	-3.543949
		51.512161	-0.116215
		51.460852	-2.588139
		51.488224	-3.186893
		52.486125	-1.890507
		55.958426	-3.186893
		
c	6 15 3 14 1 12 2 5 0 13 11 10 8 7 4 9	3576.82043286953	0.642317956713047	6	15	3	14	1	12	2	5	0	13	11	10	8	7	4	9		
		53.751959	-0.335941
		51.289406	1.075802
		53.803895	-1.549931
		50.152266	-5.065556
		51.460852	-2.588139
		51.624837	-3.94495
		51.512161	-0.116215
		53.409532	-3.000126
		52.486125	-1.890507
		50.726024	-3.543949
		51.488224	-3.186893
		55.862982	-4.263554
		54.892406	-2.923222
		54.980766	-1.615849
		53.478239	-2.258549
		55.958426	-3.186893
		
c	15 11 0 3 6 4 9 8 7 10 12 14 13 1 5 2	2867.0764513105	0.71329235486895	15	11	0	3	6	4	9	8	7	10	12	14	13	1	5	2		
		51.289406	1.075802
		51.488224	-3.186893
		52.486125	-1.890507
		53.803895	-1.549931
		53.751959	-0.335941
		53.478239	-2.258549
		55.958426	-3.186893
		54.892406	-2.923222
		54.980766	-1.615849
		55.862982	-4.263554
		51.624837	-3.94495
		50.152266	-5.065556
		50.726024	-3.543949
		51.460852	-2.588139
		53.409532	-3.000126
		51.512161	-0.116215
		
c	12 0 7 10 6 4 1 11 2 15 13 14 8 3 5 9	3222.22632248596	0.677777367751405	12	0	7	10	6	4	1	11	2	15	13	14	8	3	5	9		
		51.624837	-3.94495
		52.486125	-1.890507
		54.980766	-1.615849
		55.862982	-4.263554
		53.751959	-0.335941
		53.478239	-2.258549
		51.460852	-2.588139
		51.488224	-3.186893
		51.512161	-0.116215
		51.289406	1.075802
		50.726024	-3.543949
		50.152266	-5.065556
		54.892406	-2.923222
		53.803895	-1.549931
		53.409532	-3.000126
		55.958426	-3.186893
		
c	13 1 15 11 0 3 6 14 9 10 8 7 12 2 5 4	3495.11690049596	0.650488309950404	13	1	15	11	0	3	6	14	9	10	8	7	12	2	5	4		
		50.726024	-3.543949
		51.460852	-2.588139
		51.289406	1.075802
		51.488224	-3.186893
		52.486125	-1.890507
		53.803895	-1.549931
		53.751959	-0.335941
		50.152266	-5.065556
		55.958426	-3.186893
		55.862982	-4.263554
		54.892406	-2.923222
		54.980766	-1.615849
		51.624837	-3.94495
		51.512161	-0.116215
		53.409532	-3.000126
		53.478239	-2.258549
		
c	0 3 5 12 14 13 1 15 11 4 7 8 6 9 10 2	3051.53920372879	0.694846079627121	0	3	5	12	14	13	1	15	11	4	7	8	6	9	10	2		
		52.486125	-1.890507
		53.803895	-1.549931
		53.409532	-3.000126
		51.624837	-3.94495
		50.152266	-5.065556
		50.726024	-3.543949
		51.460852	-2.588139
		51.289406	1.075802
		51.488224	-3.186893
		53.478239	-2.258549
		54.980766	-1.615849
		54.892406	-2.923222
		53.751959	-0.335941
		55.958426	-3.186893
		55.862982	-4.263554
		51.512161	-0.116215
		
c	1 15 11 0 10 7 9 8 5 13 14 3 6 4 2 12	3360.52849908951	0.663947150091049	1	15	11	0	10	7	9	8	5	13	14	3	6	4	2	12		
		51.460852	-2.588139
		51.289406	1.075802
		51.488224	-3.186893
		52.486125	-1.890507
		55.862982	-4.263554
		54.980766	-1.615849
		55.958426	-3.186893
		54.892406	-2.923222
		53.409532	-3.000126
		50.726024	-3.543949
		50.152266	-5.065556
		53.803895	-1.549931
		53.751959	-0.335941
		53.478239	-2.258549
		51.512161	-0.116215
		51.624837	-3.94495
		
c	10 9 8 15 5 2 1 11 0 4 7 12 13 14 3 6	3144.98829603913	0.685501170396087	10	9	8	15	5	2	1	11	0	4	7	12	13	14	3	6		
		55.862982	-4.263554
		55.958426	-3.186893
		54.892406	-2.923222
		51.289406	1.075802
		53.409532	-3.000126
		51.512161	-0.116215
		51.460852	-2.588139
		51.488224	-3.186893
		52.486125	-1.890507
		53.478239	-2.258549
		54.980766	-1.615849
		51.624837	-3.94495
		50.726024	-3.543949
		50.152266	-5.065556
		53.803895	-1.549931
		53.751959	-0.335941
		
c	9 8 7 10 13 14 15 6 3 1 12 11 0 4 5 2	2928.48048252581	0.707151951747419	9	8	7	10	13	14	15	6	3	1	12	11	0	4	5	2		
		55.958426	-3.186893
		54.892406	-2.923222
		54.980766	-1.615849
		55.862982	-4.263554
		50.726024	-3.543949
		50.152266	-5.065556
		51.289406	1.075802
		53.751959	-0.335941
		53.803895	-1.549931
		51.460852	-2.588139
		51.624837	-3.94495
		51.488224	-3.186893
		52.486125	-1.890507
		53.478239	-2.258549
		53.409532	-3.000126
		51.512161	-0.116215
		
c	2 1 15 11 0 4 9 7 5 12 14 10 8 6 3 13	3426.62458042729	0.657337541957271	2	1	15	11	0	4	9	7	5	12	14	10	8	6	3	13		
		51.512161	-0.116215
		51.460852	-2.588139
		51.289406	1.075802
		51.488224	-3.186893
		52.486125	-1.890507
		53.478239	-2.258549
		55.958426	-3.186893
		54.980766	-1.615849
		53.409532	-3.000126
		51.624837	-3.94495
		50.152266	-5.065556
		55.862982	-4.263554
		54.892406	-2.923222
		53.751959	-0.335941
		53.803895	-1.549931
		50.726024	-3.543949
		
c	6 15 3 7 1 12 14 4 9 8 10 13 5 2 11 0	3898.12729382269	0.610187270617731	6	15	3	7	1	12	14	4	9	8	10	13	5	2	11	0		
		53.751959	-0.335941
		51.289406	1.075802
		53.803895	-1.549931
		54.980766	-1.615849
		51.460852	-2.588139
		51.624837	-3.94495
		50.152266	-5.065556
		53.478239	-2.258549
		55.958426	-3.186893
		54.892406	-2.923222
		55.862982	-4.263554
		50.726024	-3.543949
		53.409532	-3.000126
		51.512161	-0.116215
		51.488224	-3.186893
		52.486125	-1.890507
		
c	1 2 13 14 15 8 7 10 9 5 0 4 6 3 11 12	2897.10255499751	0.710289744500249	1	2	13	14	15	8	7	10	9	5	0	4	6	3	11	12		
		51.460852	-2.588139
		51.512161	-0.116215
		50.726024	-3.543949
		50.152266	-5.065556
		51.289406	1.075802
		54.892406	-2.923222
		54.980766	-1.615849
		55.862982	-4.263554
		55.958426	-3.186893
		53.409532	-3.000126
		52.486125	-1.890507
		53.478239	-2.258549
		53.751959	-0.335941
		53.803895	-1.549931
		51.488224	-3.186893
		51.624837	-3.94495
		
c	14 13 1 15 4 3 9 10 8 6 7 0 11 2 5 12	2842.39988804085	0.715760011195915	14	13	1	15	4	3	9	10	8	6	7	0	11	2	5	12		
		50.152266	-5.065556
		50.726024	-3.543949
		51.460852	-2.588139
		51.289406	1.075802
		53.478239	-2.258549
		53.803895	-1.549931
		55.958426	-3.186893
		55.862982	-4.263554
		54.892406	-2.923222
		53.751959	-0.335941
		54.980766	-1.615849
		52.486125	-1.890507
		51.488224	-3.186893
		51.512161	-0.116215
		53.409532	-3.000126
		51.624837	-3.94495
		
c	10 11 1 0 15 13 14 7 8 5 4 9 3 6 2 12	3376.2359971014	0.66237640028986	10	11	1	0	15	13	14	7	8	5	4	9	3	6	2	12		
		55.862982	-4.263554
		51.488224	-3.186893
		51.460852	-2.588139
		52.486125	-1.890507
		51.289406	1.075802
		50.726024	-3.543949
		50.152266	-5.065556
		54.980766	-1.615849
		54.892406	-2.923222
		53.409532	-3.000126
		53.478239	-2.258549
		55.958426	-3.186893
		53.803895	-1.549931
		53.751959	-0.335941
		51.512161	-0.116215
		51.624837	-3.94495
		
c	2 4 3 7 0 12 8 6 5 14 13 1 15 11 9 10	3396.52554666939	0.660347445333061	2	4	3	7	0	12	8	6	5	14	13	1	15	11	9	10		
		51.512161	-0.116215
		53.478239	-2.258549
		53.803895	-1.549931
		54.980766	-1.615849
		52.486125	-1.890507
		51.624837	-3.94495
		54.892406	-2.923222
		53.751959	-0.335941
		53.409532	-3.000126
		50.152266	-5.065556
		50.726024	-3.543949
		51.460852	-2.588139
		51.289406	1.075802
		51.488224	-3.186893
		55.958426	-3.186893
		55.862982	-4.263554
		
c	8 1 15 11 0 3 6 2 13 14 9 5 12 7 10 4	3975.84658751235	0.602415341248765	8	1	15	11	0	3	6	2	13	14	9	5	12	7	10	4		
		54.892406	-2.923222
		51.460852	-2.588139
		51.289406	1.075802
		51.488224	-3.186893
		52.486125	-1.890507
		53.803895	-1.549931
		53.751959	-0.335941
		51.512161	-0.116215
		50.726024	-3.543949
		50.152266	-5.065556
		55.958426	-3.186893
		53.409532	-3.000126
		51.624837	-3.94495
		54.980766	-1.615849
		55.862982	-4.263554
		53.478239	-2.258549
		
c	13 14 0 6 9 8 7 10 1 15 5 4 3 11 2 12	3330.56625987172	0.666943374012828	13	14	0	6	9	8	7	10	1	15	5	4	3	11	2	12		
		50.726024	-3.543949
		50.152266	-5.065556
		52.486125	-1.890507
		53.751959	-0.335941
		55.958426	-3.186893
		54.892406	-2.923222
		54.980766	-1.615849
		55.862982	-4.263554
		51.460852	-2.588139
		51.289406	1.075802
		53.409532	-3.000126
		53.478239	-2.258549
		53.803895	-1.549931
		51.488224	-3.186893
		51.512161	-0.116215
		51.624837	-3.94495
		
c	7 10 9 5 0 4 6 3 1 11 2 15 13 14 8 12	2976.38703751343	0.702361296248657	7	10	9	5	0	4	6	3	1	11	2	15	13	14	8	12		
		54.980766	-1.615849
		55.862982	-4.263554
		55.958426	-3.186893
		53.409532	-3.000126
		52.486125	-1.890507
		53.478239	-2.258549
		53.751959	-0.335941
		53.803895	-1.549931
		51.460852	-2.588139
		51.488224	-3.186893
		51.512161	-0.116215
		51.289406	1.075802
		50.726024	-3.543949
		50.152266	-5.065556
		54.892406	-2.923222
		51.624837	-3.94495
		
c	8 6 3 1 5 0 4 2 15 14 13 12 11 9 7 10	2938.67890300493	0.706132109699507	8	6	3	1	5	0	4	2	15	14	13	12	11	9	7	10		
		54.892406	-2.923222
		53.751959	-0.335941
		53.803895	-1.549931
		51.460852	-2.588139
		53.409532	-3.000126
		52.486125	-1.890507
		53.478239	-2.258549
		51.512161	-0.116215
		51.289406	1.075802
		50.152266	-5.065556
		50.726024	-3.543949
		51.624837	-3.94495
		51.488224	-3.186893
		55.958426	-3.186893
		54.980766	-1.615849
		55.862982	-4.263554
		
c	2 15 8 14 13 5 12 6 3 1 11 0 4 9 7 10	3357.22037048534	0.664277962951466	2	15	8	14	13	5	12	6	3	1	11	0	4	9	7	10		
		51.512161	-0.116215
		51.289406	1.075802
		54.892406	-2.923222
		50.152266	-5.065556
		50.726024	-3.543949
		53.409532	-3.000126
		51.624837	-3.94495
		53.751959	-0.335941
		53.803895	-1.549931
		51.460852	-2.588139
		51.488224	-3.186893
		52.486125	-1.890507
		53.478239	-2.258549
		55.958426	-3.186893
		54.980766	-1.615849
		55.862982	-4.263554
		
c	1 7 10 9 8 15 5 13 14 11 0 3 6 4 2 12	3275.50154985079	0.672449845014921	1	7	10	9	8	15	5	13	14	11	0	3	6	4	2	12		
		51.460852	-2.588139
		54.980766	-1.615849
		55.862982	-4.263554
		55.958426	-3.186893
		54.892406	-2.923222
		51.289406	1.075802
		53.409532	-3.000126
		50.726024	-3.543949
		50.152266	-5.065556
		51.488224	-3.186893
		52.486125	-1.890507
		53.803895	-1.549931
		53.751959	-0.335941
		53.478239	-2.258549
		51.512161	-0.116215
		51.624837	-3.94495
		
c	4 15 3 5 14 12 13 2 1 0 6 9 8 7 10 11	3362.3078389411	0.663769216105889	4	15	3	5	14	12	13	2	1	0	6	9	8	7	10	11		
		53.478239	-2.258549
		51.289406	1.075802
		53.803895	-1.549931
		53.409532	-3.000126
		50.152266	-5.065556
		51.624837	-3.94495
		50.726024	-3.543949
		51.512161	-0.116215
		51.460852	-2.588139
		52.486125	-1.890507
		53.751959	-0.335941
		55.958426	-3.186893
		54.892406	-2.923222
		54.980766	-1.615849
		55.862982	-4.263554
		51.488224	-3.186893
		
c	9 6 1 11 15 2 14 13 5 12 0 3 4 8 7 10	2858.51631410768	0.714148368589232	9	6	1	11	15	2	14	13	5	12	0	3	4	8	7	10		
		55.958426	-3.186893
		53.751959	-0.335941
		51.460852	-2.588139
		51.488224	-3.186893
		51.289406	1.075802
		51.512161	-0.116215
		50.152266	-5.065556
		50.726024	-3.543949
		53.409532	-3.000126
		51.624837	-3.94495
		52.486125	-1.890507
		53.803895	-1.549931
		53.478239	-2.258549
		54.892406	-2.923222
		54.980766	-1.615849
		55.862982	-4.263554
		
g8		2603.73455785153	0.739626544214847	0	14	12	13	2	11	1	15	0	7	9	8	10	6	4	5	3		
		50.152266	-5.065556
		51.624837	-3.94495
		50.726024	-3.543949
		51.512161	-0.116215
		51.488224	-3.186893
		51.460852	-2.588139
		51.289406	1.075802
		52.486125	-1.890507
		54.980766	-1.615849
		55.958426	-3.186893
		54.892406	-2.923222
		55.862982	-4.263554
		53.751959	-0.335941
		53.478239	-2.258549
		53.409532	-3.000126
		53.803895	-1.549931
		
g8		2651.96159741983	0.734803840258017	1	3	6	4	9	8	7	10	5	12	14	13	1	15	11	0	2		
		53.803895	-1.549931
		53.751959	-0.335941
		53.478239	-2.258549
		55.958426	-3.186893
		54.892406	-2.923222
		54.980766	-1.615849
		55.862982	-4.263554
		53.409532	-3.000126
		51.624837	-3.94495
		50.152266	-5.065556
		50.726024	-3.543949
		51.460852	-2.588139
		51.289406	1.075802
		51.488224	-3.186893
		52.486125	-1.890507
		51.512161	-0.116215
		
g8		2733.22269227585	0.726677730772415	2	8	3	6	1	11	15	2	14	13	0	12	5	4	9	7	10		
		54.892406	-2.923222
		53.803895	-1.549931
		53.751959	-0.335941
		51.460852	-2.588139
		51.488224	-3.186893
		51.289406	1.075802
		51.512161	-0.116215
		50.152266	-5.065556
		50.726024	-3.543949
		52.486125	-1.890507
		51.624837	-3.94495
		53.409532	-3.000126
		53.478239	-2.258549
		55.958426	-3.186893
		54.980766	-1.615849
		55.862982	-4.263554
		
g8		2791.21478572193	0.720878521427807	3	10	9	5	0	3	6	4	2	12	14	13	1	15	11	8	7		
		55.862982	-4.263554
		55.958426	-3.186893
		53.409532	-3.000126
		52.486125	-1.890507
		53.803895	-1.549931
		53.751959	-0.335941
		53.478239	-2.258549
		51.512161	-0.116215
		51.624837	-3.94495
		50.152266	-5.065556
		50.726024	-3.543949
		51.460852	-2.588139
		51.289406	1.075802
		51.488224	-3.186893
		54.892406	-2.923222
		54.980766	-1.615849
		
g8		2791.56031611378	0.720843968388622	4	6	1	11	15	2	14	13	5	12	0	3	4	9	8	7	10		
		53.751959	-0.335941
		51.460852	-2.588139
		51.488224	-3.186893
		51.289406	1.075802
		51.512161	-0.116215
		50.152266	-5.065556
		50.726024	-3.543949
		53.409532	-3.000126
		51.624837	-3.94495
		52.486125	-1.890507
		53.803895	-1.549931
		53.478239	-2.258549
		55.958426	-3.186893
		54.892406	-2.923222
		54.980766	-1.615849
		55.862982	-4.263554
		
g8		2799.80279485056	0.720019720514944	5	14	13	1	15	11	0	3	6	4	9	8	7	10	5	2	12		
		50.152266	-5.065556
		50.726024	-3.543949
		51.460852	-2.588139
		51.289406	1.075802
		51.488224	-3.186893
		52.486125	-1.890507
		53.803895	-1.549931
		53.751959	-0.335941
		53.478239	-2.258549
		55.958426	-3.186893
		54.892406	-2.923222
		54.980766	-1.615849
		55.862982	-4.263554
		53.409532	-3.000126
		51.512161	-0.116215
		51.624837	-3.94495
		
