c	14 13 1 10 9 8 7 3 6 4 5 0 11 12 2 15	2069.86851044364	0.793013148955636	14	13	1	10	9	8	7	3	6	4	5	0	11	12	2	15		
		50.152266	-5.065556
		50.726024	-3.543949
		51.460852	-2.588139
		55.862982	-4.263554
		55.958426	-3.186893
		54.892406	-2.923222
		54.980766	-1.615849
		53.803895	-1.549931
		53.751959	-0.335941
		53.478239	-2.258549
		53.409532	-3.000126
		52.486125	-1.890507
		51.488224	-3.186893
		51.624837	-3.94495
		51.512161	-0.116215
		51.289406	1.075802
		
c	10 8 3 6 5 11 12 14 13 2 4 0 1 9 7 15	2973.04050273643	0.702695949726357	10	8	3	6	5	11	12	14	13	2	4	0	1	9	7	15		
		55.862982	-4.263554
		54.892406	-2.923222
		53.803895	-1.549931
		53.751959	-0.335941
		53.409532	-3.000126
		51.488224	-3.186893
		51.624837	-3.94495
		50.152266	-5.065556
		50.726024	-3.543949
		51.512161	-0.116215
		53.478239	-2.258549
		52.486125	-1.890507
		51.460852	-2.588139
		55.958426	-3.186893
		54.980766	-1.615849
		51.289406	1.075802
		
c	12 14 13 10 9 8 4 5 0 7 3 6 11 2 1 15	2851.72284943061	0.714827715056939	12	14	13	10	9	8	4	5	0	7	3	6	11	2	1	15		
		51.624837	-3.94495
		50.152266	-5.065556
		50.726024	-3.543949
		55.862982	-4.263554
		55.958426	-3.186893
		54.892406	-2.923222
		53.478239	-2.258549
		53.409532	-3.000126
		52.486125	-1.890507
		54.980766	-1.615849
		53.803895	-1.549931
		53.751959	-0.335941
		51.488224	-3.186893
		51.512161	-0.116215
		51.460852	-2.588139
		51.289406	1.075802
		
c	11 12 0 14 13 2 10 9 8 7 3 6 4 5 1 15	2636.58641522706	0.736341358477294	11	12	0	14	13	2	10	9	8	7	3	6	4	5	1	15		
		51.488224	-3.186893
		51.624837	-3.94495
		52.486125	-1.890507
		50.152266	-5.065556
		50.726024	-3.543949
		51.512161	-0.116215
		55.862982	-4.263554
		55.958426	-3.186893
		54.892406	-2.923222
		54.980766	-1.615849
		53.803895	-1.549931
		53.751959	-0.335941
		53.478239	-2.258549
		53.409532	-3.000126
		51.460852	-2.588139
		51.289406	1.075802
		
c	10 9 8 7 4 5 0 11 12 14 13 1 2 6 3 15	2061.29809732598	0.793870190267402	10	9	8	7	4	5	0	11	12	14	13	1	2	6	3	15		
		55.862982	-4.263554
		55.958426	-3.186893
		54.892406	-2.923222
		54.980766	-1.615849
		53.478239	-2.258549
		53.409532	-3.000126
		52.486125	-1.890507
		51.488224	-3.186893
		51.624837	-3.94495
		50.152266	-5.065556
		50.726024	-3.543949
		51.460852	-2.588139
		51.512161	-0.116215
		53.751959	-0.335941
		53.803895	-1.549931
		51.289406	1.075802
		
c	8 7 3 6 4 5 0 2 11 12 14 13 1 10 9 15	2603.89860822555	0.739610139177445	8	7	3	6	4	5	0	2	11	12	14	13	1	10	9	15		
		54.892406	-2.923222
		54.980766	-1.615849
		53.803895	-1.549931
		53.751959	-0.335941
		53.478239	-2.258549
		53.409532	-3.000126
		52.486125	-1.890507
		51.512161	-0.116215
		51.488224	-3.186893
		51.624837	-3.94495
		50.152266	-5.065556
		50.726024	-3.543949
		51.460852	-2.588139
		55.862982	-4.263554
		55.958426	-3.186893
		51.289406	1.075802
		
c	10 8 4 5 0 1 11 3 12 14 13 7 6 2 9 15	3543.8176853775	0.64561823146225	10	8	4	5	0	1	11	3	12	14	13	7	6	2	9	15		
		55.862982	-4.263554
		54.892406	-2.923222
		53.478239	-2.258549
		53.409532	-3.000126
		52.486125	-1.890507
		51.460852	-2.588139
		51.488224	-3.186893
		53.803895	-1.549931
		51.624837	-3.94495
		50.152266	-5.065556
		50.726024	-3.543949
		54.980766	-1.615849
		53.751959	-0.335941
		51.512161	-0.116215
		55.958426	-3.186893
		51.289406	1.075802
		
c	8 7 3 6 4 5 0 2 11 12 14 13 1 9 10 15	2632.06573571652	0.736793426428348	8	7	3	6	4	5	0	2	11	12	14	13	1	9	10	15		
		54.892406	-2.923222
		54.980766	-1.615849
		53.803895	-1.549931
		53.751959	-0.335941
		53.478239	-2.258549
		53.409532	-3.000126
		52.486125	-1.890507
		51.512161	-0.116215
		51.488224	-3.186893
		51.624837	-3.94495
		50.152266	-5.065556
		50.726024	-3.543949
		51.460852	-2.588139
		55.958426	-3.186893
		55.862982	-4.263554
		51.289406	1.075802
		
c	5 0 11 7 9 10 8 12 6 3 4 1 14 13 2 15	2789.60760202488	0.721039239797512	5	0	11	7	9	10	8	12	6	3	4	1	14	13	2	15		
		53.409532	-3.000126
		52.486125	-1.890507
		51.488224	-3.186893
		54.980766	-1.615849
		55.958426	-3.186893
		55.862982	-4.263554
		54.892406	-2.923222
		51.624837	-3.94495
		53.751959	-0.335941
		53.803895	-1.549931
		53.478239	-2.258549
		51.460852	-2.588139
		50.152266	-5.065556
		50.726024	-3.543949
		51.512161	-0.116215
		51.289406	1.075802
		
c	6 4 5 0 12 14 13 1 11 10 9 8 7 3 2 15	2183.91795668612	0.781608204331388	6	4	5	0	12	14	13	1	11	10	9	8	7	3	2	15		
		53.751959	-0.335941
		53.478239	-2.258549
		53.409532	-3.000126
		52.486125	-1.890507
		51.624837	-3.94495
		50.152266	-5.065556
		50.726024	-3.543949
		51.460852	-2.588139
		51.488224	-3.186893
		55.862982	-4.263554
		55.958426	-3.186893
		54.892406	-2.923222
		54.980766	-1.615849
		53.803895	-1.549931
		51.512161	-0.116215
		51.289406	1.075802
		
c	5 0 1 11 12 14 10 8 4 9 7 3 6 13 2 15	2847.83133572234	0.715216866427766	5	0	1	11	12	14	10	8	4	9	7	3	6	13	2	15		
		53.409532	-3.000126
		52.486125	-1.890507
		51.460852	-2.588139
		51.488224	-3.186893
		51.624837	-3.94495
		50.152266	-5.065556
		55.862982	-4.263554
		54.892406	-2.923222
		53.478239	-2.258549
		55.958426	-3.186893
		54.980766	-1.615849
		53.803895	-1.549931
		53.751959	-0.335941
		50.726024	-3.543949
		51.512161	-0.116215
		51.289406	1.075802
		
c	10 9 8 4 5 0 7 3 6 12 14 13 1 11 2 15	2108.08978106845	0.789191021893155	10	9	8	4	5	0	7	3	6	12	14	13	1	11	2	15		
		55.862982	-4.263554
		55.958426	-3.186893
		54.892406	-2.923222
		53.478239	-2.258549
		53.409532	-3.000126
		52.486125	-1.890507
		54.980766	-1.615849
		53.803895	-1.549931
		53.751959	-0.335941
		51.624837	-3.94495
		50.152266	-5.065556
		50.726024	-3.543949
		51.460852	-2.588139
		51.488224	-3.186893
		51.512161	-0.116215
		51.289406	1.075802
		
c	9 7 3 6 5 0 8 4 1 11 12 14 13 10 2 15	2947.06137405508	0.705293862594492	9	7	3	6	5	0	8	4	1	11	12	14	13	10	2	15		
		55.958426	-3.186893
		54.980766	-1.615849
		53.803895	-1.549931
		53.751959	-0.335941
		53.409532	-3.000126
		52.486125	-1.890507
		54.892406	-2.923222
		53.478239	-2.258549
		51.460852	-2.588139
		51.488224	-3.186893
		51.624837	-3.94495
		50.152266	-5.065556
		50.726024	-3.543949
		55.862982	-4.263554
		51.512161	-0.116215
		51.289406	1.075802
		
c	4 5 0 11 10 9 8 7 3 6 12 14 13 1 2 15	2301.9006963949	0.76980993036051	4	5	0	11	10	9	8	7	3	6	12	14	13	1	2	15		
		53.478239	-2.258549
		53.409532	-3.000126
		52.486125	-1.890507
		51.488224	-3.186893
		55.862982	-4.263554
		55.958426	-3.186893
		54.892406	-2.923222
		54.980766	-1.615849
		53.803895	-1.549931
		53.751959	-0.335941
		51.624837	-3.94495
		50.152266	-5.065556
		50.726024	-3.543949
		51.460852	-2.588139
		51.512161	-0.116215
		51.289406	1.075802
		
c	6 3 4 5 0 11 12 14 13 1 2 10 9 8 7 15	2370.78593219039	0.762921406780961	6	3	4	5	0	11	12	14	13	1	2	10	9	8	7	15		
		53.751959	-0.335941
		53.803895	-1.549931
		53.478239	-2.258549
		53.409532	-3.000126
		52.486125	-1.890507
		51.488224	-3.186893
		51.624837	-3.94495
		50.152266	-5.065556
		50.726024	-3.543949
		51.460852	-2.588139
		51.512161	-0.116215
		55.862982	-4.263554
		55.958426	-3.186893
		54.892406	-2.923222
		54.980766	-1.615849
		51.289406	1.075802
		
c	6 4 5 11 9 10 8 7 3 0 12 14 13 1 2 15	2299.52890138131	0.770047109861869	6	4	5	11	9	10	8	7	3	0	12	14	13	1	2	15		
		53.751959	-0.335941
		53.478239	-2.258549
		53.409532	-3.000126
		51.488224	-3.186893
		55.958426	-3.186893
		55.862982	-4.263554
		54.892406	-2.923222
		54.980766	-1.615849
		53.803895	-1.549931
		52.486125	-1.890507
		51.624837	-3.94495
		50.152266	-5.065556
		50.726024	-3.543949
		51.460852	-2.588139
		51.512161	-0.116215
		51.289406	1.075802
		
c	12 2 6 10 9 8 7 3 4 5 0 11 14 13 1 15	2323.2106026153	0.76767893973847	12	2	6	10	9	8	7	3	4	5	0	11	14	13	1	15		
		51.624837	-3.94495
		51.512161	-0.116215
		53.751959	-0.335941
		55.862982	-4.263554
		55.958426	-3.186893
		54.892406	-2.923222
		54.980766	-1.615849
		53.803895	-1.549931
		53.478239	-2.258549
		53.409532	-3.000126
		52.486125	-1.890507
		51.488224	-3.186893
		50.152266	-5.065556
		50.726024	-3.543949
		51.460852	-2.588139
		51.289406	1.075802
		
c	12 14 13 1 0 4 5 11 2 9 10 8 7 6 3 15	2519.36264472749	0.748063735527251	12	14	13	1	0	4	5	11	2	9	10	8	7	6	3	15		
		51.624837	-3.94495
		50.152266	-5.065556
		50.726024	-3.543949
		51.460852	-2.588139
		52.486125	-1.890507
		53.478239	-2.258549
		53.409532	-3.000126
		51.488224	-3.186893
		51.512161	-0.116215
		55.958426	-3.186893
		55.862982	-4.263554
		54.892406	-2.923222
		54.980766	-1.615849
		53.751959	-0.335941
		53.803895	-1.549931
		51.289406	1.075802
		
c	11 14 13 1 12 2 6 10 9 8 7 3 4 5 0 15	2264.87667221086	0.773512332778914	11	14	13	1	12	2	6	10	9	8	7	3	4	5	0	15		
		51.488224	-3.186893
		50.152266	-5.065556
		50.726024	-3.543949
		51.460852	-2.588139
		51.624837	-3.94495
		51.512161	-0.116215
		53.751959	-0.335941
		55.862982	-4.263554
		55.958426	-3.186893
		54.892406	-2.923222
		54.980766	-1.615849
		53.803895	-1.549931
		53.478239	-2.258549
		53.409532	-3.000126
		52.486125	-1.890507
		51.289406	1.075802
		
c	2 9 10 8 7 4 5 0 11 12 14 13 1 3 6 15	2420.58166416191	0.757941833583809	2	9	10	8	7	4	5	0	11	12	14	13	1	3	6	15		
		51.512161	-0.116215
		55.958426	-3.186893
		55.862982	-4.263554
		54.892406	-2.923222
		54.980766	-1.615849
		53.478239	-2.258549
		53.409532	-3.000126
		52.486125	-1.890507
		51.488224	-3.186893
		51.624837	-3.94495
		50.152266	-5.065556
		50.726024	-3.543949
		51.460852	-2.588139
		53.803895	-1.549931
		53.751959	-0.335941
		51.289406	1.075802
		
c	4 5 0 11 12 14 13 1 9 10 8 7 3 6 2 15	2123.0601422662	0.78769398577338	4	5	0	11	12	14	13	1	9	10	8	7	3	6	2	15		
		53.478239	-2.258549
		53.409532	-3.000126
		52.486125	-1.890507
		51.488224	-3.186893
		51.624837	-3.94495
		50.152266	-5.065556
		50.726024	-3.543949
		51.460852	-2.588139
		55.958426	-3.186893
		55.862982	-4.263554
		54.892406	-2.923222
		54.980766	-1.615849
		53.803895	-1.549931
		53.751959	-0.335941
		51.512161	-0.116215
		51.289406	1.075802
		
c	0 11 12 4 5 14 13 1 10 9 8 7 3 6 2 15	2421.82468378367	0.757817531621633	0	11	12	4	5	14	13	1	10	9	8	7	3	6	2	15		
		52.486125	-1.890507
		51.488224	-3.186893
		51.624837	-3.94495
		53.478239	-2.258549
		53.409532	-3.000126
		50.152266	-5.065556
		50.726024	-3.543949
		51.460852	-2.588139
		55.862982	-4.263554
		55.958426	-3.186893
		54.892406	-2.923222
		54.980766	-1.615849
		53.803895	-1.549931
		53.751959	-0.335941
		51.512161	-0.116215
		51.289406	1.075802
		
c	2 5 0 12 14 13 1 11 7 9 10 8 3 6 4 15	2485.41154789109	0.751458845210891	2	5	0	12	14	13	1	11	7	9	10	8	3	6	4	15		
		51.512161	-0.116215
		53.409532	-3.000126
		52.486125	-1.890507
		51.624837	-3.94495
		50.152266	-5.065556
		50.726024	-3.543949
		51.460852	-2.588139
		51.488224	-3.186893
		54.980766	-1.615849
		55.958426	-3.186893
		55.862982	-4.263554
		54.892406	-2.923222
		53.803895	-1.549931
		53.751959	-0.335941
		53.478239	-2.258549
		51.289406	1.075802
		
c	2 1 11 12 14 13 4 5 10 9 8 7 3 6 0 15	2127.62224979658	0.787237775020343	2	1	11	12	14	13	4	5	10	9	8	7	3	6	0	15		
		51.512161	-0.116215
		51.460852	-2.588139
		51.488224	-3.186893
		51.624837	-3.94495
		50.152266	-5.065556
		50.726024	-3.543949
		53.478239	-2.258549
		53.409532	-3.000126
		55.862982	-4.263554
		55.958426	-3.186893
		54.892406	-2.923222
		54.980766	-1.615849
		53.803895	-1.549931
		53.751959	-0.335941
		52.486125	-1.890507
		51.289406	1.075802
		
c	2 10 9 8 7 4 5 0 11 12 14 13 1 3 6 15	2424.49096121186	0.757550903878814	2	10	9	8	7	4	5	0	11	12	14	13	1	3	6	15		
		51.512161	-0.116215
		55.862982	-4.263554
		55.958426	-3.186893
		54.892406	-2.923222
		54.980766	-1.615849
		53.478239	-2.258549
		53.409532	-3.000126
		52.486125	-1.890507
		51.488224	-3.186893
		51.624837	-3.94495
		50.152266	-5.065556
		50.726024	-3.543949
		51.460852	-2.588139
		53.803895	-1.549931
		53.751959	-0.335941
		51.289406	1.075802
		
c	11 12 0 1 3 14 13 10 9 8 6 7 4 5 2 15	2941.81970200284	0.705818029799716	11	12	0	1	3	14	13	10	9	8	6	7	4	5	2	15		
		51.488224	-3.186893
		51.624837	-3.94495
		52.486125	-1.890507
		51.460852	-2.588139
		53.803895	-1.549931
		50.152266	-5.065556
		50.726024	-3.543949
		55.862982	-4.263554
		55.958426	-3.186893
		54.892406	-2.923222
		53.751959	-0.335941
		54.980766	-1.615849
		53.478239	-2.258549
		53.409532	-3.000126
		51.512161	-0.116215
		51.289406	1.075802
		
c	6 11 12 14 13 1 9 10 8 7 3 4 5 0 2 15	2190.12978255223	0.780987021744777	6	11	12	14	13	1	9	10	8	7	3	4	5	0	2	15		
		53.751959	-0.335941
		51.488224	-3.186893
		51.624837	-3.94495
		50.152266	-5.065556
		50.726024	-3.543949
		51.460852	-2.588139
		55.958426	-3.186893
		55.862982	-4.263554
		54.892406	-2.923222
		54.980766	-1.615849
		53.803895	-1.549931
		53.478239	-2.258549
		53.409532	-3.000126
		52.486125	-1.890507
		51.512161	-0.116215
		51.289406	1.075802
		
c	13 10 8 3 4 5 0 1 11 12 14 6 9 7 2 15	2949.81413631557	0.705018586368443	13	10	8	3	4	5	0	1	11	12	14	6	9	7	2	15		
		50.726024	-3.543949
		55.862982	-4.263554
		54.892406	-2.923222
		53.803895	-1.549931
		53.478239	-2.258549
		53.409532	-3.000126
		52.486125	-1.890507
		51.460852	-2.588139
		51.488224	-3.186893
		51.624837	-3.94495
		50.152266	-5.065556
		53.751959	-0.335941
		55.958426	-3.186893
		54.980766	-1.615849
		51.512161	-0.116215
		51.289406	1.075802
		
c	10 7 9 8 4 5 6 3 0 1 11 12 14 13 2 15	1949.07885023118	0.805092114976882	10	7	9	8	4	5	6	3	0	1	11	12	14	13	2	15		
		55.862982	-4.263554
		54.980766	-1.615849
		55.958426	-3.186893
		54.892406	-2.923222
		53.478239	-2.258549
		53.409532	-3.000126
		53.751959	-0.335941
		53.803895	-1.549931
		52.486125	-1.890507
		51.460852	-2.588139
		51.488224	-3.186893
		51.624837	-3.94495
		50.152266	-5.065556
		50.726024	-3.543949
		51.512161	-0.116215
		51.289406	1.075802
		
c	4 5 0 12 14 13 1 11 7 9 3 8 10 6 2 15	2578.33765448151	0.742166234551849	4	5	0	12	14	13	1	11	7	9	3	8	10	6	2	15		
		53.478239	-2.258549
		53.409532	-3.000126
		52.486125	-1.890507
		51.624837	-3.94495
		50.152266	-5.065556
		50.726024	-3.543949
		51.460852	-2.588139
		51.488224	-3.186893
		54.980766	-1.615849
		55.958426	-3.186893
		53.803895	-1.549931
		54.892406	-2.923222
		55.862982	-4.263554
		53.751959	-0.335941
		51.512161	-0.116215
		51.289406	1.075802
		
c	2 4 5 0 11 12 14 13 1 10 9 8 7 6 3 15	2392.23658988219	0.760776341011781	2	4	5	0	11	12	14	13	1	10	9	8	7	6	3	15		
		51.512161	-0.116215
		53.478239	-2.258549
		53.409532	-3.000126
		52.486125	-1.890507
		51.488224	-3.186893
		51.624837	-3.94495
		50.152266	-5.065556
		50.726024	-3.543949
		51.460852	-2.588139
		55.862982	-4.263554
		55.958426	-3.186893
		54.892406	-2.923222
		54.980766	-1.615849
		53.751959	-0.335941
		53.803895	-1.549931
		51.289406	1.075802
		
c	8 7 6 3 10 9 4 5 0 1 11 12 14 13 2 15	2005.45469436971	0.799454530563029	8	7	6	3	10	9	4	5	0	1	11	12	14	13	2	15		
		54.892406	-2.923222
		54.980766	-1.615849
		53.751959	-0.335941
		53.803895	-1.549931
		55.862982	-4.263554
		55.958426	-3.186893
		53.478239	-2.258549
		53.409532	-3.000126
		52.486125	-1.890507
		51.460852	-2.588139
		51.488224	-3.186893
		51.624837	-3.94495
		50.152266	-5.065556
		50.726024	-3.543949
		51.512161	-0.116215
		51.289406	1.075802
		
c	1 11 12 14 13 4 5 10 9 8 7 3 6 0 2 15	1962.24497248392	0.803775502751608	1	11	12	14	13	4	5	10	9	8	7	3	6	0	2	15		
		51.460852	-2.588139
		51.488224	-3.186893
		51.624837	-3.94495
		50.152266	-5.065556
		50.726024	-3.543949
		53.478239	-2.258549
		53.409532	-3.000126
		55.862982	-4.263554
		55.958426	-3.186893
		54.892406	-2.923222
		54.980766	-1.615849
		53.803895	-1.549931
		53.751959	-0.335941
		52.486125	-1.890507
		51.512161	-0.116215
		51.289406	1.075802
		
c	9 8 7 6 3 4 5 0 1 11 12 14 13 2 10 15	2634.16472912646	0.736583527087354	9	8	7	6	3	4	5	0	1	11	12	14	13	2	10	15		
		55.958426	-3.186893
		54.892406	-2.923222
		54.980766	-1.615849
		53.751959	-0.335941
		53.803895	-1.549931
		53.478239	-2.258549
		53.409532	-3.000126
		52.486125	-1.890507
		51.460852	-2.588139
		51.488224	-3.186893
		51.624837	-3.94495
		50.152266	-5.065556
		50.726024	-3.543949
		51.512161	-0.116215
		55.862982	-4.263554
		51.289406	1.075802
		
c	1 10 9 8 14 13 0 12 7 3 6 4 5 11 2 15	3065.5989867407	0.69344010132593	1	10	9	8	14	13	0	12	7	3	6	4	5	11	2	15		
		51.460852	-2.588139
		55.862982	-4.263554
		55.958426	-3.186893
		54.892406	-2.923222
		50.152266	-5.065556
		50.726024	-3.543949
		52.486125	-1.890507
		51.624837	-3.94495
		54.980766	-1.615849
		53.803895	-1.549931
		53.751959	-0.335941
		53.478239	-2.258549
		53.409532	-3.000126
		51.488224	-3.186893
		51.512161	-0.116215
		51.289406	1.075802
		
c	8 7 12 14 13 1 4 5 0 11 10 9 3 6 2 15	2681.11124332755	0.731888875667245	8	7	12	14	13	1	4	5	0	11	10	9	3	6	2	15		
		54.892406	-2.923222
		54.980766	-1.615849
		51.624837	-3.94495
		50.152266	-5.065556
		50.726024	-3.543949
		51.460852	-2.588139
		53.478239	-2.258549
		53.409532	-3.000126
		52.486125	-1.890507
		51.488224	-3.186893
		55.862982	-4.263554
		55.958426	-3.186893
		53.803895	-1.549931
		53.751959	-0.335941
		51.512161	-0.116215
		51.289406	1.075802
		
c	1 11 12 14 13 2 6 10 9 8 7 3 4 5 0 15	2132.65685478154	0.786734314521846	1	11	12	14	13	2	6	10	9	8	7	3	4	5	0	15		
		51.460852	-2.588139
		51.488224	-3.186893
		51.624837	-3.94495
		50.152266	-5.065556
		50.726024	-3.543949
		51.512161	-0.116215
		53.751959	-0.335941
		55.862982	-4.263554
		55.958426	-3.186893
		54.892406	-2.923222
		54.980766	-1.615849
		53.803895	-1.549931
		53.478239	-2.258549
		53.409532	-3.000126
		52.486125	-1.890507
		51.289406	1.075802
		
c	11 12 14 13 1 9 10 8 7 3 6 4 5 0 2 15	2024.61000556949	0.797538999443051	11	12	14	13	1	9	10	8	7	3	6	4	5	0	2	15		
		51.488224	-3.186893
		51.624837	-3.94495
		50.152266	-5.065556
		50.726024	-3.543949
		51.460852	-2.588139
		55.958426	-3.186893
		55.862982	-4.263554
		54.892406	-2.923222
		54.980766	-1.615849
		53.803895	-1.549931
		53.751959	-0.335941
		53.478239	-2.258549
		53.409532	-3.000126
		52.486125	-1.890507
		51.512161	-0.116215
		51.289406	1.075802
		
c	14 13 1 2 11 12 4 5 10 9 8 7 3 6 0 15	2139.6239407636	0.78603760592364	14	13	1	2	11	12	4	5	10	9	8	7	3	6	0	15		
		50.152266	-5.065556
		50.726024	-3.543949
		51.460852	-2.588139
		51.512161	-0.116215
		51.488224	-3.186893
		51.624837	-3.94495
		53.478239	-2.258549
		53.409532	-3.000126
		55.862982	-4.263554
		55.958426	-3.186893
		54.892406	-2.923222
		54.980766	-1.615849
		53.803895	-1.549931
		53.751959	-0.335941
		52.486125	-1.890507
		51.289406	1.075802
		
c	0 1 6 7 9 10 8 4 5 11 3 12 14 13 2 15	2578.12867205417	0.742187132794583	0	1	6	7	9	10	8	4	5	11	3	12	14	13	2	15		
		52.486125	-1.890507
		51.460852	-2.588139
		53.751959	-0.335941
		54.980766	-1.615849
		55.958426	-3.186893
		55.862982	-4.263554
		54.892406	-2.923222
		53.478239	-2.258549
		53.409532	-3.000126
		51.488224	-3.186893
		53.803895	-1.549931
		51.624837	-3.94495
		50.152266	-5.065556
		50.726024	-3.543949
		51.512161	-0.116215
		51.289406	1.075802
		
c	7 6 10 9 8 3 4 5 0 1 11 12 14 13 2 15	1944.94835383902	0.805505164616098	7	6	10	9	8	3	4	5	0	1	11	12	14	13	2	15		
		54.980766	-1.615849
		53.751959	-0.335941
		55.862982	-4.263554
		55.958426	-3.186893
		54.892406	-2.923222
		53.803895	-1.549931
		53.478239	-2.258549
		53.409532	-3.000126
		52.486125	-1.890507
		51.460852	-2.588139
		51.488224	-3.186893
		51.624837	-3.94495
		50.152266	-5.065556
		50.726024	-3.543949
		51.512161	-0.116215
		51.289406	1.075802
		
c	1 11 12 6 3 4 5 0 10 9 8 7 14 13 2 15	2479.97397122884	0.752002602877116	1	11	12	6	3	4	5	0	10	9	8	7	14	13	2	15		
		51.460852	-2.588139
		51.488224	-3.186893
		51.624837	-3.94495
		53.751959	-0.335941
		53.803895	-1.549931
		53.478239	-2.258549
		53.409532	-3.000126
		52.486125	-1.890507
		55.862982	-4.263554
		55.958426	-3.186893
		54.892406	-2.923222
		54.980766	-1.615849
		50.152266	-5.065556
		50.726024	-3.543949
		51.512161	-0.116215
		51.289406	1.075802
		
c	5 0 1 11 12 14 9 10 8 7 6 3 4 13 2 15	2433.26064162474	0.756673935837526	5	0	1	11	12	14	9	10	8	7	6	3	4	13	2	15		
		53.409532	-3.000126
		52.486125	-1.890507
		51.460852	-2.588139
		51.488224	-3.186893
		51.624837	-3.94495
		50.152266	-5.065556
		55.958426	-3.186893
		55.862982	-4.263554
		54.892406	-2.923222
		54.980766	-1.615849
		53.751959	-0.335941
		53.803895	-1.549931
		53.478239	-2.258549
		50.726024	-3.543949
		51.512161	-0.116215
		51.289406	1.075802
		
c	12 14 7 6 3 4 5 0 1 11 13 10 9 8 2 15	2762.56196565326	0.723743803434673	12	14	7	6	3	4	5	0	1	11	13	10	9	8	2	15		
		51.624837	-3.94495
		50.152266	-5.065556
		54.980766	-1.615849
		53.751959	-0.335941
		53.803895	-1.549931
		53.478239	-2.258549
		53.409532	-3.000126
		52.486125	-1.890507
		51.460852	-2.588139
		51.488224	-3.186893
		50.726024	-3.543949
		55.862982	-4.263554
		55.958426	-3.186893
		54.892406	-2.923222
		51.512161	-0.116215
		51.289406	1.075802
		
c	8 7 6 3 4 5 0 1 11 12 14 13 9 10 2 15	2377.9375815819	0.76220624184181	8	7	6	3	4	5	0	1	11	12	14	13	9	10	2	15		
		54.892406	-2.923222
		54.980766	-1.615849
		53.751959	-0.335941
		53.803895	-1.549931
		53.478239	-2.258549
		53.409532	-3.000126
		52.486125	-1.890507
		51.460852	-2.588139
		51.488224	-3.186893
		51.624837	-3.94495
		50.152266	-5.065556
		50.726024	-3.543949
		55.958426	-3.186893
		55.862982	-4.263554
		51.512161	-0.116215
		51.289406	1.075802
		
c	4 5 0 11 12 14 13 1 10 9 8 7 3 6 2 15	2105.6810716905	0.789431892830951	4	5	0	11	12	14	13	1	10	9	8	7	3	6	2	15		
		53.478239	-2.258549
		53.409532	-3.000126
		52.486125	-1.890507
		51.488224	-3.186893
		51.624837	-3.94495
		50.152266	-5.065556
		50.726024	-3.543949
		51.460852	-2.588139
		55.862982	-4.263554
		55.958426	-3.186893
		54.892406	-2.923222
		54.980766	-1.615849
		53.803895	-1.549931
		53.751959	-0.335941
		51.512161	-0.116215
		51.289406	1.075802
		
c	6 4 5 0 1 11 12 14 13 2 10 9 8 7 3 15	2377.30779744529	0.762269220255471	6	4	5	0	1	11	12	14	13	2	10	9	8	7	3	15		
		53.751959	-0.335941
		53.478239	-2.258549
		53.409532	-3.000126
		52.486125	-1.890507
		51.460852	-2.588139
		51.488224	-3.186893
		51.624837	-3.94495
		50.152266	-5.065556
		50.726024	-3.543949
		51.512161	-0.116215
		55.862982	-4.263554
		55.958426	-3.186893
		54.892406	-2.923222
		54.980766	-1.615849
		53.803895	-1.549931
		51.289406	1.075802
		
c	0 10 9 8 7 3 6 4 5 11 12 14 13 1 2 15	2007.20352489847	0.799279647510153	0	10	9	8	7	3	6	4	5	11	12	14	13	1	2	15		
		52.486125	-1.890507
		55.862982	-4.263554
		55.958426	-3.186893
		54.892406	-2.923222
		54.980766	-1.615849
		53.803895	-1.549931
		53.751959	-0.335941
		53.478239	-2.258549
		53.409532	-3.000126
		51.488224	-3.186893
		51.624837	-3.94495
		50.152266	-5.065556
		50.726024	-3.543949
		51.460852	-2.588139
		51.512161	-0.116215
		51.289406	1.075802
		
c	10 9 8 7 3 6 4 5 0 2 1 11 12 14 13 15	1855.66161539725	0.814433838460275	10	9	8	7	3	6	4	5	0	2	1	11	12	14	13	15		
		55.862982	-4.263554
		55.958426	-3.186893
		54.892406	-2.923222
		54.980766	-1.615849
		53.803895	-1.549931
		53.751959	-0.335941
		53.478239	-2.258549
		53.409532	-3.000126
		52.486125	-1.890507
		51.512161	-0.116215
		51.460852	-2.588139
		51.488224	-3.186893
		51.624837	-3.94495
		50.152266	-5.065556
		50.726024	-3.543949
		51.289406	1.075802
		
c	12 11 1 14 13 10 9 8 4 5 0 7 6 3 2 15	2425.2556272827	0.75747443727173	12	11	1	14	13	10	9	8	4	5	0	7	6	3	2	15		
		51.624837	-3.94495
		51.488224	-3.186893
		51.460852	-2.588139
		50.152266	-5.065556
		50.726024	-3.543949
		55.862982	-4.263554
		55.958426	-3.186893
		54.892406	-2.923222
		53.478239	-2.258549
		53.409532	-3.000126
		52.486125	-1.890507
		54.980766	-1.615849
		53.751959	-0.335941
		53.803895	-1.549931
		51.512161	-0.116215
		51.289406	1.075802
		
c	11 4 5 0 12 14 13 1 2 9 10 8 7 6 3 15	2554.18525347438	0.744581474652562	11	4	5	0	12	14	13	1	2	9	10	8	7	6	3	15		
		51.488224	-3.186893
		53.478239	-2.258549
		53.409532	-3.000126
		52.486125	-1.890507
		51.624837	-3.94495
		50.152266	-5.065556
		50.726024	-3.543949
		51.460852	-2.588139
		51.512161	-0.116215
		55.958426	-3.186893
		55.862982	-4.263554
		54.892406	-2.923222
		54.980766	-1.615849
		53.751959	-0.335941
		53.803895	-1.549931
		51.289406	1.075802
		
c	0 12 4 5 11 14 13 1 2 9 10 8 7 6 3 15	2663.98327776837	0.733601672223163	0	12	4	5	11	14	13	1	2	9	10	8	7	6	3	15		
		52.486125	-1.890507
		51.624837	-3.94495
		53.478239	-2.258549
		53.409532	-3.000126
		51.488224	-3.186893
		50.152266	-5.065556
		50.726024	-3.543949
		51.460852	-2.588139
		51.512161	-0.116215
		55.958426	-3.186893
		55.862982	-4.263554
		54.892406	-2.923222
		54.980766	-1.615849
		53.751959	-0.335941
		53.803895	-1.549931
		51.289406	1.075802
		
c	3 4 9 10 8 7 6 5 0 11 12 14 13 1 2 15	1963.56022252531	0.803643977747469	3	4	9	10	8	7	6	5	0	11	12	14	13	1	2	15		
		53.803895	-1.549931
		53.478239	-2.258549
		55.958426	-3.186893
		55.862982	-4.263554
		54.892406	-2.923222
		54.980766	-1.615849
		53.751959	-0.335941
		53.409532	-3.000126
		52.486125	-1.890507
		51.488224	-3.186893
		51.624837	-3.94495
		50.152266	-5.065556
		50.726024	-3.543949
		51.460852	-2.588139
		51.512161	-0.116215
		51.289406	1.075802
		
c	7 9 10 8 4 5 6 3 0 1 11 12 14 13 2 15	1840.75111545514	0.815924888454486	7	9	10	8	4	5	6	3	0	1	11	12	14	13	2	15		
		54.980766	-1.615849
		55.958426	-3.186893
		55.862982	-4.263554
		54.892406	-2.923222
		53.478239	-2.258549
		53.409532	-3.000126
		53.751959	-0.335941
		53.803895	-1.549931
		52.486125	-1.890507
		51.460852	-2.588139
		51.488224	-3.186893
		51.624837	-3.94495
		50.152266	-5.065556
		50.726024	-3.543949
		51.512161	-0.116215
		51.289406	1.075802
		
c	11 12 0 14 13 10 9 8 7 6 3 4 5 1 2 15	2359.92010998085	0.764007989001915	11	12	0	14	13	10	9	8	7	6	3	4	5	1	2	15		
		51.488224	-3.186893
		51.624837	-3.94495
		52.486125	-1.890507
		50.152266	-5.065556
		50.726024	-3.543949
		55.862982	-4.263554
		55.958426	-3.186893
		54.892406	-2.923222
		54.980766	-1.615849
		53.751959	-0.335941
		53.803895	-1.549931
		53.478239	-2.258549
		53.409532	-3.000126
		51.460852	-2.588139
		51.512161	-0.116215
		51.289406	1.075802
		
c	4 5 0 11 12 14 13 1 2 6 10 9 8 7 3 15	2284.11240903803	0.771588759096197	4	5	0	11	12	14	13	1	2	6	10	9	8	7	3	15		
		53.478239	-2.258549
		53.409532	-3.000126
		52.486125	-1.890507
		51.488224	-3.186893
		51.624837	-3.94495
		50.152266	-5.065556
		50.726024	-3.543949
		51.460852	-2.588139
		51.512161	-0.116215
		53.751959	-0.335941
		55.862982	-4.263554
		55.958426	-3.186893
		54.892406	-2.923222
		54.980766	-1.615849
		53.803895	-1.549931
		51.289406	1.075802
		
c	0 11 12 1 14 13 3 6 7 9 10 8 4 5 2 15	2191.03064281967	0.780896935718033	0	11	12	1	14	13	3	6	7	9	10	8	4	5	2	15		
		52.486125	-1.890507
		51.488224	-3.186893
		51.624837	-3.94495
		51.460852	-2.588139
		50.152266	-5.065556
		50.726024	-3.543949
		53.803895	-1.549931
		53.751959	-0.335941
		54.980766	-1.615849
		55.958426	-3.186893
		55.862982	-4.263554
		54.892406	-2.923222
		53.478239	-2.258549
		53.409532	-3.000126
		51.512161	-0.116215
		51.289406	1.075802
		
c	3 4 0 10 9 8 7 6 5 11 12 14 13 1 2 15	2128.07734109084	0.787192265890916	3	4	0	10	9	8	7	6	5	11	12	14	13	1	2	15		
		53.803895	-1.549931
		53.478239	-2.258549
		52.486125	-1.890507
		55.862982	-4.263554
		55.958426	-3.186893
		54.892406	-2.923222
		54.980766	-1.615849
		53.751959	-0.335941
		53.409532	-3.000126
		51.488224	-3.186893
		51.624837	-3.94495
		50.152266	-5.065556
		50.726024	-3.543949
		51.460852	-2.588139
		51.512161	-0.116215
		51.289406	1.075802
		
c	10 9 8 7 3 6 4 5 11 2 0 12 14 13 1 15	2089.40362494634	0.791059637505366	10	9	8	7	3	6	4	5	11	2	0	12	14	13	1	15		
		55.862982	-4.263554
		55.958426	-3.186893
		54.892406	-2.923222
		54.980766	-1.615849
		53.803895	-1.549931
		53.751959	-0.335941
		53.478239	-2.258549
		53.409532	-3.000126
		51.488224	-3.186893
		51.512161	-0.116215
		52.486125	-1.890507
		51.624837	-3.94495
		50.152266	-5.065556
		50.726024	-3.543949
		51.460852	-2.588139
		51.289406	1.075802
		
c	3 6 10 9 8 7 4 5 0 11 12 14 13 1 2 15	1911.03917637999	0.808896082362001	3	6	10	9	8	7	4	5	0	11	12	14	13	1	2	15		
		53.803895	-1.549931
		53.751959	-0.335941
		55.862982	-4.263554
		55.958426	-3.186893
		54.892406	-2.923222
		54.980766	-1.615849
		53.478239	-2.258549
		53.409532	-3.000126
		52.486125	-1.890507
		51.488224	-3.186893
		51.624837	-3.94495
		50.152266	-5.065556
		50.726024	-3.543949
		51.460852	-2.588139
		51.512161	-0.116215
		51.289406	1.075802
		
c	9 8 7 6 3 4 5 0 1 11 12 14 13 10 2 15	2420.59790946137	0.757940209053863	9	8	7	6	3	4	5	0	1	11	12	14	13	10	2	15		
		55.958426	-3.186893
		54.892406	-2.923222
		54.980766	-1.615849
		53.751959	-0.335941
		53.803895	-1.549931
		53.478239	-2.258549
		53.409532	-3.000126
		52.486125	-1.890507
		51.460852	-2.588139
		51.488224	-3.186893
		51.624837	-3.94495
		50.152266	-5.065556
		50.726024	-3.543949
		55.862982	-4.263554
		51.512161	-0.116215
		51.289406	1.075802
		
c	10 9 8 7 6 3 2 11 14 13 1 12 4 5 0 15	2176.78617975476	0.782321382024524	10	9	8	7	6	3	2	11	14	13	1	12	4	5	0	15		
		55.862982	-4.263554
		55.958426	-3.186893
		54.892406	-2.923222
		54.980766	-1.615849
		53.751959	-0.335941
		53.803895	-1.549931
		51.512161	-0.116215
		51.488224	-3.186893
		50.152266	-5.065556
		50.726024	-3.543949
		51.460852	-2.588139
		51.624837	-3.94495
		53.478239	-2.258549
		53.409532	-3.000126
		52.486125	-1.890507
		51.289406	1.075802
		
c	8 4 5 0 1 11 14 13 12 6 7 9 10 3 2 15	2292.71403493265	0.770728596506735	8	4	5	0	1	11	14	13	12	6	7	9	10	3	2	15		
		54.892406	-2.923222
		53.478239	-2.258549
		53.409532	-3.000126
		52.486125	-1.890507
		51.460852	-2.588139
		51.488224	-3.186893
		50.152266	-5.065556
		50.726024	-3.543949
		51.624837	-3.94495
		53.751959	-0.335941
		54.980766	-1.615849
		55.958426	-3.186893
		55.862982	-4.263554
		53.803895	-1.549931
		51.512161	-0.116215
		51.289406	1.075802
		
c	8 4 0 11 12 1 14 13 3 6 7 9 10 5 2 15	2401.84703021982	0.759815296978019	8	4	0	11	12	1	14	13	3	6	7	9	10	5	2	15		
		54.892406	-2.923222
		53.478239	-2.258549
		52.486125	-1.890507
		51.488224	-3.186893
		51.624837	-3.94495
		51.460852	-2.588139
		50.152266	-5.065556
		50.726024	-3.543949
		53.803895	-1.549931
		53.751959	-0.335941
		54.980766	-1.615849
		55.958426	-3.186893
		55.862982	-4.263554
		53.409532	-3.000126
		51.512161	-0.116215
		51.289406	1.075802
		
c	7 6 3 4 5 0 1 11 12 14 13 10 9 8 2 15	2268.84073114166	0.773115926885834	7	6	3	4	5	0	1	11	12	14	13	10	9	8	2	15		
		54.980766	-1.615849
		53.751959	-0.335941
		53.803895	-1.549931
		53.478239	-2.258549
		53.409532	-3.000126
		52.486125	-1.890507
		51.460852	-2.588139
		51.488224	-3.186893
		51.624837	-3.94495
		50.152266	-5.065556
		50.726024	-3.543949
		55.862982	-4.263554
		55.958426	-3.186893
		54.892406	-2.923222
		51.512161	-0.116215
		51.289406	1.075802
		
c	2 12 14 13 1 4 5 0 11 10 9 8 7 3 6 15	2485.44427543918	0.751455572456082	2	12	14	13	1	4	5	0	11	10	9	8	7	3	6	15		
		51.512161	-0.116215
		51.624837	-3.94495
		50.152266	-5.065556
		50.726024	-3.543949
		51.460852	-2.588139
		53.478239	-2.258549
		53.409532	-3.000126
		52.486125	-1.890507
		51.488224	-3.186893
		55.862982	-4.263554
		55.958426	-3.186893
		54.892406	-2.923222
		54.980766	-1.615849
		53.803895	-1.549931
		53.751959	-0.335941
		51.289406	1.075802
		
c	6 10 9 8 7 3 4 5 0 11 12 14 13 1 2 15	1848.88482644419	0.815111517355581	6	10	9	8	7	3	4	5	0	11	12	14	13	1	2	15		
		53.751959	-0.335941
		55.862982	-4.263554
		55.958426	-3.186893
		54.892406	-2.923222
		54.980766	-1.615849
		53.803895	-1.549931
		53.478239	-2.258549
		53.409532	-3.000126
		52.486125	-1.890507
		51.488224	-3.186893
		51.624837	-3.94495
		50.152266	-5.065556
		50.726024	-3.543949
		51.460852	-2.588139
		51.512161	-0.116215
		51.289406	1.075802
		
c	7 6 3 4 5 10 9 8 0 1 11 12 14 13 2 15	1964.57605889147	0.803542394110853	7	6	3	4	5	10	9	8	0	1	11	12	14	13	2	15		
		54.980766	-1.615849
		53.751959	-0.335941
		53.803895	-1.549931
		53.478239	-2.258549
		53.409532	-3.000126
		55.862982	-4.263554
		55.958426	-3.186893
		54.892406	-2.923222
		52.486125	-1.890507
		51.460852	-2.588139
		51.488224	-3.186893
		51.624837	-3.94495
		50.152266	-5.065556
		50.726024	-3.543949
		51.512161	-0.116215
		51.289406	1.075802
		
c	14 13 6 5 0 1 11 7 9 10 8 4 12 3 2 15	2801.0140827315	0.71989859172685	14	13	6	5	0	1	11	7	9	10	8	4	12	3	2	15		
		50.152266	-5.065556
		50.726024	-3.543949
		53.751959	-0.335941
		53.409532	-3.000126
		52.486125	-1.890507
		51.460852	-2.588139
		51.488224	-3.186893
		54.980766	-1.615849
		55.958426	-3.186893
		55.862982	-4.263554
		54.892406	-2.923222
		53.478239	-2.258549
		51.624837	-3.94495
		53.803895	-1.549931
		51.512161	-0.116215
		51.289406	1.075802
		
c	13 1 2 9 10 8 7 6 3 4 5 0 11 12 14 15	2403.82829443859	0.759617170556141	13	1	2	9	10	8	7	6	3	4	5	0	11	12	14	15		
		50.726024	-3.543949
		51.460852	-2.588139
		51.512161	-0.116215
		55.958426	-3.186893
		55.862982	-4.263554
		54.892406	-2.923222
		54.980766	-1.615849
		53.751959	-0.335941
		53.803895	-1.549931
		53.478239	-2.258549
		53.409532	-3.000126
		52.486125	-1.890507
		51.488224	-3.186893
		51.624837	-3.94495
		50.152266	-5.065556
		51.289406	1.075802
		
c	4 12 14 10 8 5 0 1 11 13 6 7 9 3 2 15	3065.06242968968	0.693493757031032	4	12	14	10	8	5	0	1	11	13	6	7	9	3	2	15		
		53.478239	-2.258549
		51.624837	-3.94495
		50.152266	-5.065556
		55.862982	-4.263554
		54.892406	-2.923222
		53.409532	-3.000126
		52.486125	-1.890507
		51.460852	-2.588139
		51.488224	-3.186893
		50.726024	-3.543949
		53.751959	-0.335941
		54.980766	-1.615849
		55.958426	-3.186893
		53.803895	-1.549931
		51.512161	-0.116215
		51.289406	1.075802
		
c	1 10 9 8 5 0 12 14 13 11 7 3 6 4 2 15	2638.42581796419	0.736157418203581	1	10	9	8	5	0	12	14	13	11	7	3	6	4	2	15		
		51.460852	-2.588139
		55.862982	-4.263554
		55.958426	-3.186893
		54.892406	-2.923222
		53.409532	-3.000126
		52.486125	-1.890507
		51.624837	-3.94495
		50.152266	-5.065556
		50.726024	-3.543949
		51.488224	-3.186893
		54.980766	-1.615849
		53.803895	-1.549931
		53.751959	-0.335941
		53.478239	-2.258549
		51.512161	-0.116215
		51.289406	1.075802
		
c	8 7 1 14 13 3 6 4 5 0 12 11 9 10 2 15	3019.06802414551	0.698093197585449	8	7	1	14	13	3	6	4	5	0	12	11	9	10	2	15		
		54.892406	-2.923222
		54.980766	-1.615849
		51.460852	-2.588139
		50.152266	-5.065556
		50.726024	-3.543949
		53.803895	-1.549931
		53.751959	-0.335941
		53.478239	-2.258549
		53.409532	-3.000126
		52.486125	-1.890507
		51.624837	-3.94495
		51.488224	-3.186893
		55.958426	-3.186893
		55.862982	-4.263554
		51.512161	-0.116215
		51.289406	1.075802
		
c	10 9 8 7 4 5 0 1 11 12 14 13 6 3 2 15	1986.9216898707	0.80130783101293	10	9	8	7	4	5	0	1	11	12	14	13	6	3	2	15		
		55.862982	-4.263554
		55.958426	-3.186893
		54.892406	-2.923222
		54.980766	-1.615849
		53.478239	-2.258549
		53.409532	-3.000126
		52.486125	-1.890507
		51.460852	-2.588139
		51.488224	-3.186893
		51.624837	-3.94495
		50.152266	-5.065556
		50.726024	-3.543949
		53.751959	-0.335941
		53.803895	-1.549931
		51.512161	-0.116215
		51.289406	1.075802
		
c	8 7 3 6 4 5 11 2 0 1 12 14 13 10 9 15	2821.72244676434	0.717827755323566	8	7	3	6	4	5	11	2	0	1	12	14	13	10	9	15		
		54.892406	-2.923222
		54.980766	-1.615849
		53.803895	-1.549931
		53.751959	-0.335941
		53.478239	-2.258549
		53.409532	-3.000126
		51.488224	-3.186893
		51.512161	-0.116215
		52.486125	-1.890507
		51.460852	-2.588139
		51.624837	-3.94495
		50.152266	-5.065556
		50.726024	-3.543949
		55.862982	-4.263554
		55.958426	-3.186893
		51.289406	1.075802
		
c	11 12 14 13 6 7 9 3 10 8 4 5 0 1 2 15	2476.08966683758	0.752391033316242	11	12	14	13	6	7	9	3	10	8	4	5	0	1	2	15		
		51.488224	-3.186893
		51.624837	-3.94495
		50.152266	-5.065556
		50.726024	-3.543949
		53.751959	-0.335941
		54.980766	-1.615849
		55.958426	-3.186893
		53.803895	-1.549931
		55.862982	-4.263554
		54.892406	-2.923222
		53.478239	-2.258549
		53.409532	-3.000126
		52.486125	-1.890507
		51.460852	-2.588139
		51.512161	-0.116215
		51.289406	1.075802
		
c	3 6 1 11 12 14 9 10 8 7 4 5 0 13 2 15	2517.51954207841	0.748248045792159	3	6	1	11	12	14	9	10	8	7	4	5	0	13	2	15		
		53.803895	-1.549931
		53.751959	-0.335941
		51.460852	-2.588139
		51.488224	-3.186893
		51.624837	-3.94495
		50.152266	-5.065556
		55.958426	-3.186893
		55.862982	-4.263554
		54.892406	-2.923222
		54.980766	-1.615849
		53.478239	-2.258549
		53.409532	-3.000126
		52.486125	-1.890507
		50.726024	-3.543949
		51.512161	-0.116215
		51.289406	1.075802
		
c	4 5 0 1 11 12 14 13 10 8 6 7 9 3 2 15	2550.91184899353	0.744908815100647	4	5	0	1	11	12	14	13	10	8	6	7	9	3	2	15		
		53.478239	-2.258549
		53.409532	-3.000126
		52.486125	-1.890507
		51.460852	-2.588139
		51.488224	-3.186893
		51.624837	-3.94495
		50.152266	-5.065556
		50.726024	-3.543949
		55.862982	-4.263554
		54.892406	-2.923222
		53.751959	-0.335941
		54.980766	-1.615849
		55.958426	-3.186893
		53.803895	-1.549931
		51.512161	-0.116215
		51.289406	1.075802
		
c	3 10 9 8 7 4 5 0 11 12 14 13 1 2 6 15	2227.55541870422	0.777244458129578	3	10	9	8	7	4	5	0	11	12	14	13	1	2	6	15		
		53.803895	-1.549931
		55.862982	-4.263554
		55.958426	-3.186893
		54.892406	-2.923222
		54.980766	-1.615849
		53.478239	-2.258549
		53.409532	-3.000126
		52.486125	-1.890507
		51.488224	-3.186893
		51.624837	-3.94495
		50.152266	-5.065556
		50.726024	-3.543949
		51.460852	-2.588139
		51.512161	-0.116215
		53.751959	-0.335941
		51.289406	1.075802
		
c	8 7 3 6 4 5 0 1 11 12 10 9 14 13 2 15	2485.17483199565	0.751482516800435	8	7	3	6	4	5	0	1	11	12	10	9	14	13	2	15		
		54.892406	-2.923222
		54.980766	-1.615849
		53.803895	-1.549931
		53.751959	-0.335941
		53.478239	-2.258549
		53.409532	-3.000126
		52.486125	-1.890507
		51.460852	-2.588139
		51.488224	-3.186893
		51.624837	-3.94495
		55.862982	-4.263554
		55.958426	-3.186893
		50.152266	-5.065556
		50.726024	-3.543949
		51.512161	-0.116215
		51.289406	1.075802
		
c	14 11 12 13 1 9 10 8 7 3 6 4 5 0 2 15	2020.2292359659	0.79797707640341	14	11	12	13	1	9	10	8	7	3	6	4	5	0	2	15		
		50.152266	-5.065556
		51.488224	-3.186893
		51.624837	-3.94495
		50.726024	-3.543949
		51.460852	-2.588139
		55.958426	-3.186893
		55.862982	-4.263554
		54.892406	-2.923222
		54.980766	-1.615849
		53.803895	-1.549931
		53.751959	-0.335941
		53.478239	-2.258549
		53.409532	-3.000126
		52.486125	-1.890507
		51.512161	-0.116215
		51.289406	1.075802
		
c	0 7 6 3 4 5 1 11 12 14 13 10 9 8 2 15	2514.91659482988	0.748508340517012	0	7	6	3	4	5	1	11	12	14	13	10	9	8	2	15		
		52.486125	-1.890507
		54.980766	-1.615849
		53.751959	-0.335941
		53.803895	-1.549931
		53.478239	-2.258549
		53.409532	-3.000126
		51.460852	-2.588139
		51.488224	-3.186893
		51.624837	-3.94495
		50.152266	-5.065556
		50.726024	-3.543949
		55.862982	-4.263554
		55.958426	-3.186893
		54.892406	-2.923222
		51.512161	-0.116215
		51.289406	1.075802
		
c	13 12 11 1 14 10 9 8 4 5 0 7 6 3 2 15	2467.86872046722	0.753213127953278	13	12	11	1	14	10	9	8	4	5	0	7	6	3	2	15		
		50.726024	-3.543949
		51.624837	-3.94495
		51.488224	-3.186893
		51.460852	-2.588139
		50.152266	-5.065556
		55.862982	-4.263554
		55.958426	-3.186893
		54.892406	-2.923222
		53.478239	-2.258549
		53.409532	-3.000126
		52.486125	-1.890507
		54.980766	-1.615849
		53.751959	-0.335941
		53.803895	-1.549931
		51.512161	-0.116215
		51.289406	1.075802
		
c	3 6 7 9 10 8 4 5 0 1 11 12 14 13 2 15	1799.11680105574	0.820088319894426	3	6	7	9	10	8	4	5	0	1	11	12	14	13	2	15		
		53.803895	-1.549931
		53.751959	-0.335941
		54.980766	-1.615849
		55.958426	-3.186893
		55.862982	-4.263554
		54.892406	-2.923222
		53.478239	-2.258549
		53.409532	-3.000126
		52.486125	-1.890507
		51.460852	-2.588139
		51.488224	-3.186893
		51.624837	-3.94495
		50.152266	-5.065556
		50.726024	-3.543949
		51.512161	-0.116215
		51.289406	1.075802
		
c	5 11 2 0 12 3 6 7 9 10 8 4 1 14 13 15	2712.08706150886	0.728791293849114	5	11	2	0	12	3	6	7	9	10	8	4	1	14	13	15		
		53.409532	-3.000126
		51.488224	-3.186893
		51.512161	-0.116215
		52.486125	-1.890507
		51.624837	-3.94495
		53.803895	-1.549931
		53.751959	-0.335941
		54.980766	-1.615849
		55.958426	-3.186893
		55.862982	-4.263554
		54.892406	-2.923222
		53.478239	-2.258549
		51.460852	-2.588139
		50.152266	-5.065556
		50.726024	-3.543949
		51.289406	1.075802
		
c	12 14 13 1 11 2 6 10 9 8 7 3 4 5 0 15	2141.46595454247	0.785853404545753	12	14	13	1	11	2	6	10	9	8	7	3	4	5	0	15		
		51.624837	-3.94495
		50.152266	-5.065556
		50.726024	-3.543949
		51.460852	-2.588139
		51.488224	-3.186893
		51.512161	-0.116215
		53.751959	-0.335941
		55.862982	-4.263554
		55.958426	-3.186893
		54.892406	-2.923222
		54.980766	-1.615849
		53.803895	-1.549931
		53.478239	-2.258549
		53.409532	-3.000126
		52.486125	-1.890507
		51.289406	1.075802
		
c	9 8 7 3 4 5 0 11 12 14 13 1 10 6 2 15	2360.94836217346	0.763905163782654	9	8	7	3	4	5	0	11	12	14	13	1	10	6	2	15		
		55.958426	-3.186893
		54.892406	-2.923222
		54.980766	-1.615849
		53.803895	-1.549931
		53.478239	-2.258549
		53.409532	-3.000126
		52.486125	-1.890507
		51.488224	-3.186893
		51.624837	-3.94495
		50.152266	-5.065556
		50.726024	-3.543949
		51.460852	-2.588139
		55.862982	-4.263554
		53.751959	-0.335941
		51.512161	-0.116215
		51.289406	1.075802
		
c	5 0 1 11 12 9 10 8 7 3 6 4 2 14 13 15	2557.15974199797	0.744284025800203	5	0	1	11	12	9	10	8	7	3	6	4	2	14	13	15		
		53.409532	-3.000126
		52.486125	-1.890507
		51.460852	-2.588139
		51.488224	-3.186893
		51.624837	-3.94495
		55.958426	-3.186893
		55.862982	-4.263554
		54.892406	-2.923222
		54.980766	-1.615849
		53.803895	-1.549931
		53.751959	-0.335941
		53.478239	-2.258549
		51.512161	-0.116215
		50.152266	-5.065556
		50.726024	-3.543949
		51.289406	1.075802
		
c	9 8 7 6 3 1 11 12 0 14 13 2 10 4 5 15	2963.35865801621	0.703664134198379	9	8	7	6	3	1	11	12	0	14	13	2	10	4	5	15		
		55.958426	-3.186893
		54.892406	-2.923222
		54.980766	-1.615849
		53.751959	-0.335941
		53.803895	-1.549931
		51.460852	-2.588139
		51.488224	-3.186893
		51.624837	-3.94495
		52.486125	-1.890507
		50.152266	-5.065556
		50.726024	-3.543949
		51.512161	-0.116215
		55.862982	-4.263554
		53.478239	-2.258549
		53.409532	-3.000126
		51.289406	1.075802
		
c	12 6 3 4 5 0 10 9 8 7 1 11 14 13 2 15	2435.63542097454	0.756436457902546	12	6	3	4	5	0	10	9	8	7	1	11	14	13	2	15		
		51.624837	-3.94495
		53.751959	-0.335941
		53.803895	-1.549931
		53.478239	-2.258549
		53.409532	-3.000126
		52.486125	-1.890507
		55.862982	-4.263554
		55.958426	-3.186893
		54.892406	-2.923222
		54.980766	-1.615849
		51.460852	-2.588139
		51.488224	-3.186893
		50.152266	-5.065556
		50.726024	-3.543949
		51.512161	-0.116215
		51.289406	1.075802
		
c	9 4 5 0 11 12 14 13 1 10 8 7 3 6 2 15	2337.37063560508	0.766262936439492	9	4	5	0	11	12	14	13	1	10	8	7	3	6	2	15		
		55.958426	-3.186893
		53.478239	-2.258549
		53.409532	-3.000126
		52.486125	-1.890507
		51.488224	-3.186893
		51.624837	-3.94495
		50.152266	-5.065556
		50.726024	-3.543949
		51.460852	-2.588139
		55.862982	-4.263554
		54.892406	-2.923222
		54.980766	-1.615849
		53.803895	-1.549931
		53.751959	-0.335941
		51.512161	-0.116215
		51.289406	1.075802
		
c	2 6 1 11 12 10 9 8 5 7 4 0 3 14 13 15	3023.04415018248	0.697695584981752	2	6	1	11	12	10	9	8	5	7	4	0	3	14	13	15		
		51.512161	-0.116215
		53.751959	-0.335941
		51.460852	-2.588139
		51.488224	-3.186893
		51.624837	-3.94495
		55.862982	-4.263554
		55.958426	-3.186893
		54.892406	-2.923222
		53.409532	-3.000126
		54.980766	-1.615849
		53.478239	-2.258549
		52.486125	-1.890507
		53.803895	-1.549931
		50.152266	-5.065556
		50.726024	-3.543949
		51.289406	1.075802
		
c	9 8 12 14 13 1 11 2 6 10 7 3 4 5 0 15	2552.8071722282	0.74471928277718	9	8	12	14	13	1	11	2	6	10	7	3	4	5	0	15		
		55.958426	-3.186893
		54.892406	-2.923222
		51.624837	-3.94495
		50.152266	-5.065556
		50.726024	-3.543949
		51.460852	-2.588139
		51.488224	-3.186893
		51.512161	-0.116215
		53.751959	-0.335941
		55.862982	-4.263554
		54.980766	-1.615849
		53.803895	-1.549931
		53.478239	-2.258549
		53.409532	-3.000126
		52.486125	-1.890507
		51.289406	1.075802
		
c	5 0 1 11 12 6 4 14 13 2 9 10 8 7 3 15	2898.33553486202	0.710166446513798	5	0	1	11	12	6	4	14	13	2	9	10	8	7	3	15		
		53.409532	-3.000126
		52.486125	-1.890507
		51.460852	-2.588139
		51.488224	-3.186893
		51.624837	-3.94495
		53.751959	-0.335941
		53.478239	-2.258549
		50.152266	-5.065556
		50.726024	-3.543949
		51.512161	-0.116215
		55.958426	-3.186893
		55.862982	-4.263554
		54.892406	-2.923222
		54.980766	-1.615849
		53.803895	-1.549931
		51.289406	1.075802
		
g146		1613.67648029291	0.838632351970709	0	10	9	8	7	6	3	4	5	0	11	12	14	13	1	2	15		
		55.862982	-4.263554
		55.958426	-3.186893
		54.892406	-2.923222
		54.980766	-1.615849
		53.751959	-0.335941
		53.803895	-1.549931
		53.478239	-2.258549
		53.409532	-3.000126
		52.486125	-1.890507
		51.488224	-3.186893
		51.624837	-3.94495
		50.152266	-5.065556
		50.726024	-3.543949
		51.460852	-2.588139
		51.512161	-0.116215
		51.289406	1.075802
		
g146		1614.70757855554	0.838529242144446	1	10	9	8	7	6	3	4	5	0	1	11	12	14	13	2	15		
		55.862982	-4.263554
		55.958426	-3.186893
		54.892406	-2.923222
		54.980766	-1.615849
		53.751959	-0.335941
		53.803895	-1.549931
		53.478239	-2.258549
		53.409532	-3.000126
		52.486125	-1.890507
		51.460852	-2.588139
		51.488224	-3.186893
		51.624837	-3.94495
		50.152266	-5.065556
		50.726024	-3.543949
		51.512161	-0.116215
		51.289406	1.075802
		
g146		1632.18241801618	0.836781758198382	2	9	10	8	7	6	3	4	5	0	1	11	12	14	13	2	15		
		55.958426	-3.186893
		55.862982	-4.263554
		54.892406	-2.923222
		54.980766	-1.615849
		53.751959	-0.335941
		53.803895	-1.549931
		53.478239	-2.258549
		53.409532	-3.000126
		52.486125	-1.890507
		51.460852	-2.588139
		51.488224	-3.186893
		51.624837	-3.94495
		50.152266	-5.065556
		50.726024	-3.543949
		51.512161	-0.116215
		51.289406	1.075802
		
g146		1656.09836620198	0.834390163379802	3	10	9	8	7	3	6	4	5	0	11	12	14	13	1	2	15		
		55.862982	-4.263554
		55.958426	-3.186893
		54.892406	-2.923222
		54.980766	-1.615849
		53.803895	-1.549931
		53.751959	-0.335941
		53.478239	-2.258549
		53.409532	-3.000126
		52.486125	-1.890507
		51.488224	-3.186893
		51.624837	-3.94495
		50.152266	-5.065556
		50.726024	-3.543949
		51.460852	-2.588139
		51.512161	-0.116215
		51.289406	1.075802
		
g146		1657.12946446462	0.834287053553538	4	10	9	8	7	3	6	4	5	0	1	11	12	14	13	2	15		
		55.862982	-4.263554
		55.958426	-3.186893
		54.892406	-2.923222
		54.980766	-1.615849
		53.803895	-1.549931
		53.751959	-0.335941
		53.478239	-2.258549
		53.409532	-3.000126
		52.486125	-1.890507
		51.460852	-2.588139
		51.488224	-3.186893
		51.624837	-3.94495
		50.152266	-5.065556
		50.726024	-3.543949
		51.512161	-0.116215
		51.289406	1.075802
		
g146		1673.57320566262	0.832642679433738	5	9	10	8	7	3	6	4	5	0	11	12	14	13	1	2	15		
		55.958426	-3.186893
		55.862982	-4.263554
		54.892406	-2.923222
		54.980766	-1.615849
		53.803895	-1.549931
		53.751959	-0.335941
		53.478239	-2.258549
		53.409532	-3.000126
		52.486125	-1.890507
		51.488224	-3.186893
		51.624837	-3.94495
		50.152266	-5.065556
		50.726024	-3.543949
		51.460852	-2.588139
		51.512161	-0.116215
		51.289406	1.075802
		
