c	"1 0 0 1 1 0 0 0 0 0 0 1 "	27.4307692307692	-9996.29663359126	0.0182491521165226
c	"1 0 0 1 1 0 0 0 0 0 1 0 "	27.4461538461538	-9995.62693126991	0.0182613285223652
c	"1 0 0 1 1 0 1 1 1 1 0 1 "	28.3538461538461	-9919.89273736914	0.0196383138660156
c	"1 0 0 1 1 1 1 0 1 0 1 0 "	29.0461538461539	-9812.45362949477	0.0215917521910042
c	"1 0 0 0 1 0 0 1 1 1 1 0 "	23.9384615384615	-9672.83289576696	0.0241303109860553
c	"0 0 0 0 0 1 0 1 0 1 0 0 "	-8.70769230769231	-3509.05360400546	0.136199025381719
c	"0 1 0 1 0 0 0 1 1 0 0 0 "	10.0615384615385	-3222.03763677742	0.141417497513138
c	"0 1 0 0 1 0 1 1 1 0 0 1 "	8.6	-2484.344	0.154830109090909
c	"0 0 0 1 1 0 0 0 1 0 1 1 "	-3.92307692307692	-587.538006372326	0.18931749079323
c	"0 0 0 1 1 1 1 1 1 1 0 0 "	-2.18461538461538	-147.635641329085	0.197315715612198
c	"0 0 1 0 0 0 0 0 1 0 1 1 "	-1.95384615384615	-111.082505234411	0.197980318086647
c	"1 1 0 1 1 1 0 1 1 1 0 0 "	44.5846153846154	8231.55081292673	0.349664560235031
c	"1 1 1 0 0 1 0 1 1 0 0 1 "	46.5076923076923	13155.759734183	0.4391956315306
c	"1 1 1 0 1 1 0 1 0 0 0 1 "	48.3538461538462	18575.004304051	0.537727350982745
c	"1 1 1 1 0 1 0 1 0 1 1 1 "	50.4153846153846	25474.5900154757	0.663174363917739
c	"1 1 1 1 0 1 0 1 1 1 0 0 "	50.4923076923077	25750.0104433318	0.668182008060579
c	"1 1 1 1 0 1 1 0 1 1 0 0 "	50.7384615384615	26640.2346545289	0.684367902809617
c	"1 1 1 1 0 1 1 1 1 1 1 0 "	51.0153846153846	27657.9959799727	0.702872654181322
c	"1 1 1 1 0 1 1 1 1 1 1 1 "	51.0307692307692	27715.0454729176	0.703909917689411
c	"1 1 1 1 0 1 1 1 1 1 1 1 "	51.0307692307692	27715.0454729176	0.703909917689411
c	"1 1 1 1 1 0 0 0 0 0 1 1 "	51.0923076923077	27943.7790113791	0.708068709297803
c	"1 1 1 1 1 1 0 0 0 0 1 0 "	52.0615384615385	31660.4087537551	0.77564379552282
c	"1 1 1 1 1 1 0 0 0 0 1 0 "	52.0615384615385	31660.4087537551	0.77564379552282
c	"1 1 1 1 1 1 0 0 0 1 1 0 "	52.1230769230769	31903.6974856623	0.780067227012041
c	"1 1 1 1 1 1 0 1 0 0 1 0 "	52.3076923076923	32638.8575329995	0.793433773327264
c	"1 1 1 1 1 1 0 1 0 0 1 1 "	52.3230769230769	32700.4801128812	0.794554183870567
c	"1 1 1 1 1 1 0 1 0 0 1 1 "	52.3230769230769	32700.4801128812	0.794554183870567
c	"1 1 1 1 1 1 0 1 0 1 0 1 "	52.3538461538462	32823.8914046427	0.796798025538958
c	"1 1 1 1 1 1 0 1 0 1 1 0 "	52.3692307692308	32885.6801602185	0.797921457458518
c	"1 1 1 1 1 1 0 1 0 1 1 0 "	52.3692307692308	32885.6801602185	0.797921457458518
c	"1 1 1 1 1 1 0 1 0 1 1 0 "	52.3692307692308	32885.6801602185	0.797921457458518
c	"1 1 1 1 1 1 0 1 0 1 1 0 "	52.3692307692308	32885.6801602185	0.797921457458518
c	"1 1 1 1 1 1 0 1 0 1 1 0 "	52.3692307692308	32885.6801602185	0.797921457458518
c	"1 1 1 1 1 1 0 1 0 1 1 0 "	52.3692307692308	32885.6801602185	0.797921457458518
c	"1 1 1 1 1 1 0 1 0 1 1 1 "	52.3846153846154	32947.5243513883	0.799045897297969
c	"1 1 1 1 1 1 0 1 0 1 1 1 "	52.3846153846154	32947.5243513883	0.799045897297969
c	"1 1 1 1 1 1 1 0 0 0 0 0 "	52.5230769230769	33506.6202785617	0.809211277792031
c	"1 1 1 1 1 1 1 1 0 0 0 1 "	52.7846153846154	34575.0027892581	0.828636414350147
c	"1 1 1 1 1 1 1 1 0 1 0 0 "	52.8307692307692	34765.2185853436	0.832094883369884
c	"1 1 1 1 1 1 1 1 1 0 0 0 "	52.8923076923077	35019.6250232135	0.836720454967518
c	"1 1 1 1 1 1 1 1 1 0 0 0 "	52.8923076923077	35019.6250232135	0.836720454967518
c	"1 1 1 1 1 1 1 1 1 0 0 0 "	52.8923076923077	35019.6250232135	0.836720454967518
c	"1 1 1 1 1 1 1 1 1 0 0 0 "	52.8923076923077	35019.6250232135	0.836720454967518
c	"1 1 1 1 1 1 1 1 1 0 0 0 "	52.8923076923077	35019.6250232135	0.836720454967518
c	"1 1 1 1 1 1 1 1 1 0 0 0 "	52.8923076923077	35019.6250232135	0.836720454967518
c	"1 1 1 1 1 1 1 1 1 0 0 0 "	52.8923076923077	35019.6250232135	0.836720454967518
c	"1 1 1 1 1 1 1 1 1 0 0 0 "	52.8923076923077	35019.6250232135	0.836720454967518
c	"1 1 1 1 1 1 1 1 1 0 0 0 "	52.8923076923077	35019.6250232135	0.836720454967518
c	"1 1 1 1 1 1 1 1 1 0 0 0 "	52.8923076923077	35019.6250232135	0.836720454967518
c	"1 1 1 1 1 1 1 1 1 0 0 0 "	52.8923076923077	35019.6250232135	0.836720454967518
c	"1 1 1 1 1 1 1 1 1 0 0 0 "	52.8923076923077	35019.6250232135	0.836720454967518
c	"1 1 1 1 1 1 1 1 1 0 0 0 "	52.8923076923077	35019.6250232135	0.836720454967518
c	"1 1 1 1 1 1 1 1 1 0 0 0 "	52.8923076923077	35019.6250232135	0.836720454967518
c	"1 1 1 1 1 1 1 1 1 0 0 0 "	52.8923076923077	35019.6250232135	0.836720454967518
c	"1 1 1 1 1 1 1 1 1 0 0 0 "	52.8923076923077	35019.6250232135	0.836720454967518
c	"1 1 1 1 1 1 1 1 1 0 1 0 "	52.9230769230769	35147.1652253073	0.839039367732859
c	"1 1 1 1 1 1 1 1 1 0 1 0 "	52.9230769230769	35147.1652253073	0.839039367732859
c	"1 1 1 1 1 1 1 1 1 1 0 1 "	52.9692307692308	35338.8972489759	0.842525404526834
c	"1 1 1 1 1 1 1 1 1 1 1 0 "	52.9846153846154	35402.9204697314	0.843689463086026
c	"1 1 1 1 1 1 1 1 1 1 1 0 "	52.9846153846154	35402.9204697314	0.843689463086026
c	"1 1 1 1 1 1 1 1 1 1 1 0 "	52.9846153846154	35402.9204697314	0.843689463086026
c	"1 1 1 1 1 1 1 1 1 1 1 0 "	52.9846153846154	35402.9204697314	0.843689463086026
c	"1 1 1 1 1 1 1 1 1 1 1 0 "	52.9846153846154	35402.9204697314	0.843689463086026
c	"1 1 1 1 1 1 1 1 1 1 1 0 "	52.9846153846154	35402.9204697314	0.843689463086026
c	"1 1 1 1 1 1 1 1 1 1 1 0 "	52.9846153846154	35402.9204697314	0.843689463086026
c	"1 1 1 1 1 1 1 1 1 1 1 0 "	52.9846153846154	35402.9204697314	0.843689463086026
c	"1 1 1 1 1 1 1 1 1 1 1 0 "	52.9846153846154	35402.9204697314	0.843689463086026
c	"1 1 1 1 1 1 1 1 1 1 1 0 "	52.9846153846154	35402.9204697314	0.843689463086026
c	"1 1 1 1 1 1 1 1 1 1 1 0 "	52.9846153846154	35402.9204697314	0.843689463086026
c	"1 1 1 1 1 1 1 1 1 1 1 0 "	52.9846153846154	35402.9204697314	0.843689463086026
c	"1 1 1 1 1 1 1 1 1 1 1 0 "	52.9846153846154	35402.9204697314	0.843689463086026
c	"1 1 1 1 1 1 1 1 1 1 1 0 "	52.9846153846154	35402.9204697314	0.843689463086026
c	"1 1 1 1 1 1 1 1 1 1 1 0 "	52.9846153846154	35402.9204697314	0.843689463086026
c	"1 1 1 1 1 1 1 1 1 1 1 0 "	52.9846153846154	35402.9204697314	0.843689463086026
c	"1 1 1 1 1 1 1 1 1 1 1 0 "	52.9846153846154	35402.9204697314	0.843689463086026
c	"1 1 1 1 1 1 1 1 1 1 1 0 "	52.9846153846154	35402.9204697314	0.843689463086026
c	"1 1 1 1 1 1 1 1 1 1 1 0 "	52.9846153846154	35402.9204697314	0.843689463086026
c	"1 1 1 1 1 1 1 1 1 1 1 0 "	52.9846153846154	35402.9204697314	0.843689463086026
c	"1 1 1 1 1 1 1 1 1 1 1 0 "	52.9846153846154	35402.9204697314	0.843689463086026
c	"1 1 1 1 1 1 1 1 1 1 1 0 "	52.9846153846154	35402.9204697314	0.843689463086026
c	"1 1 1 1 1 1 1 1 1 1 1 0 "	52.9846153846154	35402.9204697314	0.843689463086026
c	"1 1 1 1 1 1 1 1 1 1 1 0 "	52.9846153846154	35402.9204697314	0.843689463086026
c	"1 1 1 1 1 1 1 1 1 1 1 0 "	52.9846153846154	35402.9204697314	0.843689463086026
c	"1 1 1 1 1 1 1 1 1 1 1 0 "	52.9846153846154	35402.9204697314	0.843689463086026
c	"1 1 1 1 1 1 1 1 1 1 1 0 "	52.9846153846154	35402.9204697314	0.843689463086026
c	"1 1 1 1 1 1 1 1 1 1 1 0 "	52.9846153846154	35402.9204697314	0.843689463086026
c	"1 1 1 1 1 1 1 1 1 1 1 0 "	52.9846153846154	35402.9204697314	0.843689463086026
c	"1 1 1 1 1 1 1 1 1 1 1 0 "	52.9846153846154	35402.9204697314	0.843689463086026
c	"1 1 1 1 1 1 1 1 1 1 1 0 "	52.9846153846154	35402.9204697314	0.843689463086026
c	"1 1 1 1 1 1 1 1 1 1 1 0 "	52.9846153846154	35402.9204697314	0.843689463086026
c	"1 1 1 1 1 1 1 1 1 1 1 0 "	52.9846153846154	35402.9204697314	0.843689463086026
c	"1 1 1 1 1 1 1 1 1 1 1 0 "	52.9846153846154	35402.9204697314	0.843689463086026
c	"1 1 1 1 1 1 1 1 1 1 1 0 "	52.9846153846154	35402.9204697314	0.843689463086026
c	"1 1 1 1 1 1 1 1 1 1 1 0 "	52.9846153846154	35402.9204697314	0.843689463086026
c	"1 1 1 1 1 1 1 1 1 1 1 0 "	52.9846153846154	35402.9204697314	0.843689463086026
c	"1 1 1 1 1 1 1 1 1 1 1 0 "	52.9846153846154	35402.9204697314	0.843689463086026
c	"1 1 1 1 1 1 1 1 1 1 1 0 "	52.9846153846154	35402.9204697314	0.843689463086026
c	"1 1 1 1 1 1 1 1 1 1 1 0 "	52.9846153846154	35402.9204697314	0.843689463086026
c	"1 1 1 1 1 1 1 1 1 1 1 0 "	52.9846153846154	35402.9204697314	0.843689463086026
c	"1 1 1 1 1 1 1 1 1 1 1 0 "	52.9846153846154	35402.9204697314	0.843689463086026
g	"1 1 1 1 1 1 1 1 1 1 1 0 "	52.9846153846154	35402.9204697314	0.843689463086026
