c	"1 0 0 1 0 1 1 0 0 0 1 1 "	26.9692307692308	-10007.176597178	0.0180513345967642
c	"1 0 0 1 0 1 0 0 0 0 0 1 "	26.4461538461538	-9998.47024487938	0.018209631911284
c	"1 0 0 1 1 0 0 0 1 0 0 0 "	27.5384615384615	-9991.18707328175	0.0183420532130591
c	"1 0 0 1 1 0 0 1 0 0 1 0 "	27.6923076923077	-9982.171142467	0.0185059792278728
c	"1 0 0 1 1 0 0 1 1 0 0 1 "	27.8	-9974.648	0.0186427636363636
c	"1 0 1 0 0 0 1 0 0 1 1 0 "	29.9692307692308	-9598.56807646791	0.0254805804278561
c	"1 0 1 0 0 0 1 0 1 0 0 1 "	30.0153846153846	-9585.68046973146	0.0257149005503371
c	"1 0 1 0 1 1 1 0 1 0 1 0 "	32.9846153846154	-8282.32450068274	0.0494122818057683
c	"0 1 1 1 0 1 0 0 1 1 0 1 "	18.7538461538462	-7837.49254802003	0.0575001354905449
c	"0 0 0 0 0 0 0 1 0 1 0 1 "	-9.67692307692308	-4448.34970960401	0.119120914370836
c	"1 1 0 0 0 0 0 0 1 1 0 1 "	37.4615384615385	-4301.62357760582	0.121788662225349
c	"0 1 0 1 0 1 1 0 1 1 0 0 "	11.3538461538462	-3909.84753026855	0.128911863086026
c	"0 0 0 0 0 1 0 1 1 1 1 1 "	-8.53846153846154	-3357.94310423304	0.138946489013945
c	"0 0 0 0 0 1 1 0 0 1 1 1 "	-8.41538461538461	-3250.40682020937	0.140901694178011
c	"0 1 0 1 0 0 0 1 1 0 0 0 "	10.0615384615385	-3222.03763677742	0.141417497513138
c	"0 0 0 0 1 0 1 1 1 1 0 1 "	-7.09230769230769	-2216.93593445608	0.15969207391898
c	"0 0 0 0 1 1 0 0 0 0 0 1 "	-7.03076923076923	-2174.19624214838	0.160469159233666
c	"0 1 0 0 0 1 0 1 1 1 0 1 "	7.18461538461538	-1827.5797432863	0.166771277394795
c	"0 0 0 0 1 1 1 1 1 1 1 1 "	-6.07692307692308	-1570.03595812472	0.17145389167046
c	"0 0 1 1 1 1 1 1 1 0 0 0 "	5.63076923076923	-1192.31116613564	0.17832161516117
c	"0 0 1 1 1 1 0 0 1 0 1 0 "	4.92307692307692	-938.609922621757	0.182934365043241
c	"0 0 0 1 1 0 0 0 1 0 0 0 "	-3.96923076923077	-603.341509330906	0.189030154375802
c	"1 1 0 0 1 0 1 1 1 0 1 1 "	40.1384615384615	-569.694386891228	0.189641920238341
c	"0 0 0 1 1 1 0 0 1 1 0 1 "	-2.90769230769231	-294.616728265817	0.194643332213349
c	"0 0 1 0 1 0 0 0 1 1 0 1 "	0.046153846153846	8.99181429221666	0.200163487532586
c	"1 1 0 1 0 0 0 0 0 0 0 0 "	41.2	1222.92800000001	0.222235054545455
c	"1 1 0 1 0 0 0 1 0 0 1 0 "	41.4769230769231	1721.26421847974	0.231295713063268
c	"1 1 0 1 0 1 0 1 0 0 0 0 "	42.4307692307692	3537.6690468821	0.264321255397856
c	"1 1 0 1 1 0 0 0 0 0 1 0 "	43.2	5117.96800000001	0.293053963636364
c	"1 1 0 1 1 0 0 1 0 1 1 1 "	43.5230769230769	5813.15589986346	0.305693743633881
c	"1 1 0 1 1 1 0 1 0 1 0 1 "	44.4769230769231	7976.69593445607	0.345030835171929
c	"1 1 0 1 1 1 1 1 1 0 1 0 "	45.0461538461539	9348.51015748749	0.369972911954318
c	"1 1 1 0 0 0 0 0 1 1 0 1 "	45.3384615384615	10076.8446900319	0.38321535800058
c	"1 1 1 0 0 0 0 1 1 1 1 0 "	45.6	10742.416	0.395316654545455
c	"1 1 1 0 0 0 1 1 0 1 0 0 "	45.9384615384615	11623.4170450615	0.411334855364754
c	"1 1 1 0 0 1 0 0 0 0 1 1 "	46.1692307692308	12236.934550751	0.422489719104564
c	"1 1 1 0 0 1 0 1 1 0 1 1 "	46.5384615384615	13240.4164770141	0.44073484503662
c	"1 1 1 0 0 1 0 1 1 0 1 1 "	46.5384615384615	13240.4164770141	0.44073484503662
c	"1 1 1 0 0 1 1 0 0 1 1 0 "	46.7076923076923	13709.404846609	0.449261906301982
c	"1 1 1 1 0 0 0 1 0 1 0 1 "	49.4	21961.384	0.599297890909091
c	"1 1 1 1 0 1 0 0 1 1 0 0 "	50.2461538461539	24873.2953882568	0.652241734331941
c	"1 1 1 1 0 1 0 1 0 1 0 0 "	50.3692307692308	25309.9698643605	0.6601812702611
c	"1 1 1 1 0 1 0 1 0 1 1 0 "	50.4	25419.664	0.66217570909091
c	"1 1 1 1 0 1 1 0 1 1 1 0 "	50.7692307692308	26752.4670004552	0.686408490917367
c	"1 1 1 1 0 1 1 0 1 1 1 1 "	50.7846153846154	26808.6629076013	0.68743023468366
c	"1 1 1 1 0 1 1 1 1 1 1 0 "	51.0153846153846	27657.9959799727	0.702872654181322
c	"1 1 1 1 0 1 1 1 1 1 1 1 "	51.0307692307692	27715.0454729176	0.703909917689411
c	"1 1 1 1 0 1 1 1 1 1 1 1 "	51.0307692307692	27715.0454729176	0.703909917689411
c	"1 1 1 1 0 1 1 1 1 1 1 1 "	51.0307692307692	27715.0454729176	0.703909917689411
c	"1 1 1 1 1 0 0 0 0 0 1 1 "	51.0923076923077	27943.7790113791	0.708068709297803
c	"1 1 1 1 1 0 0 0 0 0 1 1 "	51.0923076923077	27943.7790113791	0.708068709297803
c	"1 1 1 1 1 0 0 0 0 1 1 1 "	51.1538461538462	28173.3705052344	0.712243100095171
c	"1 1 1 1 1 0 0 1 0 1 1 1 "	51.4	29100.344	0.729097163636364
c	"1 1 1 1 1 0 0 1 0 1 1 1 "	51.4	29100.344	0.729097163636364
c	"1 1 1 1 1 1 0 0 0 0 1 0 "	52.0615384615385	31660.4087537551	0.77564379552282
c	"1 1 1 1 1 1 0 0 0 0 1 0 "	52.0615384615385	31660.4087537551	0.77564379552282
c	"1 1 1 1 1 1 0 0 0 0 1 0 "	52.0615384615385	31660.4087537551	0.77564379552282
c	"1 1 1 1 1 1 0 0 0 0 1 0 "	52.0615384615385	31660.4087537551	0.77564379552282
c	"1 1 1 1 1 1 0 0 0 0 1 0 "	52.0615384615385	31660.4087537551	0.77564379552282
c	"1 1 1 1 1 1 0 0 0 0 1 0 "	52.0615384615385	31660.4087537551	0.77564379552282
c	"1 1 1 1 1 1 0 0 0 0 1 0 "	52.0615384615385	31660.4087537551	0.77564379552282
c	"1 1 1 1 1 1 0 0 0 0 1 0 "	52.0615384615385	31660.4087537551	0.77564379552282
c	"1 1 1 1 1 1 0 0 0 0 1 0 "	52.0615384615385	31660.4087537551	0.77564379552282
c	"1 1 1 1 1 1 0 0 0 1 1 1 "	52.1384615384615	31964.6573290851	0.781175587801547
c	"1 1 1 1 1 1 0 0 0 1 1 1 "	52.1384615384615	31964.6573290851	0.781175587801547
c	"1 1 1 1 1 1 0 1 0 0 0 0 "	52.2769230769231	32515.7783959946	0.791195970836265
c	"1 1 1 1 1 1 0 1 0 0 0 1 "	52.2923076923077	32577.29030132	0.792314369114909
c	"1 1 1 1 1 1 0 1 0 0 1 0 "	52.3076923076923	32638.8575329995	0.793433773327264
c	"1 1 1 1 1 1 0 1 0 0 1 0 "	52.3076923076923	32638.8575329995	0.793433773327264
c	"1 1 1 1 1 1 0 1 0 0 1 0 "	52.3076923076923	32638.8575329995	0.793433773327264
c	"1 1 1 1 1 1 0 1 0 0 1 0 "	52.3076923076923	32638.8575329995	0.793433773327264
c	"1 1 1 1 1 1 0 1 0 0 1 1 "	52.3230769230769	32700.4801128812	0.794554183870567
c	"1 1 1 1 1 1 0 1 0 1 1 0 "	52.3692307692308	32885.6801602185	0.797921457458518
c	"1 1 1 1 1 1 0 1 0 1 1 0 "	52.3692307692308	32885.6801602185	0.797921457458518
c	"1 1 1 1 1 1 0 1 0 1 1 0 "	52.3692307692308	32885.6801602185	0.797921457458518
c	"1 1 1 1 1 1 0 1 0 1 1 0 "	52.3692307692308	32885.6801602185	0.797921457458518
c	"1 1 1 1 1 1 0 1 0 1 1 0 "	52.3692307692308	32885.6801602185	0.797921457458518
c	"1 1 1 1 1 1 0 1 0 1 1 0 "	52.3692307692308	32885.6801602185	0.797921457458518
c	"1 1 1 1 1 1 0 1 0 1 1 0 "	52.3692307692308	32885.6801602185	0.797921457458518
c	"1 1 1 1 1 1 0 1 0 1 1 0 "	52.3692307692308	32885.6801602185	0.797921457458518
c	"1 1 1 1 1 1 0 1 0 1 1 0 "	52.3692307692308	32885.6801602185	0.797921457458518
c	"1 1 1 1 1 1 0 1 0 1 1 0 "	52.3692307692308	32885.6801602185	0.797921457458518
c	"1 1 1 1 1 1 0 1 0 1 1 0 "	52.3692307692308	32885.6801602185	0.797921457458518
c	"1 1 1 1 1 1 0 1 0 1 1 0 "	52.3692307692308	32885.6801602185	0.797921457458518
c	"1 1 1 1 1 1 0 1 0 1 1 0 "	52.3692307692308	32885.6801602185	0.797921457458518
c	"1 1 1 1 1 1 0 1 0 1 1 0 "	52.3692307692308	32885.6801602185	0.797921457458518
c	"1 1 1 1 1 1 1 1 1 0 0 0 "	52.8923076923077	35019.6250232135	0.836720454967518
c	"1 1 1 1 1 1 1 1 1 0 0 0 "	52.8923076923077	35019.6250232135	0.836720454967518
c	"1 1 1 1 1 1 1 1 1 0 0 0 "	52.8923076923077	35019.6250232135	0.836720454967518
c	"1 1 1 1 1 1 1 1 1 0 0 0 "	52.8923076923077	35019.6250232135	0.836720454967518
c	"1 1 1 1 1 1 1 1 1 0 0 0 "	52.8923076923077	35019.6250232135	0.836720454967518
c	"1 1 1 1 1 1 1 1 1 0 0 0 "	52.8923076923077	35019.6250232135	0.836720454967518
c	"1 1 1 1 1 1 1 1 1 0 0 0 "	52.8923076923077	35019.6250232135	0.836720454967518
c	"1 1 1 1 1 1 1 1 1 0 0 0 "	52.8923076923077	35019.6250232135	0.836720454967518
c	"1 1 1 1 1 1 1 1 1 1 1 0 "	52.9846153846154	35402.9204697314	0.843689463086026
c	"1 1 1 1 1 1 1 1 1 1 1 0 "	52.9846153846154	35402.9204697314	0.843689463086026
c	"1 1 1 1 1 1 1 1 1 1 1 0 "	52.9846153846154	35402.9204697314	0.843689463086026
c	"1 1 1 1 1 1 1 1 1 1 1 0 "	52.9846153846154	35402.9204697314	0.843689463086026
c	"1 1 1 1 1 1 1 1 1 1 1 0 "	52.9846153846154	35402.9204697314	0.843689463086026
c	"1 1 1 1 1 1 1 1 1 1 1 0 "	52.9846153846154	35402.9204697314	0.843689463086026
g	"1 1 1 1 1 1 1 1 1 1 1 0 "	52.9846153846154	35402.9204697314	0.843689463086026
