c	"0 1 1 1 1 1 1 1 1 1 1 1 "	21.4923076923077	-8968.90624305872	0.0369289773989324
c	"1 0 1 1 1 1 1 1 1 1 1 1 "	37.2461538461538	-4555.26768866636	0.117176951115157
c	"1 1 1 1 1 1 0 1 0 0 1 0 "	52.3076923076923	32638.8575329995	0.793433773327264
c	"1 1 1 1 1 1 0 1 0 1 1 0 "	52.3692307692308	32885.6801602185	0.797921457458518
c	"1 1 1 1 1 1 1 1 0 1 1 1 "	52.8769230769231	34955.9392007283	0.835562530922332
c	"1 1 1 1 1 1 1 1 1 1 1 0 "	52.9846153846154	35402.9204697314	0.843689463086026
c	"1 1 1 1 1 1 1 1 1 1 1 0 "	52.9846153846154	35402.9204697314	0.843689463086026
c	"1 1 1 1 1 1 1 1 1 1 1 0 "	52.9846153846154	35402.9204697314	0.843689463086026
c	"1 1 1 1 1 1 1 1 1 1 1 0 "	52.9846153846154	35402.9204697314	0.843689463086026
c	"1 1 1 1 1 1 1 1 1 1 1 0 "	52.9846153846154	35402.9204697314	0.843689463086026
c	"1 1 1 1 1 1 1 1 1 1 1 0 "	52.9846153846154	35402.9204697314	0.843689463086026
c	"1 1 1 1 1 1 1 1 1 1 1 0 "	52.9846153846154	35402.9204697314	0.843689463086026
c	"1 1 1 1 1 1 1 1 1 1 1 0 "	52.9846153846154	35402.9204697314	0.843689463086026
c	"1 1 1 1 1 1 1 1 1 1 1 0 "	52.9846153846154	35402.9204697314	0.843689463086026
c	"1 1 1 1 1 1 1 1 1 1 1 0 "	52.9846153846154	35402.9204697314	0.843689463086026
c	"1 1 1 1 1 1 1 1 1 1 1 0 "	52.9846153846154	35402.9204697314	0.843689463086026
c	"1 1 1 1 1 1 1 1 1 1 1 0 "	52.9846153846154	35402.9204697314	0.843689463086026
c	"1 1 1 1 1 1 1 1 1 1 1 0 "	52.9846153846154	35402.9204697314	0.843689463086026
c	"1 1 1 1 1 1 1 1 1 1 1 0 "	52.9846153846154	35402.9204697314	0.843689463086026
c	"1 1 1 1 1 1 1 1 1 1 1 0 "	52.9846153846154	35402.9204697314	0.843689463086026
c	"1 1 1 1 1 1 1 1 1 1 1 0 "	52.9846153846154	35402.9204697314	0.843689463086026
c	"1 1 1 1 1 1 1 1 1 1 1 0 "	52.9846153846154	35402.9204697314	0.843689463086026
c	"1 1 1 1 1 1 1 1 1 1 1 0 "	52.9846153846154	35402.9204697314	0.843689463086026
c	"1 1 1 1 1 1 1 1 1 1 1 0 "	52.9846153846154	35402.9204697314	0.843689463086026
c	"1 1 1 1 1 1 1 1 1 1 1 0 "	52.9846153846154	35402.9204697314	0.843689463086026
c	"1 1 1 1 1 1 1 1 1 1 1 0 "	52.9846153846154	35402.9204697314	0.843689463086026
c	"1 1 1 1 1 1 1 1 1 1 1 0 "	52.9846153846154	35402.9204697314	0.843689463086026
c	"1 1 1 1 1 1 1 1 1 1 1 0 "	52.9846153846154	35402.9204697314	0.843689463086026
c	"1 1 1 1 1 1 1 1 1 1 1 0 "	52.9846153846154	35402.9204697314	0.843689463086026
c	"1 1 1 1 1 1 1 1 1 1 1 0 "	52.9846153846154	35402.9204697314	0.843689463086026
c	"1 1 1 1 1 1 1 1 1 1 1 0 "	52.9846153846154	35402.9204697314	0.843689463086026
c	"1 1 1 1 1 1 1 1 1 1 1 0 "	52.9846153846154	35402.9204697314	0.843689463086026
c	"1 1 1 1 1 1 1 1 1 1 1 0 "	52.9846153846154	35402.9204697314	0.843689463086026
c	"1 1 1 1 1 1 1 1 1 1 1 1 "	53	35467	0.844854545454545
c	"1 1 1 1 1 1 1 1 1 1 1 1 "	53	35467	0.844854545454545
c	"1 1 1 1 1 1 1 1 1 1 1 1 "	53	35467	0.844854545454545
c	"1 1 1 1 1 1 1 1 1 1 1 1 "	53	35467	0.844854545454545
c	"1 1 1 1 1 1 1 1 1 1 1 1 "	53	35467	0.844854545454545
c	"1 1 1 1 1 1 1 1 1 1 1 1 "	53	35467	0.844854545454545
c	"1 1 1 1 1 1 1 1 1 1 1 1 "	53	35467	0.844854545454545
c	"1 1 1 1 1 1 1 1 1 1 1 1 "	53	35467	0.844854545454545
c	"1 1 1 1 1 1 1 1 1 1 1 1 "	53	35467	0.844854545454545
c	"1 1 1 1 1 1 1 1 1 1 1 1 "	53	35467	0.844854545454545
c	"1 1 1 1 1 1 1 1 1 1 1 1 "	53	35467	0.844854545454545
c	"1 1 1 1 1 1 1 1 1 1 1 1 "	53	35467	0.844854545454545
c	"1 1 1 1 1 1 1 1 1 1 1 1 "	53	35467	0.844854545454545
c	"1 1 1 1 1 1 1 1 1 1 1 1 "	53	35467	0.844854545454545
c	"1 1 1 1 1 1 1 1 1 1 1 1 "	53	35467	0.844854545454545
c	"1 1 1 1 1 1 1 1 1 1 1 1 "	53	35467	0.844854545454545
c	"1 1 1 1 1 1 1 1 1 1 1 1 "	53	35467	0.844854545454545
c	"1 1 1 1 1 1 1 1 1 1 1 1 "	53	35467	0.844854545454545
c	"1 1 1 1 1 1 1 1 1 1 1 1 "	53	35467	0.844854545454545
c	"1 1 1 1 1 1 1 1 1 1 1 1 "	53	35467	0.844854545454545
c	"1 1 1 1 1 1 1 1 1 1 1 1 "	53	35467	0.844854545454545
c	"1 1 1 1 1 1 1 1 1 1 1 1 "	53	35467	0.844854545454545
c	"1 1 1 1 1 1 1 1 1 1 1 1 "	53	35467	0.844854545454545
c	"1 1 1 1 1 1 1 1 1 1 1 1 "	53	35467	0.844854545454545
c	"1 1 1 1 1 1 1 1 1 1 1 1 "	53	35467	0.844854545454545
c	"1 1 1 1 1 1 1 1 1 1 1 1 "	53	35467	0.844854545454545
c	"1 1 1 1 1 1 1 1 1 1 1 1 "	53	35467	0.844854545454545
c	"1 1 1 1 1 1 1 1 1 1 1 1 "	53	35467	0.844854545454545
c	"1 1 1 1 1 1 1 1 1 1 1 1 "	53	35467	0.844854545454545
c	"1 1 1 1 1 1 1 1 1 1 1 1 "	53	35467	0.844854545454545
c	"1 1 1 1 1 1 1 1 1 1 1 1 "	53	35467	0.844854545454545
c	"1 1 1 1 1 1 1 1 1 1 1 1 "	53	35467	0.844854545454545
c	"1 1 1 1 1 1 1 1 1 1 1 1 "	53	35467	0.844854545454545
c	"1 1 1 1 1 1 1 1 1 1 1 1 "	53	35467	0.844854545454545
c	"1 1 1 1 1 1 1 1 1 1 1 1 "	53	35467	0.844854545454545
c	"1 1 1 1 1 1 1 1 1 1 1 1 "	53	35467	0.844854545454545
c	"1 1 1 1 1 1 1 1 1 1 1 1 "	53	35467	0.844854545454545
c	"1 1 1 1 1 1 1 1 1 1 1 1 "	53	35467	0.844854545454545
c	"1 1 1 1 1 1 1 1 1 1 1 1 "	53	35467	0.844854545454545
c	"1 1 1 1 1 1 1 1 1 1 1 1 "	53	35467	0.844854545454545
c	"1 1 1 1 1 1 1 1 1 1 1 1 "	53	35467	0.844854545454545
c	"1 1 1 1 1 1 1 1 1 1 1 1 "	53	35467	0.844854545454545
c	"1 1 1 1 1 1 1 1 1 1 1 1 "	53	35467	0.844854545454545
c	"1 1 1 1 1 1 1 1 1 1 1 1 "	53	35467	0.844854545454545
c	"1 1 1 1 1 1 1 1 1 1 1 1 "	53	35467	0.844854545454545
c	"1 1 1 1 1 1 1 1 1 1 1 1 "	53	35467	0.844854545454545
c	"1 1 1 1 1 1 1 1 1 1 1 1 "	53	35467	0.844854545454545
c	"1 1 1 1 1 1 1 1 1 1 1 1 "	53	35467	0.844854545454545
c	"1 1 1 1 1 1 1 1 1 1 1 1 "	53	35467	0.844854545454545
c	"1 1 1 1 1 1 1 1 1 1 1 1 "	53	35467	0.844854545454545
c	"1 1 1 1 1 1 1 1 1 1 1 1 "	53	35467	0.844854545454545
c	"1 1 1 1 1 1 1 1 1 1 1 1 "	53	35467	0.844854545454545
c	"1 1 1 1 1 1 1 1 1 1 1 1 "	53	35467	0.844854545454545
c	"1 1 1 1 1 1 1 1 1 1 1 1 "	53	35467	0.844854545454545
c	"1 1 1 1 1 1 1 1 1 1 1 1 "	53	35467	0.844854545454545
c	"1 1 1 1 1 1 1 1 1 1 1 1 "	53	35467	0.844854545454545
c	"1 1 1 1 1 1 1 1 1 1 1 1 "	53	35467	0.844854545454545
c	"1 1 1 1 1 1 1 1 1 1 1 1 "	53	35467	0.844854545454545
c	"1 1 1 1 1 1 1 1 1 1 1 1 "	53	35467	0.844854545454545
c	"1 1 1 1 1 1 1 1 1 1 1 1 "	53	35467	0.844854545454545
c	"1 1 1 1 1 1 1 1 1 1 1 1 "	53	35467	0.844854545454545
c	"1 1 1 1 1 1 1 1 1 1 1 1 "	53	35467	0.844854545454545
c	"1 1 1 1 1 1 1 1 1 1 1 1 "	53	35467	0.844854545454545
c	"1 1 1 1 1 1 1 1 1 1 1 1 "	53	35467	0.844854545454545
c	"1 1 1 1 1 1 1 1 1 1 1 1 "	53	35467	0.844854545454545
c	"1 1 1 1 1 1 1 1 1 1 1 1 "	53	35467	0.844854545454545
c	"1 1 1 1 1 1 1 1 1 1 1 1 "	53	35467	0.844854545454545
g	"1 1 1 1 1 1 1 1 1 1 1 1 "	53	35467	0.844854545454545
