c	"0 0 1 1 1 1 0 1 0 1 1 1 "	5.12307692307693	-1007.8383723259	0.181675665957711
c	"1 1 1 1 1 1 0 1 0 1 1 1 "	52.3846153846154	32947.5243513883	0.799045897297969
c	"1 1 1 1 1 1 1 1 0 1 1 0 "	52.8615384615385	34892.3095348202	0.834405627905822
c	"1 1 1 1 1 1 1 1 1 0 1 0 "	52.9230769230769	35147.1652253073	0.839039367732859
c	"1 1 1 1 1 1 1 1 1 0 1 1 "	52.9384615384615	35211.0196486117	0.840200357247486
c	"1 1 1 1 1 1 1 1 1 1 1 0 "	52.9846153846154	35402.9204697314	0.843689463086026
c	"1 1 1 1 1 1 1 1 1 1 1 0 "	52.9846153846154	35402.9204697314	0.843689463086026
c	"1 1 1 1 1 1 1 1 1 1 1 0 "	52.9846153846154	35402.9204697314	0.843689463086026
c	"1 1 1 1 1 1 1 1 1 1 1 0 "	52.9846153846154	35402.9204697314	0.843689463086026
c	"1 1 1 1 1 1 1 1 1 1 1 0 "	52.9846153846154	35402.9204697314	0.843689463086026
c	"1 1 1 1 1 1 1 1 1 1 1 0 "	52.9846153846154	35402.9204697314	0.843689463086026
c	"1 1 1 1 1 1 1 1 1 1 1 0 "	52.9846153846154	35402.9204697314	0.843689463086026
c	"1 1 1 1 1 1 1 1 1 1 1 1 "	53	35467	0.844854545454545
c	"1 1 1 1 1 1 1 1 1 1 1 1 "	53	35467	0.844854545454545
c	"1 1 1 1 1 1 1 1 1 1 1 1 "	53	35467	0.844854545454545
c	"1 1 1 1 1 1 1 1 1 1 1 1 "	53	35467	0.844854545454545
c	"1 1 1 1 1 1 1 1 1 1 1 1 "	53	35467	0.844854545454545
c	"1 1 1 1 1 1 1 1 1 1 1 1 "	53	35467	0.844854545454545
c	"1 1 1 1 1 1 1 1 1 1 1 1 "	53	35467	0.844854545454545
c	"1 1 1 1 1 1 1 1 1 1 1 1 "	53	35467	0.844854545454545
c	"1 1 1 1 1 1 1 1 1 1 1 1 "	53	35467	0.844854545454545
c	"1 1 1 1 1 1 1 1 1 1 1 1 "	53	35467	0.844854545454545
c	"1 1 1 1 1 1 1 1 1 1 1 1 "	53	35467	0.844854545454545
c	"1 1 1 1 1 1 1 1 1 1 1 1 "	53	35467	0.844854545454545
c	"1 1 1 1 1 1 1 1 1 1 1 1 "	53	35467	0.844854545454545
c	"1 1 1 1 1 1 1 1 1 1 1 1 "	53	35467	0.844854545454545
c	"1 1 1 1 1 1 1 1 1 1 1 1 "	53	35467	0.844854545454545
c	"1 1 1 1 1 1 1 1 1 1 1 1 "	53	35467	0.844854545454545
c	"1 1 1 1 1 1 1 1 1 1 1 1 "	53	35467	0.844854545454545
c	"1 1 1 1 1 1 1 1 1 1 1 1 "	53	35467	0.844854545454545
c	"1 1 1 1 1 1 1 1 1 1 1 1 "	53	35467	0.844854545454545
c	"1 1 1 1 1 1 1 1 1 1 1 1 "	53	35467	0.844854545454545
c	"1 1 1 1 1 1 1 1 1 1 1 1 "	53	35467	0.844854545454545
c	"1 1 1 1 1 1 1 1 1 1 1 1 "	53	35467	0.844854545454545
c	"1 1 1 1 1 1 1 1 1 1 1 1 "	53	35467	0.844854545454545
c	"1 1 1 1 1 1 1 1 1 1 1 1 "	53	35467	0.844854545454545
c	"1 1 1 1 1 1 1 1 1 1 1 1 "	53	35467	0.844854545454545
c	"1 1 1 1 1 1 1 1 1 1 1 1 "	53	35467	0.844854545454545
c	"1 1 1 1 1 1 1 1 1 1 1 1 "	53	35467	0.844854545454545
c	"1 1 1 1 1 1 1 1 1 1 1 1 "	53	35467	0.844854545454545
c	"1 1 1 1 1 1 1 1 1 1 1 1 "	53	35467	0.844854545454545
c	"1 1 1 1 1 1 1 1 1 1 1 1 "	53	35467	0.844854545454545
c	"1 1 1 1 1 1 1 1 1 1 1 1 "	53	35467	0.844854545454545
c	"1 1 1 1 1 1 1 1 1 1 1 1 "	53	35467	0.844854545454545
c	"1 1 1 1 1 1 1 1 1 1 1 1 "	53	35467	0.844854545454545
c	"1 1 1 1 1 1 1 1 1 1 1 1 "	53	35467	0.844854545454545
c	"1 1 1 1 1 1 1 1 1 1 1 1 "	53	35467	0.844854545454545
c	"1 1 1 1 1 1 1 1 1 1 1 1 "	53	35467	0.844854545454545
c	"1 1 1 1 1 1 1 1 1 1 1 1 "	53	35467	0.844854545454545
c	"1 1 1 1 1 1 1 1 1 1 1 1 "	53	35467	0.844854545454545
c	"1 1 1 1 1 1 1 1 1 1 1 1 "	53	35467	0.844854545454545
c	"1 1 1 1 1 1 1 1 1 1 1 1 "	53	35467	0.844854545454545
c	"1 1 1 1 1 1 1 1 1 1 1 1 "	53	35467	0.844854545454545
c	"1 1 1 1 1 1 1 1 1 1 1 1 "	53	35467	0.844854545454545
c	"1 1 1 1 1 1 1 1 1 1 1 1 "	53	35467	0.844854545454545
c	"1 1 1 1 1 1 1 1 1 1 1 1 "	53	35467	0.844854545454545
c	"1 1 1 1 1 1 1 1 1 1 1 1 "	53	35467	0.844854545454545
c	"1 1 1 1 1 1 1 1 1 1 1 1 "	53	35467	0.844854545454545
c	"1 1 1 1 1 1 1 1 1 1 1 1 "	53	35467	0.844854545454545
c	"1 1 1 1 1 1 1 1 1 1 1 1 "	53	35467	0.844854545454545
c	"1 1 1 1 1 1 1 1 1 1 1 1 "	53	35467	0.844854545454545
c	"1 1 1 1 1 1 1 1 1 1 1 1 "	53	35467	0.844854545454545
c	"1 1 1 1 1 1 1 1 1 1 1 1 "	53	35467	0.844854545454545
c	"1 1 1 1 1 1 1 1 1 1 1 1 "	53	35467	0.844854545454545
c	"1 1 1 1 1 1 1 1 1 1 1 1 "	53	35467	0.844854545454545
c	"1 1 1 1 1 1 1 1 1 1 1 1 "	53	35467	0.844854545454545
c	"1 1 1 1 1 1 1 1 1 1 1 1 "	53	35467	0.844854545454545
c	"1 1 1 1 1 1 1 1 1 1 1 1 "	53	35467	0.844854545454545
c	"1 1 1 1 1 1 1 1 1 1 1 1 "	53	35467	0.844854545454545
c	"1 1 1 1 1 1 1 1 1 1 1 1 "	53	35467	0.844854545454545
c	"1 1 1 1 1 1 1 1 1 1 1 1 "	53	35467	0.844854545454545
c	"1 1 1 1 1 1 1 1 1 1 1 1 "	53	35467	0.844854545454545
c	"1 1 1 1 1 1 1 1 1 1 1 1 "	53	35467	0.844854545454545
c	"1 1 1 1 1 1 1 1 1 1 1 1 "	53	35467	0.844854545454545
c	"1 1 1 1 1 1 1 1 1 1 1 1 "	53	35467	0.844854545454545
c	"1 1 1 1 1 1 1 1 1 1 1 1 "	53	35467	0.844854545454545
c	"1 1 1 1 1 1 1 1 1 1 1 1 "	53	35467	0.844854545454545
c	"1 1 1 1 1 1 1 1 1 1 1 1 "	53	35467	0.844854545454545
c	"1 1 1 1 1 1 1 1 1 1 1 1 "	53	35467	0.844854545454545
c	"1 1 1 1 1 1 1 1 1 1 1 1 "	53	35467	0.844854545454545
c	"1 1 1 1 1 1 1 1 1 1 1 1 "	53	35467	0.844854545454545
c	"1 1 1 1 1 1 1 1 1 1 1 1 "	53	35467	0.844854545454545
c	"1 1 1 1 1 1 1 1 1 1 1 1 "	53	35467	0.844854545454545
c	"1 1 1 1 1 1 1 1 1 1 1 1 "	53	35467	0.844854545454545
c	"1 1 1 1 1 1 1 1 1 1 1 1 "	53	35467	0.844854545454545
c	"1 1 1 1 1 1 1 1 1 1 1 1 "	53	35467	0.844854545454545
c	"1 1 1 1 1 1 1 1 1 1 1 1 "	53	35467	0.844854545454545
c	"1 1 1 1 1 1 1 1 1 1 1 1 "	53	35467	0.844854545454545
c	"1 1 1 1 1 1 1 1 1 1 1 1 "	53	35467	0.844854545454545
c	"1 1 1 1 1 1 1 1 1 1 1 1 "	53	35467	0.844854545454545
c	"1 1 1 1 1 1 1 1 1 1 1 1 "	53	35467	0.844854545454545
c	"1 1 1 1 1 1 1 1 1 1 1 1 "	53	35467	0.844854545454545
c	"1 1 1 1 1 1 1 1 1 1 1 1 "	53	35467	0.844854545454545
c	"1 1 1 1 1 1 1 1 1 1 1 1 "	53	35467	0.844854545454545
c	"1 1 1 1 1 1 1 1 1 1 1 1 "	53	35467	0.844854545454545
c	"1 1 1 1 1 1 1 1 1 1 1 1 "	53	35467	0.844854545454545
c	"1 1 1 1 1 1 1 1 1 1 1 1 "	53	35467	0.844854545454545
c	"1 1 1 1 1 1 1 1 1 1 1 1 "	53	35467	0.844854545454545
c	"1 1 1 1 1 1 1 1 1 1 1 1 "	53	35467	0.844854545454545
c	"1 1 1 1 1 1 1 1 1 1 1 1 "	53	35467	0.844854545454545
g	"1 1 1 1 1 1 1 1 1 1 1 1 "	53	35467	0.844854545454545
