c	"1 1 1 1 1 0 0 0 0 0 1 0 "	51.0769230769231	27886.5152480655	0.292972450035172
c	"1 1 1 1 0 1 0 0 1 0 0 0 "	50.1846153846154	24656.2169431043	0.351705146489014
c	"0 0 1 1 0 1 1 0 1 0 1 0 "	3.44615384615385	-493.035688666364	0.808964285248479
c	"0 0 0 1 0 1 1 1 0 0 1 1 "	-4.29230769230769	-720.191129722348	0.81309438417677
c	"0 0 0 1 0 1 1 0 0 1 0 0 "	-4.52307692307692	-810.401580336822	0.814734574187942
c	"0 0 0 1 0 1 1 0 0 1 0 0 "	-4.52307692307692	-810.401580336822	0.814734574187942
c	"0 1 0 0 1 1 1 0 1 1 1 0 "	9.41538461538462	-2889.61755848885	0.852538501063434
c	"1 1 0 0 0 0 0 0 0 1 1 0 "	37.3538461538462	-4429.28137642239	0.880532388662225
c	"1 1 0 0 0 0 0 0 0 1 1 0 "	37.3538461538462	-4429.28137642239	0.880532388662225
c	"1 0 1 0 0 0 1 0 1 1 1 1 "	30.1076923076923	-9559.26502321347	0.973804818603881
c	"1 0 0 0 1 0 1 1 0 0 0 1 "	24.2307692307692	-9733.20664542558	0.976967393553192
c	"1 0 0 1 1 1 1 1 0 0 0 1 "	29.1538461538462	-9791.73008648157	0.978031456117847
c	"1 0 0 1 1 1 1 1 0 0 0 1 "	29.1538461538462	-9791.73008648157	0.978031456117847
c	"1 0 0 1 1 1 0 1 0 0 0 0 "	28.6461538461539	-9879.91341647701	0.979634789390491
c	"1 0 0 1 0 1 1 1 0 1 0 0 "	27.2307692307692	-10003.1888939463	0.981876161708114
c	"1 0 0 1 0 1 1 1 0 1 0 0 "	27.2307692307692	-10003.1888939463	0.981876161708114
c	"1 0 0 1 0 1 1 1 0 0 1 1 "	27.2153846153846	-10003.580304051	0.981883278255472
c	"1 0 0 1 0 1 1 1 0 0 1 1 "	27.2153846153846	-10003.580304051	0.981883278255472
c	"1 0 0 1 0 1 1 1 0 0 1 1 "	27.2153846153846	-10003.580304051	0.981883278255472
c	"1 0 0 1 0 1 1 1 0 0 1 1 "	27.2153846153846	-10003.580304051	0.981883278255472
c	"1 0 0 1 0 1 1 1 0 0 1 1 "	27.2153846153846	-10003.580304051	0.981883278255472
c	"1 0 0 1 0 1 1 1 0 0 1 1 "	27.2153846153846	-10003.580304051	0.981883278255472
c	"1 0 0 1 0 1 1 1 0 0 1 1 "	27.2153846153846	-10003.580304051	0.981883278255472
c	"1 0 0 1 0 1 1 1 0 0 1 1 "	27.2153846153846	-10003.580304051	0.981883278255472
c	"1 0 0 1 0 1 1 1 0 0 1 1 "	27.2153846153846	-10003.580304051	0.981883278255472
c	"1 0 0 1 0 1 1 1 0 0 1 1 "	27.2153846153846	-10003.580304051	0.981883278255472
c	"1 0 0 1 0 1 1 1 0 0 1 1 "	27.2153846153846	-10003.580304051	0.981883278255472
c	"1 0 0 1 0 1 1 1 0 0 1 1 "	27.2153846153846	-10003.580304051	0.981883278255472
c	"1 0 0 1 0 1 1 1 0 0 1 1 "	27.2153846153846	-10003.580304051	0.981883278255472
c	"1 0 0 1 0 1 1 1 0 0 1 1 "	27.2153846153846	-10003.580304051	0.981883278255472
c	"1 0 0 1 0 1 1 1 0 0 1 1 "	27.2153846153846	-10003.580304051	0.981883278255472
c	"1 0 0 1 0 1 1 1 0 0 1 1 "	27.2153846153846	-10003.580304051	0.981883278255472
c	"1 0 0 1 0 1 1 1 0 0 1 1 "	27.2153846153846	-10003.580304051	0.981883278255472
c	"1 0 0 1 0 1 0 1 0 0 1 1 "	26.7230769230769	-10005.8155557579	0.981923919195597
c	"1 0 0 1 0 1 0 1 0 0 1 1 "	26.7230769230769	-10005.8155557579	0.981923919195597
c	"1 0 0 1 0 1 0 1 0 0 1 1 "	26.7230769230769	-10005.8155557579	0.981923919195597
c	"1 0 0 1 0 1 1 0 0 1 0 0 "	26.9846153846154	-10007.097991807	0.981947236214673
c	"1 0 0 1 0 1 1 0 0 1 0 0 "	26.9846153846154	-10007.097991807	0.981947236214673
c	"1 0 0 1 0 1 1 0 0 1 0 0 "	26.9846153846154	-10007.097991807	0.981947236214673
c	"1 0 0 1 0 1 1 0 0 1 0 0 "	26.9846153846154	-10007.097991807	0.981947236214673
c	"1 0 0 1 0 1 1 0 0 1 0 0 "	26.9846153846154	-10007.097991807	0.981947236214673
c	"1 0 0 1 0 1 1 0 0 1 0 0 "	26.9846153846154	-10007.097991807	0.981947236214673
c	"1 0 0 1 0 1 1 0 0 1 0 0 "	26.9846153846154	-10007.097991807	0.981947236214673
c	"1 0 0 1 0 1 1 0 0 1 0 0 "	26.9846153846154	-10007.097991807	0.981947236214673
c	"1 0 0 1 0 1 1 0 0 1 0 0 "	26.9846153846154	-10007.097991807	0.981947236214673
c	"1 0 0 1 0 1 1 0 0 1 0 0 "	26.9846153846154	-10007.097991807	0.981947236214673
c	"1 0 0 1 0 1 1 0 0 1 0 0 "	26.9846153846154	-10007.097991807	0.981947236214673
c	"1 0 0 1 0 1 1 0 0 1 0 0 "	26.9846153846154	-10007.097991807	0.981947236214673
c	"1 0 0 1 0 1 1 0 0 1 0 0 "	26.9846153846154	-10007.097991807	0.981947236214673
c	"1 0 0 1 0 1 1 0 0 1 0 0 "	26.9846153846154	-10007.097991807	0.981947236214673
c	"1 0 0 1 0 1 1 0 0 1 0 0 "	26.9846153846154	-10007.097991807	0.981947236214673
c	"1 0 0 1 0 1 1 0 0 1 0 0 "	26.9846153846154	-10007.097991807	0.981947236214673
c	"1 0 0 1 0 1 1 0 0 1 0 0 "	26.9846153846154	-10007.097991807	0.981947236214673
c	"1 0 0 1 0 1 1 0 0 1 0 0 "	26.9846153846154	-10007.097991807	0.981947236214673
c	"1 0 0 1 0 1 1 0 0 1 0 0 "	26.9846153846154	-10007.097991807	0.981947236214673
c	"1 0 0 1 0 1 1 0 0 1 0 0 "	26.9846153846154	-10007.097991807	0.981947236214673
c	"1 0 0 1 0 1 1 0 0 1 0 0 "	26.9846153846154	-10007.097991807	0.981947236214673
c	"1 0 0 1 0 1 1 0 0 1 0 0 "	26.9846153846154	-10007.097991807	0.981947236214673
c	"1 0 0 1 0 1 1 0 0 1 0 0 "	26.9846153846154	-10007.097991807	0.981947236214673
c	"1 0 0 1 0 1 1 0 0 1 0 0 "	26.9846153846154	-10007.097991807	0.981947236214673
c	"1 0 0 1 0 1 1 0 0 1 0 0 "	26.9846153846154	-10007.097991807	0.981947236214673
c	"1 0 0 1 0 1 1 0 0 1 0 0 "	26.9846153846154	-10007.097991807	0.981947236214673
c	"1 0 0 1 0 1 1 0 0 1 0 0 "	26.9846153846154	-10007.097991807	0.981947236214673
c	"1 0 0 1 0 1 1 0 0 1 0 0 "	26.9846153846154	-10007.097991807	0.981947236214673
c	"1 0 0 1 0 1 1 0 0 1 0 0 "	26.9846153846154	-10007.097991807	0.981947236214673
c	"1 0 0 1 0 1 1 0 0 1 0 0 "	26.9846153846154	-10007.097991807	0.981947236214673
c	"1 0 0 1 0 1 1 0 0 1 0 0 "	26.9846153846154	-10007.097991807	0.981947236214673
c	"1 0 0 1 0 1 1 0 0 1 0 0 "	26.9846153846154	-10007.097991807	0.981947236214673
c	"1 0 0 1 0 1 1 0 0 1 0 0 "	26.9846153846154	-10007.097991807	0.981947236214673
c	"1 0 0 1 0 1 1 0 0 1 0 0 "	26.9846153846154	-10007.097991807	0.981947236214673
c	"1 0 0 1 0 1 1 0 0 1 0 0 "	26.9846153846154	-10007.097991807	0.981947236214673
c	"1 0 0 1 0 1 1 0 0 1 0 0 "	26.9846153846154	-10007.097991807	0.981947236214673
c	"1 0 0 1 0 1 1 0 0 1 0 0 "	26.9846153846154	-10007.097991807	0.981947236214673
c	"1 0 0 1 0 1 1 0 0 1 0 0 "	26.9846153846154	-10007.097991807	0.981947236214673
c	"1 0 0 1 0 1 1 0 0 1 0 0 "	26.9846153846154	-10007.097991807	0.981947236214673
c	"1 0 0 1 0 1 1 0 0 1 0 0 "	26.9846153846154	-10007.097991807	0.981947236214673
c	"1 0 0 1 0 1 1 0 0 1 0 0 "	26.9846153846154	-10007.097991807	0.981947236214673
c	"1 0 0 1 0 1 1 0 0 1 0 0 "	26.9846153846154	-10007.097991807	0.981947236214673
c	"1 0 0 1 0 1 1 0 0 1 0 0 "	26.9846153846154	-10007.097991807	0.981947236214673
c	"1 0 0 1 0 1 1 0 0 1 0 0 "	26.9846153846154	-10007.097991807	0.981947236214673
c	"1 0 0 1 0 1 1 0 0 1 0 0 "	26.9846153846154	-10007.097991807	0.981947236214673
c	"1 0 0 1 0 1 1 0 0 1 0 0 "	26.9846153846154	-10007.097991807	0.981947236214673
c	"1 0 0 1 0 1 1 0 0 1 0 0 "	26.9846153846154	-10007.097991807	0.981947236214673
c	"1 0 0 1 0 1 1 0 0 1 0 0 "	26.9846153846154	-10007.097991807	0.981947236214673
c	"1 0 0 1 0 1 1 0 0 1 0 0 "	26.9846153846154	-10007.097991807	0.981947236214673
c	"1 0 0 1 0 1 1 0 0 1 0 0 "	26.9846153846154	-10007.097991807	0.981947236214673
c	"1 0 0 1 0 1 1 0 0 1 0 0 "	26.9846153846154	-10007.097991807	0.981947236214673
c	"1 0 0 1 0 1 1 0 0 1 0 0 "	26.9846153846154	-10007.097991807	0.981947236214673
c	"1 0 0 1 0 1 1 0 0 1 0 0 "	26.9846153846154	-10007.097991807	0.981947236214673
c	"1 0 0 1 0 1 1 0 0 1 0 0 "	26.9846153846154	-10007.097991807	0.981947236214673
c	"1 0 0 1 0 1 1 0 0 1 0 0 "	26.9846153846154	-10007.097991807	0.981947236214673
c	"1 0 0 1 0 1 1 0 0 1 0 0 "	26.9846153846154	-10007.097991807	0.981947236214673
c	"1 0 0 1 0 1 1 0 0 1 0 0 "	26.9846153846154	-10007.097991807	0.981947236214673
c	"1 0 0 1 0 1 1 0 0 1 0 0 "	26.9846153846154	-10007.097991807	0.981947236214673
c	"1 0 0 1 0 1 1 0 0 1 0 0 "	26.9846153846154	-10007.097991807	0.981947236214673
c	"1 0 0 1 0 1 1 0 0 1 0 0 "	26.9846153846154	-10007.097991807	0.981947236214673
c	"1 0 0 1 0 1 1 0 0 1 0 0 "	26.9846153846154	-10007.097991807	0.981947236214673
c	"1 0 0 1 0 1 1 0 0 1 0 0 "	26.9846153846154	-10007.097991807	0.981947236214673
c	"1 0 0 1 0 1 1 0 0 1 0 0 "	26.9846153846154	-10007.097991807	0.981947236214673
c	"1 0 0 1 0 1 1 0 0 1 0 0 "	26.9846153846154	-10007.097991807	0.981947236214673
g	"1 0 0 1 0 1 1 0 0 1 0 0 "	26.9846153846154	-10007.097991807	0.981947236214673
