c	"1 1 0 0 1 0 1 1 0 1 1 0 "	40.0615384615385	-692.466039144289	0.812590291620805
c	"0 0 0 1 0 1 1 0 0 1 0 0 "	-4.52307692307692	-810.401580336822	0.814734574187942
c	"1 1 0 0 0 0 0 0 0 1 1 0 "	37.3538461538462	-4429.28137642239	0.880532388662225
c	"0 1 1 0 1 1 0 0 1 0 1 1 "	16.7538461538462	-6850.07148293127	0.924546754235114
c	"1 0 1 1 0 1 1 0 1 0 1 0 "	34.9538461538462	-6854.32317523895	0.924624057731617
c	"1 0 1 1 0 1 1 0 1 0 1 0 "	34.9538461538462	-6854.32317523895	0.924624057731617
c	"1 0 0 0 0 1 0 1 0 0 1 1 "	22.7846153846154	-9382.86466636322	0.970597539388422
c	"1 0 1 0 0 0 1 0 1 1 1 1 "	30.1076923076923	-9559.26502321347	0.973804818603881
c	"1 0 1 0 0 0 1 0 1 1 1 1 "	30.1076923076923	-9559.26502321347	0.973804818603881
c	"1 0 0 1 1 1 1 1 1 0 0 0 "	29.2615384615385	-9769.90566044606	0.977634648371747
c	"1 0 0 1 1 1 1 1 0 0 0 1 "	29.1538461538462	-9791.73008648157	0.978031456117847
c	"1 0 0 1 1 1 1 1 0 0 0 1 "	29.1538461538462	-9791.73008648157	0.978031456117847
c	"1 0 0 0 1 1 1 0 0 0 1 1 "	25	-9865	0.979363636363636
c	"1 0 0 1 0 1 1 1 0 1 0 0 "	27.2307692307692	-10003.1888939463	0.981876161708114
c	"1 0 0 1 0 1 1 1 0 1 0 0 "	27.2307692307692	-10003.1888939463	0.981876161708114
c	"1 0 0 1 0 1 1 1 0 0 1 1 "	27.2153846153846	-10003.580304051	0.981883278255472
c	"1 0 0 1 0 1 1 1 0 0 1 1 "	27.2153846153846	-10003.580304051	0.981883278255472
c	"1 0 0 1 0 1 1 1 0 0 1 1 "	27.2153846153846	-10003.580304051	0.981883278255472
c	"1 0 0 1 0 1 1 1 0 0 1 1 "	27.2153846153846	-10003.580304051	0.981883278255472
c	"1 0 0 1 0 1 0 1 0 0 1 1 "	26.7230769230769	-10005.8155557579	0.981923919195597
c	"1 0 0 1 0 1 0 1 0 0 1 1 "	26.7230769230769	-10005.8155557579	0.981923919195597
c	"1 0 0 1 0 1 0 1 0 0 1 1 "	26.7230769230769	-10005.8155557579	0.981923919195597
c	"1 0 0 1 0 1 1 0 0 1 0 0 "	26.9846153846154	-10007.097991807	0.981947236214673
c	"1 0 0 1 0 1 1 0 0 1 0 0 "	26.9846153846154	-10007.097991807	0.981947236214673
c	"1 0 0 1 0 1 1 0 0 1 0 0 "	26.9846153846154	-10007.097991807	0.981947236214673
c	"1 0 0 1 0 1 1 0 0 1 0 0 "	26.9846153846154	-10007.097991807	0.981947236214673
c	"1 0 0 1 0 1 1 0 0 1 0 0 "	26.9846153846154	-10007.097991807	0.981947236214673
c	"1 0 0 1 0 1 1 0 0 1 0 0 "	26.9846153846154	-10007.097991807	0.981947236214673
c	"1 0 0 1 0 1 1 0 0 1 0 0 "	26.9846153846154	-10007.097991807	0.981947236214673
c	"1 0 0 1 0 1 1 0 0 1 0 0 "	26.9846153846154	-10007.097991807	0.981947236214673
c	"1 0 0 1 0 1 1 0 0 1 0 0 "	26.9846153846154	-10007.097991807	0.981947236214673
c	"1 0 0 1 0 1 1 0 0 1 0 0 "	26.9846153846154	-10007.097991807	0.981947236214673
c	"1 0 0 1 0 1 1 0 0 1 0 0 "	26.9846153846154	-10007.097991807	0.981947236214673
c	"1 0 0 1 0 1 1 0 0 1 0 0 "	26.9846153846154	-10007.097991807	0.981947236214673
c	"1 0 0 1 0 1 1 0 0 1 0 0 "	26.9846153846154	-10007.097991807	0.981947236214673
c	"1 0 0 1 0 1 1 0 0 1 0 0 "	26.9846153846154	-10007.097991807	0.981947236214673
c	"1 0 0 1 0 1 1 0 0 1 0 0 "	26.9846153846154	-10007.097991807	0.981947236214673
c	"1 0 0 1 0 1 1 0 0 1 0 0 "	26.9846153846154	-10007.097991807	0.981947236214673
c	"1 0 0 1 0 1 1 0 0 1 0 0 "	26.9846153846154	-10007.097991807	0.981947236214673
c	"1 0 0 1 0 1 1 0 0 1 0 0 "	26.9846153846154	-10007.097991807	0.981947236214673
c	"1 0 0 1 0 1 1 0 0 1 0 0 "	26.9846153846154	-10007.097991807	0.981947236214673
c	"1 0 0 1 0 1 1 0 0 1 0 0 "	26.9846153846154	-10007.097991807	0.981947236214673
c	"1 0 0 1 0 1 1 0 0 1 0 0 "	26.9846153846154	-10007.097991807	0.981947236214673
c	"1 0 0 1 0 1 1 0 0 1 0 0 "	26.9846153846154	-10007.097991807	0.981947236214673
c	"1 0 0 1 0 1 1 0 0 1 0 0 "	26.9846153846154	-10007.097991807	0.981947236214673
c	"1 0 0 1 0 1 1 0 0 1 0 0 "	26.9846153846154	-10007.097991807	0.981947236214673
c	"1 0 0 1 0 1 1 0 0 1 0 0 "	26.9846153846154	-10007.097991807	0.981947236214673
c	"1 0 0 1 0 1 1 0 0 1 0 0 "	26.9846153846154	-10007.097991807	0.981947236214673
c	"1 0 0 1 0 1 1 0 0 1 0 0 "	26.9846153846154	-10007.097991807	0.981947236214673
c	"1 0 0 1 0 1 1 0 0 1 0 0 "	26.9846153846154	-10007.097991807	0.981947236214673
c	"1 0 0 1 0 1 1 0 0 1 0 0 "	26.9846153846154	-10007.097991807	0.981947236214673
c	"1 0 0 1 0 1 1 0 0 1 0 0 "	26.9846153846154	-10007.097991807	0.981947236214673
c	"1 0 0 1 0 1 1 0 0 1 0 0 "	26.9846153846154	-10007.097991807	0.981947236214673
c	"1 0 0 1 0 1 1 0 0 1 0 0 "	26.9846153846154	-10007.097991807	0.981947236214673
c	"1 0 0 1 0 1 1 0 0 1 0 0 "	26.9846153846154	-10007.097991807	0.981947236214673
c	"1 0 0 1 0 1 1 0 0 1 0 0 "	26.9846153846154	-10007.097991807	0.981947236214673
c	"1 0 0 1 0 1 1 0 0 1 0 0 "	26.9846153846154	-10007.097991807	0.981947236214673
c	"1 0 0 1 0 1 1 0 0 1 0 0 "	26.9846153846154	-10007.097991807	0.981947236214673
c	"1 0 0 1 0 1 1 0 0 1 0 0 "	26.9846153846154	-10007.097991807	0.981947236214673
c	"1 0 0 1 0 1 1 0 0 1 0 0 "	26.9846153846154	-10007.097991807	0.981947236214673
c	"1 0 0 1 0 1 1 0 0 1 0 0 "	26.9846153846154	-10007.097991807	0.981947236214673
c	"1 0 0 1 0 1 1 0 0 1 0 0 "	26.9846153846154	-10007.097991807	0.981947236214673
c	"1 0 0 1 0 1 1 0 0 1 0 0 "	26.9846153846154	-10007.097991807	0.981947236214673
c	"1 0 0 1 0 1 1 0 0 1 0 0 "	26.9846153846154	-10007.097991807	0.981947236214673
c	"1 0 0 1 0 1 1 0 0 1 0 0 "	26.9846153846154	-10007.097991807	0.981947236214673
c	"1 0 0 1 0 1 1 0 0 1 0 0 "	26.9846153846154	-10007.097991807	0.981947236214673
c	"1 0 0 1 0 1 1 0 0 1 0 0 "	26.9846153846154	-10007.097991807	0.981947236214673
c	"1 0 0 1 0 1 1 0 0 1 0 0 "	26.9846153846154	-10007.097991807	0.981947236214673
c	"1 0 0 1 0 1 1 0 0 1 0 0 "	26.9846153846154	-10007.097991807	0.981947236214673
c	"1 0 0 1 0 1 1 0 0 1 0 0 "	26.9846153846154	-10007.097991807	0.981947236214673
c	"1 0 0 1 0 1 1 0 0 1 0 0 "	26.9846153846154	-10007.097991807	0.981947236214673
c	"1 0 0 1 0 1 1 0 0 1 0 0 "	26.9846153846154	-10007.097991807	0.981947236214673
c	"1 0 0 1 0 1 1 0 0 1 0 0 "	26.9846153846154	-10007.097991807	0.981947236214673
c	"1 0 0 1 0 1 1 0 0 1 0 0 "	26.9846153846154	-10007.097991807	0.981947236214673
c	"1 0 0 1 0 1 1 0 0 1 0 0 "	26.9846153846154	-10007.097991807	0.981947236214673
c	"1 0 0 1 0 1 1 0 0 1 0 0 "	26.9846153846154	-10007.097991807	0.981947236214673
c	"1 0 0 1 0 1 1 0 0 1 0 0 "	26.9846153846154	-10007.097991807	0.981947236214673
c	"1 0 0 1 0 1 1 0 0 1 0 0 "	26.9846153846154	-10007.097991807	0.981947236214673
c	"1 0 0 1 0 1 1 0 0 1 0 0 "	26.9846153846154	-10007.097991807	0.981947236214673
c	"1 0 0 1 0 1 1 0 0 1 0 0 "	26.9846153846154	-10007.097991807	0.981947236214673
c	"1 0 0 1 0 1 1 0 0 1 0 0 "	26.9846153846154	-10007.097991807	0.981947236214673
c	"1 0 0 1 0 1 1 0 0 1 0 0 "	26.9846153846154	-10007.097991807	0.981947236214673
c	"1 0 0 1 0 1 1 0 0 1 0 0 "	26.9846153846154	-10007.097991807	0.981947236214673
c	"1 0 0 1 0 1 1 0 0 1 0 0 "	26.9846153846154	-10007.097991807	0.981947236214673
c	"1 0 0 1 0 1 1 0 0 1 0 0 "	26.9846153846154	-10007.097991807	0.981947236214673
c	"1 0 0 1 0 1 1 0 0 1 0 0 "	26.9846153846154	-10007.097991807	0.981947236214673
c	"1 0 0 1 0 1 1 0 0 1 0 0 "	26.9846153846154	-10007.097991807	0.981947236214673
c	"1 0 0 1 0 1 1 0 0 1 0 0 "	26.9846153846154	-10007.097991807	0.981947236214673
c	"1 0 0 1 0 1 1 0 0 1 0 0 "	26.9846153846154	-10007.097991807	0.981947236214673
c	"1 0 0 1 0 1 1 0 0 1 0 0 "	26.9846153846154	-10007.097991807	0.981947236214673
c	"1 0 0 1 0 1 1 0 0 1 0 0 "	26.9846153846154	-10007.097991807	0.981947236214673
c	"1 0 0 1 0 1 1 0 0 1 0 0 "	26.9846153846154	-10007.097991807	0.981947236214673
c	"1 0 0 1 0 1 1 0 0 1 0 0 "	26.9846153846154	-10007.097991807	0.981947236214673
c	"1 0 0 1 0 1 1 0 0 1 0 0 "	26.9846153846154	-10007.097991807	0.981947236214673
c	"1 0 0 1 0 1 1 0 0 1 0 0 "	26.9846153846154	-10007.097991807	0.981947236214673
c	"1 0 0 1 0 1 1 0 0 1 0 0 "	26.9846153846154	-10007.097991807	0.981947236214673
c	"1 0 0 1 0 1 1 0 0 1 0 0 "	26.9846153846154	-10007.097991807	0.981947236214673
c	"1 0 0 1 0 1 1 0 0 1 0 0 "	26.9846153846154	-10007.097991807	0.981947236214673
c	"1 0 0 1 0 1 1 0 0 1 0 0 "	26.9846153846154	-10007.097991807	0.981947236214673
c	"1 0 0 1 0 1 1 0 0 1 0 0 "	26.9846153846154	-10007.097991807	0.981947236214673
g	"1 0 0 1 0 1 1 0 0 1 0 0 "	26.9846153846154	-10007.097991807	0.981947236214673
