c	"0 0 0 1 0 1 0 1 1 1 0 1 "	-4.63076923076923	-854.447887118798	0.815535416129433
c	"0 0 0 1 0 1 0 1 1 1 0 1 "	-4.63076923076923	-854.447887118798	0.815535416129433
c	"0 0 0 1 0 1 0 1 1 1 0 1 "	-4.63076923076923	-854.447887118798	0.815535416129433
c	"0 0 0 1 0 1 0 1 1 1 0 1 "	-4.63076923076923	-854.447887118798	0.815535416129433
c	"1 1 0 0 1 0 0 1 0 0 0 1 "	39.4923076923077	-1571.66458625399	0.828575719750072
c	"0 0 0 0 1 1 0 1 1 0 0 1 "	-6.66153846153846	-1927.42607919891	0.835044110530889
c	"0 1 0 1 0 0 1 0 1 0 0 1 "	10.3230769230769	-3359.01006463359	0.861072910266065
c	"0 1 0 1 1 1 0 0 1 0 0 1 "	12.7846153846154	-4693.94869003186	0.885344521636943
c	"1 0 1 1 1 0 0 0 0 0 1 0 "	35.3230769230769	-6531.95089303595	0.918762743509745
c	"0 1 1 0 1 1 1 0 0 1 1 1 "	17.1846153846154	-7071.32648884843	0.928569572524517
c	"1 0 0 0 1 0 0 0 0 1 0 1 "	23.5538461538462	-9585.13448884843	0.974275172524517
c	"1 0 0 1 0 1 0 1 1 1 0 1 "	26.8769230769231	-10007.2423377333	0.981949860686059
c	"1 0 0 1 0 1 0 1 1 1 0 1 "	26.8769230769231	-10007.2423377333	0.981949860686059
c	"1 0 0 1 0 1 0 1 1 1 0 1 "	26.8769230769231	-10007.2423377333	0.981949860686059
c	"1 0 0 1 0 1 0 1 1 1 0 1 "	26.8769230769231	-10007.2423377333	0.981949860686059
c	"1 0 0 1 0 1 0 1 1 1 0 1 "	26.8769230769231	-10007.2423377333	0.981949860686059
c	"1 0 0 1 0 1 0 1 1 1 0 1 "	26.8769230769231	-10007.2423377333	0.981949860686059
c	"1 0 0 1 0 1 0 1 1 1 0 1 "	26.8769230769231	-10007.2423377333	0.981949860686059
c	"1 0 0 1 0 1 0 1 1 1 0 1 "	26.8769230769231	-10007.2423377333	0.981949860686059
c	"1 0 0 1 0 1 0 1 1 1 0 1 "	26.8769230769231	-10007.2423377333	0.981949860686059
c	"1 0 0 1 0 1 0 1 1 1 0 1 "	26.8769230769231	-10007.2423377333	0.981949860686059
c	"1 0 0 1 0 1 0 1 1 1 0 1 "	26.8769230769231	-10007.2423377333	0.981949860686059
c	"1 0 0 1 0 1 0 1 1 1 0 1 "	26.8769230769231	-10007.2423377333	0.981949860686059
c	"1 0 0 1 0 1 0 1 1 1 0 1 "	26.8769230769231	-10007.2423377333	0.981949860686059
c	"1 0 0 1 0 1 0 1 1 1 0 1 "	26.8769230769231	-10007.2423377333	0.981949860686059
c	"1 0 0 1 0 1 0 1 1 1 0 1 "	26.8769230769231	-10007.2423377333	0.981949860686059
c	"1 0 0 1 0 1 0 1 1 1 0 1 "	26.8769230769231	-10007.2423377333	0.981949860686059
c	"1 0 0 1 0 1 0 1 1 1 0 1 "	26.8769230769231	-10007.2423377333	0.981949860686059
c	"1 0 0 1 0 1 0 1 1 1 0 1 "	26.8769230769231	-10007.2423377333	0.981949860686059
c	"1 0 0 1 0 1 0 1 1 1 0 1 "	26.8769230769231	-10007.2423377333	0.981949860686059
c	"1 0 0 1 0 1 0 1 1 1 0 1 "	26.8769230769231	-10007.2423377333	0.981949860686059
c	"1 0 0 1 0 1 0 1 1 1 0 1 "	26.8769230769231	-10007.2423377333	0.981949860686059
c	"1 0 0 1 0 1 0 1 1 1 0 1 "	26.8769230769231	-10007.2423377333	0.981949860686059
c	"1 0 0 1 0 1 0 1 1 1 0 1 "	26.8769230769231	-10007.2423377333	0.981949860686059
c	"1 0 0 1 0 1 0 1 1 1 0 1 "	26.8769230769231	-10007.2423377333	0.981949860686059
c	"1 0 0 1 0 1 0 1 1 1 0 1 "	26.8769230769231	-10007.2423377333	0.981949860686059
c	"1 0 0 1 0 1 0 1 1 1 0 1 "	26.8769230769231	-10007.2423377333	0.981949860686059
c	"1 0 0 1 0 1 0 1 1 1 0 1 "	26.8769230769231	-10007.2423377333	0.981949860686059
c	"1 0 0 1 0 1 0 1 1 1 0 1 "	26.8769230769231	-10007.2423377333	0.981949860686059
c	"1 0 0 1 0 1 0 1 1 1 0 1 "	26.8769230769231	-10007.2423377333	0.981949860686059
c	"1 0 0 1 0 1 0 1 1 1 0 1 "	26.8769230769231	-10007.2423377333	0.981949860686059
c	"1 0 0 1 0 1 0 1 1 1 0 1 "	26.8769230769231	-10007.2423377333	0.981949860686059
c	"1 0 0 1 0 1 0 1 1 1 0 1 "	26.8769230769231	-10007.2423377333	0.981949860686059
c	"1 0 0 1 0 1 0 1 1 1 0 1 "	26.8769230769231	-10007.2423377333	0.981949860686059
c	"1 0 0 1 0 1 0 1 1 1 0 1 "	26.8769230769231	-10007.2423377333	0.981949860686059
c	"1 0 0 1 0 1 0 1 1 1 0 1 "	26.8769230769231	-10007.2423377333	0.981949860686059
c	"1 0 0 1 0 1 0 1 1 1 0 1 "	26.8769230769231	-10007.2423377333	0.981949860686059
c	"1 0 0 1 0 1 0 1 1 1 0 1 "	26.8769230769231	-10007.2423377333	0.981949860686059
c	"1 0 0 1 0 1 0 1 1 1 0 1 "	26.8769230769231	-10007.2423377333	0.981949860686059
c	"1 0 0 1 0 1 0 1 1 1 0 1 "	26.8769230769231	-10007.2423377333	0.981949860686059
c	"1 0 0 1 0 1 0 1 1 1 0 1 "	26.8769230769231	-10007.2423377333	0.981949860686059
c	"1 0 0 1 0 1 0 1 1 1 0 1 "	26.8769230769231	-10007.2423377333	0.981949860686059
c	"1 0 0 1 0 1 0 1 1 1 0 1 "	26.8769230769231	-10007.2423377333	0.981949860686059
c	"1 0 0 1 0 1 0 1 1 1 0 1 "	26.8769230769231	-10007.2423377333	0.981949860686059
c	"1 0 0 1 0 1 0 1 1 1 0 1 "	26.8769230769231	-10007.2423377333	0.981949860686059
c	"1 0 0 1 0 1 0 1 1 1 0 1 "	26.8769230769231	-10007.2423377333	0.981949860686059
c	"1 0 0 1 0 1 0 1 1 1 0 1 "	26.8769230769231	-10007.2423377333	0.981949860686059
c	"1 0 0 1 0 1 0 1 1 1 0 1 "	26.8769230769231	-10007.2423377333	0.981949860686059
c	"1 0 0 1 0 1 0 1 1 1 0 1 "	26.8769230769231	-10007.2423377333	0.981949860686059
c	"1 0 0 1 0 1 0 1 1 1 0 1 "	26.8769230769231	-10007.2423377333	0.981949860686059
c	"1 0 0 1 0 1 0 1 1 1 0 1 "	26.8769230769231	-10007.2423377333	0.981949860686059
c	"1 0 0 1 0 1 0 1 1 1 0 1 "	26.8769230769231	-10007.2423377333	0.981949860686059
c	"1 0 0 1 0 1 0 1 1 1 0 1 "	26.8769230769231	-10007.2423377333	0.981949860686059
c	"1 0 0 1 0 1 0 1 1 1 0 1 "	26.8769230769231	-10007.2423377333	0.981949860686059
c	"1 0 0 1 0 1 0 1 1 1 0 1 "	26.8769230769231	-10007.2423377333	0.981949860686059
c	"1 0 0 1 0 1 0 1 1 1 0 1 "	26.8769230769231	-10007.2423377333	0.981949860686059
c	"1 0 0 1 0 1 0 1 1 1 0 1 "	26.8769230769231	-10007.2423377333	0.981949860686059
c	"1 0 0 1 0 1 0 1 1 1 0 1 "	26.8769230769231	-10007.2423377333	0.981949860686059
c	"1 0 0 1 0 1 0 1 1 1 0 1 "	26.8769230769231	-10007.2423377333	0.981949860686059
c	"1 0 0 1 0 1 0 1 1 1 0 1 "	26.8769230769231	-10007.2423377333	0.981949860686059
c	"1 0 0 1 0 1 0 1 1 1 0 1 "	26.8769230769231	-10007.2423377333	0.981949860686059
c	"1 0 0 1 0 1 0 1 1 1 0 1 "	26.8769230769231	-10007.2423377333	0.981949860686059
c	"1 0 0 1 0 1 0 1 1 1 0 1 "	26.8769230769231	-10007.2423377333	0.981949860686059
c	"1 0 0 1 0 1 0 1 1 1 0 1 "	26.8769230769231	-10007.2423377333	0.981949860686059
c	"1 0 0 1 0 1 0 1 1 1 0 1 "	26.8769230769231	-10007.2423377333	0.981949860686059
c	"1 0 0 1 0 1 0 1 1 1 0 1 "	26.8769230769231	-10007.2423377333	0.981949860686059
c	"1 0 0 1 0 1 0 1 1 1 0 1 "	26.8769230769231	-10007.2423377333	0.981949860686059
c	"1 0 0 1 0 1 0 1 1 1 0 1 "	26.8769230769231	-10007.2423377333	0.981949860686059
c	"1 0 0 1 0 1 0 1 1 1 0 1 "	26.8769230769231	-10007.2423377333	0.981949860686059
c	"1 0 0 1 0 1 0 1 1 1 0 1 "	26.8769230769231	-10007.2423377333	0.981949860686059
c	"1 0 0 1 0 1 0 1 1 1 0 1 "	26.8769230769231	-10007.2423377333	0.981949860686059
c	"1 0 0 1 0 1 0 1 1 1 0 1 "	26.8769230769231	-10007.2423377333	0.981949860686059
c	"1 0 0 1 0 1 0 1 1 1 0 1 "	26.8769230769231	-10007.2423377333	0.981949860686059
c	"1 0 0 1 0 1 0 1 1 1 0 1 "	26.8769230769231	-10007.2423377333	0.981949860686059
c	"1 0 0 1 0 1 0 1 1 1 0 1 "	26.8769230769231	-10007.2423377333	0.981949860686059
c	"1 0 0 1 0 1 0 1 1 1 0 1 "	26.8769230769231	-10007.2423377333	0.981949860686059
c	"1 0 0 1 0 1 0 1 1 1 0 1 "	26.8769230769231	-10007.2423377333	0.981949860686059
c	"1 0 0 1 0 1 0 1 1 1 0 1 "	26.8769230769231	-10007.2423377333	0.981949860686059
c	"1 0 0 1 0 1 0 1 1 1 0 1 "	26.8769230769231	-10007.2423377333	0.981949860686059
c	"1 0 0 1 0 1 0 1 1 1 0 1 "	26.8769230769231	-10007.2423377333	0.981949860686059
c	"1 0 0 1 0 1 0 1 1 1 0 1 "	26.8769230769231	-10007.2423377333	0.981949860686059
c	"1 0 0 1 0 1 0 1 1 1 0 1 "	26.8769230769231	-10007.2423377333	0.981949860686059
c	"1 0 0 1 0 1 0 1 1 1 0 1 "	26.8769230769231	-10007.2423377333	0.981949860686059
c	"1 0 0 1 0 1 0 1 1 1 0 1 "	26.8769230769231	-10007.2423377333	0.981949860686059
c	"1 0 0 1 0 1 0 1 1 1 0 1 "	26.8769230769231	-10007.2423377333	0.981949860686059
c	"1 0 0 1 0 1 0 1 1 1 0 1 "	26.8769230769231	-10007.2423377333	0.981949860686059
c	"1 0 0 1 0 1 0 1 1 1 0 1 "	26.8769230769231	-10007.2423377333	0.981949860686059
c	"1 0 0 1 0 1 0 1 1 1 0 1 "	26.8769230769231	-10007.2423377333	0.981949860686059
c	"1 0 0 1 0 1 0 1 1 1 0 1 "	26.8769230769231	-10007.2423377333	0.981949860686059
c	"1 0 0 1 0 1 0 1 1 1 0 1 "	26.8769230769231	-10007.2423377333	0.981949860686059
g	"1 0 0 1 0 1 0 1 1 1 0 1 "	26.8769230769231	-10007.2423377333	0.981949860686059
