c	"0 0 1 0 0 1 0 0 1 1 0 0 "	-0.953846153846154	-8.1838070095585	0.800148796491083
c	"0 0 0 1 0 1 1 0 0 1 0 0 "	-4.52307692307692	-810.401580336822	0.814734574187942
c	"0 0 0 1 0 1 1 0 0 1 0 0 "	-4.52307692307692	-810.401580336822	0.814734574187942
c	"0 0 0 1 0 1 1 0 0 1 0 0 "	-4.52307692307692	-810.401580336822	0.814734574187942
c	"0 0 0 1 0 1 1 0 0 1 0 0 "	-4.52307692307692	-810.401580336822	0.814734574187942
c	"1 1 0 0 0 0 1 0 0 1 1 0 "	37.8461538461538	-3831.94446973145	0.869671717631481
c	"0 1 1 1 0 0 1 0 0 0 0 1 "	18.0769230769231	-7515.45516613564	0.936644639384284
c	"0 1 1 1 0 1 1 1 1 0 1 1 "	19.4615384615385	-8158.20345926263	0.948330971986593
c	"0 1 1 1 0 1 1 1 1 1 0 1 "	19.4923076923077	-8171.74505962676	0.948577182902305
c	"1 0 1 0 1 0 1 1 1 0 0 1 "	32.2307692307692	-8705.46700045517	0.958281218190094
c	"1 0 0 1 1 1 0 1 0 1 0 0 "	28.7076923076923	-9870.50142558033	0.979463662283279
c	"1 0 0 1 0 0 0 1 0 1 0 1 "	25.7692307692308	-9955.37323623123	0.981006786113295
c	"1 0 0 1 0 1 1 1 1 1 1 1 "	27.4	-9997.576	0.981774109090909
c	"1 0 0 1 0 1 1 1 0 1 0 0 "	27.2307692307692	-10003.1888939463	0.981876161708114
c	"1 0 0 1 0 1 1 1 0 1 0 0 "	27.2307692307692	-10003.1888939463	0.981876161708114
c	"1 0 0 1 0 1 1 0 0 1 0 0 "	26.9846153846154	-10007.097991807	0.981947236214673
c	"1 0 0 1 0 1 1 0 0 1 0 0 "	26.9846153846154	-10007.097991807	0.981947236214673
c	"1 0 0 1 0 1 1 0 0 1 0 0 "	26.9846153846154	-10007.097991807	0.981947236214673
c	"1 0 0 1 0 1 1 0 0 1 0 0 "	26.9846153846154	-10007.097991807	0.981947236214673
c	"1 0 0 1 0 1 1 0 0 1 0 0 "	26.9846153846154	-10007.097991807	0.981947236214673
c	"1 0 0 1 0 1 1 0 0 1 0 0 "	26.9846153846154	-10007.097991807	0.981947236214673
c	"1 0 0 1 0 1 1 0 0 1 0 0 "	26.9846153846154	-10007.097991807	0.981947236214673
c	"1 0 0 1 0 1 1 0 0 1 0 0 "	26.9846153846154	-10007.097991807	0.981947236214673
c	"1 0 0 1 0 1 1 0 0 1 0 0 "	26.9846153846154	-10007.097991807	0.981947236214673
c	"1 0 0 1 0 1 1 0 0 1 0 0 "	26.9846153846154	-10007.097991807	0.981947236214673
c	"1 0 0 1 0 1 1 0 0 1 0 0 "	26.9846153846154	-10007.097991807	0.981947236214673
c	"1 0 0 1 0 1 1 0 0 1 0 0 "	26.9846153846154	-10007.097991807	0.981947236214673
c	"1 0 0 1 0 1 1 0 0 1 0 0 "	26.9846153846154	-10007.097991807	0.981947236214673
c	"1 0 0 1 0 1 1 0 0 1 0 0 "	26.9846153846154	-10007.097991807	0.981947236214673
c	"1 0 0 1 0 1 1 0 0 1 0 0 "	26.9846153846154	-10007.097991807	0.981947236214673
c	"1 0 0 1 0 1 1 0 0 1 0 0 "	26.9846153846154	-10007.097991807	0.981947236214673
c	"1 0 0 1 0 1 1 0 0 1 0 0 "	26.9846153846154	-10007.097991807	0.981947236214673
c	"1 0 0 1 0 1 1 0 0 1 0 0 "	26.9846153846154	-10007.097991807	0.981947236214673
c	"1 0 0 1 0 1 1 0 0 1 0 0 "	26.9846153846154	-10007.097991807	0.981947236214673
c	"1 0 0 1 0 1 1 0 0 1 0 0 "	26.9846153846154	-10007.097991807	0.981947236214673
c	"1 0 0 1 0 1 1 0 0 1 0 0 "	26.9846153846154	-10007.097991807	0.981947236214673
c	"1 0 0 1 0 1 1 0 0 1 0 0 "	26.9846153846154	-10007.097991807	0.981947236214673
c	"1 0 0 1 0 1 1 0 0 1 0 0 "	26.9846153846154	-10007.097991807	0.981947236214673
c	"1 0 0 1 0 1 1 0 0 1 0 0 "	26.9846153846154	-10007.097991807	0.981947236214673
c	"1 0 0 1 0 1 1 0 0 1 0 0 "	26.9846153846154	-10007.097991807	0.981947236214673
c	"1 0 0 1 0 1 1 0 0 1 0 0 "	26.9846153846154	-10007.097991807	0.981947236214673
c	"1 0 0 1 0 1 1 0 0 1 0 0 "	26.9846153846154	-10007.097991807	0.981947236214673
c	"1 0 0 1 0 1 1 0 0 1 0 0 "	26.9846153846154	-10007.097991807	0.981947236214673
c	"1 0 0 1 0 1 1 0 0 1 0 0 "	26.9846153846154	-10007.097991807	0.981947236214673
c	"1 0 0 1 0 1 1 0 0 1 0 0 "	26.9846153846154	-10007.097991807	0.981947236214673
c	"1 0 0 1 0 1 1 0 0 1 0 0 "	26.9846153846154	-10007.097991807	0.981947236214673
c	"1 0 0 1 0 1 1 0 0 1 0 0 "	26.9846153846154	-10007.097991807	0.981947236214673
c	"1 0 0 1 0 1 1 0 0 1 0 0 "	26.9846153846154	-10007.097991807	0.981947236214673
c	"1 0 0 1 0 1 1 0 0 1 0 0 "	26.9846153846154	-10007.097991807	0.981947236214673
c	"1 0 0 1 0 1 1 0 0 1 0 0 "	26.9846153846154	-10007.097991807	0.981947236214673
c	"1 0 0 1 0 1 1 0 0 1 0 0 "	26.9846153846154	-10007.097991807	0.981947236214673
c	"1 0 0 1 0 1 1 0 0 1 0 0 "	26.9846153846154	-10007.097991807	0.981947236214673
c	"1 0 0 1 0 1 1 0 0 1 0 0 "	26.9846153846154	-10007.097991807	0.981947236214673
c	"1 0 0 1 0 1 1 0 0 1 0 0 "	26.9846153846154	-10007.097991807	0.981947236214673
c	"1 0 0 1 0 1 1 0 0 1 0 0 "	26.9846153846154	-10007.097991807	0.981947236214673
c	"1 0 0 1 0 1 1 0 0 1 0 0 "	26.9846153846154	-10007.097991807	0.981947236214673
c	"1 0 0 1 0 1 1 0 0 1 0 0 "	26.9846153846154	-10007.097991807	0.981947236214673
c	"1 0 0 1 0 1 1 0 0 1 0 0 "	26.9846153846154	-10007.097991807	0.981947236214673
c	"1 0 0 1 0 1 1 0 0 1 0 0 "	26.9846153846154	-10007.097991807	0.981947236214673
c	"1 0 0 1 0 1 1 0 0 1 0 0 "	26.9846153846154	-10007.097991807	0.981947236214673
c	"1 0 0 1 0 1 1 0 0 1 0 0 "	26.9846153846154	-10007.097991807	0.981947236214673
c	"1 0 0 1 0 1 1 0 0 1 0 0 "	26.9846153846154	-10007.097991807	0.981947236214673
c	"1 0 0 1 0 1 1 0 0 1 0 0 "	26.9846153846154	-10007.097991807	0.981947236214673
c	"1 0 0 1 0 1 1 0 0 1 0 0 "	26.9846153846154	-10007.097991807	0.981947236214673
c	"1 0 0 1 0 1 1 0 0 1 0 0 "	26.9846153846154	-10007.097991807	0.981947236214673
c	"1 0 0 1 0 1 1 0 0 1 0 0 "	26.9846153846154	-10007.097991807	0.981947236214673
c	"1 0 0 1 0 1 1 0 0 1 0 0 "	26.9846153846154	-10007.097991807	0.981947236214673
c	"1 0 0 1 0 1 1 0 0 1 0 0 "	26.9846153846154	-10007.097991807	0.981947236214673
c	"1 0 0 1 0 1 1 0 0 1 0 0 "	26.9846153846154	-10007.097991807	0.981947236214673
c	"1 0 0 1 0 1 1 0 0 1 0 0 "	26.9846153846154	-10007.097991807	0.981947236214673
c	"1 0 0 1 0 1 1 0 0 1 0 0 "	26.9846153846154	-10007.097991807	0.981947236214673
c	"1 0 0 1 0 1 1 0 0 1 0 0 "	26.9846153846154	-10007.097991807	0.981947236214673
c	"1 0 0 1 0 1 1 0 0 1 0 0 "	26.9846153846154	-10007.097991807	0.981947236214673
c	"1 0 0 1 0 1 1 0 0 1 0 0 "	26.9846153846154	-10007.097991807	0.981947236214673
c	"1 0 0 1 0 1 1 0 0 1 0 0 "	26.9846153846154	-10007.097991807	0.981947236214673
c	"1 0 0 1 0 1 1 0 0 1 0 0 "	26.9846153846154	-10007.097991807	0.981947236214673
c	"1 0 0 1 0 1 1 0 0 1 0 0 "	26.9846153846154	-10007.097991807	0.981947236214673
c	"1 0 0 1 0 1 1 0 0 1 0 0 "	26.9846153846154	-10007.097991807	0.981947236214673
c	"1 0 0 1 0 1 1 0 0 1 0 0 "	26.9846153846154	-10007.097991807	0.981947236214673
c	"1 0 0 1 0 1 1 0 0 1 0 0 "	26.9846153846154	-10007.097991807	0.981947236214673
c	"1 0 0 1 0 1 1 0 0 1 0 0 "	26.9846153846154	-10007.097991807	0.981947236214673
c	"1 0 0 1 0 1 1 0 0 1 0 0 "	26.9846153846154	-10007.097991807	0.981947236214673
c	"1 0 0 1 0 1 1 0 0 1 0 0 "	26.9846153846154	-10007.097991807	0.981947236214673
c	"1 0 0 1 0 1 1 0 0 1 0 0 "	26.9846153846154	-10007.097991807	0.981947236214673
c	"1 0 0 1 0 1 1 0 0 1 0 0 "	26.9846153846154	-10007.097991807	0.981947236214673
c	"1 0 0 1 0 1 1 0 0 1 0 0 "	26.9846153846154	-10007.097991807	0.981947236214673
c	"1 0 0 1 0 1 1 0 0 1 0 0 "	26.9846153846154	-10007.097991807	0.981947236214673
c	"1 0 0 1 0 1 1 0 0 1 0 0 "	26.9846153846154	-10007.097991807	0.981947236214673
c	"1 0 0 1 0 1 1 0 0 1 0 0 "	26.9846153846154	-10007.097991807	0.981947236214673
c	"1 0 0 1 0 1 1 0 0 1 0 0 "	26.9846153846154	-10007.097991807	0.981947236214673
c	"1 0 0 1 0 1 1 0 0 1 0 0 "	26.9846153846154	-10007.097991807	0.981947236214673
c	"1 0 0 1 0 1 1 0 0 1 0 0 "	26.9846153846154	-10007.097991807	0.981947236214673
c	"1 0 0 1 0 1 1 0 0 1 0 0 "	26.9846153846154	-10007.097991807	0.981947236214673
c	"1 0 0 1 0 1 1 0 0 1 0 0 "	26.9846153846154	-10007.097991807	0.981947236214673
c	"1 0 0 1 0 1 1 0 0 1 0 0 "	26.9846153846154	-10007.097991807	0.981947236214673
c	"1 0 0 1 0 1 1 0 0 1 0 0 "	26.9846153846154	-10007.097991807	0.981947236214673
c	"1 0 0 1 0 1 1 0 0 1 0 0 "	26.9846153846154	-10007.097991807	0.981947236214673
c	"1 0 0 1 0 1 1 0 0 1 0 0 "	26.9846153846154	-10007.097991807	0.981947236214673
c	"1 0 0 1 0 1 1 0 0 1 0 0 "	26.9846153846154	-10007.097991807	0.981947236214673
c	"1 0 0 1 0 1 1 0 0 1 0 0 "	26.9846153846154	-10007.097991807	0.981947236214673
g	"1 0 0 1 0 1 1 0 0 1 0 0 "	26.9846153846154	-10007.097991807	0.981947236214673
