c	"1 1 1 1 1 0 0 0 1 1 0 0 "	51.2307692307692	28461.5685025034	0.28251693631812
c	"1 1 1 1 0 1 0 0 1 0 1 1 "	50.2307692307692	24818.9472007283	0.348746414532213
c	"1 1 0 1 0 1 0 1 0 1 0 0 "	42.4923076923077	3660.25517705965	0.733449905871643
c	"1 1 0 1 0 1 0 1 0 1 0 0 "	42.4923076923077	3660.25517705965	0.733449905871643
c	"1 1 0 1 0 1 0 0 1 1 0 1 "	42.3846153846154	3446.16340464269	0.737342483551951
c	"1 1 0 1 0 0 0 0 0 1 0 1 "	41.2769230769231	1360.06312972234	0.775271579459594
c	"1 1 0 1 0 0 0 0 0 1 0 1 "	41.2769230769231	1360.06312972234	0.775271579459594
c	"1 1 0 1 0 0 0 0 0 1 0 1 "	41.2769230769231	1360.06312972234	0.775271579459594
c	"1 1 0 1 0 0 0 0 0 1 0 1 "	41.2769230769231	1360.06312972234	0.775271579459594
c	"1 1 0 1 0 0 0 0 0 1 0 1 "	41.2769230769231	1360.06312972234	0.775271579459594
c	"0 0 1 0 0 0 0 0 1 0 1 1 "	-1.95384615384615	-111.082505234411	0.802019681913353
c	"0 0 0 1 1 0 1 0 1 1 1 0 "	-3.38461538461538	-419.305416477014	0.807623734845037
c	"0 0 0 1 0 1 0 1 0 1 0 0 "	-4.76923076923077	-912.916704597178	0.816598485538131
c	"0 0 0 1 0 1 0 0 1 1 1 0 "	-4.86153846153846	-953.05178334092	0.817328214242562
c	"0 0 0 1 0 1 0 0 1 1 1 0 "	-4.86153846153846	-953.05178334092	0.817328214242562
c	"0 0 0 1 0 0 1 1 1 0 0 0 "	-5.2	-1108.208	0.820149236363636
c	"0 0 0 1 0 0 1 1 0 1 0 1 "	-5.24615384615385	-1130.34745926263	0.820551771986593
c	"0 0 0 1 0 0 0 1 1 1 1 1 "	-5.58461538461539	-1299.99744014565	0.823636317093557
c	"1 1 0 0 0 1 1 0 1 0 0 0 "	38.8615384615385	-2486.55721074191	0.845210131104398
c	"0 1 0 0 1 1 0 1 0 0 1 0 "	8.98461538461538	-2673.35692671825	0.848606489576695
c	"0 1 0 1 0 0 0 0 0 1 0 1 "	9.76923076923077	-3070.54483386436	0.855828087888443
c	"0 0 0 0 0 1 0 1 0 1 0 1 "	-8.69230769230769	-3495.16021847975	0.863548367608723
c	"0 0 0 0 0 0 1 1 0 0 1 1 "	-9.21538461538461	-3985.22584979517	0.872458651814458
c	"0 0 0 0 0 0 0 1 0 0 1 0 "	-9.72307692307692	-4496.26988802913	0.88175036160053
c	"1 0 1 1 1 1 0 0 1 0 0 1 "	36.4153846153846	-5471.79530996814	0.899487187453966
c	"1 0 1 1 1 1 0 0 1 0 0 1 "	36.4153846153846	-5471.79530996814	0.899487187453966
c	"1 0 1 1 1 1 0 0 1 0 0 1 "	36.4153846153846	-5471.79530996814	0.899487187453966
c	"1 0 1 1 1 1 0 0 1 0 0 1 "	36.4153846153846	-5471.79530996814	0.899487187453966
c	"1 0 1 1 0 0 1 0 0 1 0 1 "	33.8923076923077	-7683.68219572144	0.939703312649481
c	"1 0 1 1 0 0 0 1 1 0 0 0 "	33.6923076923077	-7824.15930814748	0.942257441966318
c	"1 0 1 0 1 0 0 1 1 0 0 1 "	31.7384615384615	-8946.86428038234	0.962670259643315
c	"1 0 0 0 0 0 0 0 0 0 1 0 "	21.5384615384615	-8985.17523896223	0.963366822526586
c	"1 0 0 0 0 0 0 0 0 0 1 0 "	21.5384615384615	-8985.17523896223	0.963366822526586
c	"1 0 0 0 0 0 0 1 0 0 1 0 "	21.7846153846154	-9070.1576841147	0.964911957892995
c	"1 0 0 0 0 0 0 1 0 0 1 0 "	21.7846153846154	-9070.1576841147	0.964911957892995
c	"1 0 0 0 0 0 0 1 1 1 1 0 "	21.9692307692308	-9131.88310605371	0.966034238291886
c	"1 0 1 0 0 1 1 0 1 1 1 1 "	31.0923076923077	-9223.19376968594	0.967694432176108
c	"1 0 0 0 1 0 0 1 0 1 1 1 "	23.8307692307692	-9649.21147382794	0.975440208615054
c	"1 0 0 0 1 0 0 1 0 1 1 1 "	23.8307692307692	-9649.21147382794	0.975440208615054
c	"1 0 1 0 0 0 0 1 0 0 0 1 "	29.6461538461538	-9682.86087209832	0.976052015856333
c	"1 0 1 0 0 0 0 1 0 0 0 1 "	29.6461538461538	-9682.86087209832	0.976052015856333
c	"1 0 1 0 0 0 0 1 0 0 0 1 "	29.6461538461538	-9682.86087209832	0.976052015856333
c	"1 0 1 0 0 0 0 1 0 0 0 1 "	29.6461538461538	-9682.86087209832	0.976052015856333
c	"1 0 0 1 1 1 1 0 0 1 1 0 "	28.9846153846154	-9823.80426399635	0.978614622981752
c	"1 0 0 0 1 1 0 1 0 1 0 0 "	24.7692307692308	-9829.68684569868	0.978721579012703
c	"1 0 0 1 1 0 1 1 1 1 0 1 "	28.3538461538461	-9919.89273736914	0.980361686133984
c	"1 0 0 1 1 0 1 1 1 1 0 1 "	28.3538461538461	-9919.89273736914	0.980361686133984
c	"1 0 0 1 1 0 1 1 1 1 0 1 "	28.3538461538461	-9919.89273736914	0.980361686133984
c	"1 0 0 1 1 0 1 1 1 1 0 1 "	28.3538461538461	-9919.89273736914	0.980361686133984
c	"1 0 0 1 1 0 1 1 0 1 1 0 "	28.2461538461538	-9932.67289576696	0.980594052650308
c	"1 0 0 1 1 0 1 1 0 1 1 0 "	28.2461538461538	-9932.67289576696	0.980594052650308
c	"1 0 0 1 1 0 1 1 0 1 1 0 "	28.2461538461538	-9932.67289576696	0.980594052650308
c	"1 0 0 1 1 0 1 1 0 1 1 0 "	28.2461538461538	-9932.67289576696	0.980594052650308
c	"1 0 0 1 1 0 1 1 0 1 1 0 "	28.2461538461538	-9932.67289576696	0.980594052650308
c	"1 0 0 1 1 0 1 1 0 1 1 0 "	28.2461538461538	-9932.67289576696	0.980594052650308
c	"1 0 0 1 1 0 1 1 0 1 1 0 "	28.2461538461538	-9932.67289576696	0.980594052650308
c	"1 0 0 1 1 0 1 1 0 1 1 0 "	28.2461538461538	-9932.67289576696	0.980594052650308
c	"1 0 0 1 1 0 1 0 1 1 1 0 "	28.1230769230769	-9946.00854984069	0.980836519088013
c	"1 0 0 1 0 0 0 1 1 1 1 1 "	25.9230769230769	-9968.23714155667	0.98124067530103
c	"1 0 0 1 0 0 0 1 1 1 1 1 "	25.9230769230769	-9968.23714155667	0.98124067530103
c	"1 0 0 1 0 0 0 1 1 1 1 1 "	25.9230769230769	-9968.23714155667	0.98124067530103
c	"1 0 0 1 0 0 0 1 1 1 1 1 "	25.9230769230769	-9968.23714155667	0.98124067530103
c	"1 0 0 1 0 0 0 1 1 1 1 1 "	25.9230769230769	-9968.23714155667	0.98124067530103
c	"1 0 0 1 0 1 1 1 1 1 0 1 "	27.3692307692308	-9998.7754610833	0.981795917474242
c	"1 0 0 1 0 1 1 1 1 1 0 1 "	27.3692307692308	-9998.7754610833	0.981795917474242
c	"1 0 0 1 0 1 1 1 1 1 0 1 "	27.3692307692308	-9998.7754610833	0.981795917474242
c	"1 0 0 1 0 1 1 1 1 1 0 1 "	27.3692307692308	-9998.7754610833	0.981795917474242
c	"1 0 0 1 0 1 1 1 1 1 0 1 "	27.3692307692308	-9998.7754610833	0.981795917474242
c	"1 0 0 1 0 1 1 1 1 1 0 1 "	27.3692307692308	-9998.7754610833	0.981795917474242
c	"1 0 0 1 0 1 1 1 1 1 0 1 "	27.3692307692308	-9998.7754610833	0.981795917474242
c	"1 0 0 1 0 1 1 1 1 1 0 1 "	27.3692307692308	-9998.7754610833	0.981795917474242
c	"1 0 0 1 0 1 1 1 1 1 0 1 "	27.3692307692308	-9998.7754610833	0.981795917474242
c	"1 0 0 1 0 1 1 1 1 1 0 1 "	27.3692307692308	-9998.7754610833	0.981795917474242
c	"1 0 0 1 0 1 1 1 1 1 0 1 "	27.3692307692308	-9998.7754610833	0.981795917474242
c	"1 0 0 1 0 1 1 1 1 1 0 1 "	27.3692307692308	-9998.7754610833	0.981795917474242
c	"1 0 0 1 0 1 1 1 1 1 0 1 "	27.3692307692308	-9998.7754610833	0.981795917474242
c	"1 0 0 1 0 1 1 1 1 1 0 1 "	27.3692307692308	-9998.7754610833	0.981795917474242
c	"1 0 0 1 0 1 1 1 1 1 0 1 "	27.3692307692308	-9998.7754610833	0.981795917474242
c	"1 0 0 1 0 1 1 1 1 1 0 1 "	27.3692307692308	-9998.7754610833	0.981795917474242
c	"1 0 0 1 0 1 1 1 1 1 0 1 "	27.3692307692308	-9998.7754610833	0.981795917474242
c	"1 0 0 1 0 1 0 0 0 1 0 0 "	26.4923076923077	-10000.1168939463	0.98182030716266
c	"1 0 0 1 0 1 0 0 0 1 0 0 "	26.4923076923077	-10000.1168939463	0.98182030716266
c	"1 0 0 1 0 1 0 0 0 1 0 0 "	26.4923076923077	-10000.1168939463	0.98182030716266
c	"1 0 0 1 0 1 0 0 1 1 1 0 "	26.6461538461539	-10004.3877360036	0.98189795883643
c	"1 0 0 1 0 1 0 0 1 1 1 0 "	26.6461538461539	-10004.3877360036	0.98189795883643
c	"1 0 0 1 0 1 0 0 1 1 1 0 "	26.6461538461539	-10004.3877360036	0.98189795883643
c	"1 0 0 1 0 1 0 0 1 1 1 0 "	26.6461538461539	-10004.3877360036	0.98189795883643
c	"1 0 0 1 0 1 0 0 1 1 1 0 "	26.6461538461539	-10004.3877360036	0.98189795883643
c	"1 0 0 1 0 1 0 0 1 1 1 0 "	26.6461538461539	-10004.3877360036	0.98189795883643
c	"1 0 0 1 0 1 0 0 1 1 1 0 "	26.6461538461539	-10004.3877360036	0.98189795883643
c	"1 0 0 1 0 1 0 0 1 1 1 0 "	26.6461538461539	-10004.3877360036	0.98189795883643
c	"1 0 0 1 0 1 0 0 1 1 1 0 "	26.6461538461539	-10004.3877360036	0.98189795883643
c	"1 0 0 1 0 1 0 0 1 1 1 0 "	26.6461538461539	-10004.3877360036	0.98189795883643
c	"1 0 0 1 0 1 0 0 1 1 1 0 "	26.6461538461539	-10004.3877360036	0.98189795883643
c	"1 0 0 1 0 1 0 0 1 1 1 0 "	26.6461538461539	-10004.3877360036	0.98189795883643
c	"1 0 0 1 0 1 0 0 1 1 1 0 "	26.6461538461539	-10004.3877360036	0.98189795883643
c	"1 0 0 1 0 1 0 0 1 1 1 0 "	26.6461538461539	-10004.3877360036	0.98189795883643
c	"1 0 0 1 0 1 0 0 1 1 1 0 "	26.6461538461539	-10004.3877360036	0.98189795883643
c	"1 0 0 1 0 1 0 1 0 1 0 0 "	26.7384615384615	-10006.0441620391	0.981928075673439
c	"1 0 0 1 0 1 0 1 0 1 0 0 "	26.7384615384615	-10006.0441620391	0.981928075673439
g	"1 0 0 1 0 1 0 1 0 1 0 0 "	26.7384615384615	-10006.0441620391	0.981928075673439
