c	"1 1 1 0 1 0 1 1 0 1 0 0 "	47.9076923076923	17201.162290396	0.487251594720073
c	"1 1 0 1 0 1 1 1 1 1 1 0 "	43.1384615384615	4987.67815748748	0.709314942591137
c	"1 1 0 1 0 1 1 1 1 1 1 0 "	43.1384615384615	4987.67815748748	0.709314942591137
c	"1 1 0 1 0 1 1 1 1 1 1 0 "	43.1384615384615	4987.67815748748	0.709314942591137
c	"1 1 0 1 0 1 1 1 1 1 1 0 "	43.1384615384615	4987.67815748748	0.709314942591137
c	"1 1 0 0 1 1 0 1 1 1 0 0 "	40.6461538461539	264.5940391443	0.795189199288285
c	"0 0 1 0 0 1 1 0 1 1 1 1 "	-0.415384615384614	11.334244879381	0.799793922820375
c	"0 0 1 1 0 0 0 1 1 1 1 0 "	2.27692307692308	-231.109177969959	0.804201985053999
c	"0 0 0 1 0 1 0 1 1 1 0 1 "	-4.63076923076923	-854.447887118798	0.815535416129433
c	"0 0 0 1 0 1 0 1 1 1 0 1 "	-4.63076923076923	-854.447887118798	0.815535416129433
c	"0 0 0 1 0 1 0 1 1 1 0 1 "	-4.63076923076923	-854.447887118798	0.815535416129433
c	"0 0 0 1 0 1 0 1 1 1 0 1 "	-4.63076923076923	-854.447887118798	0.815535416129433
c	"0 0 0 1 0 1 0 1 1 1 0 1 "	-4.63076923076923	-854.447887118798	0.815535416129433
c	"0 0 0 1 0 1 0 1 0 0 1 1 "	-4.78461538461539	-919.541487482932	0.816718936136053
c	"0 0 0 1 0 1 0 0 1 1 1 0 "	-4.86153846153846	-953.05178334092	0.817328214242562
c	"0 0 0 1 0 1 0 0 1 1 1 0 "	-4.86153846153846	-953.05178334092	0.817328214242562
c	"1 1 0 0 1 0 0 0 1 1 1 1 "	39.4615384615385	-1617.73008648156	0.829413274299665
c	"1 1 0 0 1 0 0 0 1 1 1 1 "	39.4615384615385	-1617.73008648156	0.829413274299665
c	"0 1 0 0 1 1 0 0 1 0 0 1 "	8.84615384615385	-2604.84979517524	0.847360905366823
c	"0 1 0 0 1 1 0 1 1 1 0 0 "	9.13846153846154	-2750.06196085571	0.850001126561013
c	"0 1 0 1 0 1 0 1 1 1 0 0 "	11.1076923076923	-3776.91070368684	0.868671103703397
c	"1 1 0 0 0 0 0 0 1 0 1 1 "	37.4307692307692	-4338.26823122439	0.87887760420408
c	"1 0 1 1 1 0 0 1 0 1 1 0 "	35.6307692307692	-6249.57980518889	0.913628723730707
c	"1 0 1 0 1 0 1 1 1 1 1 1 "	32.3230769230769	-8657.16722439691	0.95740304044358
c	"1 0 1 0 0 1 1 0 1 1 1 1 "	31.0923076923077	-9223.19376968594	0.967694432176108
c	"1 0 0 1 1 0 0 0 0 1 0 0 "	27.4769230769231	-9994.22737915339	0.981713225075516
c	"1 0 0 1 0 1 0 0 1 1 1 0 "	26.6461538461539	-10004.3877360036	0.98189795883643
c	"1 0 0 1 0 1 0 0 1 1 1 0 "	26.6461538461539	-10004.3877360036	0.98189795883643
c	"1 0 0 1 0 1 0 0 1 1 1 0 "	26.6461538461539	-10004.3877360036	0.98189795883643
c	"1 0 0 1 0 1 0 0 1 1 1 0 "	26.6461538461539	-10004.3877360036	0.98189795883643
c	"1 0 0 1 0 1 0 0 1 1 1 0 "	26.6461538461539	-10004.3877360036	0.98189795883643
c	"1 0 0 1 0 1 0 0 1 1 1 0 "	26.6461538461539	-10004.3877360036	0.98189795883643
c	"1 0 0 1 0 1 0 0 1 1 1 0 "	26.6461538461539	-10004.3877360036	0.98189795883643
c	"1 0 0 1 0 1 0 0 1 1 1 0 "	26.6461538461539	-10004.3877360036	0.98189795883643
c	"1 0 0 1 0 1 0 0 1 1 1 0 "	26.6461538461539	-10004.3877360036	0.98189795883643
c	"1 0 0 1 0 1 0 0 1 1 1 0 "	26.6461538461539	-10004.3877360036	0.98189795883643
c	"1 0 0 1 0 1 0 0 1 1 1 0 "	26.6461538461539	-10004.3877360036	0.98189795883643
c	"1 0 0 1 0 1 0 0 1 1 1 0 "	26.6461538461539	-10004.3877360036	0.98189795883643
c	"1 0 0 1 0 1 0 0 1 1 1 0 "	26.6461538461539	-10004.3877360036	0.98189795883643
c	"1 0 0 1 0 1 0 0 1 1 1 0 "	26.6461538461539	-10004.3877360036	0.98189795883643
c	"1 0 0 1 0 1 0 0 1 1 1 0 "	26.6461538461539	-10004.3877360036	0.98189795883643
c	"1 0 0 1 0 1 0 0 1 1 1 0 "	26.6461538461539	-10004.3877360036	0.98189795883643
c	"1 0 0 1 0 1 0 0 1 1 1 0 "	26.6461538461539	-10004.3877360036	0.98189795883643
c	"1 0 0 1 0 1 0 0 1 1 1 0 "	26.6461538461539	-10004.3877360036	0.98189795883643
c	"1 0 0 1 0 1 0 0 1 1 1 0 "	26.6461538461539	-10004.3877360036	0.98189795883643
c	"1 0 0 1 0 1 0 0 1 1 1 0 "	26.6461538461539	-10004.3877360036	0.98189795883643
c	"1 0 0 1 0 1 0 0 1 1 1 0 "	26.6461538461539	-10004.3877360036	0.98189795883643
c	"1 0 0 1 0 1 0 0 1 1 1 0 "	26.6461538461539	-10004.3877360036	0.98189795883643
c	"1 0 0 1 0 1 0 1 0 0 1 1 "	26.7230769230769	-10005.8155557579	0.981923919195597
c	"1 0 0 1 0 1 0 1 0 0 1 1 "	26.7230769230769	-10005.8155557579	0.981923919195597
c	"1 0 0 1 0 1 0 1 0 0 1 1 "	26.7230769230769	-10005.8155557579	0.981923919195597
c	"1 0 0 1 0 1 0 1 0 0 1 1 "	26.7230769230769	-10005.8155557579	0.981923919195597
c	"1 0 0 1 0 1 0 1 0 0 1 1 "	26.7230769230769	-10005.8155557579	0.981923919195597
c	"1 0 0 1 0 1 0 1 0 0 1 1 "	26.7230769230769	-10005.8155557579	0.981923919195597
c	"1 0 0 1 0 1 0 1 0 0 1 1 "	26.7230769230769	-10005.8155557579	0.981923919195597
c	"1 0 0 1 0 1 0 1 0 0 1 1 "	26.7230769230769	-10005.8155557579	0.981923919195597
c	"1 0 0 1 0 1 0 1 1 1 0 1 "	26.8769230769231	-10007.2423377333	0.981949860686059
c	"1 0 0 1 0 1 0 1 1 1 0 1 "	26.8769230769231	-10007.2423377333	0.981949860686059
c	"1 0 0 1 0 1 0 1 1 1 0 1 "	26.8769230769231	-10007.2423377333	0.981949860686059
c	"1 0 0 1 0 1 0 1 1 1 0 1 "	26.8769230769231	-10007.2423377333	0.981949860686059
c	"1 0 0 1 0 1 0 1 1 1 0 1 "	26.8769230769231	-10007.2423377333	0.981949860686059
c	"1 0 0 1 0 1 0 1 1 1 0 1 "	26.8769230769231	-10007.2423377333	0.981949860686059
c	"1 0 0 1 0 1 0 1 1 1 0 1 "	26.8769230769231	-10007.2423377333	0.981949860686059
c	"1 0 0 1 0 1 0 1 1 1 0 1 "	26.8769230769231	-10007.2423377333	0.981949860686059
c	"1 0 0 1 0 1 0 1 1 1 0 1 "	26.8769230769231	-10007.2423377333	0.981949860686059
c	"1 0 0 1 0 1 0 1 1 1 0 1 "	26.8769230769231	-10007.2423377333	0.981949860686059
c	"1 0 0 1 0 1 0 1 1 1 0 1 "	26.8769230769231	-10007.2423377333	0.981949860686059
c	"1 0 0 1 0 1 0 1 1 1 0 1 "	26.8769230769231	-10007.2423377333	0.981949860686059
c	"1 0 0 1 0 1 0 1 1 1 0 1 "	26.8769230769231	-10007.2423377333	0.981949860686059
c	"1 0 0 1 0 1 0 1 1 1 0 1 "	26.8769230769231	-10007.2423377333	0.981949860686059
c	"1 0 0 1 0 1 0 1 1 1 0 1 "	26.8769230769231	-10007.2423377333	0.981949860686059
c	"1 0 0 1 0 1 0 1 1 1 0 1 "	26.8769230769231	-10007.2423377333	0.981949860686059
c	"1 0 0 1 0 1 0 1 1 1 0 1 "	26.8769230769231	-10007.2423377333	0.981949860686059
c	"1 0 0 1 0 1 0 1 1 1 0 1 "	26.8769230769231	-10007.2423377333	0.981949860686059
c	"1 0 0 1 0 1 0 1 1 1 0 1 "	26.8769230769231	-10007.2423377333	0.981949860686059
c	"1 0 0 1 0 1 0 1 1 1 0 1 "	26.8769230769231	-10007.2423377333	0.981949860686059
c	"1 0 0 1 0 1 0 1 1 1 0 1 "	26.8769230769231	-10007.2423377333	0.981949860686059
c	"1 0 0 1 0 1 0 1 1 1 0 1 "	26.8769230769231	-10007.2423377333	0.981949860686059
c	"1 0 0 1 0 1 0 1 1 1 0 1 "	26.8769230769231	-10007.2423377333	0.981949860686059
c	"1 0 0 1 0 1 0 1 1 1 0 1 "	26.8769230769231	-10007.2423377333	0.981949860686059
c	"1 0 0 1 0 1 0 1 1 1 0 1 "	26.8769230769231	-10007.2423377333	0.981949860686059
c	"1 0 0 1 0 1 0 1 1 1 0 1 "	26.8769230769231	-10007.2423377333	0.981949860686059
c	"1 0 0 1 0 1 0 1 1 1 0 1 "	26.8769230769231	-10007.2423377333	0.981949860686059
c	"1 0 0 1 0 1 0 1 1 1 0 1 "	26.8769230769231	-10007.2423377333	0.981949860686059
c	"1 0 0 1 0 1 0 1 1 1 0 1 "	26.8769230769231	-10007.2423377333	0.981949860686059
c	"1 0 0 1 0 1 0 1 1 1 0 1 "	26.8769230769231	-10007.2423377333	0.981949860686059
c	"1 0 0 1 0 1 0 1 1 1 0 1 "	26.8769230769231	-10007.2423377333	0.981949860686059
c	"1 0 0 1 0 1 0 1 1 1 0 1 "	26.8769230769231	-10007.2423377333	0.981949860686059
c	"1 0 0 1 0 1 0 1 1 1 0 1 "	26.8769230769231	-10007.2423377333	0.981949860686059
c	"1 0 0 1 0 1 0 1 1 1 0 1 "	26.8769230769231	-10007.2423377333	0.981949860686059
c	"1 0 0 1 0 1 0 1 1 1 0 1 "	26.8769230769231	-10007.2423377333	0.981949860686059
c	"1 0 0 1 0 1 0 1 1 1 0 1 "	26.8769230769231	-10007.2423377333	0.981949860686059
c	"1 0 0 1 0 1 0 1 1 1 0 1 "	26.8769230769231	-10007.2423377333	0.981949860686059
c	"1 0 0 1 0 1 0 1 1 1 0 1 "	26.8769230769231	-10007.2423377333	0.981949860686059
c	"1 0 0 1 0 1 0 1 1 1 0 1 "	26.8769230769231	-10007.2423377333	0.981949860686059
c	"1 0 0 1 0 1 0 1 1 1 0 1 "	26.8769230769231	-10007.2423377333	0.981949860686059
c	"1 0 0 1 0 1 0 1 1 1 0 1 "	26.8769230769231	-10007.2423377333	0.981949860686059
c	"1 0 0 1 0 1 0 1 1 1 0 1 "	26.8769230769231	-10007.2423377333	0.981949860686059
c	"1 0 0 1 0 1 0 1 1 1 0 1 "	26.8769230769231	-10007.2423377333	0.981949860686059
c	"1 0 0 1 0 1 0 1 1 1 0 1 "	26.8769230769231	-10007.2423377333	0.981949860686059
g	"1 0 0 1 0 1 0 1 1 1 0 1 "	26.8769230769231	-10007.2423377333	0.981949860686059
