c	"1 1 1 0 1 0 1 0 1 0 0 1 "	47.7384615384615	16690.8805716887	0.496529444151115
c	"1 1 0 1 1 1 1 1 0 1 0 0 "	44.9538461538462	9121.89457624035	0.634147371341085
c	"0 0 0 1 0 1 0 1 1 1 0 1 "	-4.63076923076923	-854.447887118798	0.815535416129433
c	"1 1 0 0 1 0 1 0 1 1 0 1 "	39.9230769230769	-911.065543923527	0.816564828071337
c	"1 1 0 0 0 0 1 1 1 0 0 0 "	38.1230769230769	-3480.32334274011	0.863278606231638
c	"0 1 1 0 1 0 0 0 0 0 0 1 "	15.6153846153846	-6248.25807919891	0.913604692349071
c	"1 0 1 0 0 0 0 0 0 0 0 0 "	29.3846153846154	-9743.60582612654	0.977156469565937
c	"1 0 1 0 0 0 0 0 0 0 0 0 "	29.3846153846154	-9743.60582612654	0.977156469565937
c	"1 0 0 1 1 0 1 1 1 0 1 1 "	28.3230769230769	-9923.65053800637	0.980430009781934
c	"1 0 0 1 0 1 0 1 1 1 0 1 "	26.8769230769231	-10007.2423377333	0.981949860686059
c	"1 0 0 1 0 1 0 1 1 1 0 1 "	26.8769230769231	-10007.2423377333	0.981949860686059
c	"1 0 0 1 0 1 0 1 1 1 0 1 "	26.8769230769231	-10007.2423377333	0.981949860686059
c	"1 0 0 1 0 1 0 1 1 1 0 1 "	26.8769230769231	-10007.2423377333	0.981949860686059
c	"1 0 0 1 0 1 0 1 1 1 0 1 "	26.8769230769231	-10007.2423377333	0.981949860686059
c	"1 0 0 1 0 1 0 1 1 1 0 1 "	26.8769230769231	-10007.2423377333	0.981949860686059
c	"1 0 0 1 0 1 0 1 1 1 0 1 "	26.8769230769231	-10007.2423377333	0.981949860686059
c	"1 0 0 1 0 1 0 1 1 1 0 1 "	26.8769230769231	-10007.2423377333	0.981949860686059
c	"1 0 0 1 0 1 0 1 1 1 0 1 "	26.8769230769231	-10007.2423377333	0.981949860686059
c	"1 0 0 1 0 1 0 1 1 1 0 1 "	26.8769230769231	-10007.2423377333	0.981949860686059
c	"1 0 0 1 0 1 0 1 1 1 0 1 "	26.8769230769231	-10007.2423377333	0.981949860686059
c	"1 0 0 1 0 1 0 1 1 1 0 1 "	26.8769230769231	-10007.2423377333	0.981949860686059
c	"1 0 0 1 0 1 0 1 1 1 0 1 "	26.8769230769231	-10007.2423377333	0.981949860686059
c	"1 0 0 1 0 1 0 1 1 1 0 1 "	26.8769230769231	-10007.2423377333	0.981949860686059
c	"1 0 0 1 0 1 0 1 1 1 0 1 "	26.8769230769231	-10007.2423377333	0.981949860686059
c	"1 0 0 1 0 1 0 1 1 1 0 1 "	26.8769230769231	-10007.2423377333	0.981949860686059
c	"1 0 0 1 0 1 0 1 1 1 0 1 "	26.8769230769231	-10007.2423377333	0.981949860686059
c	"1 0 0 1 0 1 0 1 1 1 0 1 "	26.8769230769231	-10007.2423377333	0.981949860686059
c	"1 0 0 1 0 1 0 1 1 1 0 1 "	26.8769230769231	-10007.2423377333	0.981949860686059
c	"1 0 0 1 0 1 0 1 1 1 0 1 "	26.8769230769231	-10007.2423377333	0.981949860686059
c	"1 0 0 1 0 1 0 1 1 1 0 1 "	26.8769230769231	-10007.2423377333	0.981949860686059
c	"1 0 0 1 0 1 0 1 1 1 0 1 "	26.8769230769231	-10007.2423377333	0.981949860686059
c	"1 0 0 1 0 1 0 1 1 1 0 1 "	26.8769230769231	-10007.2423377333	0.981949860686059
c	"1 0 0 1 0 1 0 1 1 1 0 1 "	26.8769230769231	-10007.2423377333	0.981949860686059
c	"1 0 0 1 0 1 0 1 1 1 0 1 "	26.8769230769231	-10007.2423377333	0.981949860686059
c	"1 0 0 1 0 1 0 1 1 1 0 1 "	26.8769230769231	-10007.2423377333	0.981949860686059
c	"1 0 0 1 0 1 0 1 1 1 0 1 "	26.8769230769231	-10007.2423377333	0.981949860686059
c	"1 0 0 1 0 1 0 1 1 1 0 1 "	26.8769230769231	-10007.2423377333	0.981949860686059
c	"1 0 0 1 0 1 0 1 1 1 0 1 "	26.8769230769231	-10007.2423377333	0.981949860686059
c	"1 0 0 1 0 1 0 1 1 1 0 1 "	26.8769230769231	-10007.2423377333	0.981949860686059
c	"1 0 0 1 0 1 0 1 1 1 0 1 "	26.8769230769231	-10007.2423377333	0.981949860686059
c	"1 0 0 1 0 1 0 1 1 1 0 1 "	26.8769230769231	-10007.2423377333	0.981949860686059
c	"1 0 0 1 0 1 0 1 1 1 0 1 "	26.8769230769231	-10007.2423377333	0.981949860686059
c	"1 0 0 1 0 1 0 1 1 1 0 1 "	26.8769230769231	-10007.2423377333	0.981949860686059
c	"1 0 0 1 0 1 0 1 1 1 0 1 "	26.8769230769231	-10007.2423377333	0.981949860686059
c	"1 0 0 1 0 1 0 1 1 1 0 1 "	26.8769230769231	-10007.2423377333	0.981949860686059
c	"1 0 0 1 0 1 0 1 1 1 0 1 "	26.8769230769231	-10007.2423377333	0.981949860686059
c	"1 0 0 1 0 1 0 1 1 1 0 1 "	26.8769230769231	-10007.2423377333	0.981949860686059
c	"1 0 0 1 0 1 0 1 1 1 0 1 "	26.8769230769231	-10007.2423377333	0.981949860686059
c	"1 0 0 1 0 1 0 1 1 1 0 1 "	26.8769230769231	-10007.2423377333	0.981949860686059
c	"1 0 0 1 0 1 0 1 1 1 0 1 "	26.8769230769231	-10007.2423377333	0.981949860686059
c	"1 0 0 1 0 1 0 1 1 1 0 1 "	26.8769230769231	-10007.2423377333	0.981949860686059
c	"1 0 0 1 0 1 0 1 1 1 0 1 "	26.8769230769231	-10007.2423377333	0.981949860686059
c	"1 0 0 1 0 1 0 1 1 1 0 1 "	26.8769230769231	-10007.2423377333	0.981949860686059
c	"1 0 0 1 0 1 0 1 1 1 0 1 "	26.8769230769231	-10007.2423377333	0.981949860686059
c	"1 0 0 1 0 1 0 1 1 1 0 1 "	26.8769230769231	-10007.2423377333	0.981949860686059
c	"1 0 0 1 0 1 0 1 1 1 0 1 "	26.8769230769231	-10007.2423377333	0.981949860686059
c	"1 0 0 1 0 1 0 1 1 1 0 1 "	26.8769230769231	-10007.2423377333	0.981949860686059
c	"1 0 0 1 0 1 0 1 1 1 0 1 "	26.8769230769231	-10007.2423377333	0.981949860686059
c	"1 0 0 1 0 1 0 1 1 1 0 1 "	26.8769230769231	-10007.2423377333	0.981949860686059
c	"1 0 0 1 0 1 0 1 1 1 0 1 "	26.8769230769231	-10007.2423377333	0.981949860686059
c	"1 0 0 1 0 1 0 1 1 1 0 1 "	26.8769230769231	-10007.2423377333	0.981949860686059
c	"1 0 0 1 0 1 0 1 1 1 0 1 "	26.8769230769231	-10007.2423377333	0.981949860686059
c	"1 0 0 1 0 1 0 1 1 1 0 1 "	26.8769230769231	-10007.2423377333	0.981949860686059
c	"1 0 0 1 0 1 0 1 1 1 0 1 "	26.8769230769231	-10007.2423377333	0.981949860686059
c	"1 0 0 1 0 1 0 1 1 1 0 1 "	26.8769230769231	-10007.2423377333	0.981949860686059
c	"1 0 0 1 0 1 0 1 1 1 0 1 "	26.8769230769231	-10007.2423377333	0.981949860686059
c	"1 0 0 1 0 1 0 1 1 1 0 1 "	26.8769230769231	-10007.2423377333	0.981949860686059
c	"1 0 0 1 0 1 0 1 1 1 0 1 "	26.8769230769231	-10007.2423377333	0.981949860686059
c	"1 0 0 1 0 1 0 1 1 1 0 1 "	26.8769230769231	-10007.2423377333	0.981949860686059
c	"1 0 0 1 0 1 0 1 1 1 0 1 "	26.8769230769231	-10007.2423377333	0.981949860686059
c	"1 0 0 1 0 1 0 1 1 1 0 1 "	26.8769230769231	-10007.2423377333	0.981949860686059
c	"1 0 0 1 0 1 0 1 1 1 0 1 "	26.8769230769231	-10007.2423377333	0.981949860686059
c	"1 0 0 1 0 1 0 1 1 1 0 1 "	26.8769230769231	-10007.2423377333	0.981949860686059
c	"1 0 0 1 0 1 0 1 1 1 0 1 "	26.8769230769231	-10007.2423377333	0.981949860686059
c	"1 0 0 1 0 1 0 1 1 1 0 1 "	26.8769230769231	-10007.2423377333	0.981949860686059
c	"1 0 0 1 0 1 0 1 1 1 0 1 "	26.8769230769231	-10007.2423377333	0.981949860686059
c	"1 0 0 1 0 1 0 1 1 1 0 1 "	26.8769230769231	-10007.2423377333	0.981949860686059
c	"1 0 0 1 0 1 0 1 1 1 0 1 "	26.8769230769231	-10007.2423377333	0.981949860686059
c	"1 0 0 1 0 1 0 1 1 1 0 1 "	26.8769230769231	-10007.2423377333	0.981949860686059
c	"1 0 0 1 0 1 0 1 1 1 0 1 "	26.8769230769231	-10007.2423377333	0.981949860686059
c	"1 0 0 1 0 1 0 1 1 1 0 1 "	26.8769230769231	-10007.2423377333	0.981949860686059
c	"1 0 0 1 0 1 0 1 1 1 0 1 "	26.8769230769231	-10007.2423377333	0.981949860686059
c	"1 0 0 1 0 1 0 1 1 1 0 1 "	26.8769230769231	-10007.2423377333	0.981949860686059
c	"1 0 0 1 0 1 0 1 1 1 0 1 "	26.8769230769231	-10007.2423377333	0.981949860686059
c	"1 0 0 1 0 1 0 1 1 1 0 1 "	26.8769230769231	-10007.2423377333	0.981949860686059
c	"1 0 0 1 0 1 0 1 1 1 0 1 "	26.8769230769231	-10007.2423377333	0.981949860686059
c	"1 0 0 1 0 1 0 1 1 1 0 1 "	26.8769230769231	-10007.2423377333	0.981949860686059
c	"1 0 0 1 0 1 0 1 1 1 0 1 "	26.8769230769231	-10007.2423377333	0.981949860686059
c	"1 0 0 1 0 1 0 1 1 1 0 1 "	26.8769230769231	-10007.2423377333	0.981949860686059
c	"1 0 0 1 0 1 0 1 1 1 0 1 "	26.8769230769231	-10007.2423377333	0.981949860686059
c	"1 0 0 1 0 1 0 1 1 1 0 1 "	26.8769230769231	-10007.2423377333	0.981949860686059
c	"1 0 0 1 0 1 0 1 1 1 0 1 "	26.8769230769231	-10007.2423377333	0.981949860686059
c	"1 0 0 1 0 1 0 1 1 1 0 1 "	26.8769230769231	-10007.2423377333	0.981949860686059
c	"1 0 0 1 0 1 0 1 1 1 0 1 "	26.8769230769231	-10007.2423377333	0.981949860686059
c	"1 0 0 1 0 1 0 1 1 1 0 1 "	26.8769230769231	-10007.2423377333	0.981949860686059
c	"1 0 0 1 0 1 0 1 1 1 0 1 "	26.8769230769231	-10007.2423377333	0.981949860686059
c	"1 0 0 1 0 1 0 1 1 1 0 1 "	26.8769230769231	-10007.2423377333	0.981949860686059
c	"1 0 0 1 0 1 0 1 1 1 0 1 "	26.8769230769231	-10007.2423377333	0.981949860686059
c	"1 0 0 1 0 1 0 1 1 1 0 1 "	26.8769230769231	-10007.2423377333	0.981949860686059
c	"1 0 0 1 0 1 0 1 1 1 0 1 "	26.8769230769231	-10007.2423377333	0.981949860686059
g	"1 0 0 1 0 1 0 1 1 1 0 1 "	26.8769230769231	-10007.2423377333	0.981949860686059
