c	"1 1 1 1 1 1 0 0 1 0 1 1 "	52.2	32209.048	0.214380945454545
c	"1 1 1 0 1 1 1 1 1 1 0 0 "	49.0153846153846	20689.2253290851	0.423832266743907
c	"1 1 0 1 0 0 1 0 1 0 0 1 "	41.8307692307692	2376.88888120162	0.756783838523607
c	"1 1 0 1 0 0 1 0 1 0 0 1 "	41.8307692307692	2376.88888120162	0.756783838523607
c	"0 0 0 1 0 1 0 1 1 1 0 1 "	-4.63076923076923	-854.447887118798	0.815535416129433
c	"0 0 0 1 0 1 0 1 1 1 0 1 "	-4.63076923076923	-854.447887118798	0.815535416129433
c	"0 0 0 1 0 1 0 1 1 1 0 1 "	-4.63076923076923	-854.447887118798	0.815535416129433
c	"0 0 0 1 0 1 0 1 1 1 0 1 "	-4.63076923076923	-854.447887118798	0.815535416129433
c	"0 0 0 1 0 1 0 1 1 1 0 1 "	-4.63076923076923	-854.447887118798	0.815535416129433
c	"0 0 0 1 0 1 0 1 1 1 0 1 "	-4.63076923076923	-854.447887118798	0.815535416129433
c	"0 0 1 1 1 1 0 0 0 1 1 1 "	4.87692307692308	-922.919024123805	0.81678034589316
c	"0 1 1 0 0 1 0 0 0 1 0 1 "	14.6923076923077	-5746.86345015931	0.904488426366533
c	"1 0 1 1 1 0 0 0 0 0 1 0 "	35.3230769230769	-6531.95089303595	0.918762743509745
c	"1 0 1 0 1 1 1 1 1 0 0 0 "	33.2	-8149.232	0.948167854545454
c	"1 0 0 0 1 0 0 0 0 1 0 1 "	23.5538461538462	-9585.13448884843	0.974275172524517
c	"1 0 0 0 1 0 1 1 1 0 1 0 "	24.3692307692308	-9759.86398179336	0.977452072396243
c	"1 0 0 1 0 1 0 1 1 1 0 1 "	26.8769230769231	-10007.2423377333	0.981949860686059
c	"1 0 0 1 0 1 0 1 1 1 0 1 "	26.8769230769231	-10007.2423377333	0.981949860686059
c	"1 0 0 1 0 1 0 1 1 1 0 1 "	26.8769230769231	-10007.2423377333	0.981949860686059
c	"1 0 0 1 0 1 0 1 1 1 0 1 "	26.8769230769231	-10007.2423377333	0.981949860686059
c	"1 0 0 1 0 1 0 1 1 1 0 1 "	26.8769230769231	-10007.2423377333	0.981949860686059
c	"1 0 0 1 0 1 0 1 1 1 0 1 "	26.8769230769231	-10007.2423377333	0.981949860686059
c	"1 0 0 1 0 1 0 1 1 1 0 1 "	26.8769230769231	-10007.2423377333	0.981949860686059
c	"1 0 0 1 0 1 0 1 1 1 0 1 "	26.8769230769231	-10007.2423377333	0.981949860686059
c	"1 0 0 1 0 1 0 1 1 1 0 1 "	26.8769230769231	-10007.2423377333	0.981949860686059
c	"1 0 0 1 0 1 0 1 1 1 0 1 "	26.8769230769231	-10007.2423377333	0.981949860686059
c	"1 0 0 1 0 1 0 1 1 1 0 1 "	26.8769230769231	-10007.2423377333	0.981949860686059
c	"1 0 0 1 0 1 0 1 1 1 0 1 "	26.8769230769231	-10007.2423377333	0.981949860686059
c	"1 0 0 1 0 1 0 1 1 1 0 1 "	26.8769230769231	-10007.2423377333	0.981949860686059
c	"1 0 0 1 0 1 0 1 1 1 0 1 "	26.8769230769231	-10007.2423377333	0.981949860686059
c	"1 0 0 1 0 1 0 1 1 1 0 1 "	26.8769230769231	-10007.2423377333	0.981949860686059
c	"1 0 0 1 0 1 0 1 1 1 0 1 "	26.8769230769231	-10007.2423377333	0.981949860686059
c	"1 0 0 1 0 1 0 1 1 1 0 1 "	26.8769230769231	-10007.2423377333	0.981949860686059
c	"1 0 0 1 0 1 0 1 1 1 0 1 "	26.8769230769231	-10007.2423377333	0.981949860686059
c	"1 0 0 1 0 1 0 1 1 1 0 1 "	26.8769230769231	-10007.2423377333	0.981949860686059
c	"1 0 0 1 0 1 0 1 1 1 0 1 "	26.8769230769231	-10007.2423377333	0.981949860686059
c	"1 0 0 1 0 1 0 1 1 1 0 1 "	26.8769230769231	-10007.2423377333	0.981949860686059
c	"1 0 0 1 0 1 0 1 1 1 0 1 "	26.8769230769231	-10007.2423377333	0.981949860686059
c	"1 0 0 1 0 1 0 1 1 1 0 1 "	26.8769230769231	-10007.2423377333	0.981949860686059
c	"1 0 0 1 0 1 0 1 1 1 0 1 "	26.8769230769231	-10007.2423377333	0.981949860686059
c	"1 0 0 1 0 1 0 1 1 1 0 1 "	26.8769230769231	-10007.2423377333	0.981949860686059
c	"1 0 0 1 0 1 0 1 1 1 0 1 "	26.8769230769231	-10007.2423377333	0.981949860686059
c	"1 0 0 1 0 1 0 1 1 1 0 1 "	26.8769230769231	-10007.2423377333	0.981949860686059
c	"1 0 0 1 0 1 0 1 1 1 0 1 "	26.8769230769231	-10007.2423377333	0.981949860686059
c	"1 0 0 1 0 1 0 1 1 1 0 1 "	26.8769230769231	-10007.2423377333	0.981949860686059
c	"1 0 0 1 0 1 0 1 1 1 0 1 "	26.8769230769231	-10007.2423377333	0.981949860686059
c	"1 0 0 1 0 1 0 1 1 1 0 1 "	26.8769230769231	-10007.2423377333	0.981949860686059
c	"1 0 0 1 0 1 0 1 1 1 0 1 "	26.8769230769231	-10007.2423377333	0.981949860686059
c	"1 0 0 1 0 1 0 1 1 1 0 1 "	26.8769230769231	-10007.2423377333	0.981949860686059
c	"1 0 0 1 0 1 0 1 1 1 0 1 "	26.8769230769231	-10007.2423377333	0.981949860686059
c	"1 0 0 1 0 1 0 1 1 1 0 1 "	26.8769230769231	-10007.2423377333	0.981949860686059
c	"1 0 0 1 0 1 0 1 1 1 0 1 "	26.8769230769231	-10007.2423377333	0.981949860686059
c	"1 0 0 1 0 1 0 1 1 1 0 1 "	26.8769230769231	-10007.2423377333	0.981949860686059
c	"1 0 0 1 0 1 0 1 1 1 0 1 "	26.8769230769231	-10007.2423377333	0.981949860686059
c	"1 0 0 1 0 1 0 1 1 1 0 1 "	26.8769230769231	-10007.2423377333	0.981949860686059
c	"1 0 0 1 0 1 0 1 1 1 0 1 "	26.8769230769231	-10007.2423377333	0.981949860686059
c	"1 0 0 1 0 1 0 1 1 1 0 1 "	26.8769230769231	-10007.2423377333	0.981949860686059
c	"1 0 0 1 0 1 0 1 1 1 0 1 "	26.8769230769231	-10007.2423377333	0.981949860686059
c	"1 0 0 1 0 1 0 1 1 1 0 1 "	26.8769230769231	-10007.2423377333	0.981949860686059
c	"1 0 0 1 0 1 0 1 1 1 0 1 "	26.8769230769231	-10007.2423377333	0.981949860686059
c	"1 0 0 1 0 1 0 1 1 1 0 1 "	26.8769230769231	-10007.2423377333	0.981949860686059
c	"1 0 0 1 0 1 0 1 1 1 0 1 "	26.8769230769231	-10007.2423377333	0.981949860686059
c	"1 0 0 1 0 1 0 1 1 1 0 1 "	26.8769230769231	-10007.2423377333	0.981949860686059
c	"1 0 0 1 0 1 0 1 1 1 0 1 "	26.8769230769231	-10007.2423377333	0.981949860686059
c	"1 0 0 1 0 1 0 1 1 1 0 1 "	26.8769230769231	-10007.2423377333	0.981949860686059
c	"1 0 0 1 0 1 0 1 1 1 0 1 "	26.8769230769231	-10007.2423377333	0.981949860686059
c	"1 0 0 1 0 1 0 1 1 1 0 1 "	26.8769230769231	-10007.2423377333	0.981949860686059
c	"1 0 0 1 0 1 0 1 1 1 0 1 "	26.8769230769231	-10007.2423377333	0.981949860686059
c	"1 0 0 1 0 1 0 1 1 1 0 1 "	26.8769230769231	-10007.2423377333	0.981949860686059
c	"1 0 0 1 0 1 0 1 1 1 0 1 "	26.8769230769231	-10007.2423377333	0.981949860686059
c	"1 0 0 1 0 1 0 1 1 1 0 1 "	26.8769230769231	-10007.2423377333	0.981949860686059
c	"1 0 0 1 0 1 0 1 1 1 0 1 "	26.8769230769231	-10007.2423377333	0.981949860686059
c	"1 0 0 1 0 1 0 1 1 1 0 1 "	26.8769230769231	-10007.2423377333	0.981949860686059
c	"1 0 0 1 0 1 0 1 1 1 0 1 "	26.8769230769231	-10007.2423377333	0.981949860686059
c	"1 0 0 1 0 1 0 1 1 1 0 1 "	26.8769230769231	-10007.2423377333	0.981949860686059
c	"1 0 0 1 0 1 0 1 1 1 0 1 "	26.8769230769231	-10007.2423377333	0.981949860686059
c	"1 0 0 1 0 1 0 1 1 1 0 1 "	26.8769230769231	-10007.2423377333	0.981949860686059
c	"1 0 0 1 0 1 0 1 1 1 0 1 "	26.8769230769231	-10007.2423377333	0.981949860686059
c	"1 0 0 1 0 1 0 1 1 1 0 1 "	26.8769230769231	-10007.2423377333	0.981949860686059
c	"1 0 0 1 0 1 0 1 1 1 0 1 "	26.8769230769231	-10007.2423377333	0.981949860686059
c	"1 0 0 1 0 1 0 1 1 1 0 1 "	26.8769230769231	-10007.2423377333	0.981949860686059
c	"1 0 0 1 0 1 0 1 1 1 0 1 "	26.8769230769231	-10007.2423377333	0.981949860686059
c	"1 0 0 1 0 1 0 1 1 1 0 1 "	26.8769230769231	-10007.2423377333	0.981949860686059
c	"1 0 0 1 0 1 0 1 1 1 0 1 "	26.8769230769231	-10007.2423377333	0.981949860686059
c	"1 0 0 1 0 1 0 1 1 1 0 1 "	26.8769230769231	-10007.2423377333	0.981949860686059
c	"1 0 0 1 0 1 0 1 1 1 0 1 "	26.8769230769231	-10007.2423377333	0.981949860686059
c	"1 0 0 1 0 1 0 1 1 1 0 1 "	26.8769230769231	-10007.2423377333	0.981949860686059
c	"1 0 0 1 0 1 0 1 1 1 0 1 "	26.8769230769231	-10007.2423377333	0.981949860686059
c	"1 0 0 1 0 1 0 1 1 1 0 1 "	26.8769230769231	-10007.2423377333	0.981949860686059
c	"1 0 0 1 0 1 0 1 1 1 0 1 "	26.8769230769231	-10007.2423377333	0.981949860686059
c	"1 0 0 1 0 1 0 1 1 1 0 1 "	26.8769230769231	-10007.2423377333	0.981949860686059
c	"1 0 0 1 0 1 0 1 1 1 0 1 "	26.8769230769231	-10007.2423377333	0.981949860686059
c	"1 0 0 1 0 1 0 1 1 1 0 1 "	26.8769230769231	-10007.2423377333	0.981949860686059
c	"1 0 0 1 0 1 0 1 1 1 0 1 "	26.8769230769231	-10007.2423377333	0.981949860686059
c	"1 0 0 1 0 1 0 1 1 1 0 1 "	26.8769230769231	-10007.2423377333	0.981949860686059
c	"1 0 0 1 0 1 0 1 1 1 0 1 "	26.8769230769231	-10007.2423377333	0.981949860686059
c	"1 0 0 1 0 1 0 1 1 1 0 1 "	26.8769230769231	-10007.2423377333	0.981949860686059
c	"1 0 0 1 0 1 0 1 1 1 0 1 "	26.8769230769231	-10007.2423377333	0.981949860686059
c	"1 0 0 1 0 1 0 1 1 1 0 1 "	26.8769230769231	-10007.2423377333	0.981949860686059
c	"1 0 0 1 0 1 0 1 1 1 0 1 "	26.8769230769231	-10007.2423377333	0.981949860686059
g	"1 0 0 1 0 1 0 1 1 1 0 1 "	26.8769230769231	-10007.2423377333	0.981949860686059
