c	"0 1 1 1 1 1 0 1 0 0 1 1 1 0 1 0 0 0 1 0 1 0"	20.8176319164352	-8719.48836100353	0.128051163899647
c	"1 1 1 0 0 0 0 0 0 0 0 1 0 1 1 1 0 1 1 0 0 0"	45.1474836224278	9599.14188583245	1.95991418858324
c	"1 1 1 0 0 0 1 1 1 1 0 0 0 1 1 0 0 1 1 1 0 1"	46.054068339841	11929.4596137281	2.19294596137281
c	"1 1 1 1 1 1 1 0 1 1 0 1 0 0 0 1 0 1 1 0 0 1"	52.7091154358662	34264.9284541261	4.42649284541261
c	"1 1 1 1 1 1 0 1 1 0 1 1 0 0 0 0 0 0 1 0 0 0"	52.4310432508095	33134.4947502312	4.31344947502312
c	"1 0 1 1 1 1 1 1 0 1 1 1 1 1 1 0 0 1 0 1 1 0"	37.125372201293	-4694.58756710996	0.530541243289004
c	"1 1 1 1 1 1 0 1 0 1 0 0 1 1 1 1 0 1 1 0 1 1"	52.3380821557241	32760.6364260496	4.27606364260496
c	"1 1 1 1 1 1 0 0 0 1 0 0 1 0 0 0 0 0 0 0 0 0"	52.0848536693701	31752.4804557658	4.17524804557658
c	"1 1 1 1 1 1 1 1 1 1 1 1 1 1 1 1 0 1 1 0 0 1"	52.9994292257855	35464.6216226164	4.54646216226164
c	"1 1 1 1 0 0 1 0 0 1 0 1 1 0 1 1 0 1 1 0 1 0"	49.6425708872249	22780.1541367548	3.27801541367548
c	"1 1 1 1 1 0 1 0 0 1 1 0 1 0 1 0 1 0 1 0 0 0"	51.6259512009504	29963.4176385052	3.99634176385052
c	"1 1 1 0 0 0 1 1 1 0 1 1 1 0 0 0 0 0 1 0 0 0"	46.0402946568238	11892.8594353123	2.18928594353123
c	"1 1 1 1 1 1 1 1 1 0 0 0 1 1 0 0 0 0 1 0 1 1"	52.8886689874337	35004.5572474621	4.50045572474621
c	"1 1 1 1 0 1 1 1 0 1 1 0 1 0 1 1 1 0 1 0 1 1"	50.8886761399927	27190.1667759605	3.71901667759605
c	"1 1 1 0 1 0 0 0 1 0 0 0 1 0 0 1 1 0 0 0 0 1"	47.225957924356	15181.470502713	2.5181470502713
c	"1 1 1 1 1 0 1 0 1 0 0 1 1 1 1 1 1 1 0 0 1 0"	51.677050513518	30160.2273157083	4.01602273157083
c	"1 1 0 0 1 1 1 0 1 1 1 1 1 1 1 1 1 0 1 1 0 0"	40.9411179878993	768.656217341137	1.07686562173411
c	"1 1 1 1 0 1 0 1 1 1 1 1 1 0 1 1 0 1 1 0 0 0"	50.5346309029176	25902.1096780714	3.59021096780714
c	"1 1 1 1 1 0 1 1 1 0 0 0 0 1 1 1 0 0 1 0 1 1"	51.8994872330397	31023.9547115433	4.10239547115433
c	"1 1 1 1 1 1 1 1 1 0 1 1 1 1 1 1 0 0 0 1 1 0"	52.93762038651	35207.5269625799	4.52075269625799
c	"1 1 1 1 1 0 1 1 1 0 1 1 0 1 1 0 0 1 1 1 0 0"	51.9449238645849	31201.7923406412	4.12017923406412
c	"0 1 1 0 1 1 1 1 0 1 0 1 0 0 0 0 0 1 1 0 1 1"	17.3937226280505	-7177.21348170309	0.282278651829691
c	"1 1 0 1 0 0 1 0 0 1 0 1 1 0 1 1 0 1 1 0 0 1"	41.7675539893041	2258.19734694299	1.2258197346943
c	"0 1 1 1 1 1 1 1 1 1 1 1 1 0 1 0 0 1 1 1 0 1"	21.4946752773941	-8969.74334725001	0.103025665274999
c	"1 1 1 1 1 1 1 1 1 1 1 1 1 1 0 0 0 1 1 1 0 0"	52.9965903750874	35452.7934763889	4.54527934763889
c	"1 1 1 1 0 0 0 0 1 0 1 1 1 0 0 1 1 0 1 1 1 1"	49.2410612681058	21431.8147532714	3.14318147532714
c	"1 1 1 0 0 0 0 0 0 1 0 0 1 0 1 0 1 0 1 0 0 0"	45.1967504493595	9721.70748976871	1.97217074897687
c	"1 0 1 1 0 0 0 1 0 1 1 1 1 1 0 1 0 1 0 1 1 1"	33.6791125963003	-7833.25501025761	0.216674498974239
c	"1 1 1 1 1 1 0 1 1 1 0 0 1 1 0 1 0 0 0 0 0 1"	52.4588159224548	33246.580191254	4.3246580191254
c	"1 1 0 1 1 1 1 1 1 0 0 0 1 0 1 0 0 1 0 1 1 1"	45.0119247464954	9264.28876330196	1.9264288763302
c	"1 1 1 1 1 1 1 1 1 1 1 1 1 1 1 1 1 0 1 1 1 1"	52.999759674015	35465.9985684934	4.54659985684934
c	"1 1 1 1 1 1 0 1 0 1 1 0 0 0 0 1 1 1 0 1 1 1"	52.3558061971202	32831.760385237	4.2831760385237
c	"1 1 1 1 1 0 1 0 0 0 1 1 0 1 1 0 0 0 1 0 1 0"	51.5755127848417	29769.7417518194	3.97697417518194
c	"1 1 0 1 1 1 1 1 1 1 1 1 1 0 0 0 1 1 1 1 0 1"	45.1182389541242	9526.6064281846	1.95266064281846
c	"1 1 1 1 1 1 1 1 1 0 1 0 0 0 0 0 1 0 0 0 0 0"	52.9082104940916	35085.5149678185	4.50855149678185
c	"1 1 1 1 1 1 0 0 0 0 1 0 0 1 1 1 0 1 1 1 1 1"	52.0535962709418	31629.0739082917	4.16290739082917
c	"0 1 1 1 1 1 0 0 0 0 0 1 0 1 1 1 0 1 1 0 0 1"	20.5381177754683	-8610.06222772859	0.138993777227141
c	"1 1 1 1 1 1 0 0 0 1 1 1 1 0 1 0 0 1 0 0 1 0"	52.1331892331098	31943.7601944116	4.19437601944116
c	"1 1 1 0 1 1 1 1 0 0 1 0 1 1 1 1 0 1 0 0 0 1"	48.8618569044726	20190.2783791263	3.01902783791263
c	"1 1 1 0 0 0 0 0 0 0 1 1 1 1 1 0 0 0 1 1 1 0"	45.1848242723523	9691.99510333095	1.96919951033309
c	"1 1 0 0 1 1 1 1 1 1 1 1 1 0 0 0 0 0 0 0 1 0"	41.179851813281	1187.17230216038	1.11871723021604
c	"1 1 1 1 1 1 1 1 1 0 0 1 0 0 1 1 1 1 1 0 1 1"	52.8961190929697	35035.4112972992	4.50354112972992
c	"1 1 1 1 0 1 1 1 1 0 1 1 0 1 1 0 0 1 1 0 0 0"	50.9604885483953	27454.8654435175	3.74548654435175
c	"1 1 1 1 1 1 1 1 1 1 1 0 1 0 1 0 1 1 0 0 0 1"	52.9796023320204	35382.0524207603	4.53820524207603
c	"1 0 0 0 0 1 0 1 0 1 1 1 1 1 0 0 0 1 0 1 1 0"	22.8500086903593	-9401.40332248545	0.0598596677514546
c	"1 1 1 1 0 1 1 1 1 0 0 1 0 1 1 0 0 0 1 1 0 1"	50.9295615981964	27340.7269058711	3.73407269058711
c	"1 1 1 1 1 1 0 0 0 1 0 1 1 0 1 1 0 1 1 0 0 0"	52.1034789332101	31826.1223886189	4.18261223886189
c	"1 1 1 0 1 0 0 0 1 1 1 0 0 0 1 0 0 1 0 1 0 1"	47.3113337305388	15429.187105884	2.5429187105884
c	"1 1 1 1 1 1 0 1 1 1 1 1 1 0 0 1 1 0 0 0 1 0"	52.5016089681647	33419.6396140424	4.34196396140424
c	"1 1 1 1 0 0 0 1 0 1 0 0 0 1 1 1 0 0 1 1 0 0"	49.377040714512	21884.5485393906	3.18845485393906
c	"1 1 1 1 0 1 0 1 0 1 1 0 1 0 1 0 1 1 1 0 1 1"	50.395767544691	25404.562559804	3.5404562559804
c	"1 0 1 1 1 0 1 0 0 0 0 0 0 1 1 0 0 0 1 1 1 0"	35.7794265221182	-6108.62894681159	0.389137105318841
c	"1 1 1 1 1 1 1 0 0 1 0 1 0 1 1 1 0 1 0 0 0 1"	52.5917161921778	33785.4500981229	4.37854500981229
c	"1 1 1 0 1 1 0 0 0 1 0 1 0 0 1 1 0 1 1 0 1 0"	48.1583176036638	17967.7959987453	2.79677959987453
c	"1 1 1 1 1 1 0 0 0 0 1 0 0 1 1 1 1 1 0 1 1 1"	52.0539567599193	31630.4958515941	4.16304958515941
c	"1 1 1 1 1 0 1 0 1 1 1 1 1 1 1 0 1 0 1 1 1 1"	51.7683293267082	30513.2843494502	4.05132843494502
c	"1 1 1 1 1 1 0 1 1 1 1 1 1 1 0 0 0 0 0 0 1 0"	52.504012228015	33429.3713997522	4.34293713997522
c	"1 1 1 1 1 1 0 1 1 1 0 0 1 1 0 1 0 0 1 0 1 0"	52.4589511058214	33247.1262094028	4.32471262094028
c	"1 1 1 1 0 1 0 1 0 1 1 1 1 0 1 0 1 0 1 0 0 1"	50.4108780409999	25458.495231528	3.5458495231528
c	"1 1 1 1 1 0 1 0 1 0 0 1 1 0 1 1 1 0 0 1 1 0"	51.6730250532687	30144.7014151372	4.01447014151372
c	"1 1 1 1 0 1 0 1 0 1 0 0 0 1 1 1 0 0 1 0 1 0"	50.3613859084573	25282.036133581	3.5282036133581
c	"1 1 1 1 1 0 0 0 0 0 0 0 1 0 0 1 1 0 0 1 0 0"	51.0404570199149	27750.9973660256	3.77509973660256
c	"1 1 1 1 1 1 1 1 1 1 1 1 1 0 1 0 0 1 1 1 1 1"	52.9947128283293	35444.9716820483	4.54449716820483
c	"1 1 1 1 0 1 1 1 1 0 0 0 1 0 0 0 1 0 0 1 1 1"	50.9164938727603	27292.5642084016	3.72925642084016
c	"1 1 0 0 0 1 1 1 0 1 0 1 1 1 0 1 0 1 0 0 1 1"	39.0623545795332	-2201.96980767743	0.779803019232257
c	"1 1 1 1 1 0 1 1 0 1 0 1 1 0 1 1 1 0 1 0 0 0"	51.8576254505218	30860.5317648781	4.08605317648781
c	"1 0 0 0 1 1 0 1 1 0 1 1 1 1 1 1 0 0 0 0 0 1"	24.8828510958793	-9847.53468133755	0.0152465318662445
c	"0 1 1 1 1 1 0 1 0 0 0 1 0 0 1 0 0 1 1 0 0 1"	20.779405064441	-8704.72721502404	0.129527278497596
c	"1 1 1 1 1 1 0 0 1 1 1 1 1 0 1 1 0 1 1 1 1 1"	52.2573927062494	32437.7702901049	4.24377702901049
c	"1 1 1 0 1 1 1 1 1 1 1 1 0 1 0 1 1 0 1 1 0 1"	49.0526156550922	20810.9812477935	3.08109812477935
c	"1 0 1 0 1 1 1 0 1 1 1 0 1 0 1 0 1 1 0 0 0 0"	33.0459888091061	-8244.95991234442	0.175504008765558
c	"1 1 1 1 1 1 1 0 0 1 1 0 1 0 1 0 0 1 0 0 0 0"	52.6099659466662	33859.7718261867	4.38597718261867
c	"1 1 1 1 1 1 0 1 0 0 0 1 0 0 1 0 0 0 0 0 0 0"	52.2790370652764	32524.2274222831	4.25242274222831
c	"1 1 1 1 1 1 0 0 0 1 1 0 1 0 1 0 0 0 0 0 1 1"	52.1175830644567	31881.9420252585	4.18819420252585
c	"1 1 1 1 1 1 1 1 0 0 1 0 1 0 1 0 0 0 1 0 1 0"	52.7944461809268	34615.4765831173	4.46154765831173
c	"1 1 1 1 1 1 1 1 1 1 1 1 1 1 1 1 1 0 0 0 1 0"	52.9995644091521	35465.1849155158	4.54651849155158
c	"1 1 1 1 1 1 0 1 0 0 0 1 0 1 0 1 0 1 1 0 0 0"	52.2822814660743	32537.1964254156	4.25371964254156
c	"1 1 1 1 1 0 0 1 0 1 1 1 1 1 0 0 1 1 1 0 0 0"	51.3974011891845	29090.4851948916	3.90904851948916
c	"1 1 1 1 1 0 1 1 1 1 1 1 1 1 1 0 1 1 1 0 1 1"	52.0146033798703	31475.4452307738	4.14754452307738
c	"1 1 1 1 1 1 0 1 1 1 1 1 1 0 0 1 1 0 0 1 0 0"	52.5016390089128	33419.7612529863	4.34197612529863
c	"1 1 1 1 1 1 1 1 1 1 1 1 1 0 1 1 0 1 0 1 1 1"	52.9955539692769	35448.4757421845	4.54484757421845
c	"1 1 1 1 1 1 1 0 1 1 0 1 0 1 1 1 0 1 1 1 1 1"	52.7149733817514	34288.9385067464	4.42889385067464
c	"1 1 1 1 1 1 0 1 1 1 0 1 0 0 0 1 0 1 1 0 1 1"	52.463051667941	33263.690798696	4.3263690798696
c	"1 0 1 1 1 0 1 0 0 1 0 1 1 0 0 0 0 1 1 1 0 1"	35.8584787508199	-6032.46390666499	0.396753609333501
c	"1 1 0 1 1 1 1 1 1 0 1 0 0 1 1 0 1 0 1 0 1 1"	45.0391416643004	9331.23839246415	1.93312383924641
c	"1 1 1 1 0 1 0 0 0 0 1 0 1 0 1 0 1 1 1 0 1 0"	50.0881352634752	24317.5658622266	3.43175658622266
c	"1 1 1 1 0 0 1 0 0 1 1 0 1 0 1 0 0 0 0 1 0 1"	49.6566750184715	22828.1545205874	3.28281545205874
c	"1 1 1 1 1 1 0 0 0 0 1 0 0 1 1 1 0 1 0 1 0 1"	52.0534460672012	31628.4814408262	4.16284814408262
c	"1 1 0 1 0 1 1 1 0 1 1 1 1 1 0 0 0 1 1 0 0 1"	43.029746062695	4759.15880887858	1.47591588088786
c	"0 0 1 0 1 1 1 1 1 0 1 1 1 1 1 1 1 1 0 0 0 1"	1.75075405854083	-142.25436621226	0.985774563378774
c	"1 1 0 1 0 0 0 0 0 1 1 0 0 1 0 1 0 1 1 0 0 1"	41.2849794113587	1374.48295909321	1.13744829590932
c	"1 1 1 1 1 1 1 1 0 0 0 0 1 1 1 1 0 1 0 1 0 0"	52.768641178284	34509.2851076097	4.45092851076097
c	"1 1 1 1 1 1 0 0 1 1 1 1 0 0 1 0 0 1 1 1 1 1"	52.2487409707882	32403.2420474419	4.24032420474419
c	"1 1 1 1 0 0 1 0 1 1 0 1 1 1 1 1 1 1 1 1 1 0"	49.7700037407884	23215.4196622549	3.32154196622549
g51	0	52.9999699592519	35466.8748203099	4.54668748203099
