c	"0 1 0 0 1 0 0 0 1 0 0 1 0 1 1 0 0 0 1 0 1 0"	7.86310001924038	-2134.23324040554	0.786576675959446
c	"1 1 1 1 1 1 0 1 1 1 0 0 0 1 0 0 1 0 0 0 0 0"	52.4506298185896	33213.5237539197	4.32135237539197
c	"1 1 1 1 0 1 1 0 0 0 0 1 0 0 0 0 0 0 0 1 0 0"	50.554517878179	25973.7166333025	3.59737166333025
c	"1 1 1 1 1 1 0 0 0 1 1 0 1 0 0 0 0 1 1 1 1 1"	52.1160810270503	31875.9952398924	4.18759952398924
c	"1 1 0 1 0 0 0 1 1 0 0 1 0 0 0 0 0 0 1 0 0 1"	41.5721689634726	1895.65013626535	1.18956501362654
c	"1 1 1 0 1 1 1 1 1 0 0 0 0 0 1 0 0 0 0 1 0 1"	48.9414648870146	20448.3663462277	3.04483663462277
c	"0 0 1 1 1 1 1 0 0 1 1 1 1 0 0 0 1 0 1 0 1 1"	5.37381848664725	-1097.40864692441	0.89025913530756
c	"1 0 1 0 0 1 1 1 0 1 0 1 1 1 1 0 0 1 1 1 1 1"	31.1884942504154	-9184.91691050534	0.0815083089494656
c	"1 1 1 0 1 1 1 0 1 0 0 0 0 1 1 0 0 1 0 1 0 1"	48.6994566200868	19667.9647209483	2.96679647209483
c	"1 1 1 1 0 0 0 1 0 1 0 0 1 0 0 0 0 1 1 1 0 1"	49.3782573648113	21888.6173157679	3.18886173157679
c	"1 1 1 1 0 1 1 0 0 1 0 0 1 1 1 0 0 1 0 0 1 0"	50.614329007704	26189.6108089249	3.61896108089249
c	"1 1 1 0 1 1 1 1 0 0 0 0 1 0 1 1 1 1 0 1 1 1"	48.8278207368423	20080.3460496988	3.00803460496988
c	"1 1 1 0 1 1 0 0 1 1 1 1 0 1 1 1 1 0 1 1 0 0"	48.3162418165783	18457.6025753906	2.84576025753906
c	"1 0 1 1 0 0 0 1 1 0 1 0 1 1 1 0 0 1 1 1 0 1"	33.726306611611	-7800.62498819833	0.219937501180167
c	"0 0 0 1 0 0 0 0 1 0 1 1 0 0 1 1 1 1 0 1 1 0"	-5.88961455574383	-1464.00644950739	0.853599355049261
c	"1 1 1 0 1 1 1 1 1 1 0 0 0 0 0 1 0 1 1 1 1 1"	49.0024175649685	20646.8891398807	3.06468891398807
c	"1 1 1 1 0 1 0 0 1 0 1 1 1 1 0 1 0 1 1 0 0 1"	50.2289512703302	24812.528477334	3.4812528477334
c	"1 1 1 1 0 0 0 1 0 1 1 1 0 0 0 1 1 1 1 1 0 1"	49.4181514783267	22022.2104083359	3.20222104083359
c	"1 1 1 1 0 1 1 1 0 1 0 0 1 0 0 0 0 0 1 0 1 1"	50.8545498501181	27064.7856171904	3.70647856171904
c	"1 1 0 1 0 0 0 1 1 0 1 0 1 1 1 0 1 0 1 0 0 1"	41.6014887336466	1949.64093639739	1.19496409363974
c	"1 0 0 1 1 0 0 1 1 0 1 0 1 1 1 0 1 1 0 1 0 1"	27.8204156924285	-9973.10852494937	0.00268914750506265
c	"1 1 1 1 0 0 0 1 1 0 0 0 0 0 0 1 0 0 1 0 0 1"	49.4327512819174	22071.1867587222	3.20711867587222
c	"1 1 1 0 1 1 1 1 0 1 0 1 1 1 0 1 0 1 1 0 0 1"	48.9061970487111	20333.8616368954	3.03338616368954
c	"1 1 1 1 0 1 0 1 1 0 1 0 1 1 0 0 1 1 0 1 0 0"	50.4591084621211	25630.9800831284	3.56309800831284
c	"1 1 1 0 0 1 1 0 0 1 1 1 0 0 0 0 0 0 0 0 0 0"	46.7092420361619	13713.7260557655	2.37137260557655
c	"1 1 1 0 1 1 1 1 1 1 0 0 0 1 0 0 0 1 0 0 0 0"	49.0050761711779	20655.5663038083	3.06555663038083
c	"1 1 0 1 1 1 1 0 1 0 0 0 1 1 0 1 0 0 1 0 0 1"	44.7685045644056	8671.75736273023	1.86717573627302
c	"1 1 1 0 1 1 0 0 1 0 0 1 0 1 1 0 1 1 1 0 1 0"	48.2232056196226	18168.416029217	2.8168416029217
c	"1 1 1 1 1 1 0 0 1 1 1 0 1 0 1 1 0 0 1 0 0 1"	52.2416813949779	32375.0809096531	4.23750809096531
c	"1 1 0 0 0 1 0 0 0 0 0 1 1 0 0 0 0 1 0 1 1 1"	38.2578032631405	-3305.13888836615	0.669486111163385
c	"1 1 1 1 1 1 1 1 1 1 0 0 0 0 0 0 0 1 0 0 0 1"	52.9387469145648	35212.2046440903	4.52122046440903
c	"1 1 0 0 1 1 1 1 0 0 0 0 1 0 1 1 1 1 1 0 0 0"	40.9528338796696	788.973992697676	1.07889739926977
c	"1 1 0 1 1 0 0 0 1 0 0 1 1 1 0 1 1 1 0 1 0 0"	43.3079684514924	5348.20053387235	1.53482005338724
c	"1 1 1 1 1 1 0 0 1 0 0 1 0 1 1 0 1 0 1 0 1 0"	52.160466232411	32051.9442895133	4.20519442895133
c	"1 1 1 1 0 1 1 1 0 1 0 0 1 0 1 0 0 0 1 1 0 0"	50.8564874783725	27071.8975070083	3.70718975070083
c	"0 1 1 0 0 1 1 1 1 1 1 1 0 0 1 0 1 1 0 1 0 1"	15.5810939266906	-6229.81162121383	0.377018837878617
c	"1 1 1 1 1 1 1 0 0 1 1 1 1 1 1 0 1 0 1 0 0 1"	52.6295675348204	33939.6862919155	4.39396862919155
c	"1 1 0 0 1 1 1 1 1 0 0 0 1 0 0 0 0 0 1 0 1 1"	41.072320955353	997.489920050502	1.09974899200505
c	"1 0 1 0 1 1 1 1 1 1 1 0 1 0 0 0 0 0 1 0 1 0"	33.2895892356847	-8092.24719482847	0.190775280517153
c	"1 1 1 0 1 1 1 0 0 1 0 1 1 1 1 0 1 0 1 0 0 1"	48.6613048699629	19546.0733773322	2.95460733773322
c	"1 1 1 1 0 1 1 0 0 1 0 0 0 1 1 1 0 1 1 1 1 1"	50.607795144986	26165.9872763666	3.61659872763666
c	"1 1 0 0 1 1 1 1 1 0 0 0 0 1 1 1 0 1 1 1 0 0"	41.071614997772	996.250991165158	1.09962509911652
c	"1 1 1 0 1 0 1 0 1 0 1 0 0 1 0 0 1 0 0 0 0 1"	47.7441007480862	16707.7891061646	2.67077891061646
c	"1 1 1 0 1 1 1 1 0 1 0 1 1 0 0 0 0 0 0 1 1 0"	48.9011051419032	20317.3515914659	3.03173515914659
c	"1 0 1 1 0 1 0 1 1 1 0 0 1 1 0 0 1 0 0 1 0 0"	34.7396261071267	-7033.23068367536	0.296676931632464
c	"1 1 1 0 1 1 1 0 0 1 1 1 1 0 0 0 0 0 0 1 1 0"	48.685773059314	19624.2114932399	2.96242114932399
c	"1 1 0 1 0 1 0 0 0 1 0 1 1 0 1 0 0 0 1 0 1 0"	42.2585549970996	3198.12359807474	1.31981235980747
c	"1 1 1 1 1 1 1 1 1 1 1 1 0 0 0 1 0 1 0 1 0 1"	52.9859108891275	35408.3142940598	4.54083142940598
c	"1 1 1 1 0 1 0 1 1 0 1 0 1 1 0 0 1 0 0 1 1 0"	50.4588981768842	25630.226922836	3.5630226922836
c	"0 1 0 0 1 1 1 1 0 1 1 0 1 0 0 0 0 1 1 1 0 1"	9.54182208581497	-2953.94293854973	0.704605706145027
c	"1 1 0 1 1 0 0 1 1 0 1 1 0 0 0 1 0 0 0 1 0 1"	43.5725823813873	5921.34585335245	1.59213458533525
c	"0 0 1 0 1 0 0 1 0 0 0 0 1 1 0 1 0 0 0 1 0 0"	0.102403188324734	7.53355355646562	1.00075335535565
c	"1 1 1 0 1 0 0 0 1 0 1 0 0 1 1 0 1 0 1 0 1 0"	47.2539709219863	15262.5862204824	2.52625862204824
c	"1 1 1 1 1 0 0 1 1 0 0 0 1 0 0 1 1 0 1 0 1 0"	51.4096878551693	29137.109279067	3.9137109279067
c	"1 1 1 0 0 1 1 1 1 0 0 0 0 1 1 0 0 1 1 1 1 1"	46.9769501631141	14467.4307629326	2.44674307629326
c	"1 1 1 1 1 0 1 0 0 1 1 1 0 0 0 1 0 1 0 1 0 0"	51.6323799210501	29988.1449323327	3.99881449323327
c	"1 0 0 0 1 1 1 1 0 0 0 1 0 1 1 0 0 1 0 1 0 0"	25.2128637344512	-9894.2697125027	0.0105730287497297
c	"1 1 1 0 1 1 1 0 1 0 1 0 0 1 0 1 1 0 1 1 0 0"	48.7296025108343	19764.4965066233	2.97644965066233
c	"1 1 1 1 1 1 0 1 1 1 1 1 1 1 0 1 1 1 0 1 0 0"	52.5057245506584	33436.3061251971	4.34363061251971
c	"1 1 0 1 0 0 1 1 1 0 0 1 0 1 1 0 0 1 1 0 1 0"	42.0703797508191	2832.99241678086	1.28329924167809
c	"1 1 1 1 1 1 0 0 1 0 0 1 0 0 0 1 1 0 1 0 1 0"	52.1556597127103	32032.8684357581	4.20328684357581
c	"1 1 1 1 1 1 1 0 1 0 0 1 0 0 1 1 1 0 1 0 1 0"	52.6497699379372	34022.1450422494	4.40221450422494
c	"1 1 0 0 1 0 0 0 0 1 1 0 1 1 0 1 0 1 1 1 1 1"	39.3240094957374	-1821.81684654481	0.817818315345519
c	"1 0 1 1 0 1 1 0 0 1 1 1 0 0 0 0 0 0 0 1 1 0"	34.8968293420862	-6902.52013868134	0.309747986131866
c	"1 1 1 1 1 1 0 1 1 0 1 1 1 0 0 1 1 1 0 1 1 1"	52.4404009438517	33172.2404753014	4.31722404753014
c	"1 1 1 0 1 1 1 1 1 0 0 0 1 1 0 0 0 1 0 0 1 0"	48.9512731912787	20480.2583577524	3.04802583577524
c	"1 1 1 1 1 1 1 0 1 0 1 1 0 0 1 1 0 0 1 0 0 1"	52.6800359916773	34145.8600794026	4.41458600794026
c	"1 1 1 0 1 1 1 1 0 1 1 1 0 1 1 1 1 0 1 0 0 0"	48.9314162567654	20415.7142223187	3.04157142223187
c	"1 1 1 0 1 1 0 1 1 0 0 0 0 1 1 1 0 0 0 0 0 1"	48.4540237078723	18889.2122505911	2.88892122505911
c	"1 1 1 1 0 1 1 0 1 1 1 0 1 0 0 0 1 0 0 1 0 1"	50.7626552015913	26728.4644197805	3.67284644197805
c	"1 1 1 1 1 0 1 0 0 1 1 0 1 1 0 0 0 0 0 1 0 0"	51.6273330753644	29968.7320499721	3.99687320499721
c	"1 0 1 0 0 1 0 0 0 0 1 1 1 0 0 0 0 0 0 1 0 0"	30.4132777245707	-9465.6717260327	0.0534328273967298
c	"1 1 0 1 0 0 0 0 0 1 0 1 1 1 0 1 1 0 1 1 0 1"	41.2775893873189	1361.25532902812	1.13612553290281
c	"1 1 1 0 1 1 1 1 1 0 0 0 0 0 1 1 0 0 0 0 0 1"	48.9423661094585	20451.2958419138	3.04512958419138
c	"1 1 0 0 1 1 1 0 0 0 1 0 1 0 1 0 0 0 1 1 1 1"	40.7359246578037	416.486333317735	1.04164863333177
c	"1 1 0 1 1 1 0 0 1 0 0 0 1 1 0 0 1 1 0 0 1 0"	44.2759714784554	7506.93107483232	1.75069310748323
c	"1 1 1 0 1 0 0 0 0 1 1 0 1 0 0 0 0 0 0 1 0 0"	47.1937993034838	15088.5472709387	2.50885472709387
c	"1 1 0 0 1 1 1 1 1 1 1 1 0 0 1 1 0 0 0 1 0 1"	41.1750903547026	1178.73235640892	1.11787323564089
c	"1 1 0 1 0 1 1 0 0 1 1 1 0 0 0 0 0 0 1 0 1 1"	42.7719063215032	4225.58700463906	1.42255870046391
c	"1 1 1 0 1 0 0 0 1 0 1 0 1 1 0 1 0 1 0 0 0 0"	47.2603095198416	15280.9627074924	2.52809627074924
c	"1 1 1 1 1 1 0 0 0 1 0 0 1 1 1 1 1 1 1 0 0 0"	52.0924239378986	31782.4026066981	4.17824026066981
c	"1 1 1 0 0 1 0 1 1 1 1 0 0 0 0 0 0 1 0 1 0 1"	46.5711296966385	13330.5042677754	2.33305042677754
c	"1 1 1 1 0 1 1 0 0 1 1 1 0 1 0 1 0 0 0 0 1 1"	50.6515945557581	26324.5290062602	3.63245290062602
c	"1 1 1 1 1 1 1 0 0 0 0 1 0 1 1 0 1 1 1 1 0 1"	52.5298923325282	33534.2566003403	4.35342566003403
c	"1 1 1 0 1 1 1 0 1 1 1 0 1 1 1 1 0 0 1 0 0 1"	48.8002132893117	19991.3588646767	2.99913588646767
c	"1 1 1 1 1 0 1 1 1 0 1 0 1 1 0 1 1 0 1 0 1 0"	51.9364824143606	31168.7165971128	4.11687165971128
c	"0 1 0 0 1 0 1 1 0 0 1 1 1 0 1 0 1 0 0 1 1 1"	8.51337707361628	-2442.34206314972	0.755765793685028
c	"1 1 1 1 1 1 0 0 1 0 0 0 0 1 1 0 0 1 1 0 1 0"	52.1448450433838	31989.9674394916	4.19899674394916
c	"1 1 1 1 0 1 0 1 1 0 0 0 0 0 0 0 0 0 1 1 1 1"	50.416255334915	25477.7002248662	3.54777002248662
c	"1 1 1 1 1 1 1 1 0 0 0 1 0 0 0 1 0 0 0 1 1 1"	52.7703685213014	34516.3884629587	4.45163884629587
c	"1 1 1 1 1 1 1 0 0 1 1 0 1 0 0 1 0 0 1 0 0 1"	52.6088995001076	33855.4265868931	4.3855426586893
c	"1 1 0 1 1 1 1 0 0 0 0 1 1 0 0 0 0 0 1 1 0 1"	44.6560920849066	8401.9012956799	1.84019012956799
c	"1 1 0 0 1 1 1 0 0 0 0 0 1 1 1 1 1 1 1 0 0 1"	40.7106003071309	373.503528598623	1.03735035285986
c	"1 1 0 0 0 0 0 0 0 1 1 0 1 1 1 1 0 0 0 0 1 0"	37.3567460433831	-4425.86579734237	0.557413420265763
g3	0	52.9859108891275	35408.3142940598	4.54083142940598
