c	"1 0 1 1 1 1 0 1 1 1 1 0 1 1 1 1 1 0 0 0 0 1"	36.7419771532958	-5123.08204526144	0.487691795473856
c	"1 1 1 1 0 0 1 0 1 0 1 1 0 1 1 0 1 0 1 0 0 0"	49.7302598310136	23079.2881591619	3.30792881591619
c	"1 1 1 1 0 1 1 0 0 1 1 0 1 0 0 0 0 0 0 0 0 0"	50.6390525434142	26279.0865294265	3.62790865294265
c	"1 1 1 0 1 0 0 1 0 0 1 1 0 1 0 1 0 0 1 1 1 1"	47.3910318353252	15661.7709217641	2.56617709217641
c	"1 1 1 0 0 1 1 1 1 0 0 0 1 0 0 1 0 0 0 0 1 0"	46.9793984840866	14474.3903421191	2.44743903421191
c	"1 0 1 1 0 0 1 1 1 1 1 0 0 0 1 1 0 1 1 0 0 0"	34.2693682359143	-7405.38170581395	0.259461829418605
c	"1 1 0 1 0 1 1 0 1 1 1 0 1 0 0 1 0 0 0 1 1 0"	42.8881489963887	4464.67900371853	1.44646790037185
c	"1 1 1 0 1 1 1 1 1 0 0 1 0 1 1 0 1 0 0 1 0 0"	48.9611565974132	20512.4153614139	3.05124153614139
c	"1 0 0 1 1 1 0 1 0 0 1 0 0 1 0 1 1 0 1 0 0 0"	28.6728970224612	-9875.86601489487	0.0124133985105127
c	"1 1 1 0 1 1 1 0 1 1 1 0 0 1 0 1 1 0 1 0 0 1"	48.7910809018805	19961.9581133874	2.99619581133874
c	"1 1 1 1 0 1 1 1 1 0 0 0 1 1 0 1 1 0 1 0 0 0"	50.921315412835	27310.3300994319	3.73103300994319
c	"1 1 1 1 1 0 0 0 0 0 1 1 0 1 1 1 1 1 0 0 1 0"	51.0848872863978	27916.1524944234	3.79161524944234
c	"1 1 0 0 0 0 1 0 1 0 1 1 0 0 0 1 1 1 1 1 1 0"	37.9132809432223	-3747.75079794965	0.625224920205035
c	"1 1 1 1 1 1 1 1 1 1 1 1 0 0 0 0 0 0 1 0 1 0"	52.9847843610726	35403.6239794315	4.54036239794315
c	"1 0 0 1 0 1 1 1 0 1 0 1 1 1 1 1 0 0 1 1 0 1"	27.251684248849	-10002.6251239232	-0.000262512392323333
c	"1 0 1 1 1 0 1 1 0 1 0 0 1 1 1 1 0 0 1 1 1 1"	36.0957105387951	-5798.81419642126	0.420118580357874
c	"1 0 1 1 1 0 0 0 0 0 0 0 0 1 1 1 0 0 0 1 0 1"	35.2880650253451	-6563.28670445015	0.343671329554985
c	"1 1 1 1 1 0 0 1 0 1 1 0 1 1 0 1 0 1 1 0 0 0"	51.3825009781125	29033.9897753234	3.90339897753234
c	"1 1 1 1 1 0 1 1 0 1 1 0 1 1 1 1 0 1 1 0 0 0"	51.8766112033394	30934.5994491977	4.09345994491977
c	"1 1 1 1 1 0 0 1 1 0 1 1 0 1 1 0 1 1 0 0 1 0"	51.4530666954676	29301.9944197105	3.93019944197105
c	"1 1 1 0 1 1 0 0 0 0 1 1 1 1 1 0 0 0 1 0 1 1"	48.1379049153101	17904.8662717992	2.79048662717992
c	"1 1 0 1 0 0 1 1 1 1 1 0 0 0 1 1 0 0 0 0 1 0"	42.1440396652316	2975.19110693882	1.29751911069388
c	"1 1 1 1 0 1 0 0 0 1 0 1 1 0 0 0 0 0 0 1 1 1"	50.1315892056439	24469.8374432972	3.44698374432972
c	"1 1 1 0 0 0 0 0 0 0 0 0 0 0 0 0 0 0 1 0 1 1"	45.125178366942	9543.80346657783	1.95438034665778
c	"1 1 1 1 1 0 1 1 1 1 1 1 1 1 1 1 1 1 1 1 0 1"	52.0155947245585	31479.346671427	4.1479346671427
c	"1 1 1 1 0 1 1 1 1 1 1 1 1 0 1 0 1 0 0 1 0 0"	51.0260374608129	27697.4933433206	3.76974933433206
c	"1 1 1 1 1 0 1 1 0 0 1 1 0 0 1 0 1 1 1 1 0 1"	51.8185274168318	30708.2639732927	4.07082639732927
c	"1 1 1 1 0 1 1 1 1 0 1 0 1 1 0 1 0 0 1 1 0 1"	50.9516715888194	27422.3037073127	3.74223037073127
c	"1 1 1 1 1 0 1 1 0 0 0 1 1 1 1 0 0 0 0 0 1 1"	51.7984301563335	30630.1323114571	4.06301323114571
c	"1 1 1 0 0 0 1 1 1 1 1 0 0 1 0 0 0 0 0 1 0 1"	46.0825469690673	12005.2527087715	2.20052527087715
c	"1 1 1 1 0 0 1 0 0 0 1 1 1 0 0 1 0 1 1 0 1 0"	49.6098865532605	22669.0865697115	3.26690865697115
c	"1 1 1 1 1 1 1 1 1 1 0 0 1 1 1 1 1 0 0 0 1 0"	52.9534218200259	35273.1667966903	4.52731667966903
c	"1 1 1 1 1 0 1 1 0 0 0 1 1 0 0 0 0 0 1 1 1 1"	51.7928425771815	30608.4261704311	4.06084261704311
c	"1 1 0 0 1 1 1 1 1 1 1 1 0 1 1 1 0 1 1 1 0 0"	41.1792810390666	1186.16037383919	1.11861603738392
c	"1 1 1 1 0 1 0 0 0 1 0 1 0 0 0 0 0 0 1 1 1 1"	50.1240189371154	24443.2796853033	3.44432796853033
c	"1 1 1 0 1 0 1 1 1 1 1 0 0 1 0 0 1 0 1 0 0 1"	48.0518381719203	17640.4897083913	2.76404897083913
c	"1 1 1 1 1 1 1 1 1 1 0 0 0 1 1 1 0 1 1 1 1 0"	52.9456713070086	35240.9634171668	4.52409634171668
c	"1 1 1 1 1 1 1 1 1 0 1 1 0 1 1 1 1 0 1 0 0 0"	52.9304406477071	35177.721624348	4.5177721624348
c	"1 0 1 0 0 0 0 0 1 1 1 0 0 0 0 1 0 1 1 0 0 0"	29.5916632632406	-9696.06542737773	0.0303934572622271
c	"1 1 0 1 1 1 1 0 0 1 1 0 1 1 0 1 0 1 0 0 0 0"	44.7378479809399	8597.92752685984	1.85979275268598
c	"1 1 1 1 1 1 1 1 0 1 1 1 0 0 0 0 1 0 0 1 0 0"	52.8621279864616	34894.7467331809	4.48947467331809
c	"1 1 1 1 1 1 1 1 1 1 0 0 1 1 1 1 1 1 1 1 1 0"	52.9538423904997	35274.9146753371	4.52749146753371
c	"1 1 1 1 1 0 1 1 0 1 1 1 1 1 0 0 0 1 1 1 1 0"	51.8891982768055	30983.75039862	4.098375039862
c	"1 1 1 0 1 1 1 1 1 0 0 0 1 0 0 1 1 0 0 0 0 1"	48.9486145850693	20471.6117847128	3.04716117847128
c	"1 0 1 1 0 0 1 0 1 1 1 0 1 1 0 1 0 0 0 0 0 0"	34.0325269776647	-7582.2547295813	0.24177452704187
c	"1 1 1 1 0 0 1 1 1 0 0 0 1 1 0 1 0 1 0 0 1 0"	49.9366097299122	23789.8436212693	3.37898436212693
c	"1 1 1 1 1 1 0 1 1 0 1 0 0 1 1 0 1 0 0 0 1 1"	52.4218357615079	33097.3749455103	4.30973749455103
c	"1 1 1 1 1 0 1 0 0 0 1 0 1 1 1 1 0 1 0 0 1 0"	51.5689038202533	29744.4075989121	3.97444075989121
c	"1 1 1 0 1 1 1 0 1 0 0 0 1 1 1 1 0 0 1 1 1 0"	48.7080032129295	19695.3126347545	2.96953126347545
c	"1 1 1 1 0 0 0 0 1 1 1 0 0 1 1 0 0 1 0 1 1 0"	49.2839444360601	21574.1604031022	3.15741604031022
c	"1 1 1 0 1 1 1 1 1 1 0 1 0 0 0 0 1 1 0 0 1 1"	49.0171375315517	20694.9511958502	3.06949511958502
c	"1 1 1 1 0 1 0 1 0 0 1 0 0 1 0 1 1 0 1 0 0 0"	50.3291521857148	25167.4027947671	3.51674027947671
c	"1 0 1 1 0 1 1 1 1 1 1 0 0 0 1 0 0 0 0 0 1 0"	35.2524517184381	-6594.99511995605	0.340500488004395
c	"1 1 1 1 0 1 1 1 1 1 1 1 1 0 1 1 0 0 0 1 0 0"	51.026518112783	27699.2760530477	3.76992760530477
c	"1 1 1 1 1 0 1 1 1 1 1 1 1 1 1 1 1 1 1 0 0 0"	52.0155196226882	31479.0510997559	4.14790510997559
c	"1 1 1 1 1 0 0 0 0 1 1 1 1 1 1 0 1 0 1 1 0 0"	51.1530497439026	28170.3937240672	3.81703937240672
c	"0 0 0 0 1 1 1 0 0 1 1 1 1 1 1 0 1 0 1 0 0 0"	-6.4329615671543	-1782.87576294605	0.821712423705395
c	"1 1 1 1 1 1 1 0 1 1 1 1 1 1 1 0 1 1 1 0 0 1"	52.7528547651421	34444.3993218133	4.44443993218133
c	"1 1 1 1 1 1 1 0 1 1 0 1 0 0 0 1 1 0 1 1 1 1"	52.7094458840956	34266.2826515738	4.42662826515738
c	"1 1 1 1 1 1 1 0 0 0 1 0 1 0 1 1 0 0 0 0 0 0"	52.549163472453	33612.4597309498	4.36124597309498
c	"1 1 1 1 1 0 1 1 1 1 1 0 1 1 0 0 0 0 1 1 1 1"	51.9966390124891	31404.7859074326	4.14047859074326
c	"1 1 0 1 1 1 1 1 0 1 0 0 0 1 0 1 0 0 1 0 1 0"	44.9453995097636	9101.23884897966	1.91012388489797
c	"1 1 1 1 1 1 1 1 1 1 1 1 0 1 1 1 1 1 1 0 1 0"	52.9922344666086	35434.6481980075	4.54346481980075
c	"1 1 0 1 1 1 1 1 1 1 1 1 0 1 1 1 1 0 0 0 0 0"	45.1168420593362	9523.14579715481	1.95231457971548
c	"1 1 1 1 0 0 1 0 0 1 1 1 0 1 1 1 0 1 1 0 0 0"	49.6694573568004	22871.6939153792	3.28716939153792
c	"1 1 1 1 1 1 0 1 1 1 1 1 0 0 1 1 0 1 1 1 1 0"	52.4957810630276	33396.045670291	4.3396045670291
c	"1 1 1 0 1 1 0 1 1 0 0 0 1 1 1 1 0 0 1 1 0 0"	48.4618793635081	18913.9409361566	2.89139409361566
c	"1 1 1 1 0 1 1 1 1 1 1 1 1 1 1 0 1 0 0 0 0 0"	51.0298225950772	27711.5335968456	3.77115335968456
c	"1 1 1 1 1 1 1 1 0 1 1 1 0 0 0 0 1 0 1 0 1 1"	52.8622331290801	34895.1814196774	4.48951814196774
c	"1 1 1 1 1 1 1 1 1 1 1 1 1 1 1 1 0 1 1 0 0 0"	52.9994142054115	35464.5590347849	4.54645590347849
c	"1 1 1 1 1 1 1 1 1 1 0 0 1 1 1 1 1 0 1 0 0 0"	52.9535119422703	35273.5413385749	4.52735413385749
c	"1 1 1 1 1 0 1 0 0 1 0 0 0 1 1 1 1 0 1 1 1 0"	51.5923956852903	29834.5045028348	3.98345045028348
c	"1 1 1 1 1 1 1 0 1 0 1 1 1 1 0 1 1 0 0 0 0 1"	52.6900095200561	34186.6750794395	4.41866750794395
c	"1 1 1 0 0 1 1 0 1 0 1 0 0 1 0 1 0 0 1 1 0 1"	46.7603864098516	13856.6052334428	2.38566052334428
c	"1 1 0 1 1 1 1 0 0 1 1 1 0 0 0 0 0 1 0 1 1 0"	44.7408220150046	8605.08209366562	1.86050820936656
c	"0 1 1 1 1 0 1 0 0 1 0 0 0 0 1 1 0 0 0 0 1 0"	20.0878820628839	-8426.75532253593	0.157324467746407
c	"1 1 1 1 1 1 0 0 0 0 0 1 0 1 1 0 1 0 0 0 0 0"	52.0372691243336	31564.7033712112	4.15647033712112
c	"1 1 0 1 1 1 1 1 1 1 1 1 1 1 1 1 1 1 1 0 0 1"	45.1249080002089	9543.13328013747	1.95431332801375
c	"1 1 1 1 1 0 0 0 1 1 1 0 0 0 0 1 0 1 1 0 0 0"	51.2479184264942	28526.0025519738	3.85260025519738
c	"1 1 1 0 0 0 0 0 1 1 1 1 0 1 1 1 1 1 1 0 0 1"	45.3633113773612	10139.5169266713	2.01395169266713
c	"1 1 1 1 1 1 1 1 1 1 1 1 1 1 0 1 0 0 1 0 0 0"	52.9972512715462	35455.5469476177	4.54555469476177
c	"1 1 1 0 1 0 1 0 0 0 0 1 1 1 1 1 1 1 1 1 1 1"	47.6166979352708	16327.3855126997	2.63273855126997
c	"1 0 0 1 0 1 1 1 1 1 0 0 1 0 0 1 1 0 1 0 0 0"	27.3539880166025	-9999.34011837294	6.59881627059804E-05
c	"1 1 1 0 1 0 1 0 1 1 0 0 1 0 0 1 1 0 0 0 1 0"	47.779684014245	16814.632987421	2.6814632987421
c	"1 1 1 1 1 0 1 1 0 0 1 0 0 1 0 1 1 0 1 0 0 1"	51.8057300581288	30658.5011906541	4.06585011906541
c	"1 1 1 1 1 1 0 1 0 1 1 1 1 1 1 0 0 0 0 1 1 0"	52.3829480130549	32940.8190513056	4.29408190513056
c	"1 1 1 1 1 0 1 1 0 1 1 1 0 1 1 1 1 1 1 0 0 1"	51.8847973072046	30966.5609956069	4.09665609956069
c	"1 1 1 1 1 0 1 0 1 0 0 1 1 1 0 1 0 0 0 0 1 1"	51.6744219480567	30150.0887120149	4.01500887120149
c	"1 1 1 1 1 0 1 1 1 1 0 1 0 1 0 1 1 0 1 0 0 0"	51.9749045312177	31319.3976557195	4.13193976557195
c	"1 1 1 0 0 1 1 1 1 1 1 0 1 1 0 1 1 0 0 0 0 0"	47.0759794893216	14749.8971058818	2.47498971058818
c	"1 1 1 1 1 0 1 1 1 1 0 0 1 1 1 1 1 0 0 0 1 1"	51.9690616057066	31296.4612373966	4.12964612373966
c	"1 1 1 1 0 1 1 1 1 0 1 1 0 1 1 0 1 0 1 0 0 0"	50.9607288743803	27455.7532322733	3.74557532322733
c	"1 1 0 1 1 0 1 1 0 1 0 1 1 0 1 0 0 1 1 0 1 1"	43.9814670041721	6831.9987585147	1.68319987585147
c	"1 1 0 1 1 0 1 1 1 1 0 0 1 1 1 1 1 0 0 0 0 1"	44.0940296874117	7088.07358797552	1.70880735879755
g44	0	52.9999699592519	35466.8748203099	4.54668748203099
